AŃO;MES;DIA;HORA;VERANO(1)/INVIERNO(0);COEF. PERFIL A;COEF. PERFIL B;COEF. PERFIL C;COEF. PERFIL D;
2020;01;01;1;0;0.000104257749;0.000171516389;0.000072640536;0.000145311647;
2020;01;01;2;0;0.000087092749;0.000157125758;0.000068349998;0.000159689693;
2020;01;01;3;0;0.000073681994;0.000142713583;0.000066330259;0.000156670665;
2020;01;01;4;0;0.000065008266;0.000131784631;0.000064973516;0.000149531131;
2020;01;01;5;0;0.000060407847;0.000126360489;0.000064485088;0.000142180339;
2020;01;01;6;0;0.000058762468;0.000129258478;0.000065024272;0.000135436916;
2020;01;01;7;0;0.000060053917;0.000131223299;0.000066944787;0.000130619673;
2020;01;01;8;0;0.000064965653;0.000132035459;0.000069241535;0.000125130343;
2020;01;01;9;0;0.000076216365;0.000115888629;0.000065005049;0.000098056478;
2020;01;01;10;0;0.000098845849;0.000111339413;0.000064971074;0.000076559658;
2020;01;01;11;0;0.000121780336;0.000121859754;0.000069481625;0.000084115127;
2020;01;01;12;0;0.000134537612;0.000122291771;0.000073270457;0.000087501223;
2020;01;01;13;0;0.000139386019;0.000105169073;0.000075797592;0.000084974246;
2020;01;01;14;0;0.000145325594;0.000105506523;0.000075871022;0.000081212876;
2020;01;01;15;0;0.000144813084;0.000103895925;0.000073121684;0.000078983607;
2020;01;01;16;0;0.000130466572;0.000093504233;0.000070118450;0.000071363828;
2020;01;01;17;0;0.000123081013;0.000087913490;0.000068113579;0.000067794717;
2020;01;01;18;0;0.000123393924;0.000088831471;0.000068298264;0.000069849120;
2020;01;01;19;0;0.000138030480;0.000122674997;0.000079270045;0.000109450562;
2020;01;01;20;0;0.000151647385;0.000146496898;0.000084943458;0.000148306391;
2020;01;01;21;0;0.000162693294;0.000156201622;0.000084450531;0.000153668033;
2020;01;01;22;0;0.000165274490;0.000162148592;0.000081354535;0.000155594154;
2020;01;01;23;0;0.000146844407;0.000187817771;0.000076448997;0.000153821119;
2020;01;01;24;0;0.000119615592;0.000181968611;0.000071109049;0.000147841510;
2020;01;02;1;0;0.000091005621;0.000157389828;0.000070522580;0.000143523479;
2020;01;02;2;0;0.000070857764;0.000139062573;0.000067595898;0.000160696064;
2020;01;02;3;0;0.000061015222;0.000126471645;0.000066097892;0.000158025430;
2020;01;02;4;0;0.000056692210;0.000118908470;0.000065666227;0.000151562104;
2020;01;02;5;0;0.000055280665;0.000116393505;0.000065903812;0.000144057023;
2020;01;02;6;0;0.000056899123;0.000121166934;0.000068430341;0.000137202365;
2020;01;02;7;0;0.000067280300;0.000129526098;0.000078437450;0.000136036869;
2020;01;02;8;0;0.000092888327;0.000146464807;0.000101311714;0.000141518561;
2020;01;02;9;0;0.000113113436;0.000140225503;0.000134947947;0.000121999641;
2020;01;02;10;0;0.000124984079;0.000128398093;0.000156098850;0.000095983916;
2020;01;02;11;0;0.000135938070;0.000127955667;0.000163705065;0.000096948860;
2020;01;02;12;0;0.000137566565;0.000119404010;0.000162720230;0.000093665138;
2020;01;02;13;0;0.000139459670;0.000101259421;0.000160194110;0.000089378726;
2020;01;02;14;0;0.000145567994;0.000102609102;0.000149789581;0.000085530269;
2020;01;02;15;0;0.000144364512;0.000101611086;0.000129714524;0.000082443323;
2020;01;02;16;0;0.000137808647;0.000096001856;0.000123060178;0.000078748080;
2020;01;02;17;0;0.000134639489;0.000092528929;0.000123845296;0.000077643863;
2020;01;02;18;0;0.000138643370;0.000095152335;0.000126790558;0.000081499554;
2020;01;02;19;0;0.000152789241;0.000127029729;0.000134424701;0.000118410179;
2020;01;02;20;0;0.000166625668;0.000152523794;0.000130703512;0.000162897520;
2020;01;02;21;0;0.000176883633;0.000163453108;0.000116910032;0.000167227250;
2020;01;02;22;0;0.000178188400;0.000169974006;0.000100491202;0.000167574838;
2020;01;02;23;0;0.000157193691;0.000192961590;0.000086732693;0.000164338144;
2020;01;02;24;0;0.000125427621;0.000183335061;0.000077646372;0.000156685359;
2020;01;03;1;0;0.000097124862;0.000161048285;0.000075807368;0.000151127246;
2020;01;03;2;0;0.000075754987;0.000141944505;0.000072221727;0.000169328917;
2020;01;03;3;0;0.000065007533;0.000128796760;0.000070784983;0.000166022101;
2020;01;03;4;0;0.000060210610;0.000120950656;0.000070317531;0.000159657468;
2020;01;03;5;0;0.000058508212;0.000117903773;0.000070569526;0.000151289638;
2020;01;03;6;0;0.000060092485;0.000122326554;0.000073229558;0.000143884364;
2020;01;03;7;0;0.000070588193;0.000130260550;0.000083496122;0.000141220840;
2020;01;03;8;0;0.000096822420;0.000147075154;0.000106732895;0.000145557904;
2020;01;03;9;0;0.000117765040;0.000141165169;0.000141052786;0.000126248147;
2020;01;03;10;0;0.000130060955;0.000129981735;0.000163159011;0.000098257036;
2020;01;03;11;0;0.000141266564;0.000129907699;0.000170744510;0.000099766327;
2020;01;03;12;0;0.000143066820;0.000121594209;0.000170022723;0.000097690407;
2020;01;03;13;0;0.000144957052;0.000103525688;0.000167194943;0.000093416069;
2020;01;03;14;0;0.000151254075;0.000105042506;0.000156862532;0.000090036969;
2020;01;03;15;0;0.000150872189;0.000104645491;0.000134252575;0.000086200255;
2020;01;03;16;0;0.000144876954;0.000099606129;0.000123346041;0.000082918929;
2020;01;03;17;0;0.000141405697;0.000096119425;0.000121480788;0.000081485221;
2020;01;03;18;0;0.000144296111;0.000097966016;0.000123587060;0.000084781512;
2020;01;03;19;0;0.000156143427;0.000127010532;0.000133971482;0.000121290493;
2020;01;03;20;0;0.000166080599;0.000150400757;0.000133564999;0.000163522181;
2020;01;03;21;0;0.000172281885;0.000158187633;0.000123672342;0.000166792052;
2020;01;03;22;0;0.000174707709;0.000164864288;0.000108980336;0.000167743280;
2020;01;03;23;0;0.000158463561;0.000190336314;0.000095624730;0.000166215267;
2020;01;03;24;0;0.000133006406;0.000185017660;0.000086597213;0.000160587988;
2020;01;04;1;0;0.000109834960;0.000182780322;0.000080573179;0.000156108203;
2020;01;04;2;0;0.000087238256;0.000163281229;0.000075272042;0.000173849284;
2020;01;04;3;0;0.000073647076;0.000148040955;0.000073057442;0.000170103224;
2020;01;04;4;0;0.000066746298;0.000138146424;0.000071943381;0.000162763902;
2020;01;04;5;0;0.000063770317;0.000134256958;0.000071425525;0.000154529310;
2020;01;04;6;0;0.000063599953;0.000138454458;0.000072790878;0.000147776488;
2020;01;04;7;0;0.000067059003;0.000141893557;0.000076417503;0.000141864130;
2020;01;04;8;0;0.000076666337;0.000145900077;0.000082899570;0.000136100447;
2020;01;04;9;0;0.000096940405;0.000134525797;0.000086193359;0.000110606045;
2020;01;04;10;0;0.000127469316;0.000135312794;0.000094978485;0.000091547328;
2020;01;04;11;0;0.000150419888;0.000144128834;0.000107328129;0.000099084237;
2020;01;04;12;0;0.000156385329;0.000137891282;0.000111495441;0.000098663444;
2020;01;04;13;0;0.000157036106;0.000115630967;0.000112245128;0.000093792581;
2020;01;04;14;0;0.000163726951;0.000116138559;0.000106781511;0.000089834665;
2020;01;04;15;0;0.000164276813;0.000115807912;0.000096708937;0.000086748064;
2020;01;04;16;0;0.000152159768;0.000107089914;0.000092260992;0.000079397375;
2020;01;04;17;0;0.000143255895;0.000100570146;0.000090540867;0.000075906876;
2020;01;04;18;0;0.000141573770;0.000099752419;0.000094111148;0.000077165426;
2020;01;04;19;0;0.000152699932;0.000131355485;0.000106674564;0.000113978778;
2020;01;04;20;0;0.000161969211;0.000155977873;0.000114051751;0.000158935701;
2020;01;04;21;0;0.000169511719;0.000163426303;0.000112334067;0.000162894915;
2020;01;04;22;0;0.000174336275;0.000170975711;0.000103433926;0.000165511368;
2020;01;04;23;0;0.000160296236;0.000201198450;0.000094584871;0.000164944543;
2020;01;04;24;0;0.000138075118;0.000199851679;0.000087306112;0.000160815935;
2020;01;05;1;0;0.000118705029;0.000190579076;0.000083998692;0.000154931284;
2020;01;05;2;0;0.000098163818;0.000172641167;0.000078636247;0.000167897971;
2020;01;05;3;0;0.000082962802;0.000156626140;0.000076273585;0.000164486722;
2020;01;05;4;0;0.000073449450;0.000145185939;0.000074843651;0.000157739312;
2020;01;05;5;0;0.000068446466;0.000139651068;0.000074387665;0.000150576754;
2020;01;05;6;0;0.000066740125;0.000143230349;0.000075098812;0.000143907115;
2020;01;05;7;0;0.000068409828;0.000145888406;0.000077431708;0.000139362834;
2020;01;05;8;0;0.000074291522;0.000147423119;0.000080242980;0.000134225129;
2020;01;05;9;0;0.000087730808;0.000130342442;0.000075579057;0.000106151451;
2020;01;05;10;0;0.000114638842;0.000126279839;0.000075821868;0.000083757320;
2020;01;05;11;0;0.000141455452;0.000138446921;0.000081150315;0.000092215010;
2020;01;05;12;0;0.000155603177;0.000138273340;0.000085394183;0.000095349646;
2020;01;05;13;0;0.000160378235;0.000118230736;0.000088111287;0.000091932079;
2020;01;05;14;0;0.000166689598;0.000118197872;0.000088059121;0.000087480505;
2020;01;05;15;0;0.000166101683;0.000116392861;0.000084869041;0.000085077146;
2020;01;05;16;0;0.000149766720;0.000104845254;0.000081415736;0.000076956302;
2020;01;05;17;0;0.000140934005;0.000098301971;0.000078987875;0.000072854099;
2020;01;05;18;0;0.000140517153;0.000098723205;0.000078984371;0.000074490721;
2020;01;05;19;0;0.000156139266;0.000135327282;0.000091368532;0.000115643761;
2020;01;05;20;0;0.000170588077;0.000160605937;0.000097636630;0.000155483017;
2020;01;05;21;0;0.000182740201;0.000170961570;0.000096996955;0.000160771943;
2020;01;05;22;0;0.000185703985;0.000177540888;0.000093455279;0.000162873147;
2020;01;05;23;0;0.000165384868;0.000206187991;0.000087921581;0.000161552676;
2020;01;05;24;0;0.000135427634;0.000200935574;0.000081995688;0.000156407929;
2020;01;06;1;0;0.000114955151;0.000185507433;0.000081054940;0.000152268690;
2020;01;06;2;0;0.000095133994;0.000168186537;0.000075908926;0.000165183607;
2020;01;06;3;0;0.000080295817;0.000152360666;0.000073579366;0.000161530954;
2020;01;06;4;0;0.000071091525;0.000141239140;0.000072201613;0.000154914462;
2020;01;06;5;0;0.000066329691;0.000136038254;0.000071805334;0.000148129916;
2020;01;06;6;0;0.000064778441;0.000139770290;0.000072549043;0.000141880124;
2020;01;06;7;0;0.000066390022;0.000142342577;0.000074797648;0.000137373811;
2020;01;06;8;0;0.000072047208;0.000143727187;0.000077486040;0.000132179503;
2020;01;06;9;0;0.000084906120;0.000126785332;0.000072907572;0.000104236083;
2020;01;06;10;0;0.000110859327;0.000122724722;0.000073112707;0.000082154785;
2020;01;06;11;0;0.000136331954;0.000134046936;0.000078118929;0.000090029079;
2020;01;06;12;0;0.000149791803;0.000133705182;0.000082155760;0.000092939176;
2020;01;06;13;0;0.000154190558;0.000114161638;0.000084715785;0.000089447715;
2020;01;06;14;0;0.000160213234;0.000114094260;0.000084653533;0.000085083458;
2020;01;06;15;0;0.000159119314;0.000111939243;0.000081450427;0.000082368004;
2020;01;06;16;0;0.000143466947;0.000100829930;0.000078135715;0.000074501595;
2020;01;06;17;0;0.000135472373;0.000094899906;0.000075937274;0.000070867582;
2020;01;06;18;0;0.000135756455;0.000095843272;0.000076126638;0.000072969264;
2020;01;06;19;0;0.000151714649;0.000132218090;0.000088313780;0.000114188642;
2020;01;06;20;0;0.000166870861;0.000158092633;0.000094687959;0.000154971534;
2020;01;06;21;0;0.000178904763;0.000168439203;0.000094106542;0.000160424156;
2020;01;06;22;0;0.000181872463;0.000174990655;0.000090688438;0.000162596870;
2020;01;06;23;0;0.000161721684;0.000202874440;0.000085254242;0.000160924557;
2020;01;06;24;0;0.000131815811;0.000196691476;0.000079323924;0.000154801338;
2020;01;07;1;0;0.000100440005;0.000170272763;0.000078580660;0.000150408586;
2020;01;07;2;0;0.000078213985;0.000150468057;0.000075324440;0.000168437437;
2020;01;07;3;0;0.000067475109;0.000137128433;0.000073723050;0.000166070379;
2020;01;07;4;0;0.000062835279;0.000129250689;0.000073322933;0.000159779605;
2020;01;07;5;0;0.000061246403;0.000126461153;0.000073573461;0.000151784239;
2020;01;07;6;0;0.000063027699;0.000131620512;0.000076386317;0.000144526554;
2020;01;07;7;0;0.000074614627;0.000140885325;0.000087607468;0.000143535985;
2020;01;07;8;0;0.000103284114;0.000159773357;0.000113304036;0.000149863463;
2020;01;07;9;0;0.000125672563;0.000152829804;0.000150865458;0.000129043495;
2020;01;07;10;0;0.000138209115;0.000139207853;0.000174104531;0.000100859582;
2020;01;07;11;0;0.000149738455;0.000138129662;0.000182233451;0.000101324268;
2020;01;07;12;0;0.000151219012;0.000128602273;0.000180949047;0.000097612285;
2020;01;07;13;0;0.000153130188;0.000108925809;0.000178040897;0.000093002369;
2020;01;07;14;0;0.000159737799;0.000110301625;0.000166424555;0.000088921938;
2020;01;07;15;0;0.000158186379;0.000109052159;0.000144014582;0.000085539770;
2020;01;07;16;0;0.000151032886;0.000103054688;0.000136640928;0.000081727446;
2020;01;07;17;0;0.000147609522;0.000099363794;0.000137536381;0.000080618761;
2020;01;07;18;0;0.000151970279;0.000102159185;0.000140794644;0.000084598920;
2020;01;07;19;0;0.000167635298;0.000136528331;0.000149342727;0.000123076221;
2020;01;07;20;0;0.000183447218;0.000164557371;0.000145459300;0.000170128080;
2020;01;07;21;0;0.000194940131;0.000176549429;0.000130175404;0.000174897743;
2020;01;07;22;0;0.000195962256;0.000183161545;0.000111774242;0.000174748754;
2020;01;07;23;0;0.000172178737;0.000207006564;0.000096274956;0.000170425248;
2020;01;07;24;0;0.000136984553;0.000196044050;0.000086062808;0.000161834995;
2020;01;08;1;0;0.000105781583;0.000177868996;0.000082536030;0.000155472769;
2020;01;08;2;0;0.000082453648;0.000157351580;0.000079153371;0.000174348592;
2020;01;08;3;0;0.000071101106;0.000143331742;0.000077452612;0.000171796349;
2020;01;08;4;0;0.000066148239;0.000134953417;0.000076994968;0.000165068896;
2020;01;08;5;0;0.000064424466;0.000131924877;0.000077226937;0.000156638289;
2020;01;08;6;0;0.000066159270;0.000136988099;0.000080094728;0.000148717505;
2020;01;08;7;0;0.000078042977;0.000146049687;0.000091698131;0.000146963956;
2020;01;08;8;0;0.000108120311;0.000165783589;0.000118645350;0.000153618038;
2020;01;08;9;0;0.000131475131;0.000158467974;0.000157930475;0.000132157971;
2020;01;08;10;0;0.000143736296;0.000143396004;0.000181719353;0.000102446388;
2020;01;08;11;0;0.000155417994;0.000141972176;0.000190014701;0.000102635683;
2020;01;08;12;0;0.000156711000;0.000131951913;0.000188528379;0.000098663093;
2020;01;08;13;0;0.000158508581;0.000111619720;0.000185391520;0.000093852918;
2020;01;08;14;0;0.000165258750;0.000112961888;0.000173247667;0.000089668805;
2020;01;08;15;0;0.000163614902;0.000111652734;0.000149901504;0.000086229389;
2020;01;08;16;0;0.000156375857;0.000105632006;0.000142299957;0.000082502589;
2020;01;08;17;0;0.000152884888;0.000101888303;0.000143257902;0.000081422546;
2020;01;08;18;0;0.000157485196;0.000104816372;0.000146691385;0.000085504635;
2020;01;08;19;0;0.000173753178;0.000140110560;0.000155612493;0.000124428915;
2020;01;08;20;0;0.000190177504;0.000168910147;0.000151579683;0.000172043386;
2020;01;08;21;0;0.000201994559;0.000181122710;0.000135619286;0.000176750138;
2020;01;08;22;0;0.000202824308;0.000187671175;0.000116381672;0.000176326234;
2020;01;08;23;0;0.000178184556;0.000212072542;0.000100236711;0.000171933061;
2020;01;08;24;0;0.000141859621;0.000200993513;0.000089635602;0.000163419203;
2020;01;09;1;0;0.000106428027;0.000178703271;0.000083109716;0.000155846230;
2020;01;09;2;0;0.000082995135;0.000158169198;0.000079721653;0.000174877214;
2020;01;09;3;0;0.000071590724;0.000144127267;0.000078021032;0.000172393159;
2020;01;09;4;0;0.000066630876;0.000135763881;0.000077575786;0.000165736205;
2020;01;09;5;0;0.000064914969;0.000132763681;0.000077821674;0.000157340709;
2020;01;09;6;0;0.000066679025;0.000137896171;0.000080721017;0.000149435339;
2020;01;09;7;0;0.000078653572;0.000147012696;0.000092413543;0.000147667209;
2020;01;09;8;0;0.000108939895;0.000166831602;0.000119556996;0.000154300067;
2020;01;09;9;0;0.000132288729;0.000159224769;0.000159034382;0.000132489385;
2020;01;09;10;0;0.000144607511;0.000144060613;0.000182977981;0.000102685297;
2020;01;09;11;0;0.000156190197;0.000142458136;0.000191226706;0.000102720063;
2020;01;09;12;0;0.000157381820;0.000132302899;0.000189665873;0.000098650428;
2020;01;09;13;0;0.000159316215;0.000112017433;0.000186585911;0.000093946389;
2020;01;09;14;0;0.000166067950;0.000113339562;0.000174346365;0.000089733722;
2020;01;09;15;0;0.000164563692;0.000112137748;0.000150920027;0.000086399248;
2020;01;09;16;0;0.000157469526;0.000106230898;0.000143351969;0.000082801467;
2020;01;09;17;0;0.000153896772;0.000102423550;0.000144290087;0.000081675240;
2020;01;09;18;0;0.000158551169;0.000105384481;0.000147759267;0.000085787837;
2020;01;09;19;0;0.000175011538;0.000140943588;0.000156782164;0.000124922616;
2020;01;09;20;0;0.000191539096;0.000169898863;0.000152712868;0.000172706099;
2020;01;09;21;0;0.000203238294;0.000181981505;0.000136565096;0.000177185928;
2020;01;09;22;0;0.000204014632;0.000188501040;0.000117176391;0.000176690983;
2020;01;09;23;0;0.000179417334;0.000213257057;0.000100974105;0.000172537526;
2020;01;09;24;0;0.000142947278;0.000202283013;0.000090328657;0.000164162744;
2020;01;10;1;0;0.000106490366;0.000173223616;0.000084027837;0.000157498492;
2020;01;10;2;0;0.000083146481;0.000152852323;0.000080095330;0.000176722162;
2020;01;10;3;0;0.000071568184;0.000139164777;0.000078621603;0.000174006339;
2020;01;10;4;0;0.000066388562;0.000130909436;0.000078161889;0.000167692376;
2020;01;10;5;0;0.000064582803;0.000127768742;0.000078484962;0.000159149136;
2020;01;10;6;0;0.000066339577;0.000132579955;0.000081447558;0.000151387494;
2020;01;10;7;0;0.000078114947;0.000141559908;0.000092976803;0.000149090807;
2020;01;10;8;0;0.000107706844;0.000160762745;0.000119161425;0.000154789580;
2020;01;10;9;0;0.000130817591;0.000154057243;0.000157369608;0.000133983039;
2020;01;10;10;0;0.000143281583;0.000140548388;0.000181282190;0.000103077090;
2020;01;10;11;0;0.000154988705;0.000139829002;0.000189321566;0.000104065076;
2020;01;10;12;0;0.000156682142;0.000130619793;0.000188351572;0.000101646321;
2020;01;10;13;0;0.000158632709;0.000111117049;0.000185149183;0.000097097258;
2020;01;10;14;0;0.000165402097;0.000112653303;0.000173642333;0.000093490606;
2020;01;10;15;0;0.000164763479;0.000112060583;0.000148513941;0.000089340551;
2020;01;10;16;0;0.000158541872;0.000106907769;0.000136589988;0.000086184338;
2020;01;10;17;0;0.000154920603;0.000103296746;0.000134601934;0.000084828529;
2020;01;10;18;0;0.000158171804;0.000105343637;0.000136972687;0.000088325100;
2020;01;10;19;0;0.000171132815;0.000136552824;0.000148470647;0.000126334024;
2020;01;10;20;0;0.000182295340;0.000161968335;0.000148130370;0.000170674914;
2020;01;10;21;0;0.000188969632;0.000170221672;0.000137110679;0.000173919031;
2020;01;10;22;0;0.000191639808;0.000177416086;0.000120824924;0.000174923600;
2020;01;10;23;0;0.000173496107;0.000204402240;0.000105917882;0.000172882176;
2020;01;10;24;0;0.000145635468;0.000198707788;0.000095922586;0.000167046871;
2020;01;11;1;0;0.000117950465;0.000193617846;0.000087061456;0.000161718306;
2020;01;11;2;0;0.000093797058;0.000173194268;0.000081382442;0.000180398529;
2020;01;11;3;0;0.000079243511;0.000157159876;0.000079017576;0.000176696103;
2020;01;11;4;0;0.000071876956;0.000146789030;0.000077844197;0.000169264833;
2020;01;11;5;0;0.000068636782;0.000142574558;0.000077263798;0.000160586742;
2020;01;11;6;0;0.000068417417;0.000146946355;0.000078719869;0.000153457809;
2020;01;11;7;0;0.000072009732;0.000150297778;0.000082568122;0.000146953080;
2020;01;11;8;0;0.000082386645;0.000154667499;0.000089604576;0.000141126556;
2020;01;11;9;0;0.000104203075;0.000142654997;0.000093177796;0.000114736632;
2020;01;11;10;0;0.000137064303;0.000143542019;0.000102691760;0.000095009492;
2020;01;11;11;0;0.000161551899;0.000152693656;0.000115976651;0.000102661891;
2020;01;11;12;0;0.000167563433;0.000145703279;0.000120338048;0.000101891506;
2020;01;11;13;0;0.000168275882;0.000122194067;0.000121152655;0.000096873383;
2020;01;11;14;0;0.000175189298;0.000122531288;0.000115171173;0.000092597344;
2020;01;11;15;0;0.000175558697;0.000122013520;0.000104241924;0.000089261721;
2020;01;11;16;0;0.000162568717;0.000112796912;0.000099435061;0.000081669543;
2020;01;11;17;0;0.000153110824;0.000105971898;0.000097599021;0.000078117692;
2020;01;11;18;0;0.000151176865;0.000105004871;0.000101402617;0.000079312622;
2020;01;11;19;0;0.000163025666;0.000138241953;0.000114927829;0.000117118974;
2020;01;11;20;0;0.000173363394;0.000164621365;0.000123032208;0.000163895219;
2020;01;11;21;0;0.000181294177;0.000172332345;0.000121131560;0.000167795523;
2020;01;11;22;0;0.000186522940;0.000180367319;0.000111554779;0.000170578851;
2020;01;11;23;0;0.000171389939;0.000212097177;0.000101977455;0.000169842363;
2020;01;11;24;0;0.000147501603;0.000210472718;0.000094088233;0.000165390898;
2020;01;12;1;0;0.000126718532;0.000200811889;0.000090612933;0.000159330090;
2020;01;12;2;0;0.000104846077;0.000182017353;0.000084851086;0.000172790044;
2020;01;12;3;0;0.000088641391;0.000165196666;0.000082316423;0.000169360671;
2020;01;12;4;0;0.000078511152;0.000153204620;0.000080791011;0.000162511118;
2020;01;12;5;0;0.000073223937;0.000147499435;0.000080332145;0.000155309640;
2020;01;12;6;0;0.000071445747;0.000151391087;0.000081126985;0.000148566685;
2020;01;12;7;0;0.000073127690;0.000153953669;0.000083587044;0.000143586895;
2020;01;12;8;0;0.000079429338;0.000155604620;0.000086629369;0.000138328944;
2020;01;12;9;0;0.000093862505;0.000137680898;0.000081622480;0.000109500776;
2020;01;12;10;0;0.000122699282;0.000133447726;0.000081900684;0.000086447269;
2020;01;12;11;0;0.000151242354;0.000146134967;0.000087609901;0.000095038604;
2020;01;12;12;0;0.000166217962;0.000145804884;0.000092149391;0.000098146215;
2020;01;12;13;0;0.000171328700;0.000124678485;0.000095084412;0.000094635570;
2020;01;12;14;0;0.000178207903;0.000124750362;0.000095064563;0.000090149420;
2020;01;12;15;0;0.000177450775;0.000122746870;0.000091586885;0.000087585875;
2020;01;12;16;0;0.000160111560;0.000110654545;0.000087891280;0.000079301844;
2020;01;12;17;0;0.000150663045;0.000103744124;0.000085269083;0.000075069948;
2020;01;12;18;0;0.000150435343;0.000104356273;0.000085327726;0.000076909877;
2020;01;12;19;0;0.000168298968;0.000144133286;0.000099040683;0.000120534579;
2020;01;12;20;0;0.000185249694;0.000172482083;0.000106228597;0.000163753027;
2020;01;12;21;0;0.000198799200;0.000183965828;0.000105627012;0.000169739628;
2020;01;12;22;0;0.000201420690;0.000190410705;0.000101620094;0.000171239268;
2020;01;12;23;0;0.000178916857;0.000220495610;0.000095480611;0.000169233291;
2020;01;12;24;0;0.000145584559;0.000213374420;0.000088763327;0.000162413383;
2020;01;13;1;0;0.000109268942;0.000193534913;0.000082823123;0.000155597426;
2020;01;13;2;0;0.000085944288;0.000172276741;0.000079642213;0.000169185924;
2020;01;13;3;0;0.000074451785;0.000157611848;0.000078274536;0.000165126369;
2020;01;13;4;0;0.000069047396;0.000148157126;0.000077715998;0.000159082975;
2020;01;13;5;0;0.000067228345;0.000144757245;0.000078213043;0.000152620014;
2020;01;13;6;0;0.000068821961;0.000149855420;0.000081206352;0.000146996656;
2020;01;13;7;0;0.000081131266;0.000159498712;0.000093377197;0.000147261403;
2020;01;13;8;0;0.000112524126;0.000180043584;0.000120849564;0.000154880264;
2020;01;13;9;0;0.000136982626;0.000170673531;0.000163393183;0.000132590641;
2020;01;13;10;0;0.000150400578;0.000154060338;0.000190269482;0.000103109469;
2020;01;13;11;0;0.000164035704;0.000153165324;0.000199482150;0.000103558381;
2020;01;13;12;0;0.000166181735;0.000142450649;0.000197243343;0.000099985654;
2020;01;13;13;0;0.000168053928;0.000119488493;0.000193941111;0.000094953083;
2020;01;13;14;0;0.000174544509;0.000120106041;0.000181197729;0.000090548642;
2020;01;13;15;0;0.000172454899;0.000118354336;0.000156357070;0.000087119728;
2020;01;13;16;0;0.000164577696;0.000111775008;0.000148143629;0.000083161111;
2020;01;13;17;0;0.000160160568;0.000107205629;0.000149687921;0.000081849000;
2020;01;13;18;0;0.000164578444;0.000109778105;0.000152546507;0.000085495528;
2020;01;13;19;0;0.000182440239;0.000148211493;0.000160889129;0.000124723473;
2020;01;13;20;0;0.000201737864;0.000181554221;0.000156674041;0.000173674459;
2020;01;13;21;0;0.000215172223;0.000194958424;0.000139083606;0.000179530609;
2020;01;13;22;0;0.000215906678;0.000202050420;0.000119048710;0.000179160805;
2020;01;13;23;0;0.000188501845;0.000229660136;0.000102562302;0.000175178059;
2020;01;13;24;0;0.000148576794;0.000217979503;0.000092204694;0.000166161743;
2020;01;14;1;0;0.000109363318;0.000182812517;0.000085523062;0.000158236553;
2020;01;14;2;0;0.000085172320;0.000161570784;0.000081982574;0.000177237273;
2020;01;14;3;0;0.000073489540;0.000147273225;0.000080245030;0.000174788635;
2020;01;14;4;0;0.000068425522;0.000138789029;0.000079803018;0.000168132810;
2020;01;14;5;0;0.000066612657;0.000135607222;0.000080025463;0.000159447321;
2020;01;14;6;0;0.000068387435;0.000140768632;0.000082985444;0.000151327202;
2020;01;14;7;0;0.000080664835;0.000150066895;0.000095003644;0.000149526527;
2020;01;14;8;0;0.000111817499;0.000170453254;0.000122958250;0.000156421762;
2020;01;14;9;0;0.000135723012;0.000162601180;0.000163522829;0.000134228134;
2020;01;14;10;0;0.000148349748;0.000147102404;0.000188134690;0.000104021353;
2020;01;14;11;0;0.000160201837;0.000145435481;0.000196597281;0.000104029190;
2020;01;14;12;0;0.000161542305;0.000135177912;0.000195064076;0.000100009272;
2020;01;14;13;0;0.000163417427;0.000114365799;0.000191831577;0.000095151228;
2020;01;14;14;0;0.000170163326;0.000115580088;0.000179153299;0.000090751536;
2020;01;14;15;0;0.000168515758;0.000114274481;0.000155032228;0.000087302797;
2020;01;14;16;0;0.000161353014;0.000108330991;0.000147304486;0.000083740686;
2020;01;14;17;0;0.000157719375;0.000104468398;0.000148281310;0.000082621443;
2020;01;14;18;0;0.000162606505;0.000107574558;0.000151901097;0.000086868662;
2020;01;14;19;0;0.000179299613;0.000143704913;0.000161092492;0.000126312014;
2020;01;14;20;0;0.000196216052;0.000173211763;0.000156904790;0.000174607335;
2020;01;14;21;0;0.000208399002;0.000185726139;0.000140380509;0.000179373208;
2020;01;14;22;0;0.000209111970;0.000192295020;0.000120426084;0.000178773841;
2020;01;14;23;0;0.000183720068;0.000217312971;0.000103723356;0.000174335140;
2020;01;14;24;0;0.000146263895;0.000205955764;0.000092752701;0.000165697684;
2020;01;15;1;0;0.000108127157;0.000181193042;0.000084353257;0.000157575912;
2020;01;15;2;0;0.000084190915;0.000160100201;0.000080852030;0.000176443846;
2020;01;15;3;0;0.000072628951;0.000145902078;0.000079130815;0.000173960802;
2020;01;15;4;0;0.000067595072;0.000137431030;0.000078677923;0.000167236496;
2020;01;15;5;0;0.000065796283;0.000134262452;0.000078892402;0.000158571124;
2020;01;15;6;0;0.000067505248;0.000139271687;0.000081783766;0.000150359383;
2020;01;15;7;0;0.000079605783;0.000148432729;0.000093617113;0.000148522149;
2020;01;15;8;0;0.000110260261;0.000168445543;0.000121114991;0.000155196065;
2020;01;15;9;0;0.000133682733;0.000160485765;0.000160980983;0.000132969137;
2020;01;15;10;0;0.000146150263;0.000145222438;0.000185229618;0.000103075722;
2020;01;15;11;0;0.000157965906;0.000143717627;0.000193646859;0.000103209925;
2020;01;15;12;0;0.000159280277;0.000133574341;0.000192132191;0.000099215294;
2020;01;15;13;0;0.000161307130;0.000113147806;0.000189052678;0.000094540595;
2020;01;15;14;0;0.000168023793;0.000114392918;0.000176588557;0.000090212205;
2020;01;15;15;0;0.000166375110;0.000113084254;0.000152802721;0.000086768216;
2020;01;15;16;0;0.000159201385;0.000107126435;0.000145139617;0.000083153960;
2020;01;15;17;0;0.000155612318;0.000103303927;0.000146100267;0.000082039712;
2020;01;15;18;0;0.000160324122;0.000106294346;0.000149615630;0.000086174677;
2020;01;15;19;0;0.000176722386;0.000141940703;0.000158641556;0.000125243345;
2020;01;15;20;0;0.000193499119;0.000171187076;0.000154558743;0.000173259052;
2020;01;15;21;0;0.000205452094;0.000183494432;0.000138260798;0.000177914738;
2020;01;15;22;0;0.000206370772;0.000190205238;0.000118669886;0.000177577616;
2020;01;15;23;0;0.000181397990;0.000215064803;0.000102235182;0.000173282574;
2020;01;15;24;0;0.000144369496;0.000203753484;0.000091407342;0.000164625244;
2020;01;16;1;0;0.000106828996;0.000179298936;0.000083274902;0.000156422817;
2020;01;16;2;0;0.000083370830;0.000158829878;0.000079910217;0.000175709047;
2020;01;16;3;0;0.000071904118;0.000144705658;0.000078199507;0.000173178708;
2020;01;16;4;0;0.000066910829;0.000136282276;0.000077746300;0.000166451488;
2020;01;16;5;0;0.000065155333;0.000133197235;0.000077973161;0.000157911609;
2020;01;16;6;0;0.000066901913;0.000138291696;0.000080863229;0.000149904510;
2020;01;16;7;0;0.000078872240;0.000147342599;0.000092550303;0.000148015828;
2020;01;16;8;0;0.000109176363;0.000167092552;0.000119698255;0.000154531735;
2020;01;16;9;0;0.000132377376;0.000159208316;0.000159103489;0.000132411647;
2020;01;16;10;0;0.000144586311;0.000143915101;0.000182982784;0.000102508721;
2020;01;16;11;0;0.000156148754;0.000142295483;0.000191220320;0.000102526573;
2020;01;16;12;0;0.000157361235;0.000132171598;0.000189672315;0.000098482994;
2020;01;16;13;0;0.000159186741;0.000111821447;0.000186528691;0.000093698031;
2020;01;16;14;0;0.000165827327;0.000113061286;0.000174237169;0.000089417608;
2020;01;16;15;0;0.000164300628;0.000111843770;0.000150814288;0.000086076864;
2020;01;16;16;0;0.000157200920;0.000105939725;0.000143243946;0.000082480071;
2020;01;16;17;0;0.000153706574;0.000102196197;0.000144215394;0.000081411276;
2020;01;16;18;0;0.000158457757;0.000105226173;0.000147730687;0.000085587363;
2020;01;16;19;0;0.000174746502;0.000140587110;0.000156679261;0.000124470474;
2020;01;16;20;0;0.000191289446;0.000169509080;0.000152628510;0.000172132131;
2020;01;16;21;0;0.000203222729;0.000181811894;0.000136573376;0.000176898689;
2020;01;16;22;0;0.000204062835;0.000188390832;0.000117201814;0.000176481247;
2020;01;16;23;0;0.000179481944;0.000213161677;0.000101002282;0.000172362287;
2020;01;16;24;0;0.000142983008;0.000202167809;0.000090348882;0.000163970956;
2020;01;17;1;0;0.000105752005;0.000172312708;0.000083157329;0.000157325108;
2020;01;17;2;0;0.000082644851;0.000152201953;0.000079301268;0.000176751045;
2020;01;17;3;0;0.000071118382;0.000138533870;0.000077832021;0.000173974827;
2020;01;17;4;0;0.000065987264;0.000130351066;0.000077386154;0.000167718890;
2020;01;17;5;0;0.000064121121;0.000127066937;0.000077662642;0.000158929735;
2020;01;17;6;0;0.000065808561;0.000131725757;0.000080559072;0.000150999400;
2020;01;17;7;0;0.000077444285;0.000140556393;0.000091935516;0.000148587982;
2020;01;17;8;0;0.000106770422;0.000159603263;0.000117821037;0.000154242319;
2020;01;17;9;0;0.000129484882;0.000152689861;0.000155482760;0.000133229018;
2020;01;17;10;0;0.000141685523;0.000139152057;0.000179022562;0.000102360056;
2020;01;17;11;0;0.000153021721;0.000138198438;0.000186814993;0.000103115972;
2020;01;17;12;0;0.000154465211;0.000128884824;0.000185720481;0.000100512829;
2020;01;17;13;0;0.000156500408;0.000109728531;0.000182628400;0.000096110115;
2020;01;17;14;0;0.000163093214;0.000111180921;0.000171232779;0.000092473317;
2020;01;17;15;0;0.000162564230;0.000110672071;0.000146498635;0.000088444305;
2020;01;17;16;0;0.000156539647;0.000105668539;0.000134785696;0.000085405935;
2020;01;17;17;0;0.000152956655;0.000102093805;0.000132820769;0.000084056540;
2020;01;17;18;0;0.000156119758;0.000104082014;0.000135140162;0.000087484376;
2020;01;17;19;0;0.000169008811;0.000135002886;0.000146525819;0.000125230826;
2020;01;17;20;0;0.000180335666;0.000160429356;0.000146312753;0.000169580362;
2020;01;17;21;0;0.000186893726;0.000168559701;0.000135412155;0.000172746591;
2020;01;17;22;0;0.000189420524;0.000175566536;0.000119292081;0.000173599708;
2020;01;17;23;0;0.000171426702;0.000202192515;0.000104555691;0.000171490385;
2020;01;17;24;0;0.000143844990;0.000196478617;0.000094671361;0.000165616744;
2020;01;18;1;0;0.000116361595;0.000191608660;0.000085795531;0.000160757486;
2020;01;18;2;0;0.000092569326;0.000171470578;0.000080214664;0.000179422697;
2020;01;18;3;0;0.000078195120;0.000155571118;0.000077878170;0.000175705527;
2020;01;18;4;0;0.000070844396;0.000145119333;0.000076677524;0.000168047041;
2020;01;18;5;0;0.000067612223;0.000140863513;0.000076084200;0.000159304960;
2020;01;18;6;0;0.000067411446;0.000145219414;0.000077526938;0.000152280586;
2020;01;18;7;0;0.000071054407;0.000148772207;0.000081376062;0.000146121507;
2020;01;18;8;0;0.000081218903;0.000152941034;0.000088270472;0.000140148242;
2020;01;18;9;0;0.000102735619;0.000141077097;0.000091794783;0.000113955790;
2020;01;18;10;0;0.000135193650;0.000142023948;0.000101189687;0.000094420985;
2020;01;18;11;0;0.000159644651;0.000151392472;0.000114386749;0.000102291090;
2020;01;18;12;0;0.000165881225;0.000144748525;0.000118794582;0.000101775302;
2020;01;18;13;0;0.000166775889;0.000121546708;0.000119666679;0.000096915739;
2020;01;18;14;0;0.000173912531;0.000122104121;0.000113852252;0.000092848259;
2020;01;18;15;0;0.000174136342;0.000121477247;0.000103006160;0.000089401221;
2020;01;18;16;0;0.000160975228;0.000112087510;0.000098171673;0.000081603184;
2020;01;18;17;0;0.000151532790;0.000105245962;0.000096334111;0.000077999503;
2020;01;18;18;0;0.000149709951;0.000104356484;0.000100118323;0.000079260673;
2020;01;18;19;0;0.000160998177;0.000136966732;0.000113316070;0.000116592611;
2020;01;18;20;0;0.000170915433;0.000162793735;0.000121203508;0.000162771894;
2020;01;18;21;0;0.000178396980;0.000170061879;0.000119218443;0.000166209002;
2020;01;18;22;0;0.000183137313;0.000177555218;0.000109671223;0.000168450324;
2020;01;18;23;0;0.000168068371;0.000208500586;0.000100192304;0.000167433475;
2020;01;18;24;0;0.000144631206;0.000206885093;0.000092437274;0.000163027231;
2020;01;19;1;0;0.000123945466;0.000197137450;0.000088730458;0.000157127751;
2020;01;19;2;0;0.000102549953;0.000178683197;0.000083087915;0.000170396414;
2020;01;19;3;0;0.000086745094;0.000162263832;0.000080627022;0.000167133869;
2020;01;19;4;0;0.000076881980;0.000150594324;0.000079158947;0.000160520201;
2020;01;19;5;0;0.000071787418;0.000145172710;0.000078754838;0.000153653536;
2020;01;19;6;0;0.000070001184;0.000148901369;0.000079509846;0.000146856777;
2020;01;19;7;0;0.000071595132;0.000151294834;0.000081890220;0.000141784944;
2020;01;19;8;0;0.000077759532;0.000152906149;0.000084867734;0.000136581119;
2020;01;19;9;0;0.000091879580;0.000135277149;0.000079958735;0.000108100495;
2020;01;19;10;0;0.000120071680;0.000131074847;0.000080219425;0.000085306770;
2020;01;19;11;0;0.000148202911;0.000143751916;0.000085868594;0.000093961825;
2020;01;19;12;0;0.000163257037;0.000143798657;0.000090422877;0.000097348666;
2020;01;19;13;0;0.000168736492;0.000123336220;0.000093430382;0.000094222703;
2020;01;19;14;0;0.000175866818;0.000123684623;0.000093505718;0.000090007764;
2020;01;19;15;0;0.000175187245;0.000121750023;0.000090103105;0.000087493795;
2020;01;19;16;0;0.000157960414;0.000109672198;0.000086437245;0.000079143469;
2020;01;19;17;0;0.000148701080;0.000102871200;0.000083875591;0.000074964350;
2020;01;19;18;0;0.000148617920;0.000103588537;0.000083972138;0.000076905697;
2020;01;19;19;0;0.000165569624;0.000142406877;0.000097263856;0.000119825419;
2020;01;19;20;0;0.000182291225;0.000170463610;0.000104335990;0.000162846126;
2020;01;19;21;0;0.000195814058;0.000182008717;0.000103795614;0.000169026279;
2020;01;19;22;0;0.000198387359;0.000188375546;0.000099856137;0.000170508394;
2020;01;19;23;0;0.000175785884;0.000217538887;0.000093706654;0.000167932590;
2020;01;19;24;0;0.000143127275;0.000210660833;0.000087141834;0.000161306008;
2020;01;20;1;0;0.000110014080;0.000194637067;0.000083714892;0.000155768557;
2020;01;20;2;0;0.000086583320;0.000173375250;0.000080524725;0.000169514308;
2020;01;20;3;0;0.000074907302;0.000158386023;0.000079090566;0.000165144598;
2020;01;20;4;0;0.000069618171;0.000149238062;0.000078610035;0.000159572326;
2020;01;20;5;0;0.000067698643;0.000145608740;0.000079063394;0.000152819547;
2020;01;20;6;0;0.000069291299;0.000150706707;0.000082083089;0.000147149089;
2020;01;20;7;0;0.000081706313;0.000160452067;0.000094398143;0.000147467840;
2020;01;20;8;0;0.000113267862;0.000181025033;0.000122140712;0.000154998372;
2020;01;20;9;0;0.000137841921;0.000171541043;0.000165109545;0.000132633160;
2020;01;20;10;0;0.000151574445;0.000155105685;0.000192413621;0.000103361663;
2020;01;20;11;0;0.000165573299;0.000154471551;0.000201886379;0.000104036889;
2020;01;20;12;0;0.000168287448;0.000144186952;0.000199946809;0.000100903280;
2020;01;20;13;0;0.000170487339;0.000121184857;0.000196775187;0.000096061936;
2020;01;20;14;0;0.000177421175;0.000122077766;0.000184028046;0.000091855797;
2020;01;20;15;0;0.000175715415;0.000120616102;0.000158989231;0.000088669803;
2020;01;20;16;0;0.000167677619;0.000113902342;0.000150632005;0.000084632912;
2020;01;20;17;0;0.000163059054;0.000109158273;0.000152146441;0.000083214515;
2020;01;20;18;0;0.000167550389;0.000111773243;0.000155047706;0.000086918733;
2020;01;20;19;0;0.000185219403;0.000150439947;0.000163300191;0.000126311175;
2020;01;20;20;0;0.000204490156;0.000183963135;0.000158897574;0.000175502163;
2020;01;20;21;0;0.000217843087;0.000197278786;0.000140971908;0.000181114096;
2020;01;20;22;0;0.000218227373;0.000204082127;0.000120565434;0.000180329710;
2020;01;20;23;0;0.000190345728;0.000231723271;0.000103818992;0.000176087870;
2020;01;20;24;0;0.000150039367;0.000219952529;0.000093337522;0.000167038311;
2020;01;21;1;0;0.000111878415;0.000186274710;0.000087984645;0.000159682631;
2020;01;21;2;0;0.000087244636;0.000164868691;0.000084397625;0.000179178856;
2020;01;21;3;0;0.000075279933;0.000150284255;0.000082610405;0.000176709918;
2020;01;21;4;0;0.000070080176;0.000141598739;0.000082148230;0.000169938773;
2020;01;21;5;0;0.000068242695;0.000138395617;0.000082389073;0.000161221967;
2020;01;21;6;0;0.000070071127;0.000143685962;0.000085443297;0.000153040183;
2020;01;21;7;0;0.000082532199;0.000152931846;0.000097748368;0.000150914011;
2020;01;21;8;0;0.000114039616;0.000173089511;0.000126307619;0.000157172067;
2020;01;21;9;0;0.000138497317;0.000165219459;0.000168021420;0.000134980826;
2020;01;21;10;0;0.000152082750;0.000150240400;0.000193755931;0.000105279098;
2020;01;21;11;0;0.000164864897;0.000149173001;0.000202860413;0.000105850071;
2020;01;21;12;0;0.000166598643;0.000138979997;0.000201493173;0.000102060584;
2020;01;21;13;0;0.000169158957;0.000118068093;0.000198522727;0.000097603939;
2020;01;21;14;0;0.000176468402;0.000119567017;0.000185575512;0.000093328979;
2020;01;21;15;0;0.000174652701;0.000118136181;0.000160539741;0.000089706858;
2020;01;21;16;0;0.000167142974;0.000111927880;0.000152497829;0.000085985537;
2020;01;21;17;0;0.000163402110;0.000107954216;0.000153519471;0.000084853594;
2020;01;21;18;0;0.000168079450;0.000110881520;0.000157085820;0.000088933200;
2020;01;21;19;0;0.000184516060;0.000147395815;0.000166223227;0.000128520791;
2020;01;21;20;0;0.000201670033;0.000177411563;0.000161800137;0.000177349333;
2020;01;21;21;0;0.000213990937;0.000190031462;0.000144692299;0.000181953491;
2020;01;21;22;0;0.000214607881;0.000196635626;0.000124091365;0.000181211441;
2020;01;21;23;0;0.000188559167;0.000222232150;0.000106883214;0.000176726104;
2020;01;21;24;0;0.000149940466;0.000210343506;0.000095522390;0.000167696542;
2020;01;22;1;0;0.000109634594;0.000183260383;0.000085833907;0.000158423709;
2020;01;22;2;0;0.000085378309;0.000161955369;0.000082278119;0.000177431133;
2020;01;22;3;0;0.000073669424;0.000147628490;0.000080535570;0.000174986518;
2020;01;22;4;0;0.000068563644;0.000139057602;0.000080074864;0.000168222833;
2020;01;22;5;0;0.000066767775;0.000135916276;0.000080310589;0.000159600845;
2020;01;22;6;0;0.000068593102;0.000141195554;0.000083309368;0.000151615139;
2020;01;22;7;0;0.000080755426;0.000150207121;0.000095285769;0.000149417108;
2020;01;22;8;0;0.000111753764;0.000170292182;0.000123218767;0.000155941141;
2020;01;22;9;0;0.000135682782;0.000162497569;0.000163890436;0.000133868868;
2020;01;22;10;0;0.000148475207;0.000147195391;0.000188665050;0.000103907890;
2020;01;22;11;0;0.000160577361;0.000145769588;0.000197298808;0.000104132095;
2020;01;22;12;0;0.000162278543;0.000135820883;0.000195976331;0.000100415189;
2020;01;22;13;0;0.000164587246;0.000115240336;0.000192978259;0.000095880930;
2020;01;22;14;0;0.000171700048;0.000116704233;0.000180392513;0.000091682759;
2020;01;22;15;0;0.000170204738;0.000115511993;0.000156181188;0.000088319193;
2020;01;22;16;0;0.000162921778;0.000109468066;0.000148373906;0.000084680921;
2020;01;22;17;0;0.000159304854;0.000105603388;0.000149381864;0.000083587469;
2020;01;22;18;0;0.000163851860;0.000108457243;0.000152846307;0.000087596142;
2020;01;22;19;0;0.000179848948;0.000144149888;0.000161725528;0.000126562781;
2020;01;22;20;0;0.000196704947;0.000173638021;0.000157476374;0.000174815542;
2020;01;22;21;0;0.000208584487;0.000185852935;0.000140778994;0.000179189606;
2020;01;22;22;0;0.000209488526;0.000192621037;0.000120822614;0.000178817346;
2020;01;22;23;0;0.000184134961;0.000217791835;0.000104088686;0.000174488056;
2020;01;22;24;0;0.000146646466;0.000206491175;0.000093096166;0.000165924457;
2020;01;23;1;0;0.000108034112;0.000181063312;0.000084310822;0.000157460764;
2020;01;23;2;0;0.000084210569;0.000160180041;0.000080855765;0.000176582240;
2020;01;23;3;0;0.000072606899;0.000145887793;0.000079113175;0.000173967651;
2020;01;23;4;0;0.000067515164;0.000137283395;0.000078625820;0.000167038955;
2020;01;23;5;0;0.000065741614;0.000134170586;0.000078854070;0.000158460962;
2020;01;23;6;0;0.000067482798;0.000139253520;0.000081764410;0.000150359018;
2020;01;23;7;0;0.000079601239;0.000148458878;0.000093607766;0.000148578933;
2020;01;23;8;0;0.000110036915;0.000168106382;0.000120984151;0.000154829622;
2020;01;23;9;0;0.000133468985;0.000160238969;0.000160840954;0.000132734853;
2020;01;23;10;0;0.000146098433;0.000145199975;0.000185183631;0.000103072439;
2020;01;23;11;0;0.000157910097;0.000143695618;0.000193598889;0.000103206856;
2020;01;23;12;0;0.000159256006;0.000133583708;0.000192103907;0.000099240030;
2020;01;23;13;0;0.000161361926;0.000113217614;0.000189071377;0.000094628789;
2020;01;23;14;0;0.000168340891;0.000114660150;0.000176742920;0.000090490050;
2020;01;23;15;0;0.000166762604;0.000113404001;0.000152969925;0.000087088870;
2020;01;23;16;0;0.000159528135;0.000107396446;0.000145278246;0.000083429441;
2020;01;23;17;0;0.000156016664;0.000103627054;0.000146279507;0.000082373972;
2020;01;23;18;0;0.000160490757;0.000106442675;0.000149682494;0.000086339185;
2020;01;23;19;0;0.000176440644;0.000141723095;0.000158504080;0.000125023230;
2020;01;23;20;0;0.000193149840;0.000170884630;0.000154408321;0.000172904271;
2020;01;23;21;0;0.000205051832;0.000183141216;0.000138116094;0.000177515730;
2020;01;23;22;0;0.000206090873;0.000189964346;0.000118580654;0.000177325897;
2020;01;23;23;0;0.000181413004;0.000215136029;0.000102232210;0.000173382182;
2020;01;23;24;0;0.000144522496;0.000204042068;0.000091449461;0.000164942882;
2020;01;24;1;0;0.000107187537;0.000174247651;0.000084501848;0.000158302458;
2020;01;24;2;0;0.000083700184;0.000153775208;0.000080551477;0.000177652715;
2020;01;24;3;0;0.000072001399;0.000139911466;0.000079045412;0.000174776954;
2020;01;24;4;0;0.000066804094;0.000131641810;0.000078591205;0.000168483179;
2020;01;24;5;0;0.000064936941;0.000128373544;0.000078885590;0.000159728679;
2020;01;24;6;0;0.000066684165;0.000133165062;0.000081851419;0.000151878568;
2020;01;24;7;0;0.000078464090;0.000142070624;0.000093404316;0.000149424081;
2020;01;24;8;0;0.000108173201;0.000161317732;0.000119701111;0.000155105330;
2020;01;24;9;0;0.000131345002;0.000154538053;0.000158058922;0.000134200881;
2020;01;24;10;0;0.000143907708;0.000141039820;0.000182106889;0.000103293022;
2020;01;24;11;0;0.000155576648;0.000140228440;0.000190128260;0.000104199955;
2020;01;24;12;0;0.000157197770;0.000130920077;0.000189106722;0.000101707366;
2020;01;24;13;0;0.000159197014;0.000111405343;0.000185916214;0.000097191354;
2020;01;24;14;0;0.000166025148;0.000112971816;0.000174379824;0.000093608439;
2020;01;24;15;0;0.000165547784;0.000112500927;0.000149218647;0.000089575909;
2020;01;24;16;0;0.000159387245;0.000107395742;0.000137277208;0.000086479664;
2020;01;24;17;0;0.000155765226;0.000103781999;0.000135287151;0.000085133378;
2020;01;24;18;0;0.000158980966;0.000105799233;0.000137646801;0.000088601550;
2020;01;24;19;0;0.000171634016;0.000136811766;0.000149039179;0.000126346183;
2020;01;24;20;0;0.000182991905;0.000162435980;0.000148763599;0.000170902649;
2020;01;24;21;0;0.000189604932;0.000170626433;0.000137665229;0.000174040674;
2020;01;24;22;0;0.000192024320;0.000177571347;0.000121231196;0.000174718946;
2020;01;24;23;0;0.000173730870;0.000204433088;0.000106239197;0.000172524195;
2020;01;24;24;0;0.000145841195;0.000198750764;0.000096216566;0.000166714249;
2020;01;25;1;0;0.000117085867;0.000192589614;0.000086405264;0.000161250367;
2020;01;25;2;0;0.000093088235;0.000172230768;0.000080759821;0.000179819482;
2020;01;25;3;0;0.000078544849;0.000156065222;0.000078363232;0.000175818705;
2020;01;25;4;0;0.000071230773;0.000145738199;0.000077192884;0.000168383063;
2020;01;25;5;0;0.000068039635;0.000141599869;0.000076628618;0.000159814825;
2020;01;25;6;0;0.000067799762;0.000145888057;0.000078059951;0.000152649479;
2020;01;25;7;0;0.000071429426;0.000149377445;0.000081915998;0.000146377453;
2020;01;25;8;0;0.000081621129;0.000153507911;0.000088841841;0.000140330316;
2020;01;25;9;0;0.000103124495;0.000141416979;0.000092335701;0.000113918737;
2020;01;25;10;0;0.000135762274;0.000142432603;0.000101807040;0.000094445769;
2020;01;25;11;0;0.000160377889;0.000151893396;0.000115106318;0.000102373610;
2020;01;25;12;0;0.000166911111;0.000145487043;0.000119637897;0.000102085123;
2020;01;25;13;0;0.000167927090;0.000122260455;0.000120557817;0.000097303793;
2020;01;25;14;0;0.000175087232;0.000122801049;0.000114691682;0.000093200929;
2020;01;25;15;0;0.000175172687;0.000122062386;0.000103724076;0.000089641642;
2020;01;25;16;0;0.000162102585;0.000112758195;0.000098907741;0.000081941191;
2020;01;25;17;0;0.000152692039;0.000105951296;0.000097087541;0.000078392518;
2020;01;25;18;0;0.000150578728;0.000104841923;0.000100808798;0.000079457358;
2020;01;25;19;0;0.000161792678;0.000137471807;0.000114048452;0.000116741510;
2020;01;25;20;0;0.000171857160;0.000163498039;0.000122021614;0.000163109750;
2020;01;25;21;0;0.000179748457;0.000171187643;0.000120146255;0.000167029798;
2020;01;25;22;0;0.000184757881;0.000178981397;0.000110594746;0.000169578708;
2020;01;25;23;0;0.000169664800;0.000210325505;0.000101068768;0.000168705022;
2020;01;25;24;0;0.000146028255;0.000208732688;0.000093253408;0.000164301298;
2020;01;26;1;0;0.000122616936;0.000195516583;0.000087223289;0.000156981007;
2020;01;26;2;0;0.000101424577;0.000177163777;0.000081665561;0.000170178471;
2020;01;26;3;0;0.000085739261;0.000160772081;0.000079221552;0.000166776043;
2020;01;26;4;0;0.000075893555;0.000148998488;0.000077729273;0.000159893467;
2020;01;26;5;0;0.000070869942;0.000143646689;0.000077335346;0.000153070358;
2020;01;26;6;0;0.000069057684;0.000147220560;0.000078049004;0.000146156343;
2020;01;26;7;0;0.000070607069;0.000149532828;0.000080372369;0.000141045201;
2020;01;26;8;0;0.000076621603;0.000150983222;0.000083259818;0.000135707979;
2020;01;26;9;0;0.000090569936;0.000133633418;0.000078458649;0.000107467866;
2020;01;26;10;0;0.000118432026;0.000129569540;0.000078738286;0.000084879145;
2020;01;26;11;0;0.000145894355;0.000141792936;0.000084201681;0.000093236372;
2020;01;26;12;0;0.000160356823;0.000141488758;0.000088569086;0.000096298779;
2020;01;26;13;0;0.000165177528;0.000120898418;0.000091359723;0.000092768504;
2020;01;26;14;0;0.000171611347;0.000120812952;0.000091287839;0.000088229281;
2020;01;26;15;0;0.000170763068;0.000118780806;0.000087917312;0.000085638022;
2020;01;26;16;0;0.000154192365;0.000107167921;0.000084401442;0.000077618294;
2020;01;26;17;0;0.000145215077;0.000100568937;0.000081917955;0.000073561629;
2020;01;26;18;0;0.000144999616;0.000101165297;0.000081975691;0.000075366953;
2020;01;26;19;0;0.000161529369;0.000139066744;0.000094948654;0.000117418675;
2020;01;26;20;0;0.000178690813;0.000167348482;0.000102093709;0.000160637199;
2020;01;26;21;0;0.000192047837;0.000178787546;0.000101591532;0.000166856451;
2020;01;26;22;0;0.000194836408;0.000185321424;0.000097802255;0.000168637473;
2020;01;26;23;0;0.000172682192;0.000214070709;0.000091790668;0.000166146784;
2020;01;26;24;0;0.000140677531;0.000207428831;0.000085383677;0.000159712052;
2020;01;27;1;0;0.000105423158;0.000187964169;0.000079540161;0.000152965145;
2020;01;27;2;0;0.000082934716;0.000167352265;0.000076492299;0.000166366763;
2020;01;27;3;0;0.000071839836;0.000153095246;0.000075176101;0.000162360157;
2020;01;27;4;0;0.000066703845;0.000144100771;0.000074683617;0.000156675834;
2020;01;27;5;0;0.000064863766;0.000140594607;0.000075113373;0.000150044619;
2020;01;27;6;0;0.000066396898;0.000145535601;0.000077985220;0.000144503701;
2020;01;27;7;0;0.000078287202;0.000154933478;0.000089681555;0.000144802474;
2020;01;27;8;0;0.000108557221;0.000174849926;0.000116055159;0.000152249168;
2020;01;27;9;0;0.000131917005;0.000165420374;0.000156771096;0.000130013375;
2020;01;27;10;0;0.000144825720;0.000149303597;0.000182549877;0.000101092658;
2020;01;27;11;0;0.000157786750;0.000148260165;0.000191286361;0.000101382435;
2020;01;27;12;0;0.000159969843;0.000138002513;0.000189209817;0.000097985841;
2020;01;27;13;0;0.000161817051;0.000115793124;0.000186068023;0.000093089803;
2020;01;27;14;0;0.000168261108;0.000116541073;0.000173942642;0.000088914192;
2020;01;27;15;0;0.000166312558;0.000114891885;0.000150126338;0.000085594195;
2020;01;27;16;0;0.000158721969;0.000108509640;0.000142242886;0.000081709251;
2020;01;27;17;0;0.000154484024;0.000104090249;0.000143735872;0.000080436019;
2020;01;27;18;0;0.000158564793;0.000106453315;0.000146397437;0.000083886974;
2020;01;27;19;0;0.000175268127;0.000143263031;0.000154181926;0.000121887253;
2020;01;27;20;0;0.000194076300;0.000175763621;0.000150246340;0.000170053682;
2020;01;27;21;0;0.000207086783;0.000188827892;0.000133405201;0.000175890087;
2020;01;27;22;0;0.000208003910;0.000195916850;0.000114246121;0.000175774237;
2020;01;27;23;0;0.000181521857;0.000222579154;0.000098402900;0.000171761713;
2020;01;27;24;0;0.000143177814;0.000211426848;0.000088497241;0.000163082889;
2020;01;28;1;0;0.000104687006;0.000176470008;0.000081357787;0.000155099663;
2020;01;28;2;0;0.000081592635;0.000156097630;0.000078019381;0.000173908441;
2020;01;28;3;0;0.000070393782;0.000142268663;0.000076361797;0.000171482752;
2020;01;28;4;0;0.000065514356;0.000134007555;0.000075924432;0.000164852842;
2020;01;28;5;0;0.000063831130;0.000131055334;0.000076167189;0.000156516543;
2020;01;28;6;0;0.000065443437;0.000135839961;0.000078930874;0.000148268869;
2020;01;28;7;0;0.000077131706;0.000144686313;0.000090326445;0.000146344711;
2020;01;28;8;0;0.000106631503;0.000163848636;0.000116747987;0.000152517314;
2020;01;28;9;0;0.000129312349;0.000156145374;0.000155193925;0.000130715356;
2020;01;28;10;0;0.000141268093;0.000141179127;0.000178505080;0.000101224859;
2020;01;28;11;0;0.000152520466;0.000139544870;0.000186513621;0.000101201369;
2020;01;28;12;0;0.000153887001;0.000129787447;0.000185113329;0.000097370189;
2020;01;28;13;0;0.000155930252;0.000110006648;0.000182196047;0.000092852685;
2020;01;28;14;0;0.000162619249;0.000111366486;0.000170286770;0.000088750249;
2020;01;28;15;0;0.000161127149;0.000110171103;0.000147397163;0.000085438287;
2020;01;28;16;0;0.000154344923;0.000104491032;0.000140080154;0.000082001305;
2020;01;28;17;0;0.000150814452;0.000100724839;0.000140983412;0.000080864752;
2020;01;28;18;0;0.000155200696;0.000103506998;0.000144291867;0.000084803657;
2020;01;28;19;0;0.000170575916;0.000137770432;0.000152773941;0.000122750634;
2020;01;28;20;0;0.000187042306;0.000166427832;0.000148950468;0.000170156898;
2020;01;28;21;0;0.000198733306;0.000178529708;0.000133289728;0.000174896764;
2020;01;28;22;0;0.000199650127;0.000185088002;0.000114411237;0.000174599701;
2020;01;28;23;0;0.000175394417;0.000209151454;0.000098539152;0.000170247543;
2020;01;28;24;0;0.000139746346;0.000198395262;0.000088151867;0.000161990319;
2020;01;29;1;0;0.000102963069;0.000174119011;0.000079817282;0.000153944759;
2020;01;29;2;0;0.000080247352;0.000154014580;0.000076541235;0.000172608860;
2020;01;29;3;0;0.000069220039;0.000140340697;0.000074907895;0.000170156893;
2020;01;29;4;0;0.000064375627;0.000132085932;0.000074452007;0.000163415097;
2020;01;29;5;0;0.000062717251;0.000129165959;0.000074687431;0.000155136360;
2020;01;29;6;0;0.000064360023;0.000134017321;0.000077432520;0.000147148139;
2020;01;29;7;0;0.000075848509;0.000142731898;0.000088608025;0.000145222079;
2020;01;29;8;0;0.000104976961;0.000161839976;0.000114592056;0.000151586945;
2020;01;29;9;0;0.000127199775;0.000154088098;0.000152264990;0.000129766772;
2020;01;29;10;0;0.000138926560;0.000139281561;0.000175115011;0.000100456486;
2020;01;29;11;0;0.000150004894;0.000137681975;0.000182979102;0.000100444728;
2020;01;29;12;0;0.000151193724;0.000127908937;0.000181512256;0.000096504575;
2020;01;29;13;0;0.000153157860;0.000108380348;0.000178626456;0.000091991052;
2020;01;29;14;0;0.000159778851;0.000109758956;0.000166977096;0.000087965641;
2020;01;29;15;0;0.000158163697;0.000108467214;0.000144464238;0.000084572256;
2020;01;29;16;0;0.000151455621;0.000102836823;0.000137269903;0.000081132470;
2020;01;29;17;0;0.000147965579;0.000099111114;0.000138143177;0.000079988547;
2020;01;29;18;0;0.000152351664;0.000101910109;0.000141423514;0.000083947865;
2020;01;29;19;0;0.000167503876;0.000135698279;0.000149763398;0.000121571716;
2020;01;29;20;0;0.000183703232;0.000163954001;0.000146026878;0.000168560623;
2020;01;29;21;0;0.000195193884;0.000175884404;0.000130676256;0.000173266520;
2020;01;29;22;0;0.000195941616;0.000182187891;0.000112123983;0.000172785908;
2020;01;29;23;0;0.000172350992;0.000206159149;0.000096629612;0.000168769737;
2020;01;29;24;0;0.000137329285;0.000195569184;0.000086446077;0.000160596840;
2020;01;30;1;0;0.000101159981;0.000171602553;0.000078238021;0.000152609996;
2020;01;30;2;0;0.000078985704;0.000152095702;0.000075095393;0.000171544015;
2020;01;30;3;0;0.000068127519;0.000138582722;0.000073490476;0.000169093243;
2020;01;30;4;0;0.000063351485;0.000130412964;0.000073038449;0.000162365322;
2020;01;30;5;0;0.000061676923;0.000127432353;0.000073244009;0.000153992690;
2020;01;30;6;0;0.000063285773;0.000132203292;0.000075931838;0.000146042828;
2020;01;30;7;0;0.000074611557;0.000140861065;0.000086907424;0.000144210160;
2020;01;30;8;0;0.000103218632;0.000159638722;0.000112367988;0.000150435522;
2020;01;30;9;0;0.000124892421;0.000151753438;0.000149204429;0.000128527838;
2020;01;30;10;0;0.000136356931;0.000137115862;0.000171564016;0.000099447153;
2020;01;30;11;0;0.000147116836;0.000135425027;0.000179199525;0.000099329029;
2020;01;30;12;0;0.000148296483;0.000125825117;0.000177771186;0.000095444902;
2020;01;30;13;0;0.000150311742;0.000106684677;0.000174996530;0.000091055623;
2020;01;30;14;0;0.000156770463;0.000108011724;0.000163563302;0.000087041043;
2020;01;30;15;0;0.000155337378;0.000106856423;0.000141579933;0.000083796818;
2020;01;30;16;0;0.000148708349;0.000101278754;0.000134510770;0.000080357935;
2020;01;30;17;0;0.000145300344;0.000097623473;0.000135375225;0.000079239110;
2020;01;30;18;0;0.000149408561;0.000100232084;0.000138498050;0.000083007378;
2020;01;30;19;0;0.000164153149;0.000133360046;0.000146614381;0.000120092449;
2020;01;30;20;0;0.000180115783;0.000161215997;0.000142990635;0.000166622965;
2020;01;30;21;0;0.000191460724;0.000173026327;0.000127985257;0.000171373252;
2020;01;30;22;0;0.000192454774;0.000179497371;0.000109889549;0.000171219536;
2020;01;30;23;0;0.000169392703;0.000203259439;0.000094734534;0.000167388386;
2020;01;30;24;0;0.000135165112;0.000193124564;0.000084811486;0.000159597983;
2020;01;31;1;0;0.000100031302;0.000164731500;0.000078064390;0.000153291582;
2020;01;31;2;0;0.000078188584;0.000145535497;0.000074451293;0.000172264042;
2020;01;31;3;0;0.000067342162;0.000132594134;0.000073103667;0.000169763264;
2020;01;31;4;0;0.000062462557;0.000124715799;0.000072672617;0.000163583043;
2020;01;31;5;0;0.000060736115;0.000121662841;0.000072956161;0.000155153268;
2020;01;31;6;0;0.000062342514;0.000126141998;0.000075681461;0.000147439828;
2020;01;31;7;0;0.000073379427;0.000134627200;0.000086376971;0.000145125184;
2020;01;31;8;0;0.000101126180;0.000152802660;0.000110676286;0.000150562303;
2020;01;31;9;0;0.000122346355;0.000145794907;0.000145879756;0.000129617347;
2020;01;31;10;0;0.000133758663;0.000132740817;0.000167893116;0.000099465631;
2020;01;31;11;0;0.000144325514;0.000131694102;0.000175119232;0.000100069926;
2020;01;31;12;0;0.000145776035;0.000122902284;0.000174146393;0.000097626581;
2020;01;31;13;0;0.000147688373;0.000104628588;0.000171242168;0.000093342929;
2020;01;31;14;0;0.000153983182;0.000106069534;0.000160595156;0.000089870258;
2020;01;31;15;0;0.000153514629;0.000105607680;0.000137411424;0.000085978666;
2020;01;31;16;0;0.000147826711;0.000100834088;0.000126425581;0.000083026007;
2020;01;31;17;0;0.000144411744;0.000097399368;0.000124568988;0.000081689538;
2020;01;31;18;0;0.000147058388;0.000099041679;0.000126598643;0.000084748032;
2020;01;31;19;0;0.000158733696;0.000128047438;0.000137064396;0.000120820116;
2020;01;31;20;0;0.000169784046;0.000152575961;0.000137030426;0.000164163610;
2020;01;31;21;0;0.000176162289;0.000160514862;0.000126894621;0.000167498534;
2020;01;31;22;0;0.000178600202;0.000167245902;0.000111805913;0.000168399954;
2020;01;31;23;0;0.000161693475;0.000192688376;0.000098012301;0.000166438322;
2020;01;31;24;0;0.000135829764;0.000187475901;0.000088796450;0.000160987046;
