AŃO;MES;DIA;HORA;VERANO(1)/INVIERNO(0);COEF. PERFIL A;COEF. PERFIL B;COEF. PERFIL C;COEF. PERFIL D;
2016;09;01;1;1;0.000093669012;0.000141353147;0.000095467731;0.000193539000;
2016;09;01;2;1;0.000078305467;0.000131779909;0.000090706218;0.000182891673;
2016;09;01;3;1;0.000070228091;0.000126440371;0.000087784751;0.000175221759;
2016;09;01;4;1;0.000066497026;0.000125041036;0.000086381044;0.000165628790;
2016;09;01;5;1;0.000065055481;0.000123620850;0.000085823445;0.000161020230;
2016;09;01;6;1;0.000065839615;0.000122887610;0.000087971142;0.000159816988;
2016;09;01;7;1;0.000072871755;0.000127132412;0.000097893058;0.000162408243;
2016;09;01;8;1;0.000092363620;0.000112652488;0.000112960595;0.000136368523;
2016;09;01;9;1;0.000109388195;0.000070314736;0.000138467231;0.000056511986;
2016;09;01;10;1;0.000123754153;0.000070059030;0.000163691032;0.000051559344;
2016;09;01;11;1;0.000135875934;0.000071984080;0.000176854060;0.000054801237;
2016;09;01;12;1;0.000140761565;0.000070718270;0.000180695252;0.000059490774;
2016;09;01;13;1;0.000146414220;0.000070730391;0.000183986958;0.000057795191;
2016;09;01;14;1;0.000152030017;0.000071984228;0.000177016613;0.000056751059;
2016;09;01;15;1;0.000144451656;0.000070620793;0.000158378996;0.000055646229;
2016;09;01;16;1;0.000134088885;0.000065624024;0.000152059716;0.000054019196;
2016;09;01;17;1;0.000133819064;0.000062851369;0.000153648949;0.000053308547;
2016;09;01;18;1;0.000141511786;0.000063343022;0.000157258260;0.000052842944;
2016;09;01;19;1;0.000144321633;0.000063512905;0.000152893442;0.000051652474;
2016;09;01;20;1;0.000144433513;0.000065997217;0.000145974352;0.000057476125;
2016;09;01;21;1;0.000152446930;0.000115656598;0.000146291413;0.000123701204;
2016;09;01;22;1;0.000157344512;0.000162731264;0.000136311558;0.000243950284;
2016;09;01;23;1;0.000139459245;0.000158223740;0.000118841794;0.000247302775;
2016;09;01;24;1;0.000115203947;0.000153260702;0.000105967363;0.000231111183;
2016;09;02;1;1;0.000095499495;0.000145558906;0.000098341256;0.000194189931;
2016;09;02;2;1;0.000079982821;0.000135653546;0.000092910001;0.000184308722;
2016;09;02;3;1;0.000071511017;0.000130116075;0.000089584596;0.000174298665;
2016;09;02;4;1;0.000067678600;0.000128748344;0.000088251591;0.000166068057;
2016;09;02;5;1;0.000066346806;0.000127247622;0.000087847871;0.000159603659;
2016;09;02;6;1;0.000066775757;0.000126307080;0.000089725777;0.000157839933;
2016;09;02;7;1;0.000074309952;0.000130157142;0.000099188883;0.000161491778;
2016;09;02;8;1;0.000094248698;0.000115572862;0.000114407751;0.000137177669;
2016;09;02;9;1;0.000112071500;0.000070731931;0.000138970012;0.000052263875;
2016;09;02;10;1;0.000125856440;0.000070347434;0.000164158429;0.000047728830;
2016;09;02;11;1;0.000138680669;0.000072610446;0.000178167740;0.000051036494;
2016;09;02;12;1;0.000142566737;0.000071423741;0.000181964217;0.000054818790;
2016;09;02;13;1;0.000148008131;0.000070915400;0.000185496170;0.000053733836;
2016;09;02;14;1;0.000154296697;0.000073073594;0.000178683073;0.000055878572;
2016;09;02;15;1;0.000147802789;0.000072302956;0.000158793810;0.000059419487;
2016;09;02;16;1;0.000137747952;0.000066568864;0.000148749737;0.000055422438;
2016;09;02;17;1;0.000136042596;0.000063257337;0.000147278450;0.000050692386;
2016;09;02;18;1;0.000141940340;0.000063567017;0.000149611365;0.000049035419;
2016;09;02;19;1;0.000144127976;0.000064030859;0.000147548655;0.000050134544;
2016;09;02;20;1;0.000142573985;0.000065811471;0.000144071865;0.000056474171;
2016;09;02;21;1;0.000147803388;0.000116902069;0.000149399952;0.000122160438;
2016;09;02;22;1;0.000152008486;0.000163618760;0.000142989321;0.000245338115;
2016;09;02;23;1;0.000137174995;0.000160087064;0.000126974960;0.000248828777;
2016;09;02;24;1;0.000118360148;0.000157210703;0.000115345127;0.000240026824;
2016;09;03;1;1;0.000101648310;0.000149182791;0.000105720431;0.000191977702;
2016;09;03;2;1;0.000086492125;0.000140072160;0.000098198934;0.000183369368;
2016;09;03;3;1;0.000076245707;0.000133671975;0.000093697466;0.000177335068;
2016;09;03;4;1;0.000071041603;0.000131647216;0.000091439700;0.000168025352;
2016;09;03;5;1;0.000068543422;0.000129469587;0.000090075975;0.000162400405;
2016;09;03;6;1;0.000067788135;0.000128377642;0.000090957428;0.000160916446;
2016;09;03;7;1;0.000069779259;0.000129957585;0.000094845930;0.000160640021;
2016;09;03;8;1;0.000075686892;0.000109320440;0.000096534540;0.000133121280;
2016;09;03;9;1;0.000091094199;0.000059689913;0.000097005551;0.000046151731;
2016;09;03;10;1;0.000112974770;0.000065798657;0.000110820722;0.000041729759;
2016;09;03;11;1;0.000130917089;0.000072717275;0.000126329416;0.000048417423;
2016;09;03;12;1;0.000137309342;0.000072152491;0.000132496406;0.000051321498;
2016;09;03;13;1;0.000141587400;0.000070460927;0.000136206723;0.000050544403;
2016;09;03;14;1;0.000148531450;0.000071225091;0.000134481835;0.000049297469;
2016;09;03;15;1;0.000143555094;0.000070528248;0.000125163869;0.000051162296;
2016;09;03;16;1;0.000129471994;0.000065150144;0.000121259635;0.000050435654;
2016;09;03;17;1;0.000122643874;0.000061528176;0.000118720396;0.000046767465;
2016;09;03;18;1;0.000120984584;0.000060835410;0.000120965720;0.000044020614;
2016;09;03;19;1;0.000121901999;0.000061426599;0.000122038306;0.000045825669;
2016;09;03;20;1;0.000122836193;0.000063674981;0.000125311343;0.000054036633;
2016;09;03;21;1;0.000135206347;0.000116520331;0.000139174714;0.000123331856;
2016;09;03;22;1;0.000146170315;0.000161471107;0.000138142390;0.000243227813;
2016;09;03;23;1;0.000135919901;0.000158738377;0.000126898521;0.000253253882;
2016;09;03;24;1;0.000117891386;0.000156285954;0.000117068633;0.000241263121;
2016;09;04;1;1;0.000103854521;0.000150267050;0.000109810284;0.000192829066;
2016;09;04;2;1;0.000089425097;0.000141302354;0.000101087508;0.000181865645;
2016;09;04;3;1;0.000078744070;0.000134833449;0.000096257896;0.000173892574;
2016;09;04;4;1;0.000072962526;0.000132284674;0.000094121954;0.000165191197;
2016;09;04;5;1;0.000070386205;0.000130394896;0.000092780644;0.000160316277;
2016;09;04;6;1;0.000069275802;0.000129195807;0.000093226822;0.000160800849;
2016;09;04;7;1;0.000070204662;0.000130091369;0.000095331713;0.000162790892;
2016;09;04;8;1;0.000073236908;0.000108966031;0.000092840470;0.000136578935;
2016;09;04;9;1;0.000082676982;0.000056708506;0.000086139894;0.000047524060;
2016;09;04;10;1;0.000100363601;0.000061336115;0.000092005054;0.000042751561;
2016;09;04;11;1;0.000116488158;0.000070021702;0.000099518757;0.000048908576;
2016;09;04;12;1;0.000125129195;0.000071427467;0.000104950021;0.000050969783;
2016;09;04;13;1;0.000131987957;0.000070702081;0.000109091916;0.000050097958;
2016;09;04;14;1;0.000139654485;0.000071179649;0.000110425619;0.000050258367;
2016;09;04;15;1;0.000138857929;0.000071299511;0.000109708584;0.000052186418;
2016;09;04;16;1;0.000125847216;0.000063490601;0.000107538472;0.000050806818;
2016;09;04;17;1;0.000118433456;0.000059977153;0.000104427289;0.000047916061;
2016;09;04;18;1;0.000118232227;0.000058424890;0.000101136055;0.000046928183;
2016;09;04;19;1;0.000121122175;0.000059668526;0.000100553884;0.000044172441;
2016;09;04;20;1;0.000124924917;0.000063912048;0.000103123249;0.000051152201;
2016;09;04;21;1;0.000144005990;0.000122690658;0.000118860993;0.000130242695;
2016;09;04;22;1;0.000156806970;0.000167308054;0.000125277103;0.000246640305;
2016;09;04;23;1;0.000139309449;0.000162551313;0.000117506031;0.000252428332;
2016;09;04;24;1;0.000116016366;0.000157876121;0.000108047941;0.000241178361;
2016;09;05;1;1;0.000098569521;0.000145552407;0.000100858537;0.000196050996;
2016;09;05;2;1;0.000082202916;0.000135689584;0.000095872075;0.000183888891;
2016;09;05;3;1;0.000073610370;0.000129840658;0.000093148976;0.000178079344;
2016;09;05;4;1;0.000070187127;0.000128299935;0.000091990249;0.000169215611;
2016;09;05;5;1;0.000068935978;0.000126474901;0.000091223867;0.000163597079;
2016;09;05;6;1;0.000069506932;0.000125630126;0.000093564475;0.000160327434;
2016;09;05;7;1;0.000077087507;0.000129735706;0.000104534411;0.000161816393;
2016;09;05;8;1;0.000096511491;0.000115271656;0.000121608640;0.000136930817;
2016;09;05;9;1;0.000114431400;0.000071474012;0.000150049561;0.000056573878;
2016;09;05;10;1;0.000130684761;0.000070484690;0.000177915471;0.000054235287;
2016;09;05;11;1;0.000142956161;0.000073494834;0.000192270590;0.000058123942;
2016;09;05;12;1;0.000148855567;0.000073117960;0.000196828822;0.000063293679;
2016;09;05;13;1;0.000155219457;0.000072405317;0.000200046219;0.000062841738;
2016;09;05;14;1;0.000161734005;0.000073314774;0.000192253557;0.000058197123;
2016;09;05;15;1;0.000153007010;0.000072430084;0.000172183317;0.000060914038;
2016;09;05;16;1;0.000142106242;0.000067306004;0.000165767225;0.000055022630;
2016;09;05;17;1;0.000142959930;0.000063996850;0.000167458215;0.000053394685;
2016;09;05;18;1;0.000150196733;0.000064740785;0.000171712469;0.000053904277;
2016;09;05;19;1;0.000153721752;0.000064998257;0.000166763574;0.000052052670;
2016;09;05;20;1;0.000154150702;0.000067847586;0.000158503862;0.000057562610;
2016;09;05;21;1;0.000163132417;0.000118814130;0.000158442496;0.000127398815;
2016;09;05;22;1;0.000168906668;0.000166669354;0.000146698812;0.000246935864;
2016;09;05;23;1;0.000149488512;0.000162300618;0.000127832771;0.000252107524;
2016;09;05;24;1;0.000123259282;0.000156701724;0.000113927794;0.000241345166;
2016;09;06;1;1;0.000100295769;0.000147035988;0.000104430091;0.000198240659;
2016;09;06;2;1;0.000083795356;0.000136996211;0.000099162463;0.000187223071;
2016;09;06;3;1;0.000075094621;0.000131345505;0.000095895766;0.000179235309;
2016;09;06;4;1;0.000071063855;0.000129816706;0.000094307746;0.000169324551;
2016;09;06;5;1;0.000069504570;0.000128307690;0.000093673726;0.000164568792;
2016;09;06;6;1;0.000070305268;0.000127479448;0.000095967284;0.000163252973;
2016;09;06;7;1;0.000077817303;0.000131887829;0.000106795074;0.000165906186;
2016;09;06;8;1;0.000098673666;0.000116915635;0.000123284839;0.000139364454;
2016;09;06;9;1;0.000116891688;0.000072994646;0.000151161977;0.000057768529;
2016;09;06;10;1;0.000132303617;0.000072762488;0.000178780111;0.000052729892;
2016;09;06;11;1;0.000145306756;0.000074784434;0.000193214930;0.000056062337;
2016;09;06;12;1;0.000150710184;0.000073556597;0.000197645822;0.000060932038;
2016;09;06;13;1;0.000156887618;0.000073627992;0.000201407126;0.000059242678;
2016;09;06;14;1;0.000163108142;0.000075026577;0.000194018304;0.000058244891;
2016;09;06;15;1;0.000155187909;0.000073705421;0.000173826234;0.000057188494;
2016;09;06;16;1;0.000144241160;0.000068578940;0.000167106361;0.000055588135;
2016;09;06;17;1;0.000143946267;0.000065679320;0.000168847407;0.000054855077;
2016;09;06;18;1;0.000152124389;0.000066151013;0.000172703875;0.000054341398;
2016;09;06;19;1;0.000155054676;0.000066289828;0.000167812640;0.000053086260;
2016;09;06;20;1;0.000155150285;0.000068871844;0.000160193002;0.000059062204;
2016;09;06;21;1;0.000163631570;0.000120600836;0.000160416720;0.000127016432;
2016;09;06;22;1;0.000168789311;0.000169588276;0.000149385486;0.000250341144;
2016;09;06;23;1;0.000149623308;0.000164913070;0.000130257735;0.000253815710;
2016;09;06;24;1;0.000123606050;0.000159747719;0.000116152049;0.000237208854;
2016;09;07;1;1;0.000100082862;0.000146937802;0.000104021837;0.000198331581;
2016;09;07;2;1;0.000083670793;0.000136992025;0.000098837784;0.000187428375;
2016;09;07;3;1;0.000075031917;0.000131427190;0.000095644149;0.000179548931;
2016;09;07;4;1;0.000070979826;0.000129852272;0.000094027588;0.000169561849;
2016;09;07;5;1;0.000069385792;0.000128275190;0.000093346221;0.000164712556;
2016;09;07;6;1;0.000070187251;0.000127451026;0.000095634662;0.000163400546;
2016;09;07;7;1;0.000077665478;0.000131822444;0.000106395883;0.000166010846;
2016;09;07;8;1;0.000098427351;0.000116793836;0.000122756915;0.000139376192;
2016;09;07;9;1;0.000116495648;0.000072853409;0.000150380109;0.000057721741;
2016;09;07;10;1;0.000131789882;0.000072585636;0.000177767069;0.000052661021;
2016;09;07;11;1;0.000144667891;0.000074564198;0.000192021025;0.000055960241;
2016;09;07;12;1;0.000149963844;0.000073299057;0.000196314944;0.000060787139;
2016;09;07;13;1;0.000155978379;0.000073308019;0.000199881374;0.000059051707;
2016;09;07;14;1;0.000162056942;0.000074651739;0.000192422770;0.000058019218;
2016;09;07;15;1;0.000154119006;0.000073304484;0.000172319886;0.000056941514;
2016;09;07;16;1;0.000143211181;0.000068188523;0.000165616065;0.000055333975;
2016;09;07;17;1;0.000142935115;0.000065313051;0.000167361164;0.000054610657;
2016;09;07;18;1;0.000151109362;0.000065805444;0.000171244396;0.000054118453;
2016;09;07;19;1;0.000153967479;0.000065921006;0.000166337651;0.000052850402;
2016;09;07;20;1;0.000154027376;0.000068473077;0.000158748869;0.000058786422;
2016;09;07;21;1;0.000162591198;0.000120008787;0.000159111410;0.000126535353;
2016;09;07;22;1;0.000167584707;0.000168623487;0.000148053817;0.000249197521;
2016;09;07;23;1;0.000148372150;0.000163772511;0.000128937255;0.000252344402;
2016;09;07;24;1;0.000122504388;0.000158554796;0.000114910723;0.000235702862;
2016;09;08;1;1;0.000094805177;0.000142417828;0.000096860374;0.000194598122;
2016;09;08;2;1;0.000079292398;0.000132834667;0.000092072504;0.000183978655;
2016;09;08;3;1;0.000071125806;0.000127474954;0.000089122806;0.000176294360;
2016;09;08;4;1;0.000067329098;0.000126030569;0.000087674328;0.000166598253;
2016;09;08;5;1;0.000065876137;0.000124611672;0.000087117139;0.000161979001;
2016;09;08;6;1;0.000066609539;0.000123759916;0.000089216012;0.000160622406;
2016;09;08;7;1;0.000073698042;0.000127989921;0.000099243493;0.000163169442;
2016;09;08;8;1;0.000093349849;0.000113338178;0.000114444013;0.000136918096;
2016;09;08;9;1;0.000110354157;0.000070613438;0.000140029223;0.000056636036;
2016;09;08;10;1;0.000124730980;0.000070291277;0.000165383761;0.000051624514;
2016;09;08;11;1;0.000136837002;0.000072163939;0.000178537509;0.000054825855;
2016;09;08;12;1;0.000141727432;0.000070880084;0.000182376973;0.000059505005;
2016;09;08;13;1;0.000147269730;0.000070820510;0.000185511441;0.000057750530;
2016;09;08;14;1;0.000152897801;0.000072066264;0.000178459368;0.000056699589;
2016;09;08;15;1;0.000145365723;0.000070744851;0.000159768258;0.000055630026;
2016;09;08;16;1;0.000135040464;0.000065789526;0.000153510732;0.000054044723;
2016;09;08;17;1;0.000134792850;0.000063021157;0.000155142896;0.000053343285;
2016;09;08;18;1;0.000142499914;0.000063495585;0.000158740917;0.000052861933;
2016;09;08;19;1;0.000145255220;0.000063633389;0.000154256189;0.000051644667;
2016;09;08;20;1;0.000145369015;0.000066122956;0.000147276637;0.000057467909;
2016;09;08;21;1;0.000153630719;0.000116025263;0.000147785439;0.000123841826;
2016;09;08;22;1;0.000158447737;0.000163127883;0.000137600671;0.000244044940;
2016;09;08;23;1;0.000140393332;0.000158559980;0.000119928334;0.000247321689;
2016;09;08;24;1;0.000115996665;0.000153614325;0.000106955642;0.000231170890;
2016;09;09;1;1;0.000094426698;0.000144638842;0.000096839853;0.000193494075;
2016;09;09;2;1;0.000079140169;0.000134891265;0.000091556115;0.000183777937;
2016;09;09;3;1;0.000070736194;0.000129345734;0.000088252439;0.000173744085;
2016;09;09;4;1;0.000066965204;0.000128024152;0.000086965103;0.000165588880;
2016;09;09;5;1;0.000065638439;0.000126514505;0.000086555388;0.000159121293;
2016;09;09;6;1;0.000066067024;0.000125587392;0.000088411304;0.000157372934;
2016;09;09;7;1;0.000073533175;0.000129436499;0.000097751623;0.000161040081;
2016;09;09;8;1;0.000093304798;0.000114983867;0.000112799899;0.000136854558;
2016;09;09;9;1;0.000110912204;0.000070348055;0.000136971399;0.000052123430;
2016;09;09;10;1;0.000124454728;0.000069909571;0.000161667895;0.000047562424;
2016;09;09;11;1;0.000137019886;0.000072097333;0.000175315934;0.000050815446;
2016;09;09;12;1;0.000140736528;0.000070857143;0.000178895436;0.000054533742;
2016;09;09;13;1;0.000145980849;0.000070291578;0.000182209032;0.000053407886;
2016;09;09;14;1;0.000152209486;0.000072443258;0.000175546892;0.000055549176;
2016;09;09;15;1;0.000145815514;0.000071685213;0.000156019656;0.000059074116;
2016;09;09;16;1;0.000135846741;0.000065976252;0.000146098218;0.000055080380;
2016;09;09;17;1;0.000134127161;0.000062676559;0.000144612445;0.000050365342;
2016;09;09;18;1;0.000139968771;0.000062995505;0.000146931373;0.000048728432;
2016;09;09;19;1;0.000142074190;0.000063432036;0.000144852767;0.000049802507;
2016;09;09;20;1;0.000140568933;0.000065208331;0.000141466263;0.000056110760;
2016;09;09;21;1;0.000145980089;0.000116033623;0.000146954989;0.000121586973;
2016;09;09;22;1;0.000150039916;0.000162302233;0.000140561772;0.000244034503;
2016;09;09;23;1;0.000135303523;0.000158687535;0.000124731711;0.000247332956;
2016;09;09;24;1;0.000116749905;0.000155842379;0.000113311745;0.000238593191;
2016;09;10;1;1;0.000098755086;0.000146722112;0.000101755070;0.000190048341;
2016;09;10;2;1;0.000084108223;0.000137889515;0.000094603343;0.000181694867;
2016;09;10;3;1;0.000074097473;0.000131506100;0.000090209789;0.000175604892;
2016;09;10;4;1;0.000069075296;0.000129580370;0.000088081077;0.000166471082;
2016;09;10;5;1;0.000066669638;0.000127481632;0.000086797879;0.000160954607;
2016;09;10;6;1;0.000065988367;0.000126508767;0.000087718196;0.000159612945;
2016;09;10;7;1;0.000067906024;0.000128026867;0.000091440474;0.000159290431;
2016;09;10;8;1;0.000073716976;0.000107786840;0.000093146683;0.000132113837;
2016;09;10;9;1;0.000088720761;0.000058850887;0.000093598512;0.000045801164;
2016;09;10;10;1;0.000109985171;0.000064846603;0.000106883696;0.000041395443;
2016;09;10;11;1;0.000127294780;0.000071576323;0.000121690469;0.000047970021;
2016;09;10;12;1;0.000133432219;0.000070978936;0.000127556485;0.000050817574;
2016;09;10;13;1;0.000137495882;0.000069267732;0.000131039265;0.000050014063;
2016;09;10;14;1;0.000144114407;0.000069958345;0.000129267820;0.000048737987;
2016;09;10;15;1;0.000139178700;0.000069220510;0.000120218407;0.000050542670;
2016;09;10;16;1;0.000125379137;0.000063867858;0.000116333158;0.000049766956;
2016;09;10;17;1;0.000118728633;0.000060297760;0.000113860416;0.000046132546;
2016;09;10;18;1;0.000117094338;0.000059604607;0.000115986114;0.000043412614;
2016;09;10;19;1;0.000118020119;0.000060203152;0.000117052101;0.000045207243;
2016;09;10;20;1;0.000118944517;0.000062417222;0.000120211574;0.000053316342;
2016;09;10;21;1;0.000131288306;0.000114537634;0.000133883521;0.000122027642;
2016;09;10;22;1;0.000141845975;0.000158624471;0.000132807506;0.000240505522;
2016;09;10;23;1;0.000131884802;0.000155923355;0.000121984903;0.000250392778;
2016;09;10;24;1;0.000114363601;0.000153476973;0.000112508184;0.000238479292;
2016;09;11;1;1;0.000099026338;0.000146191419;0.000103121242;0.000189647073;
2016;09;11;2;1;0.000085313441;0.000137543554;0.000094980693;0.000178960439;
2016;09;11;3;1;0.000075176327;0.000131338999;0.000090506427;0.000171235032;
2016;09;11;4;1;0.000069653047;0.000128849458;0.000088493424;0.000162658024;
2016;09;11;5;1;0.000067250088;0.000127115559;0.000087305680;0.000157990605;
2016;09;11;6;1;0.000066224862;0.000126014560;0.000087772847;0.000158553623;
2016;09;11;7;1;0.000067104814;0.000126872944;0.000089743898;0.000160496720;
2016;09;11;8;1;0.000070048681;0.000106339326;0.000087455494;0.000134741699;
2016;09;11;9;1;0.000079031540;0.000055309133;0.000081096101;0.000046857348;
2016;09;11;10;1;0.000095913062;0.000059806804;0.000086595039;0.000042140708;
2016;09;11;11;1;0.000111170118;0.000068182317;0.000093538637;0.000048143719;
2016;09;11;12;1;0.000119281172;0.000069472240;0.000098531610;0.000050115765;
2016;09;11;13;1;0.000125711800;0.000068707911;0.000102332624;0.000049216429;
2016;09;11;14;1;0.000132883811;0.000069104421;0.000103482481;0.000049325773;
2016;09;11;15;1;0.000131929477;0.000069117897;0.000102657709;0.000051141914;
2016;09;11;16;1;0.000119415920;0.000061469667;0.000100499126;0.000049726621;
2016;09;11;17;1;0.000112323875;0.000058038520;0.000097541962;0.000046873472;
2016;09;11;18;1;0.000112090326;0.000056514901;0.000094431759;0.000045889607;
2016;09;11;19;1;0.000114922799;0.000057764451;0.000093963934;0.000043229705;
2016;09;11;20;1;0.000118617984;0.000061918013;0.000096435706;0.000050097278;
2016;09;11;21;1;0.000137097715;0.000119177416;0.000111447112;0.000127894353;
2016;09;11;22;1;0.000149235300;0.000162463519;0.000117424226;0.000242113265;
2016;09;11;23;1;0.000132433073;0.000157666408;0.000110015998;0.000247515451;
2016;09;11;24;1;0.000110290874;0.000153133277;0.000101161817;0.000236486848;
2016;09;12;1;1;0.000092485610;0.000140238043;0.000092799427;0.000191610021;
2016;09;12;2;1;0.000077233486;0.000130912122;0.000088330696;0.000179966454;
2016;09;12;3;1;0.000069242798;0.000125418397;0.000085924063;0.000174488497;
2016;09;12;4;1;0.000066037516;0.000123958021;0.000084874293;0.000165840783;
2016;09;12;5;1;0.000064948081;0.000122360056;0.000084281057;0.000160551208;
2016;09;12;6;1;0.000065430340;0.000121439448;0.000086370047;0.000157208689;
2016;09;12;7;1;0.000072617779;0.000125497020;0.000096564913;0.000158781217;
2016;09;12;8;1;0.000091041233;0.000111659730;0.000112492780;0.000134548219;
2016;09;12;9;1;0.000107925806;0.000069221847;0.000138776500;0.000055579379;
2016;09;12;10;1;0.000123058944;0.000068155038;0.000164286949;0.000053197084;
2016;09;12;11;1;0.000134331800;0.000070916567;0.000177169895;0.000056891668;
2016;09;12;12;1;0.000139730386;0.000070479819;0.000181182223;0.000061887617;
2016;09;12;13;1;0.000145601181;0.000069743563;0.000184013716;0.000061402290;
2016;09;12;14;1;0.000151521948;0.000070531096;0.000176623993;0.000056792811;
2016;09;12;15;1;0.000143152862;0.000069586121;0.000157972280;0.000059364080;
2016;09;12;16;1;0.000132882674;0.000064628480;0.000152003988;0.000053593756;
2016;09;12;17;1;0.000133739040;0.000061477671;0.000153621303;0.000052030686;
2016;09;12;18;1;0.000140549418;0.000062210180;0.000157569266;0.000052542344;
2016;09;12;19;1;0.000143872937;0.000062468407;0.000153054496;0.000050746307;
2016;09;12;20;1;0.000144361419;0.000065246161;0.000145561524;0.000056151810;
2016;09;12;21;1;0.000153163079;0.000114550461;0.000145876925;0.000124593921;
2016;09;12;22;1;0.000158371838;0.000160472954;0.000134883513;0.000241175383;
2016;09;12;23;1;0.000139801455;0.000155861546;0.000117232274;0.000245588104;
2016;09;12;24;1;0.000115293241;0.000150512622;0.000104499693;0.000235147554;
2016;09;13;1;1;0.000091530345;0.000139517265;0.000092498196;0.000192088884;
2016;09;13;2;1;0.000076634240;0.000130266662;0.000088018777;0.000181798077;
2016;09;13;3;1;0.000068762831;0.000125049500;0.000085225483;0.000174259115;
2016;09;13;4;1;0.000065112362;0.000123670780;0.000083866240;0.000164725805;
2016;09;13;5;1;0.000063701329;0.000122267107;0.000083325522;0.000160143613;
2016;09;13;6;1;0.000064462765;0.000121529878;0.000085402264;0.000158931205;
2016;09;13;7;1;0.000071435821;0.000125882806;0.000095151625;0.000161707240;
2016;09;13;8;1;0.000090755287;0.000111805994;0.000110053906;0.000136097361;
2016;09;13;9;1;0.000107438912;0.000069757484;0.000134848356;0.000056376264;
2016;09;13;10;1;0.000121340515;0.000069384662;0.000159139665;0.000051347348;
2016;09;13;11;1;0.000133030490;0.000071186627;0.000171684537;0.000054495870;
2016;09;13;12;1;0.000137596519;0.000069824575;0.000175136878;0.000059066000;
2016;09;13;13;1;0.000142826225;0.000069692183;0.000177958707;0.000057263908;
2016;09;13;14;1;0.000147943069;0.000070754805;0.000170799583;0.000056092375;
2016;09;13;15;1;0.000140288801;0.000069276570;0.000152512543;0.000054890956;
2016;09;13;16;1;0.000130188769;0.000064357165;0.000146386968;0.000053271317;
2016;09;13;17;1;0.000129885098;0.000061618254;0.000147869443;0.000052553635;
2016;09;13;18;1;0.000137311447;0.000062082074;0.000151298666;0.000052079370;
2016;09;13;19;1;0.000140076298;0.000062265647;0.000147139602;0.000050920063;
2016;09;13;20;1;0.000140394214;0.000064797786;0.000140690669;0.000056745744;
2016;09;13;21;1;0.000148760933;0.000113997136;0.000141545657;0.000122605152;
2016;09;13;22;1;0.000153253364;0.000160096827;0.000131643251;0.000241337230;
2016;09;13;23;1;0.000135506670;0.000155288152;0.000114495934;0.000244065805;
2016;09;13;24;1;0.000111829476;0.000150270266;0.000101992576;0.000227863348;
2016;09;14;1;1;0.000086700529;0.000135352581;0.000086011216;0.000188565700;
2016;09;14;2;1;0.000072575773;0.000126352559;0.000081829392;0.000178427552;
2016;09;14;3;1;0.000065158939;0.000121362401;0.000079278406;0.000171127410;
2016;09;14;4;1;0.000061722975;0.000120069428;0.000078043323;0.000161826207;
2016;09;14;5;1;0.000060401350;0.000118738002;0.000077560639;0.000157366250;
2016;09;14;6;1;0.000061151267;0.000118075972;0.000079530019;0.000156246219;
2016;09;14;7;1;0.000067705147;0.000122195158;0.000088529300;0.000158832335;
2016;09;14;8;1;0.000086038761;0.000108559852;0.000102421906;0.000133713647;
2016;09;14;9;1;0.000101785301;0.000067685589;0.000125410615;0.000055350758;
2016;09;14;10;1;0.000114801064;0.000067233466;0.000147803152;0.000050345645;
2016;09;14;11;1;0.000125596469;0.000068834570;0.000159119205;0.000053320431;
2016;09;14;12;1;0.000129968710;0.000067549416;0.000162395557;0.000057819288;
2016;09;14;13;1;0.000134996180;0.000067465156;0.000165119338;0.000056091664;
2016;09;14;14;1;0.000139918823;0.000068536102;0.000158574556;0.000054978029;
2016;09;14;15;1;0.000132652019;0.000067090214;0.000141566861;0.000053789248;
2016;09;14;16;1;0.000123149114;0.000062350023;0.000135933145;0.000052222183;
2016;09;14;17;1;0.000122866832;0.000059698946;0.000137315305;0.000051520718;
2016;09;14;18;1;0.000129926676;0.000060164422;0.000140537383;0.000051069443;
2016;09;14;19;1;0.000132602901;0.000060369672;0.000136736080;0.000049955247;
2016;09;14;20;1;0.000132990098;0.000062865476;0.000130827959;0.000055706671;
2016;09;14;21;1;0.000141259089;0.000110867279;0.000131943875;0.000120653533;
2016;09;14;22;1;0.000145526838;0.000155703274;0.000122714775;0.000237498690;
2016;09;14;23;1;0.000128590748;0.000150927824;0.000106660666;0.000240026836;
2016;09;14;24;1;0.000106140697;0.000146076596;0.000095029705;0.000224132035;
2016;09;15;1;1;0.000085139853;0.000133968931;0.000083950712;0.000187330975;
2016;09;15;2;1;0.000071268078;0.000125058674;0.000079867639;0.000177256039;
2016;09;15;3;1;0.000063969320;0.000120090400;0.000077358989;0.000169962479;
2016;09;15;4;1;0.000060593802;0.000118806498;0.000076150936;0.000160718530;
2016;09;15;5;1;0.000059313600;0.000117523245;0.000075701966;0.000156334555;
2016;09;15;6;1;0.000060054714;0.000116877140;0.000077630231;0.000155234022;
2016;09;15;7;1;0.000066555709;0.000121072087;0.000086498546;0.000157956791;
2016;09;15;8;1;0.000084555673;0.000107533615;0.000100045971;0.000132941351;
2016;09;15;9;1;0.000100040961;0.000067052567;0.000122513863;0.000055036666;
2016;09;15;10;1;0.000112795008;0.000066581852;0.000144339704;0.000050042803;
2016;09;15;11;1;0.000123444983;0.000068191307;0.000155445001;0.000053018253;
2016;09;15;12;1;0.000127662328;0.000066876257;0.000158546347;0.000057455610;
2016;09;15;13;1;0.000132569222;0.000066777040;0.000161167443;0.000055725670;
2016;09;15;14;1;0.000137427163;0.000067848811;0.000154806107;0.000054628762;
2016;09;15;15;1;0.000130352519;0.000066449412;0.000138269156;0.000053473275;
2016;09;15;16;1;0.000120965363;0.000061729501;0.000132712935;0.000051894402;
2016;09;15;17;1;0.000120724642;0.000059122710;0.000134102959;0.000051212848;
2016;09;15;18;1;0.000127713943;0.000059608218;0.000137306151;0.000050785164;
2016;09;15;19;1;0.000130326801;0.000059803408;0.000133574015;0.000049670390;
2016;09;15;20;1;0.000130811779;0.000062325555;0.000127904628;0.000055433271;
2016;09;15;21;1;0.000138949695;0.000109918549;0.000128999663;0.000120065156;
2016;09;15;22;1;0.000143251831;0.000154483192;0.000120063801;0.000236512477;
2016;09;15;23;1;0.000126682221;0.000149865497;0.000104440365;0.000239222208;
2016;09;15;24;1;0.000104563692;0.000145046087;0.000093050027;0.000223377105;
2016;09;16;1;1;0.000085912284;0.000137124255;0.000085341783;0.000187261398;
2016;09;16;2;1;0.000072055750;0.000127974778;0.000080743238;0.000177985726;
2016;09;16;3;1;0.000064448136;0.000122797541;0.000077882974;0.000168383229;
2016;09;16;4;1;0.000061034090;0.000121586140;0.000076774222;0.000160536790;
2016;09;16;5;1;0.000059843160;0.000120189209;0.000076435922;0.000154313777;
2016;09;16;6;1;0.000060281291;0.000119402309;0.000078136279;0.000152738306;
2016;09;16;7;1;0.000067165315;0.000123193383;0.000086483418;0.000156464511;
2016;09;16;8;1;0.000085434023;0.000109706581;0.000100042083;0.000133292674;
2016;09;16;9;1;0.000101503580;0.000067084626;0.000121416874;0.000050740547;
2016;09;16;10;1;0.000113595624;0.000066489907;0.000142929251;0.000046177914;
2016;09;16;11;1;0.000124815929;0.000068434405;0.000154687397;0.000049238212;
2016;09;16;12;1;0.000127977626;0.000067139753;0.000157570026;0.000052748808;
2016;09;16;13;1;0.000132697919;0.000066579481;0.000160429880;0.000051640893;
2016;09;16;14;1;0.000138187551;0.000068532104;0.000154371626;0.000053644469;
2016;09;16;15;1;0.000132206666;0.000067724855;0.000137017509;0.000056972724;
2016;09;16;16;1;0.000123117400;0.000062305550;0.000128251443;0.000053099113;
2016;09;16;17;1;0.000121545724;0.000059183002;0.000126933353;0.000048548394;
2016;09;16;18;1;0.000126844317;0.000059486486;0.000128973811;0.000046972365;
2016;09;16;19;1;0.000128901416;0.000059968065;0.000127296489;0.000048063327;
2016;09;16;20;1;0.000127788293;0.000061769444;0.000124566635;0.000054258528;
2016;09;16;21;1;0.000133242482;0.000110357494;0.000129921359;0.000118047356;
2016;09;16;22;1;0.000136885085;0.000154291749;0.000124212035;0.000236821257;
2016;09;16;23;1;0.000123367962;0.000150766546;0.000110158318;0.000239880753;
2016;09;16;24;1;0.000106441081;0.000148049585;0.000100063295;0.000231382717;
2016;09;17;1;1;0.000090811512;0.000140006773;0.000090947557;0.000184753243;
2016;09;17;2;1;0.000077324160;0.000131546725;0.000084535044;0.000176589943;
2016;09;17;3;1;0.000068167189;0.000125542257;0.000080663898;0.000170787136;
2016;09;17;4;1;0.000063563439;0.000123735948;0.000078780873;0.000161945910;
2016;09;17;5;1;0.000061371395;0.000121774835;0.000077660566;0.000156634657;
2016;09;17;6;1;0.000060750098;0.000120857127;0.000078491538;0.000155343922;
2016;09;17;7;1;0.000062592485;0.000122457967;0.000081923011;0.000155220876;
2016;09;17;8;1;0.000068014881;0.000103198697;0.000083532864;0.000128863906;
2016;09;17;9;1;0.000081845058;0.000056336810;0.000083924680;0.000044667359;
2016;09;17;10;1;0.000101432123;0.000062058411;0.000095809018;0.000040359006;
2016;09;17;11;1;0.000117341314;0.000068467075;0.000109031117;0.000046747330;
2016;09;17;12;1;0.000122872267;0.000067825763;0.000114169277;0.000049471336;
2016;09;17;13;1;0.000126400652;0.000066078873;0.000117088601;0.000048606943;
2016;09;17;14;1;0.000132365670;0.000066677534;0.000115401628;0.000047324071;
2016;09;17;15;1;0.000127694066;0.000065902938;0.000107206829;0.000049023314;
2016;09;17;16;1;0.000114784390;0.000060675302;0.000103517700;0.000048166511;
2016;09;17;17;1;0.000108593464;0.000057229696;0.000101221911;0.000044606916;
2016;09;17;18;1;0.000107117340;0.000056581670;0.000103129622;0.000041984248;
2016;09;17;19;1;0.000108042940;0.000057191516;0.000104153316;0.000043751698;
2016;09;17;20;1;0.000109197981;0.000059462978;0.000107267957;0.000051746035;
2016;09;17;21;1;0.000120927109;0.000109475735;0.000119861109;0.000118823514;
2016;09;17;22;1;0.000130453271;0.000151384072;0.000118717330;0.000233835024;
2016;09;17;23;1;0.000121223993;0.000148722626;0.000108981671;0.000243311246;
2016;09;17;24;1;0.000105130759;0.000146405451;0.000100526286;0.000231760386;
2016;09;18;1;1;0.000090935755;0.000139385949;0.000092040897;0.000184281163;
2016;09;18;2;1;0.000078336582;0.000131129548;0.000084767865;0.000173882166;
2016;09;18;3;1;0.000069032416;0.000125221479;0.000080779310;0.000166385482;
2016;09;18;4;1;0.000063977751;0.000122880962;0.000079003912;0.000158093925;
2016;09;18;5;1;0.000061779907;0.000121245676;0.000077955298;0.000153580647;
2016;09;18;6;1;0.000060892164;0.000120302383;0.000078442112;0.000154264984;
2016;09;18;7;1;0.000061683728;0.000121087445;0.000080180843;0.000156111157;
2016;09;18;8;1;0.000064500395;0.000101664534;0.000078270527;0.000131285049;
2016;09;18;9;1;0.000072806341;0.000052902814;0.000072613519;0.000045676972;
2016;09;18;10;1;0.000088344147;0.000057195752;0.000077525001;0.000041072648;
2016;09;18;11;1;0.000102385529;0.000065198173;0.000083731775;0.000046918162;
2016;09;18;12;1;0.000109808791;0.000066403302;0.000088163646;0.000048819173;
2016;09;18;13;1;0.000115569139;0.000065582163;0.000091438416;0.000047876983;
2016;09;18;14;1;0.000122040004;0.000065894494;0.000092373142;0.000047935237;
2016;09;18;15;1;0.000121054926;0.000065848260;0.000091554764;0.000049655625;
2016;09;18;16;1;0.000109273900;0.000058402069;0.000089385124;0.000048149747;
2016;09;18;17;1;0.000102645671;0.000055067841;0.000086638075;0.000045325909;
2016;09;18;18;1;0.000102457177;0.000053635259;0.000083895966;0.000044385328;
2016;09;18;19;1;0.000105124534;0.000054862008;0.000083542570;0.000041843789;
2016;09;18;20;1;0.000108700212;0.000058912848;0.000085894719;0.000048578581;
2016;09;18;21;1;0.000126155042;0.000113862711;0.000099676312;0.000124530750;
2016;09;18;22;1;0.000137214399;0.000155094765;0.000104938434;0.000235557833;
2016;09;18;23;1;0.000121500570;0.000150187639;0.000098103940;0.000240289621;
2016;09;18;24;1;0.000101113642;0.000145764884;0.000090143734;0.000229418275;
2016;09;19;1;1;0.000084126688;0.000132974917;0.000081747047;0.000185514276;
2016;09;19;2;1;0.000070254873;0.000124135194;0.000077812545;0.000174245616;
2016;09;19;3;1;0.000062988971;0.000118931093;0.000075695814;0.000168949223;
2016;09;19;4;1;0.000060119415;0.000117636719;0.000074828552;0.000160699617;
2016;09;19;5;1;0.000059149307;0.000116162850;0.000074332795;0.000155631106;
2016;09;19;6;1;0.000059642488;0.000115393305;0.000076244212;0.000152529064;
2016;09;19;7;1;0.000066267273;0.000119380614;0.000085338036;0.000154224991;
2016;09;19;8;1;0.000083243699;0.000106427550;0.000099610482;0.000130945531;
2016;09;19;9;1;0.000098525695;0.000065873637;0.000122689470;0.000054005425;
2016;09;19;10;1;0.000112081749;0.000064708888;0.000144907856;0.000051571413;
2016;09;19;11;1;0.000122147767;0.000067220023;0.000156014074;0.000055062364;
2016;09;19;12;1;0.000126931824;0.000066740383;0.000159390487;0.000059838805;
2016;09;19;13;1;0.000132171492;0.000065996557;0.000161767116;0.000059327624;
2016;09;19;14;1;0.000137440158;0.000066690349;0.000155151133;0.000054831604;
2016;09;19;15;1;0.000129749203;0.000065746334;0.000138660481;0.000057270094;
2016;09;19;16;1;0.000120325892;0.000061004086;0.000133294695;0.000051654054;
2016;09;19;17;1;0.000121001907;0.000057982331;0.000134602340;0.000050106383;
2016;09;19;18;1;0.000127195664;0.000058687953;0.000138096260;0.000050611847;
2016;09;19;19;1;0.000130330501;0.000058989082;0.000134270374;0.000048929512;
2016;09;19;20;1;0.000131022227;0.000061729542;0.000127940364;0.000054244671;
2016;09;19;21;1;0.000139687006;0.000108903795;0.000128841471;0.000120947880;
2016;09;19;22;1;0.000144390786;0.000152513267;0.000119093359;0.000234042102;
2016;09;19;23;1;0.000127381156;0.000148039200;0.000103444603;0.000238177269;
2016;09;19;24;1;0.000104954960;0.000142828967;0.000092125803;0.000227844774;
2016;09;20;1;1;0.000086093693;0.000134651374;0.000085332194;0.000187731282;
2016;09;20;2;1;0.000072094808;0.000125745084;0.000081213808;0.000177704569;
2016;09;20;3;1;0.000064767833;0.000120854876;0.000078731496;0.000170541195;
2016;09;20;4;1;0.000061397150;0.000119654341;0.000077561347;0.000161389240;
2016;09;20;5;1;0.000060098317;0.000118358665;0.000077101935;0.000156982638;
2016;09;20;6;1;0.000060837856;0.000117685953;0.000079051072;0.000155848390;
2016;09;20;7;1;0.000067486431;0.000122023488;0.000088163748;0.000158729651;
2016;09;20;8;1;0.000085869254;0.000108544404;0.000102127953;0.000133796156;
2016;09;20;9;1;0.000101619011;0.000067698768;0.000125092833;0.000055403581;
2016;09;20;10;1;0.000114524016;0.000067194050;0.000147313513;0.000050354343;
2016;09;20;11;1;0.000125388016;0.000068846182;0.000158711879;0.000053369927;
2016;09;20;12;1;0.000129625282;0.000067494311;0.000161820404;0.000057815995;
2016;09;20;13;1;0.000134597203;0.000067388959;0.000164482891;0.000056070863;
2016;09;20;14;1;0.000139520457;0.000068466134;0.000157980500;0.000054963614;
2016;09;20;15;1;0.000132389495;0.000067080069;0.000141159300;0.000053821958;
2016;09;20;16;1;0.000122857668;0.000062316385;0.000135489167;0.000052233648;
2016;09;20;17;1;0.000122600989;0.000059678876;0.000136894655;0.000051542513;
2016;09;20;18;1;0.000129661767;0.000060151715;0.000140124380;0.000051097434;
2016;09;20;19;1;0.000132298917;0.000060341589;0.000136299612;0.000049969930;
2016;09;20;20;1;0.000132722101;0.000062853694;0.000130446593;0.000055738530;
2016;09;20;21;1;0.000141119379;0.000110960473;0.000131694525;0.000120846662;
2016;09;20;22;1;0.000145298802;0.000155744006;0.000122412010;0.000237741237;
2016;09;20;23;1;0.000128390565;0.000150968853;0.000106398599;0.000240274426;
2016;09;20;24;1;0.000105891394;0.000146000395;0.000094721016;0.000224185247;
2016;09;21;1;1;0.000086080231;0.000134694322;0.000085284480;0.000187833299;
2016;09;21;2;1;0.000072083707;0.000125785492;0.000081168591;0.000177801562;
2016;09;21;3;1;0.000064729459;0.000120840690;0.000078653150;0.000170559439;
2016;09;21;4;1;0.000061342814;0.000119605281;0.000077461489;0.000161359266;
2016;09;21;5;1;0.000060046053;0.000118311952;0.000077003849;0.000156955892;
2016;09;21;6;1;0.000060808155;0.000117684418;0.000078980648;0.000155881327;
2016;09;21;7;1;0.000067374673;0.000121879328;0.000087982289;0.000158577701;
2016;09;21;8;1;0.000085707568;0.000108391527;0.000101894589;0.000133637694;
2016;09;21;9;1;0.000101343549;0.000067547351;0.000124703482;0.000055292067;
2016;09;21;10;1;0.000114196085;0.000067033496;0.000146832516;0.000050245298;
2016;09;21;11;1;0.000124967568;0.000068647947;0.000158115967;0.000053228196;
2016;09;21;12;1;0.000129320750;0.000067367755;0.000161375199;0.000057720536;
2016;09;21;13;1;0.000134319042;0.000067281661;0.000164076842;0.000055994148;
2016;09;21;14;1;0.000139314758;0.000068397693;0.000157684035;0.000054920990;
2016;09;21;15;1;0.000132249906;0.000067041196;0.000140953657;0.000053802839;
2016;09;21;16;1;0.000122756442;0.000062294641;0.000135322997;0.000052227139;
2016;09;21;17;1;0.000122505448;0.000059660718;0.000136732871;0.000051538392;
2016;09;21;18;1;0.000129600479;0.000060151865;0.000140001723;0.000051109027;
2016;09;21;19;1;0.000132266596;0.000060355526;0.000136211419;0.000049992687;
2016;09;21;20;1;0.000132733534;0.000062888991;0.000130405275;0.000055782345;
2016;09;21;21;1;0.000141029877;0.000110942815;0.000131557981;0.000120854543;
2016;09;21;22;1;0.000145096834;0.000155601455;0.000122192609;0.000237576933;
2016;09;21;23;1;0.000128175181;0.000150787242;0.000106177318;0.000240039233;
2016;09;21;24;1;0.000105765531;0.000145896182;0.000094570316;0.000224075495;
2016;09;22;1;1;0.000086693162;0.000135198012;0.000086139665;0.000188214874;
2016;09;22;2;1;0.000072568768;0.000126206810;0.000081950649;0.000178093531;
2016;09;22;3;1;0.000065166386;0.000121247965;0.000079412622;0.000170843066;
2016;09;22;4;1;0.000061755435;0.000120005582;0.000078207623;0.000161623810;
2016;09;22;5;1;0.000060481308;0.000118769502;0.000077785904;0.000157294767;
2016;09;22;6;1;0.000061205548;0.000118055855;0.000079726264;0.000156107223;
2016;09;22;7;1;0.000067871946;0.000122366710;0.000088887490;0.000158940908;
2016;09;22;8;1;0.000086346246;0.000108832655;0.000102950192;0.000133953232;
2016;09;22;9;1;0.000102118463;0.000067835353;0.000126019716;0.000055433325;
2016;09;22;10;1;0.000115111464;0.000067343989;0.000148436722;0.000050392131;
2016;09;22;11;1;0.000125995891;0.000068980482;0.000159877205;0.000053395020;
2016;09;22;12;1;0.000130306541;0.000067653408;0.000163074684;0.000057866644;
2016;09;22;13;1;0.000135429132;0.000067609981;0.000165910377;0.000056171638;
2016;09;22;14;1;0.000140470324;0.000068733509;0.000159450887;0.000055096722;
2016;09;22;15;1;0.000133374424;0.000067384272;0.000142562496;0.000053986145;
2016;09;22;16;1;0.000123832228;0.000062629606;0.000136902934;0.000052418618;
2016;09;22;17;1;0.000123597913;0.000059990684;0.000138350400;0.000051735248;
2016;09;22;18;1;0.000130759784;0.000060486198;0.000141661789;0.000051305643;
2016;09;22;19;1;0.000133417147;0.000060676164;0.000137792870;0.000050172748;
2016;09;22;20;1;0.000133844455;0.000063202456;0.000131876265;0.000055964990;
2016;09;22;21;1;0.000142164190;0.000111459700;0.000132998898;0.000121210992;
2016;09;22;22;1;0.000146280741;0.000156344451;0.000123545209;0.000238305148;
2016;09;22;23;1;0.000129291666;0.000151590083;0.000107411330;0.000240906633;
2016;09;22;24;1;0.000106625826;0.000146589136;0.000095614741;0.000224756654;
2016;09;23;1;1;0.000087213772;0.000138260593;0.000087126994;0.000188190999;
2016;09;23;2;1;0.000073126890;0.000128999247;0.000082409226;0.000178819311;
2016;09;23;3;1;0.000065394600;0.000123758640;0.000079475865;0.000169141876;
2016;09;23;4;1;0.000061900961;0.000122479475;0.000078307174;0.000161183385;
2016;09;23;5;1;0.000060734234;0.000121154306;0.000078014938;0.000155040275;
2016;09;23;6;1;0.000061170908;0.000120345385;0.000079740017;0.000153437368;
2016;09;23;7;1;0.000068169823;0.000124190629;0.000088275700;0.000157211295;
2016;09;23;8;1;0.000086794259;0.000110699879;0.000102212515;0.000134056292;
2016;09;23;9;1;0.000103165183;0.000067721898;0.000124105792;0.000051053758;
2016;09;23;10;1;0.000115456909;0.000067122540;0.000146096784;0.000046463660;
2016;09;23;11;1;0.000126847331;0.000069078062;0.000158098396;0.000049537534;
2016;09;23;12;1;0.000130142028;0.000067813723;0.000161145558;0.000053102743;
2016;09;23;13;1;0.000134934976;0.000067244250;0.000164061581;0.000051984629;
2016;09;23;14;1;0.000140481374;0.000069198745;0.000157825987;0.000053987791;
2016;09;23;15;1;0.000134401174;0.000068383626;0.000140083501;0.000057337331;
2016;09;23;16;1;0.000125179082;0.000062920678;0.000131140188;0.000053446637;
2016;09;23;17;1;0.000123580306;0.000059766923;0.000129791588;0.000048865825;
2016;09;23;18;1;0.000129006115;0.000060091345;0.000131917383;0.000047293613;
2016;09;23;19;1;0.000131063511;0.000060561758;0.000130167256;0.000048379205;
2016;09;23;20;1;0.000129951575;0.000062390504;0.000127395305;0.000054623467;
2016;09;23;21;1;0.000135519757;0.000111484903;0.000132892866;0.000118860335;
2016;09;23;22;1;0.000139000133;0.000155616670;0.000126848102;0.000238067741;
2016;09;23;23;1;0.000125148770;0.000151909001;0.000112383539;0.000240901986;
2016;09;23;24;1;0.000107941997;0.000149122335;0.000102050981;0.000232291261;
2016;09;24;1;1;0.000090698946;0.000139929666;0.000090806833;0.000184706408;
2016;09;24;2;1;0.000077173675;0.000131381262;0.000084344528;0.000176420276;
2016;09;24;3;1;0.000068061534;0.000125434122;0.000080514056;0.000170690779;
2016;09;24;4;1;0.000063456923;0.000123613790;0.000078624622;0.000161834146;
2016;09;24;5;1;0.000061268623;0.000121654756;0.000077506626;0.000156526741;
2016;09;24;6;1;0.000060619262;0.000120680011;0.000078298358;0.000155162399;
2016;09;24;7;1;0.000062446751;0.000122257108;0.000081707085;0.000155012366;
2016;09;24;8;1;0.000067921204;0.000103127636;0.000083392110;0.000128813472;
2016;09;24;9;1;0.000081697525;0.000056274042;0.000083747584;0.000044630861;
2016;09;24;10;1;0.000101307428;0.000062024867;0.000095661750;0.000040349187;
2016;09;24;11;1;0.000117230765;0.000068449746;0.000108894832;0.000046749398;
2016;09;24;12;1;0.000122745378;0.000067802449;0.000114016232;0.000049469039;
2016;09;24;13;1;0.000126315214;0.000066079751;0.000116973403;0.000048622045;
2016;09;24;14;1;0.000132258118;0.000066669304;0.000115272329;0.000047332303;
2016;09;24;15;1;0.000127582054;0.000065890540;0.000107079783;0.000049028669;
2016;09;24;16;1;0.000114704021;0.000060674635;0.000103413345;0.000048180306;
2016;09;24;17;1;0.000108563729;0.000057253484;0.000101163012;0.000044638729;
2016;09;24;18;1;0.000107082737;0.000056602401;0.000103064539;0.000042012122;
2016;09;24;19;1;0.000108052591;0.000057236072;0.000104130524;0.000043798806;
2016;09;24;20;1;0.000109099712;0.000059450439;0.000107138401;0.000051750509;
2016;09;24;21;1;0.000120945526;0.000109567922;0.000119842425;0.000118958941;
2016;09;24;22;1;0.000130367366;0.000151388721;0.000118602597;0.000233911750;
2016;09;24;23;1;0.000121062267;0.000148626647;0.000108802742;0.000243226539;
2016;09;24;24;1;0.000104970625;0.000146283265;0.000100342237;0.000231635834;
2016;09;25;1;1;0.000090773613;0.000139236524;0.000091836019;0.000184158411;
2016;09;25;2;1;0.000078221068;0.000131029448;0.000084605311;0.000173820034;
2016;09;25;3;1;0.000068956766;0.000125173348;0.000080654984;0.000166389115;
2016;09;25;4;1;0.000063893488;0.000122806531;0.000078864851;0.000158062367;
2016;09;25;5;1;0.000061698093;0.000121171360;0.000077817521;0.000153548882;
2016;09;25;6;1;0.000060789111;0.000120184329;0.000078274612;0.000154176227;
2016;09;25;7;1;0.000061630020;0.000121068185;0.000080075483;0.000156149753;
2016;09;25;8;1;0.000064409867;0.000101594156;0.000078125992;0.000131247478;
2016;09;25;9;1;0.000072722249;0.000052879348;0.000072497468;0.000045675265;
2016;09;25;10;1;0.000088243667;0.000057171393;0.000077402468;0.000041071838;
2016;09;25;11;1;0.000102372450;0.000065236278;0.000083683932;0.000046964660;
2016;09;25;12;1;0.000109683955;0.000066375055;0.000088024344;0.000048818236;
2016;09;25;13;1;0.000115497538;0.000065588215;0.000091341219;0.000047900858;
2016;09;25;14;1;0.000121960221;0.000065898321;0.000092271795;0.000047957500;
2016;09;25;15;1;0.000120911959;0.000065817339;0.000091406062;0.000049652476;
2016;09;25;16;1;0.000109128228;0.000058365756;0.000089226358;0.000048139363;
2016;09;25;17;1;0.000102545531;0.000055053303;0.000086515148;0.000045332356;
2016;09;25;18;1;0.000102302155;0.000053592253;0.000083731860;0.000044367760;
2016;09;25;19;1;0.000104935773;0.000054802504;0.000083355559;0.000041815390;
2016;09;25;20;1;0.000108619177;0.000058910860;0.000085792602;0.000048596681;
2016;09;25;21;1;0.000126166739;0.000113954377;0.000099641324;0.000124681650;
2016;09;25;22;1;0.000136824816;0.000154764573;0.000104594061;0.000235151854;
2016;09;25;23;1;0.000121219974;0.000149947520;0.000097833949;0.000240002936;
2016;09;25;24;1;0.000100871711;0.000145519693;0.000089888149;0.000229125440;
2016;09;26;1;1;0.000084822898;0.000133462545;0.000082748692;0.000185779457;
2016;09;26;2;1;0.000070865911;0.000124642518;0.000078798926;0.000174567674;
2016;09;26;3;1;0.000063577820;0.000119494217;0.000076704834;0.000169370729;
2016;09;26;4;1;0.000060703013;0.000118235738;0.000075852970;0.000161157819;
2016;09;26;5;1;0.000059756401;0.000116818706;0.000075391952;0.000156160869;
2016;09;26;6;1;0.000060262224;0.000116059416;0.000077340333;0.000153067522;
2016;09;26;7;1;0.000066998777;0.000120146727;0.000086620397;0.000154868670;
2016;09;26;8;1;0.000084238961;0.000107207720;0.000101199047;0.000131611353;
2016;09;26;9;1;0.000099756456;0.000066391657;0.000124712086;0.000054308765;
2016;09;26;10;1;0.000113429042;0.000065187401;0.000147228216;0.000051836950;
2016;09;26;11;1;0.000123742293;0.000067786256;0.000158674142;0.000055402393;
2016;09;26;12;1;0.000128539950;0.000067277007;0.000162046536;0.000060185456;
2016;09;26;13;1;0.000133824553;0.000066516539;0.000164436416;0.000059661752;
2016;09;26;14;1;0.000139119516;0.000067196672;0.000157666387;0.000055124721;
2016;09;26;15;1;0.000131264035;0.000066209904;0.000140832700;0.000057545317;
2016;09;26;16;1;0.000121763215;0.000061450625;0.000135419010;0.000051916149;
2016;09;26;17;1;0.000122433939;0.000058400376;0.000136732567;0.000050355128;
2016;09;26;18;1;0.000128659354;0.000059091959;0.000140236391;0.000050846643;
2016;09;26;19;1;0.000131809310;0.000059385719;0.000136329540;0.000049148690;
2016;09;26;20;1;0.000132616023;0.000062194852;0.000130007484;0.000054531713;
2016;09;26;21;1;0.000141421848;0.000109752362;0.000130956158;0.000121618544;
2016;09;26;22;1;0.000145838549;0.000153338370;0.000120761959;0.000234783669;
2016;09;26;23;1;0.000128621516;0.000148797464;0.000104863905;0.000238863498;
2016;09;26;24;1;0.000105983237;0.000143569064;0.000093395349;0.000228514796;
2016;09;27;1;1;0.000086627864;0.000135106655;0.000086084060;0.000188092887;
2016;09;27;2;1;0.000072513489;0.000126120451;0.000081897048;0.000177976584;
2016;09;27;3;1;0.000065127700;0.000121185381;0.000079374030;0.000170759600;
2016;09;27;4;1;0.000061723190;0.000119952221;0.000078175210;0.000161556405;
2016;09;27;5;1;0.000060420700;0.000118659683;0.000077716328;0.000157153667;
2016;09;27;6;1;0.000061185006;0.000118025383;0.000079708095;0.000156071241;
2016;09;27;7;1;0.000067865700;0.000122364936;0.000088888888;0.000158942993;
2016;09;27;8;1;0.000086458398;0.000108982464;0.000103095019;0.000134141324;
2016;09;27;9;1;0.000102207429;0.000067899715;0.000126143097;0.000055487453;
2016;09;27;10;1;0.000115195024;0.000067398100;0.000148560481;0.000050434014;
2016;09;27;11;1;0.000126142328;0.000069066008;0.000160080269;0.000053462699;
2016;09;27;12;1;0.000130504349;0.000067761361;0.000163339835;0.000057960582;
2016;09;27;13;1;0.000135543854;0.000067672501;0.000166068814;0.000056225133;
2016;09;27;14;1;0.000140561756;0.000068783580;0.000159571868;0.000055138382;
2016;09;27;15;1;0.000133434731;0.000067419968;0.000142642327;0.000054016235;
2016;09;27;16;1;0.000123867938;0.000062652525;0.000136957170;0.000052439248;
2016;09;27;17;1;0.000123582887;0.000059988042;0.000138348488;0.000051734399;
2016;09;27;18;1;0.000130775675;0.000060498239;0.000141694273;0.000051317275;
2016;09;27;19;1;0.000133446265;0.000060694112;0.000137837795;0.000050188976;
2016;09;27;20;1;0.000133879583;0.000063223946;0.000131925092;0.000055985566;
2016;09;27;21;1;0.000142388308;0.000111644069;0.000133222922;0.000121414844;
2016;09;27;22;1;0.000146301156;0.000156378395;0.000123575766;0.000238363470;
2016;09;27;23;1;0.000129224827;0.000151523465;0.000107367372;0.000240807415;
2016;09;27;24;1;0.000106652312;0.000146636917;0.000095648797;0.000224836125;
2016;09;28;1;1;0.000087167420;0.000135600623;0.000086754495;0.000188574189;
2016;09;28;2;1;0.000072968813;0.000126587945;0.000082539034;0.000178440993;
2016;09;28;3;1;0.000065557609;0.000121673488;0.000080021827;0.000171259940;
2016;09;28;4;1;0.000062127800;0.000120429883;0.000078809637;0.000162022408;
2016;09;28;5;1;0.000060819209;0.000119136971;0.000078350171;0.000157613285;
2016;09;28;6;1;0.000061620438;0.000118561463;0.000080399780;0.000156608722;
2016;09;28;7;1;0.000068322353;0.000122873386;0.000089625711;0.000159428941;
2016;09;28;8;1;0.000086988471;0.000109370321;0.000103887872;0.000134471543;
2016;09;28;9;1;0.000102835439;0.000068142279;0.000127114908;0.000055624795;
2016;09;28;10;1;0.000115808143;0.000067583610;0.000149582688;0.000050517541;
2016;09;28;11;1;0.000126811890;0.000069255113;0.000161179423;0.000053550472;
2016;09;28;12;1;0.000131203866;0.000067950417;0.000164469896;0.000058058749;
2016;09;28;13;1;0.000136204489;0.000067828493;0.000167136896;0.000056293126;
2016;09;28;14;1;0.000141206565;0.000068922472;0.000160552362;0.000055189317;
2016;09;28;15;1;0.000134023204;0.000067544192;0.000143493485;0.000054056598;
2016;09;28;16;1;0.000124340339;0.000062730691;0.000137692591;0.000052447270;
2016;09;28;17;1;0.000124080347;0.000060075543;0.000139120695;0.000051753218;
2016;09;28;18;1;0.000131238297;0.000060557049;0.000142415930;0.000051311001;
2016;09;28;19;1;0.000133853573;0.000060723733;0.000138472814;0.000050158572;
2016;09;28;20;1;0.000134359677;0.000063288463;0.000132603401;0.000055981426;
2016;09;28;21;1;0.000142929313;0.000111781772;0.000133936389;0.000121431694;
2016;09;28;22;1;0.000146858393;0.000156572729;0.000124238725;0.000238398766;
2016;09;28;23;1;0.000129684550;0.000151673786;0.000107916353;0.000240782780;
2016;09;28;24;1;0.000107023270;0.000146770786;0.000096130259;0.000224795349;
2016;09;29;1;1;0.000085914034;0.000134570293;0.000085058337;0.000187750722;
2016;09;29;2;1;0.000071941508;0.000125664382;0.000080949957;0.000177715922;
2016;09;29;3;1;0.000064577090;0.000120678224;0.000078411327;0.000170412165;
2016;09;29;4;1;0.000061180884;0.000119410256;0.000077201205;0.000161173748;
2016;09;29;5;1;0.000059881103;0.000118106330;0.000076736848;0.000156758572;
2016;09;29;6;1;0.000060648277;0.000117493766;0.000078716092;0.000155703752;
2016;09;29;7;1;0.000067251857;0.000121780256;0.000087758473;0.000158525113;
2016;09;29;8;1;0.000085508855;0.000108249643;0.000101584916;0.000133527042;
2016;09;29;9;1;0.000101121904;0.000067467819;0.000124340870;0.000055253565;
2016;09;29;10;1;0.000113951908;0.000066957847;0.000146412723;0.000050212767;
2016;09;29;11;1;0.000124779128;0.000068613790;0.000157763506;0.000053227335;
2016;09;29;12;1;0.000129113075;0.000067327627;0.000160999672;0.000057713938;
2016;09;29;13;1;0.000134110446;0.000067245147;0.000163703701;0.000055990713;
2016;09;29;14;1;0.000139060478;0.000068341935;0.000157282539;0.000054902649;
2016;09;29;15;1;0.000131977926;0.000066971019;0.000140562175;0.000053772405;
2016;09;29;16;1;0.000122531251;0.000062243282;0.000134977188;0.000052209214;
2016;09;29;17;1;0.000122261252;0.000059602042;0.000136361748;0.000051512502;
2016;09;29;18;1;0.000129346376;0.000060094673;0.000139626300;0.000051085025;
2016;09;29;19;1;0.000131917799;0.000060257274;0.000135754092;0.000049935343;
2016;09;29;20;1;0.000132442623;0.000062814653;0.000130025480;0.000055743243;
2016;09;29;21;1;0.000140876161;0.000110934028;0.000131319666;0.000120903174;
2016;09;29;22;1;0.000144750477;0.000155387094;0.000121812876;0.000237363906;
2016;09;29;23;1;0.000127894815;0.000150609657;0.000105868544;0.000239872008;
2016;09;29;24;1;0.000105545444;0.000145739906;0.000094305358;0.000223943285;
2016;09;30;1;1;0.000086574589;0.000137666594;0.000086290024;0.000187651846;
2016;09;30;2;1;0.000072578781;0.000128423507;0.000081603896;0.000178277120;
2016;09;30;3;1;0.000064924102;0.000123243599;0.000078723033;0.000168680091;
2016;09;30;4;1;0.000061469877;0.000121998096;0.000077583434;0.000160780676;
2016;09;30;5;1;0.000060294423;0.000120644414;0.000077272300;0.000154609699;
2016;09;30;6;1;0.000060733870;0.000119850610;0.000078988677;0.000153026198;
2016;09;30;7;1;0.000067704950;0.000123720556;0.000087472576;0.000156841369;
2016;09;30;8;1;0.000086261570;0.000110356595;0.000101352141;0.000133832683;
2016;09;30;9;1;0.000102500301;0.000067491005;0.000123023061;0.000050952832;
2016;09;30;10;1;0.000114632401;0.000066846801;0.000144720685;0.000046339304;
2016;09;30;11;1;0.000125941964;0.000068794554;0.000156609854;0.000049405140;
2016;09;30;12;1;0.000129248073;0.000067553660;0.000159671475;0.000052975136;
2016;09;30;13;1;0.000133963864;0.000066964259;0.000162507164;0.000051842591;
2016;09;30;14;1;0.000139511879;0.000068931137;0.000156377205;0.000053856314;
2016;09;30;15;1;0.000133496078;0.000068130622;0.000138820922;0.000057207312;
2016;09;30;16;1;0.000124358979;0.000062699426;0.000129982138;0.000053335257;
2016;09;30;17;1;0.000122738807;0.000059541300;0.000128612052;0.000048751332;
2016;09;30;18;1;0.000128076605;0.000059840639;0.000130666431;0.000047164000;
2016;09;30;19;1;0.000130196856;0.000060345092;0.000129009870;0.000048275419;
2016;09;30;20;1;0.000129203923;0.000062221064;0.000126371770;0.000054553428;
2016;09;30;21;1;0.000134884814;0.000111301570;0.000131966775;0.000118835450;
2016;09;30;22;1;0.000138155624;0.000155143738;0.000125788175;0.000237685411;
2016;09;30;23;1;0.000124436563;0.000151505958;0.000111487612;0.000240608200;
2016;09;30;24;1;0.000107283291;0.000148665132;0.000101195527;0.000231911954;
