AŃO;MES;DIA;HORA;VERANO(1)/INVIERNO(0);COEF. PERFIL A;COEF. PERFIL B;COEF. PERFIL C;COEF. PERFIL D;
2020;04;01;1;1;0.000073314161;0.000090208254;0.000070974593;0.000116747694;
2020;04;01;2;1;0.000058371663;0.000079271301;0.000067684257;0.000129391255;
2020;04;01;3;1;0.000050953678;0.000072255628;0.000065913882;0.000129818040;
2020;04;01;4;1;0.000047727150;0.000068504584;0.000065197604;0.000125011385;
2020;04;01;5;1;0.000046515326;0.000066798939;0.000065407307;0.000118557853;
2020;04;01;6;1;0.000047565497;0.000067399428;0.000067330012;0.000111711421;
2020;04;01;7;1;0.000055207897;0.000072395073;0.000074626446;0.000109466756;
2020;04;01;8;1;0.000073305212;0.000070775740;0.000086151262;0.000095636769;
2020;04;01;9;1;0.000087019149;0.000066667910;0.000108752412;0.000069482195;
2020;04;01;10;1;0.000095144535;0.000069027043;0.000126552768;0.000071027441;
2020;04;01;11;1;0.000101690143;0.000070339463;0.000132859013;0.000071884331;
2020;04;01;12;1;0.000103369097;0.000068985925;0.000134002379;0.000070976310;
2020;04;01;13;1;0.000106428167;0.000067611864;0.000134534037;0.000069786404;
2020;04;01;14;1;0.000112664578;0.000067295934;0.000128338521;0.000068611916;
2020;04;01;15;1;0.000110710226;0.000065918352;0.000114546815;0.000066053138;
2020;04;01;16;1;0.000101610940;0.000060087295;0.000110216355;0.000061322377;
2020;04;01;17;1;0.000096274450;0.000056392212;0.000109904161;0.000058999047;
2020;04;01;18;1;0.000096051703;0.000055957434;0.000109240446;0.000059014356;
2020;04;01;19;1;0.000097680377;0.000057068547;0.000104620755;0.000060628797;
2020;04;01;20;1;0.000102983929;0.000060613736;0.000099802381;0.000064298290;
2020;04;01;21;1;0.000117604643;0.000073675007;0.000098199938;0.000073578986;
2020;04;01;22;1;0.000133870010;0.000107377426;0.000099173541;0.000129970074;
2020;04;01;23;1;0.000119916117;0.000105725731;0.000087571157;0.000134326277;
2020;04;01;24;1;0.000096567789;0.000102476199;0.000078249096;0.000126484779;
2020;04;02;1;1;0.000072760561;0.000089673831;0.000070311137;0.000116426801;
2020;04;02;2;1;0.000057915947;0.000078779188;0.000067042721;0.000128990132;
2020;04;02;3;1;0.000050565829;0.000071822826;0.000065295458;0.000129451381;
2020;04;02;4;1;0.000047317771;0.000068020683;0.000064554365;0.000124490282;
2020;04;02;5;1;0.000046089340;0.000066283941;0.000064743037;0.000117967663;
2020;04;02;6;1;0.000047140170;0.000066896013;0.000066653459;0.000111189054;
2020;04;02;7;1;0.000054765992;0.000071930063;0.000073911128;0.000109099311;
2020;04;02;8;1;0.000072789459;0.000070397652;0.000085366597;0.000095446348;
2020;04;02;9;1;0.000086424428;0.000066326759;0.000107772647;0.000069363626;
2020;04;02;10;1;0.000094329740;0.000068540569;0.000125304845;0.000070733006;
2020;04;02;11;1;0.000100790006;0.000069821148;0.000131529977;0.000071557248;
2020;04;02;12;1;0.000102439884;0.000068467019;0.000132652736;0.000070639704;
2020;04;02;13;1;0.000105531253;0.000067145554;0.000133216839;0.000069510082;
2020;04;02;14;1;0.000111627804;0.000066773806;0.000127032194;0.000068266220;
2020;04;02;15;1;0.000109573339;0.000065328801;0.000113319363;0.000065622644;
2020;04;02;16;1;0.000100575556;0.000059555110;0.000109040015;0.000060929100;
2020;04;02;17;1;0.000095243670;0.000055860251;0.000108703013;0.000058577845;
2020;04;02;18;1;0.000095183182;0.000055533229;0.000108137314;0.000058730117;
2020;04;02;19;1;0.000096752532;0.000056606921;0.000103540434;0.000060298151;
2020;04;02;20;1;0.000101808487;0.000059994215;0.000098676527;0.000063775639;
2020;04;02;21;1;0.000116341859;0.000072977517;0.000097125106;0.000073050672;
2020;04;02;22;1;0.000132611690;0.000106520819;0.000098154173;0.000129279842;
2020;04;02;23;1;0.000118789919;0.000104883249;0.000086671391;0.000133614431;
2020;04;02;24;1;0.000095737914;0.000101750397;0.000077476590;0.000125954219;
2020;04;03;1;1;0.000071517514;0.000087651905;0.000068894837;0.000115186502;
2020;04;03;2;1;0.000056890807;0.000076881702;0.000065322792;0.000128846057;
2020;04;03;3;1;0.000049072267;0.000069763698;0.000063641942;0.000129301594;
2020;04;03;4;1;0.000045751532;0.000065931405;0.000063008189;0.000124565478;
2020;04;03;5;1;0.000044565848;0.000064226232;0.000062929792;0.000117408618;
2020;04;03;6;1;0.000045623053;0.000064753268;0.000064744110;0.000110348030;
2020;04;03;7;1;0.000053406578;0.000069684110;0.000071980956;0.000107802825;
2020;04;03;8;1;0.000071534173;0.000067982665;0.000083310289;0.000093113392;
2020;04;03;9;1;0.000084979965;0.000065785775;0.000106362186;0.000070727432;
2020;04;03;10;1;0.000092326109;0.000067709136;0.000124249100;0.000072392592;
2020;04;03;11;1;0.000098094092;0.000068564336;0.000129903078;0.000073319265;
2020;04;03;12;1;0.000099342848;0.000066904153;0.000130624395;0.000071739797;
2020;04;03;13;1;0.000101967916;0.000065312505;0.000131229624;0.000070723089;
2020;04;03;14;1;0.000107695069;0.000064713387;0.000124640644;0.000069577035;
2020;04;03;15;1;0.000106653464;0.000063819602;0.000109843567;0.000067246281;
2020;04;03;16;1;0.000098740817;0.000058740668;0.000103050122;0.000062975372;
2020;04;03;17;1;0.000093832938;0.000055328920;0.000101192341;0.000060534983;
2020;04;03;18;1;0.000093189183;0.000054745413;0.000100187124;0.000060350631;
2020;04;03;19;1;0.000093681583;0.000055320871;0.000097495989;0.000061136981;
2020;04;03;20;1;0.000096182292;0.000057389268;0.000094333462;0.000063369910;
2020;04;03;21;1;0.000105709529;0.000066746332;0.000095164962;0.000070565536;
2020;04;03;22;1;0.000121928769;0.000098712362;0.000098327057;0.000124884967;
2020;04;03;23;1;0.000112850233;0.000100353537;0.000088021029;0.000130883609;
2020;04;03;24;1;0.000094333963;0.000099577397;0.000079415119;0.000124328576;
2020;04;04;1;1;0.000080315253;0.000100113593;0.000076086552;0.000119574753;
2020;04;04;2;1;0.000065128573;0.000089128984;0.000070884200;0.000130344751;
2020;04;04;3;1;0.000055930920;0.000080969903;0.000068261354;0.000129885442;
2020;04;04;4;1;0.000051296887;0.000076160281;0.000067233335;0.000124608033;
2020;04;04;5;1;0.000049214109;0.000073802287;0.000066749727;0.000118151354;
2020;04;04;6;1;0.000049072916;0.000073974215;0.000067658414;0.000112303992;
2020;04;04;7;1;0.000051749481;0.000076586332;0.000070428466;0.000108754571;
2020;04;04;8;1;0.000058297063;0.000065664131;0.000069325591;0.000085167256;
2020;04;04;9;1;0.000073339572;0.000059703929;0.000072639197;0.000058619998;
2020;04;04;10;1;0.000094236692;0.000070492113;0.000082320433;0.000067081659;
2020;04;04;11;1;0.000108650252;0.000077407226;0.000091293897;0.000072906005;
2020;04;04;12;1;0.000112582081;0.000077792190;0.000095176906;0.000073974823;
2020;04;04;13;1;0.000114314595;0.000075269940;0.000096735891;0.000072596010;
2020;04;04;14;1;0.000120581510;0.000073891390;0.000094011058;0.000071109956;
2020;04;04;15;1;0.000119779572;0.000072862674;0.000087601375;0.000068975317;
2020;04;04;16;1;0.000106512350;0.000064946819;0.000084388429;0.000062128176;
2020;04;04;17;1;0.000097510194;0.000059498889;0.000082436272;0.000057865437;
2020;04;04;18;1;0.000094116391;0.000057388330;0.000082951620;0.000056797007;
2020;04;04;19;1;0.000093812435;0.000057287442;0.000082773794;0.000057278853;
2020;04;04;20;1;0.000095764394;0.000058844237;0.000084861195;0.000059417105;
2020;04;04;21;1;0.000105790692;0.000069335110;0.000090332303;0.000066677089;
2020;04;04;22;1;0.000123784396;0.000105807407;0.000097541913;0.000125626280;
2020;04;04;23;1;0.000116354429;0.000108389907;0.000090668113;0.000133582424;
2020;04;04;24;1;0.000099478202;0.000109207336;0.000083219792;0.000126431086;
2020;04;05;1;1;0.000084506120;0.000102174425;0.000078702684;0.000119802708;
2020;04;05;2;1;0.000069383605;0.000091451967;0.000072865434;0.000126142821;
2020;04;05;3;1;0.000059504520;0.000082985708;0.000070155289;0.000124422801;
2020;04;05;4;1;0.000053903199;0.000077624524;0.000068884798;0.000119790606;
2020;04;05;5;1;0.000051371695;0.000074974323;0.000068492814;0.000114806492;
2020;04;05;6;1;0.000050646625;0.000074725358;0.000068940678;0.000109841028;
2020;04;05;7;1;0.000052270413;0.000076762113;0.000070602011;0.000106840511;
2020;04;05;8;1;0.000056705631;0.000064013680;0.000066645703;0.000083787227;
2020;04;05;9;1;0.000068639754;0.000055608451;0.000065181811;0.000054501162;
2020;04;05;10;1;0.000089030866;0.000065882647;0.000070149305;0.000062516286;
2020;04;05;11;1;0.000105997710;0.000074812548;0.000074868663;0.000069224944;
2020;04;05;12;1;0.000113348272;0.000077784412;0.000078842460;0.000072444442;
2020;04;05;13;1;0.000115134597;0.000075777223;0.000081347370;0.000071673423;
2020;04;05;14;1;0.000119949578;0.000073500421;0.000082209098;0.000069405152;
2020;04;05;15;1;0.000118570309;0.000071809527;0.000080388131;0.000067441596;
2020;04;05;16;1;0.000104363228;0.000063290677;0.000077537691;0.000060128346;
2020;04;05;17;1;0.000095783342;0.000058052370;0.000074658954;0.000056295092;
2020;04;05;18;1;0.000092574877;0.000056009730;0.000072398063;0.000055022806;
2020;04;05;19;1;0.000093617725;0.000056566049;0.000071416283;0.000056425473;
2020;04;05;20;1;0.000098304002;0.000059568357;0.000073510988;0.000059071170;
2020;04;05;21;1;0.000112591733;0.000072291693;0.000079256017;0.000068359305;
2020;04;05;22;1;0.000131444970;0.000109497202;0.000090506522;0.000126830056;
2020;04;05;23;1;0.000120250366;0.000110036608;0.000086008773;0.000133630698;
2020;04;05;24;1;0.000099563359;0.000109127151;0.000079346782;0.000126012905;
2020;04;06;1;1;0.000072772799;0.000087172652;0.000067623014;0.000114787399;
2020;04;06;2;1;0.000058182418;0.000076666837;0.000064556476;0.000122577781;
2020;04;06;3;1;0.000050367114;0.000069391757;0.000063025428;0.000121119914;
2020;04;06;4;1;0.000046911737;0.000065556127;0.000062438577;0.000116684479;
2020;04;06;5;1;0.000045582400;0.000063844443;0.000062587924;0.000111661225;
2020;04;06;6;1;0.000046330870;0.000064218572;0.000064490824;0.000106943153;
2020;04;06;7;1;0.000053087878;0.000068895203;0.000071498234;0.000106471695;
2020;04;06;8;1;0.000068745055;0.000066883785;0.000081360466;0.000092707367;
2020;04;06;9;1;0.000081985106;0.000062729281;0.000101507550;0.000067606710;
2020;04;06;10;1;0.000091837708;0.000066062067;0.000117519030;0.000070514999;
2020;04;06;11;1;0.000099692438;0.000068330442;0.000123178049;0.000071855433;
2020;04;06;12;1;0.000101876883;0.000067381754;0.000124139782;0.000071340631;
2020;04;06;13;1;0.000104584645;0.000065922493;0.000124368416;0.000070307830;
2020;04;06;14;1;0.000110726735;0.000065481581;0.000118893871;0.000069417615;
2020;04;06;15;1;0.000109102264;0.000064284997;0.000106426838;0.000066547575;
2020;04;06;16;1;0.000099354781;0.000058211357;0.000102555360;0.000061230620;
2020;04;06;17;1;0.000093321835;0.000054169892;0.000102261923;0.000058227402;
2020;04;06;18;1;0.000092291484;0.000053294255;0.000101323758;0.000058343378;
2020;04;06;19;1;0.000093526361;0.000054143934;0.000097064792;0.000059423200;
2020;04;06;20;1;0.000098725640;0.000057553747;0.000092638163;0.000063111791;
2020;04;06;21;1;0.000113878292;0.000070659726;0.000092099244;0.000072949523;
2020;04;06;22;1;0.000131459731;0.000103154510;0.000094723997;0.000127690125;
2020;04;06;23;1;0.000117546749;0.000101133155;0.000083835859;0.000131504200;
2020;04;06;24;1;0.000093288590;0.000097291839;0.000075378316;0.000123412895;
2020;04;07;1;1;0.000069080820;0.000085989342;0.000066293268;0.000113600643;
2020;04;07;2;1;0.000055022326;0.000075596343;0.000063231951;0.000125971503;
2020;04;07;3;1;0.000048078809;0.000068983840;0.000061609158;0.000126566218;
2020;04;07;4;1;0.000045013729;0.000065369536;0.000060925482;0.000121803574;
2020;04;07;5;1;0.000043834567;0.000063683594;0.000061095936;0.000115384232;
2020;04;07;6;1;0.000044836692;0.000064276229;0.000062900111;0.000108765169;
2020;04;07;7;1;0.000052093021;0.000069117979;0.000069750754;0.000106731398;
2020;04;07;8;1;0.000069051269;0.000067443665;0.000080454392;0.000093024854;
2020;04;07;9;1;0.000081866296;0.000063440252;0.000101497813;0.000067465565;
2020;04;07;10;1;0.000089362960;0.000065564543;0.000118014464;0.000068806654;
2020;04;07;11;1;0.000095426360;0.000066745453;0.000123840588;0.000069551072;
2020;04;07;12;1;0.000097039460;0.000065489298;0.000124930306;0.000068709725;
2020;04;07;13;1;0.000099949475;0.000064212216;0.000125449898;0.000067593855;
2020;04;07;14;1;0.000105817907;0.000063920014;0.000119679240;0.000066466519;
2020;04;07;15;1;0.000103862550;0.000062531544;0.000106756092;0.000063885997;
2020;04;07;16;1;0.000095287375;0.000056974286;0.000102699613;0.000059276636;
2020;04;07;17;1;0.000090351705;0.000053515787;0.000102447946;0.000057090780;
2020;04;07;18;1;0.000090131329;0.000053095755;0.000101822913;0.000057095558;
2020;04;07;19;1;0.000091489776;0.000054038536;0.000097426646;0.000058506435;
2020;04;07;20;1;0.000096368881;0.000057337022;0.000092897297;0.000061968198;
2020;04;07;21;1;0.000110025215;0.000069674590;0.000091394891;0.000070890581;
2020;04;07;22;1;0.000125544394;0.000101819692;0.000092411389;0.000125643527;
2020;04;07;23;1;0.000112540945;0.000100335187;0.000081630332;0.000129986414;
2020;04;07;24;1;0.000090627347;0.000097249811;0.000072940213;0.000122395764;
2020;04;08;1;1;0.000067958563;0.000084859579;0.000065022866;0.000112759323;
2020;04;08;2;1;0.000054191868;0.000074700139;0.000062056704;0.000125241311;
2020;04;08;3;1;0.000047346668;0.000068155769;0.000060459734;0.000125809535;
2020;04;08;4;1;0.000044320876;0.000064572967;0.000059783691;0.000121047951;
2020;04;08;5;1;0.000043187123;0.000062951792;0.000059969732;0.000114769633;
2020;04;08;6;1;0.000044168020;0.000063527561;0.000061735737;0.000108165574;
2020;04;08;7;1;0.000051342327;0.000068351895;0.000068476576;0.000106219852;
2020;04;08;8;1;0.000067978981;0.000066611993;0.000078940035;0.000092432716;
2020;04;08;9;1;0.000080597475;0.000062660121;0.000099588767;0.000067039163;
2020;04;08;10;1;0.000087912971;0.000064704923;0.000115752787;0.000068300607;
2020;04;08;11;1;0.000093853852;0.000065851441;0.000121451984;0.000069014472;
2020;04;08;12;1;0.000095338580;0.000064535484;0.000122455580;0.000068078341;
2020;04;08;13;1;0.000098086531;0.000063197504;0.000122895276;0.000066867607;
2020;04;08;14;1;0.000103766099;0.000062856556;0.000117196734;0.000065683118;
2020;04;08;15;1;0.000101866617;0.000061503255;0.000104550800;0.000063148561;
2020;04;08;16;1;0.000093407498;0.000056004806;0.000100552289;0.000058549478;
2020;04;08;17;1;0.000088508936;0.000052565278;0.000100272178;0.000056336636;
2020;04;08;18;1;0.000088356900;0.000052194609;0.000099696449;0.000056397938;
2020;04;08;19;1;0.000089772466;0.000053176611;0.000095436475;0.000057866781;
2020;04;08;20;1;0.000094505118;0.000056386050;0.000090973432;0.000061241029;
2020;04;08;21;1;0.000107848028;0.000068484237;0.000089481582;0.000070014422;
2020;04;08;22;1;0.000123223881;0.000100228488;0.000090536372;0.000124321883;
2020;04;08;23;1;0.000110481334;0.000098787579;0.000079981535;0.000128652203;
2020;04;08;24;1;0.000088996831;0.000095783260;0.000071478333;0.000121192079;
2020;04;09;1;1;0.000065205504;0.000082221178;0.000061885137;0.000111076802;
2020;04;09;2;1;0.000051962466;0.000072325278;0.000059042232;0.000123262731;
2020;04;09;3;1;0.000045340008;0.000065894259;0.000057484903;0.000123601923;
2020;04;09;4;1;0.000042455135;0.000062451139;0.000056850469;0.000118973872;
2020;04;09;5;1;0.000041336044;0.000060829341;0.000057004260;0.000112679315;
2020;04;09;6;1;0.000042169442;0.000061215714;0.000058609433;0.000105828816;
2020;04;09;7;1;0.000048803099;0.000065541522;0.000064866593;0.000103285846;
2020;04;09;8;1;0.000064334304;0.000063561732;0.000074617174;0.000089327398;
2020;04;09;9;1;0.000075950372;0.000059505890;0.000093937478;0.000064397277;
2020;04;09;10;1;0.000082989002;0.000061568316;0.000109275861;0.000065773682;
2020;04;09;11;1;0.000089005720;0.000062981560;0.000114916054;0.000066892583;
2020;04;09;12;1;0.000090784505;0.000062004661;0.000116101377;0.000066363312;
2020;04;09;13;1;0.000093687962;0.000060926374;0.000116696811;0.000065461426;
2020;04;09;14;1;0.000099378627;0.000060777969;0.000111435916;0.000064540090;
2020;04;09;15;1;0.000097657272;0.000059535483;0.000099462060;0.000062135205;
2020;04;09;16;1;0.000089372840;0.000054095733;0.000095563313;0.000057455547;
2020;04;09;17;1;0.000084570530;0.000050696714;0.000095231836;0.000055179939;
2020;04;09;18;1;0.000084337204;0.000050280862;0.000094635753;0.000055159853;
2020;04;09;19;1;0.000085636531;0.000051192402;0.000090564694;0.000056548791;
2020;04;09;20;1;0.000090259331;0.000054354535;0.000086381054;0.000059946274;
2020;04;09;21;1;0.000103153529;0.000066124216;0.000085026609;0.000068673610;
2020;04;09;22;1;0.000117923493;0.000096831619;0.000086053405;0.000122027989;
2020;04;09;23;1;0.000105702197;0.000095412602;0.000076011544;0.000126233845;
2020;04;09;24;1;0.000085153524;0.000092518771;0.000067932924;0.000118926733;
2020;04;10;1;1;0.000083269326;0.000100885747;0.000077451118;0.000118752851;
2020;04;10;2;1;0.000068562115;0.000090583109;0.000071808554;0.000125529625;
2020;04;10;3;1;0.000058785014;0.000082174085;0.000069128789;0.000123774615;
2020;04;10;4;1;0.000053291659;0.000076929934;0.000067902416;0.000119292057;
2020;04;10;5;1;0.000050822536;0.000074358234;0.000067538267;0.000114434398;
2020;04;10;6;1;0.000050209360;0.000074282710;0.000068050089;0.000109802655;
2020;04;10;7;1;0.000051855774;0.000076367277;0.000069714755;0.000106907577;
2020;04;10;8;1;0.000056223344;0.000063643674;0.000065788984;0.000083773159;
2020;04;10;9;1;0.000067968394;0.000055208214;0.000064301976;0.000054395636;
2020;04;10;10;1;0.000088033504;0.000065303873;0.000069153295;0.000062269747;
2020;04;10;11;1;0.000105040205;0.000074336168;0.000073886420;0.000069162393;
2020;04;10;12;1;0.000112102406;0.000077118980;0.000077732071;0.000072178576;
2020;04;10;13;1;0.000113728210;0.000075025582;0.000080152298;0.000071287269;
2020;04;10;14;1;0.000118318140;0.000072658015;0.000080944329;0.000068897095;
2020;04;10;15;1;0.000116862699;0.000070922650;0.000079118870;0.000066873130;
2020;04;10;16;1;0.000102852630;0.000062503822;0.000076310776;0.000059615154;
2020;04;10;17;1;0.000094222134;0.000057212696;0.000073409523;0.000055671131;
2020;04;10;18;1;0.000091100737;0.000055222934;0.000071200285;0.000054441432;
2020;04;10;19;1;0.000092285608;0.000055878131;0.000070295232;0.000055962763;
2020;04;10;20;1;0.000096748814;0.000058738294;0.000072298959;0.000058454935;
2020;04;10;21;1;0.000110585976;0.000071123700;0.000077870607;0.000067455203;
2020;04;10;22;1;0.000129079022;0.000107706582;0.000088914320;0.000125125202;
2020;04;10;23;1;0.000117898277;0.000108046246;0.000084428283;0.000131544420;
2020;04;10;24;1;0.000097579392;0.000107108657;0.000077874214;0.000123980879;
2020;04;11;1;1;0.000076145357;0.000095692198;0.000072036005;0.000115819827;
2020;04;11;2;1;0.000061914671;0.000085449255;0.000067202051;0.000126725662;
2020;04;11;3;1;0.000053259132;0.000077770040;0.000064769351;0.000126569305;
2020;04;11;4;1;0.000048904991;0.000073247877;0.000063832140;0.000121628709;
2020;04;11;5;1;0.000047000187;0.000071116054;0.000063427444;0.000115603068;
2020;04;11;6;1;0.000046951935;0.000071428240;0.000064349970;0.000110165007;
2020;04;11;7;1;0.000049518725;0.000073960251;0.000066988580;0.000106700819;
2020;04;11;8;1;0.000055701181;0.000063307826;0.000065890710;0.000083386180;
2020;04;11;9;1;0.000070148095;0.000057629491;0.000069076116;0.000057479610;
2020;04;11;10;1;0.000090132063;0.000068039591;0.000078280987;0.000065772522;
2020;04;11;11;1;0.000103935106;0.000074727813;0.000086821612;0.000071499231;
2020;04;11;12;1;0.000107652064;0.000075065022;0.000090496180;0.000072505388;
2020;04;11;13;1;0.000109411438;0.000072706949;0.000092021942;0.000071246458;
2020;04;11;14;1;0.000115457286;0.000071407898;0.000089449000;0.000069827088;
2020;04;11;15;1;0.000114545829;0.000070315814;0.000083298146;0.000067613244;
2020;04;11;16;1;0.000101773397;0.000062618760;0.000080209142;0.000060831502;
2020;04;11;17;1;0.000093083445;0.000057305765;0.000078316326;0.000056583447;
2020;04;11;18;1;0.000089739463;0.000055201766;0.000078760120;0.000055449299;
2020;04;11;19;1;0.000089601946;0.000055208948;0.000078658254;0.000056051849;
2020;04;11;20;1;0.000091393249;0.000056658934;0.000080609678;0.000058079783;
2020;04;11;21;1;0.000100726715;0.000066587403;0.000085706772;0.000064965453;
2020;04;11;22;1;0.000118095521;0.000101841086;0.000092639525;0.000122743847;
2020;04;11;23;1;0.000111096144;0.000104419662;0.000086146074;0.000130661988;
2020;04;11;24;1;0.000094999974;0.000105228515;0.000079076521;0.000123698272;
2020;04;12;1;1;0.000081674278;0.000099309138;0.000075818680;0.000117629301;
2020;04;12;2;1;0.000067239803;0.000089154278;0.000070290333;0.000124318941;
2020;04;12;3;1;0.000057691260;0.000080940244;0.000067690682;0.000122699021;
2020;04;12;4;1;0.000052279948;0.000075742378;0.000066476986;0.000118192144;
2020;04;12;5;1;0.000049820827;0.000073150197;0.000066096069;0.000113262679;
2020;04;12;6;1;0.000049195784;0.000073036357;0.000066580814;0.000108604706;
2020;04;12;7;1;0.000050709636;0.000074922811;0.000068142943;0.000105453856;
2020;04;12;8;1;0.000054859250;0.000062286437;0.000064235127;0.000082379294;
2020;04;12;9;1;0.000066387776;0.000054092567;0.000062816212;0.000053566134;
2020;04;12;10;1;0.000086060979;0.000064046163;0.000067584407;0.000061394924;
2020;04;12;11;1;0.000102759546;0.000072962340;0.000072235180;0.000068259278;
2020;04;12;12;1;0.000109719771;0.000075733317;0.000076012267;0.000071283262;
2020;04;12;13;1;0.000111369606;0.000073720714;0.000078399370;0.000070454869;
2020;04;12;14;1;0.000116114564;0.000071565473;0.000079259945;0.000068296154;
2020;04;12;15;1;0.000114802908;0.000069934927;0.000077512431;0.000066382519;
2020;04;12;16;1;0.000100858474;0.000061510789;0.000074693469;0.000059031662;
2020;04;12;17;1;0.000092492253;0.000056369342;0.000071891458;0.000055206478;
2020;04;12;18;1;0.000089422841;0.000054405343;0.000069725752;0.000053982711;
2020;04;12;19;1;0.000090616481;0.000055071519;0.000068851010;0.000055517350;
2020;04;12;20;1;0.000095017355;0.000057902917;0.000070820257;0.000058005580;
2020;04;12;21;1;0.000108555305;0.000070075161;0.000076259886;0.000066892422;
2020;04;12;22;1;0.000126889857;0.000106286851;0.000087138026;0.000124325612;
2020;04;12;23;1;0.000115943547;0.000106667837;0.000082757609;0.000130773975;
2020;04;12;24;1;0.000096093444;0.000105903621;0.000076385812;0.000123489615;
2020;04;13;1;1;0.000069394814;0.000083907474;0.000064045940;0.000112329237;
2020;04;13;2;1;0.000055456119;0.000073757563;0.000061127204;0.000119877316;
2020;04;13;3;1;0.000048092104;0.000066889981;0.000059730421;0.000118742901;
2020;04;13;4;1;0.000044781878;0.000063175643;0.000059166786;0.000114356792;
2020;04;13;5;1;0.000043479728;0.000061474149;0.000059285423;0.000109319004;
2020;04;13;6;1;0.000044166629;0.000061792544;0.000061068832;0.000104612385;
2020;04;13;7;1;0.000050497086;0.000066130910;0.000067630561;0.000103833056;
2020;04;13;8;1;0.000065122708;0.000063907763;0.000076803516;0.000089892101;
2020;04;13;9;1;0.000077534703;0.000059825904;0.000095742969;0.000065398925;
2020;04;13;10;1;0.000086957023;0.000063089257;0.000110909945;0.000068328936;
2020;04;13;11;1;0.000094564568;0.000065386757;0.000116354017;0.000069804250;
2020;04;13;12;1;0.000096834492;0.000064625800;0.000117381809;0.000069502098;
2020;04;13;13;1;0.000099283046;0.000063137811;0.000117523739;0.000068376374;
2020;04;13;14;1;0.000105341675;0.000062866555;0.000112472455;0.000067713677;
2020;04;13;15;1;0.000103807802;0.000061725398;0.000100684444;0.000064924074;
2020;04;13;16;1;0.000094309457;0.000055746623;0.000096906560;0.000059540877;
2020;04;13;17;1;0.000088612152;0.000051895256;0.000096645549;0.000056646165;
2020;04;13;18;1;0.000087761163;0.000051138863;0.000095828390;0.000056873697;
2020;04;13;19;1;0.000089025939;0.000052012957;0.000091847034;0.000058008328;
2020;04;13;20;1;0.000093894764;0.000055236079;0.000087620979;0.000061535923;
2020;04;13;21;1;0.000108189130;0.000067732976;0.000087064338;0.000071021315;
2020;04;13;22;1;0.000125147880;0.000099106603;0.000089637451;0.000124667841;
2020;04;13;23;1;0.000112202616;0.000097453160;0.000079441156;0.000128866042;
2020;04;13;24;1;0.000089185791;0.000093913378;0.000071482833;0.000121197007;
2020;04;14;1;1;0.000071017309;0.000087752279;0.000068784384;0.000114325775;
2020;04;14;2;1;0.000056654183;0.000077281232;0.000065660852;0.000127050215;
2020;04;14;3;1;0.000049556446;0.000070602856;0.000064009772;0.000127832509;
2020;04;14;4;1;0.000046419425;0.000066939190;0.000063315028;0.000123102574;
2020;04;14;5;1;0.000045285500;0.000065344117;0.000063550160;0.000116907349;
2020;04;14;6;1;0.000046372305;0.000066033418;0.000065463735;0.000110369088;
2020;04;14;7;1;0.000054092188;0.000071322932;0.000072737415;0.000108909094;
2020;04;14;8;1;0.000071894931;0.000069804608;0.000084011458;0.000095282106;
2020;04;14;9;1;0.000085501752;0.000065887640;0.000106147527;0.000069402647;
2020;04;14;10;1;0.000093372389;0.000068126776;0.000123449398;0.000070823677;
2020;04;14;11;1;0.000099603847;0.000069273057;0.000129477824;0.000071484353;
2020;04;14;12;1;0.000101183535;0.000067891546;0.000130550923;0.000070517879;
2020;04;14;13;1;0.000104063821;0.000066458232;0.000130997404;0.000069229848;
2020;04;14;14;1;0.000110067946;0.000066085069;0.000124911900;0.000067983918;
2020;04;14;15;1;0.000107797756;0.000064492683;0.000111301053;0.000065146992;
2020;04;14;16;1;0.000098884763;0.000058752589;0.000107064959;0.000060435596;
2020;04;14;17;1;0.000093762958;0.000055186256;0.000106802784;0.000058207090;
2020;04;14;18;1;0.000093733246;0.000054882594;0.000106263868;0.000058384230;
2020;04;14;19;1;0.000095173774;0.000055875246;0.000101690660;0.000059851287;
2020;04;14;20;1;0.000100194910;0.000059250090;0.000096936699;0.000063344892;
2020;04;14;21;1;0.000114211464;0.000071871978;0.000095293316;0.000072305067;
2020;04;14;22;1;0.000130265465;0.000104981174;0.000096332332;0.000128075253;
2020;04;14;23;1;0.000116764702;0.000103442413;0.000085090761;0.000132489241;
2020;04;14;24;1;0.000094009224;0.000100238473;0.000076024359;0.000124716730;
2020;04;15;1;1;0.000073276937;0.000090095258;0.000071011986;0.000116438402;
2020;04;15;2;1;0.000058453648;0.000079340025;0.000067785201;0.000129389352;
2020;04;15;3;1;0.000051090705;0.000072421272;0.000066054685;0.000130046781;
2020;04;15;4;1;0.000047877952;0.000068697425;0.000065352195;0.000125313291;
2020;04;15;5;1;0.000046643784;0.000066957471;0.000065549340;0.000118778873;
2020;04;15;6;1;0.000047744186;0.000067634027;0.000067509394;0.000112075034;
2020;04;15;7;1;0.000055727015;0.000073102273;0.000075033337;0.000110688781;
2020;04;15;8;1;0.000073872672;0.000071336284;0.000086549926;0.000096482691;
2020;04;15;9;1;0.000087794055;0.000067282388;0.000109318003;0.000070210294;
2020;04;15;10;1;0.000095767669;0.000069481782;0.000127065176;0.000071535551;
2020;04;15;11;1;0.000102253712;0.000070723790;0.000133331441;0.000072296470;
2020;04;15;12;1;0.000103987629;0.000069396566;0.000134508974;0.000071426141;
2020;04;15;13;1;0.000107083543;0.000068027267;0.000135054917;0.000070244931;
2020;04;15;14;1;0.000113218643;0.000067616540;0.000128756536;0.000068943916;
2020;04;15;15;1;0.000110895151;0.000065994961;0.000114732858;0.000066076534;
2020;04;15;16;1;0.000101515640;0.000059983136;0.000110251430;0.000061122496;
2020;04;15;17;1;0.000096250424;0.000056337422;0.000109977529;0.000058862411;
2020;04;15;18;1;0.000096120300;0.000055962951;0.000109366025;0.000058956551;
2020;04;15;19;1;0.000097679491;0.000057028339;0.000104703185;0.000060508599;
2020;04;15;20;1;0.000102864823;0.000060493729;0.000099823958;0.000064068199;
2020;04;15;21;1;0.000117057919;0.000073243538;0.000098049341;0.000072959859;
2020;04;15;22;1;0.000133428122;0.000106910660;0.000099085756;0.000129126487;
2020;04;15;23;1;0.000119595930;0.000105340117;0.000087521413;0.000133571438;
2020;04;15;24;1;0.000096226929;0.000102004653;0.000078170941;0.000125623452;
2020;04;16;1;1;0.000073180667;0.000089985091;0.000070903089;0.000116326177;
2020;04;16;2;1;0.000058406343;0.000079287442;0.000067698429;0.000129355005;
2020;04;16;3;1;0.000051099081;0.000072451572;0.000066002306;0.000130187926;
2020;04;16;4;1;0.000047864175;0.000068691724;0.000065285541;0.000125370964;
2020;04;16;5;1;0.000046671598;0.000067017751;0.000065511338;0.000118979884;
2020;04;16;6;1;0.000047780927;0.000067708100;0.000067475772;0.000112292879;
2020;04;16;7;1;0.000055612349;0.000072952345;0.000074890612;0.000110466928;
2020;04;16;8;1;0.000073829237;0.000071306696;0.000086448349;0.000096487622;
2020;04;16;9;1;0.000087756583;0.000067266554;0.000109198433;0.000070229712;
2020;04;16;10;1;0.000095731118;0.000069468865;0.000126929251;0.000071559587;
2020;04;16;11;1;0.000102184339;0.000070687255;0.000133169275;0.000072290664;
2020;04;16;12;1;0.000103852390;0.000069312726;0.000134303619;0.000071358587;
2020;04;16;13;1;0.000106965478;0.000067960039;0.000134862129;0.000070197779;
2020;04;16;14;1;0.000112952695;0.000067456199;0.000128491990;0.000068778840;
2020;04;16;15;1;0.000110653897;0.000065851170;0.000114507135;0.000065934175;
2020;04;16;16;1;0.000101409076;0.000059927381;0.000110096947;0.000061085967;
2020;04;16;17;1;0.000096064666;0.000056229937;0.000109775095;0.000058755181;
2020;04;16;18;1;0.000095932040;0.000055854396;0.000109163165;0.000058846787;
2020;04;16;19;1;0.000097439954;0.000056886421;0.000104483175;0.000060354390;
2020;04;16;20;1;0.000102570275;0.000060315501;0.000099593835;0.000063868105;
2020;04;16;21;1;0.000116976399;0.000073204249;0.000097929177;0.000072952225;
2020;04;16;22;1;0.000133232837;0.000106762162;0.000098926335;0.000128975300;
2020;04;16;23;1;0.000119279166;0.000105055325;0.000087328350;0.000133196438;
2020;04;16;24;1;0.000096052308;0.000101823223;0.000078031374;0.000125415353;
2020;04;17;1;1;0.000073000533;0.000088992110;0.000070712900;0.000115788334;
2020;04;17;2;1;0.000058264824;0.000078346848;0.000067159783;0.000130116959;
2020;04;17;3;1;0.000050324723;0.000071198749;0.000065475794;0.000130818299;
2020;04;17;4;1;0.000046960966;0.000067354078;0.000064852696;0.000126181944;
2020;04;17;5;1;0.000045816097;0.000065727134;0.000064823040;0.000119192980;
2020;04;17;6;1;0.000046944067;0.000066331240;0.000066720715;0.000112163107;
2020;04;17;7;1;0.000055066492;0.000071546582;0.000074254116;0.000109893729;
2020;04;17;8;1;0.000073616373;0.000069651024;0.000085859597;0.000094665703;
2020;04;17;9;1;0.000087468498;0.000067413050;0.000109626188;0.000071923723;
2020;04;17;10;1;0.000094896625;0.000069275630;0.000127973579;0.000073472175;
2020;04;17;11;1;0.000100793938;0.000070126372;0.000133776588;0.000074380269;
2020;04;17;12;1;0.000102114613;0.000068456312;0.000134544249;0.000072815018;
2020;04;17;13;1;0.000104941627;0.000066918855;0.000135250882;0.000071905206;
2020;04;17;14;1;0.000110839558;0.000066307334;0.000128462821;0.000070742561;
2020;04;17;15;1;0.000109578815;0.000065266758;0.000113114146;0.000068210158;
2020;04;17;16;1;0.000101509879;0.000060112655;0.000106150073;0.000063931310;
2020;04;17;17;1;0.000096534609;0.000056667104;0.000104274098;0.000061516364;
2020;04;17;18;1;0.000095786914;0.000056013988;0.000103192275;0.000061253155;
2020;04;17;19;1;0.000096155319;0.000056512800;0.000100348715;0.000061927857;
2020;04;17;20;1;0.000098666646;0.000058589171;0.000097066493;0.000064139498;
2020;04;17;21;1;0.000108197538;0.000067972600;0.000097812645;0.000071200711;
2020;04;17;22;1;0.000124623487;0.000100370466;0.000100989362;0.000125770207;
2020;04;17;23;1;0.000115443928;0.000102136921;0.000090443701;0.000131968323;
2020;04;17;24;1;0.000096370644;0.000101193710;0.000081545183;0.000125122374;
2020;04;18;1;1;0.000081972410;0.000101735245;0.000077776344;0.000120655015;
2020;04;18;2;1;0.000066705718;0.000090925817;0.000072585876;0.000132162572;
2020;04;18;3;1;0.000057359181;0.000082720703;0.000069944872;0.000131933635;
2020;04;18;4;1;0.000052682991;0.000077932399;0.000068941152;0.000126828472;
2020;04;18;5;1;0.000050558945;0.000075544593;0.000068455179;0.000120307277;
2020;04;18;6;1;0.000050393082;0.000075686096;0.000069372302;0.000114289298;
2020;04;18;7;1;0.000053033350;0.000078181098;0.000072139172;0.000110363080;
2020;04;18;8;1;0.000059585556;0.000066834662;0.000070915847;0.000086109485;
2020;04;18;9;1;0.000075142654;0.000060932818;0.000074394349;0.000059470950;
2020;04;18;10;1;0.000096439614;0.000071848403;0.000084260554;0.000067942518;
2020;04;18;11;1;0.000111123307;0.000078843613;0.000093418096;0.000073778824;
2020;04;18;12;1;0.000115077156;0.000079183950;0.000097363363;0.000074798765;
2020;04;18;13;1;0.000116819531;0.000076595711;0.000098946273;0.000073379381;
2020;04;18;14;1;0.000123183068;0.000075165210;0.000096143487;0.000071844013;
2020;04;18;15;1;0.000122129504;0.000073961318;0.000089501982;0.000069503073;
2020;04;18;16;1;0.000108359408;0.000065762611;0.000086122691;0.000062409857;
2020;04;18;17;1;0.000099148144;0.000060210360;0.000084108299;0.000058084131;
2020;04;18;18;1;0.000095640837;0.000058036421;0.000084609265;0.000056964706;
2020;04;18;19;1;0.000095466421;0.000058025132;0.000084487590;0.000057560274;
2020;04;18;20;1;0.000097478779;0.000059619564;0.000086629957;0.000059730844;
2020;04;18;21;1;0.000107241744;0.000069927620;0.000092025671;0.000066646053;
2020;04;18;22;1;0.000125531729;0.000106759992;0.000099386895;0.000125645021;
2020;04;18;23;1;0.000118255257;0.000109631371;0.000092485010;0.000134006247;
2020;04;18;24;1;0.000101134520;0.000110495798;0.000084900880;0.000126885437;
2020;04;19;1;1;0.000085088261;0.000102703723;0.000079267620;0.000120103341;
2020;04;19;2;1;0.000070124061;0.000092309397;0.000073526487;0.000127118741;
2020;04;19;3;1;0.000060235274;0.000083912034;0.000070847876;0.000125663451;
2020;04;19;4;1;0.000054557314;0.000078478601;0.000069559583;0.000120961855;
2020;04;19;5;1;0.000052018944;0.000075837980;0.000069179437;0.000116003559;
2020;04;19;6;1;0.000051299629;0.000075610726;0.000069641538;0.000111032329;
2020;04;19;7;1;0.000052880989;0.000077568173;0.000071277369;0.000107818809;
2020;04;19;8;1;0.000057179033;0.000064449028;0.000067172557;0.000084167128;
2020;04;19;9;1;0.000069267966;0.000056036435;0.000065722803;0.000054809778;
2020;04;19;10;1;0.000089788425;0.000066342544;0.000070709261;0.000062814067;
2020;04;19;11;1;0.000107079515;0.000075475741;0.000075529555;0.000069717685;
2020;04;19;12;1;0.000114290029;0.000078309874;0.000079464356;0.000072768524;
2020;04;19;13;1;0.000116080423;0.000076281182;0.000081985392;0.000071984453;
2020;04;19;14;1;0.000120885163;0.000073955353;0.000082836901;0.000069666334;
2020;04;19;15;1;0.000119558755;0.000072296587;0.000081023936;0.000067744839;
2020;04;19;16;1;0.000104999325;0.000063562918;0.000078063247;0.000060213629;
2020;04;19;17;1;0.000096209480;0.000058196094;0.000075103508;0.000056246841;
2020;04;19;18;1;0.000093097691;0.000056222761;0.000072872804;0.000055066426;
2020;04;19;19;1;0.000094354647;0.000056920753;0.000071964016;0.000056643773;
2020;04;19;20;1;0.000098915926;0.000059833007;0.000074014412;0.000059164885;
2020;04;19;21;1;0.000112613438;0.000072128814;0.000079560474;0.000067896058;
2020;04;19;22;1;0.000131386021;0.000109174371;0.000090822213;0.000125866984;
2020;04;19;23;1;0.000120250375;0.000109766912;0.000086328107;0.000132698752;
2020;04;19;24;1;0.000099690793;0.000109014345;0.000079692561;0.000125355796;
2020;04;20;1;1;0.000074178953;0.000088388420;0.000069394492;0.000115194514;
2020;04;20;2;1;0.000059387528;0.000077853421;0.000066293591;0.000123242385;
2020;04;20;3;1;0.000051520347;0.000070632909;0.000064791252;0.000122135812;
2020;04;20;4;1;0.000048044958;0.000066819867;0.000064227740;0.000117863468;
2020;04;20;5;1;0.000046716458;0.000065126125;0.000064404275;0.000112899309;
2020;04;20;6;1;0.000047594688;0.000065678181;0.000066439951;0.000108480821;
2020;04;20;7;1;0.000054675904;0.000070662317;0.000073752803;0.000108389986;
2020;04;20;8;1;0.000070760759;0.000068555490;0.000083901976;0.000094302204;
2020;04;20;9;1;0.000084486400;0.000064379800;0.000104738086;0.000068880984;
2020;04;20;10;1;0.000094817098;0.000067941546;0.000121372932;0.000072031121;
2020;04;20;11;1;0.000102781924;0.000070164334;0.000127129287;0.000073255518;
2020;04;20;12;1;0.000104935181;0.000069117662;0.000128062105;0.000072634913;
2020;04;20;13;1;0.000107523643;0.000067480883;0.000128178602;0.000071398145;
2020;04;20;14;1;0.000113770906;0.000066985451;0.000122499977;0.000070436216;
2020;04;20;15;1;0.000111996608;0.000065692942;0.000109603026;0.000067436545;
2020;04;20;16;1;0.000101984621;0.000059482391;0.000105613144;0.000062043316;
2020;04;20;17;1;0.000095990052;0.000055479840;0.000105419860;0.000059169636;
2020;04;20;18;1;0.000095156902;0.000054727903;0.000104577160;0.000059484420;
2020;04;20;19;1;0.000096432206;0.000055601767;0.000100182561;0.000060587137;
2020;04;20;20;1;0.000101615473;0.000058988863;0.000095530292;0.000064192188;
2020;04;20;21;1;0.000116753677;0.000072107137;0.000094789232;0.000073795272;
2020;04;20;22;1;0.000134615411;0.000105126267;0.000097430117;0.000128956537;
2020;04;20;23;1;0.000120564465;0.000103252538;0.000086301516;0.000133107559;
2020;04;20;24;1;0.000095817052;0.000099484471;0.000077649773;0.000125158301;
2020;04;21;1;1;0.000073477846;0.000090291167;0.000071243648;0.000116559506;
2020;04;21;2;1;0.000058637569;0.000079548147;0.000068020148;0.000129596152;
2020;04;21;3;1;0.000051326845;0.000072729853;0.000066332503;0.000130520228;
2020;04;21;4;1;0.000048049538;0.000068910986;0.000065593032;0.000125589480;
2020;04;21;5;1;0.000046831440;0.000067198315;0.000065805261;0.000119113208;
2020;04;21;6;1;0.000047897793;0.000067816755;0.000067745798;0.000112265102;
2020;04;21;7;1;0.000055814348;0.000073165588;0.000075234625;0.000110621713;
2020;04;21;8;1;0.000074044825;0.000071458603;0.000086814983;0.000096526752;
2020;04;21;9;1;0.000088113717;0.000067495894;0.000109723770;0.000070370921;
2020;04;21;10;1;0.000096227909;0.000069792224;0.000127610533;0.000071815128;
2020;04;21;11;1;0.000102596016;0.000070925107;0.000133807006;0.000072432169;
2020;04;21;12;1;0.000104281094;0.000069553609;0.000134953379;0.000071508167;
2020;04;21;13;1;0.000107373807;0.000068172811;0.000135493508;0.000070314840;
2020;04;21;14;1;0.000113460054;0.000067717875;0.000129137033;0.000068957679;
2020;04;21;15;1;0.000111205923;0.000066142907;0.000115110631;0.000066150808;
2020;04;21;16;1;0.000101959224;0.000060221936;0.000110701115;0.000061323749;
2020;04;21;17;1;0.000096714797;0.000056590236;0.000110450888;0.000059093640;
2020;04;21;18;1;0.000096549195;0.000056191547;0.000109816939;0.000059158484;
2020;04;21;19;1;0.000098097778;0.000057249889;0.000105125489;0.000060700718;
2020;04;21;20;1;0.000103288012;0.000060717455;0.000100218140;0.000064256737;
2020;04;21;21;1;0.000117410940;0.000073425021;0.000098382834;0.000073063160;
2020;04;21;22;1;0.000133640343;0.000107006659;0.000099351550;0.000129055742;
2020;04;21;23;1;0.000119761079;0.000105410256;0.000087746882;0.000133459839;
2020;04;21;24;1;0.000096480296;0.000102214151;0.000078421686;0.000125735227;
2020;04;22;1;1;0.000073817161;0.000090628122;0.000071583410;0.000116840936;
2020;04;22;2;1;0.000058915695;0.000079856074;0.000068348789;0.000129931581;
2020;04;22;3;1;0.000051506942;0.000072911817;0.000066611878;0.000130635487;
2020;04;22;4;1;0.000048271852;0.000069168872;0.000065906053;0.000125894591;
2020;04;22;5;1;0.000047082183;0.000067504083;0.000066143177;0.000119522871;
2020;04;22;6;1;0.000048153987;0.000068125038;0.000068093280;0.000112651156;
2020;04;22;7;1;0.000056082713;0.000073454248;0.000075600240;0.000110919048;
2020;04;22;8;1;0.000074344753;0.000071680323;0.000087204254;0.000096684214;
2020;04;22;9;1;0.000088556306;0.000067778319;0.000110268636;0.000070581206;
2020;04;22;10;1;0.000096744161;0.000070110706;0.000128266211;0.000072063553;
2020;04;22;11;1;0.000102965530;0.000071109816;0.000134376962;0.000072505235;
2020;04;22;12;1;0.000104602272;0.000069694492;0.000135492895;0.000071528729;
2020;04;22;13;1;0.000107654682;0.000068275838;0.000136003487;0.000070290118;
2020;04;22;14;1;0.000113799394;0.000067848450;0.000129647118;0.000068969475;
2020;04;22;15;1;0.000111534115;0.000066267550;0.000115562983;0.000066158552;
2020;04;22;16;1;0.000102295657;0.000060358620;0.000111155800;0.000061360108;
2020;04;22;17;1;0.000097098080;0.000056760325;0.000110941280;0.000059182889;
2020;04;22;18;1;0.000096909010;0.000056345695;0.000110291561;0.000059228438;
2020;04;22;19;1;0.000098457634;0.000057403228;0.000105576765;0.000060767581;
2020;04;22;20;1;0.000103716544;0.000060912482;0.000100672404;0.000064370354;
2020;04;22;21;1;0.000117828783;0.000073612735;0.000098799830;0.000073132464;
2020;04;22;22;1;0.000134125761;0.000107289072;0.000099776077;0.000129191922;
2020;04;22;23;1;0.000120390103;0.000105877750;0.000088193391;0.000133898742;
2020;04;22;24;1;0.000097046064;0.000102736819;0.000078844837;0.000126254971;
2020;04;23;1;1;0.000073702986;0.000090520184;0.000071318328;0.000116869443;
2020;04;23;2;1;0.000058849847;0.000079799079;0.000068110261;0.000130041066;
2020;04;23;3;1;0.000051520910;0.000072972350;0.000066425539;0.000130998130;
2020;04;23;4;1;0.000048309454;0.000069265408;0.000065738246;0.000126333587;
2020;04;23;5;1;0.000047094781;0.000067560085;0.000065957574;0.000119855840;
2020;04;23;6;1;0.000048150432;0.000068156072;0.000067889870;0.000112914138;
2020;04;23;7;1;0.000055998517;0.000073371180;0.000075320534;0.000110957787;
2020;04;23;8;1;0.000074213165;0.000071577912;0.000086869784;0.000096682188;
2020;04;23;9;1;0.000088265030;0.000067566791;0.000109762910;0.000070429421;
2020;04;23;10;1;0.000096297645;0.000069788406;0.000127593575;0.000071774968;
2020;04;23;11;1;0.000102557717;0.000070834696;0.000133716095;0.000072281035;
2020;04;23;12;1;0.000104119631;0.000069374238;0.000134782346;0.000071242548;
2020;04;23;13;1;0.000107171802;0.000067971869;0.000135298965;0.000070021495;
2020;04;23;14;1;0.000113223797;0.000067503292;0.000128938158;0.000068651335;
2020;04;23;15;1;0.000110901341;0.000065885190;0.000114895261;0.000065797096;
2020;04;23;16;1;0.000101614767;0.000059944356;0.000110459297;0.000060940668;
2020;04;23;17;1;0.000096443675;0.000056365404;0.000110241836;0.000058771065;
2020;04;23;18;1;0.000096267447;0.000055961114;0.000109602859;0.000058826043;
2020;04;23;19;1;0.000097738278;0.000056967661;0.000104881366;0.000060296733;
2020;04;23;20;1;0.000102805880;0.000060350395;0.000099935573;0.000063739143;
2020;04;23;21;1;0.000116860611;0.000072979537;0.000098104553;0.000072472562;
2020;04;23;22;1;0.000133307693;0.000106619289;0.000099178263;0.000128409827;
2020;04;23;23;1;0.000119794867;0.000105352522;0.000087716114;0.000133302318;
2020;04;23;24;1;0.000096681057;0.000102362019;0.000078465079;0.000125899083;
2020;04;24;1;1;0.000073520262;0.000089554073;0.000071039755;0.000116477799;
2020;04;24;2;1;0.000058728638;0.000078914759;0.000067498335;0.000131043720;
2020;04;24;3;1;0.000050790080;0.000071816677;0.000065847634;0.000131984573;
2020;04;24;4;1;0.000047373567;0.000067904349;0.000065205720;0.000127227700;
2020;04;24;5;1;0.000046163907;0.000066177130;0.000065136900;0.000119984779;
2020;04;24;6;1;0.000047318591;0.000066814321;0.000067055667;0.000112971901;
2020;04;24;7;1;0.000055388969;0.000071899082;0.000074548330;0.000110362570;
2020;04;24;8;1;0.000073977935;0.000069921110;0.000086159394;0.000094945381;
2020;04;24;9;1;0.000087962680;0.000067729811;0.000110049055;0.000072210309;
2020;04;24;10;1;0.000095339803;0.000069525499;0.000128405761;0.000073663703;
2020;04;24;11;1;0.000101048708;0.000070212372;0.000134085921;0.000074352469;
2020;04;24;12;1;0.000102247051;0.000068446769;0.000134772617;0.000072663665;
2020;04;24;13;1;0.000104935061;0.000066808667;0.000135388135;0.000071620815;
2020;04;24;14;1;0.000110699834;0.000066110304;0.000128515059;0.000070346796;
2020;04;24;15;1;0.000109334085;0.000065002554;0.000113104477;0.000067737514;
2020;04;24;16;1;0.000101367253;0.000059924190;0.000106186322;0.000063559904;
2020;04;24;17;1;0.000096589480;0.000056613384;0.000104413138;0.000061326395;
2020;04;24;18;1;0.000095885883;0.000055989760;0.000103353922;0.000061103335;
2020;04;24;19;1;0.000096309604;0.000056524195;0.000100534526;0.000061825440;
2020;04;24;20;1;0.000098831598;0.000058605343;0.000097249545;0.000064039321;
2020;04;24;21;1;0.000108213803;0.000067876561;0.000097922826;0.000070939299;
2020;04;24;22;1;0.000124397123;0.000100010687;0.000101001601;0.000124971802;
2020;04;24;23;1;0.000115312825;0.000101847839;0.000090485668;0.000131254277;
2020;04;24;24;1;0.000096370529;0.000101034286;0.000081629928;0.000124639798;
2020;04;25;1;1;0.000082564488;0.000102277563;0.000078535508;0.000120826189;
2020;04;25;2;1;0.000067262941;0.000091524423;0.000073335666;0.000132555799;
2020;04;25;3;1;0.000057952906;0.000083448461;0.000070737562;0.000132689523;
2020;04;25;4;1;0.000053255538;0.000078662701;0.000069740314;0.000127645658;
2020;04;25;5;1;0.000051147853;0.000076317916;0.000069275419;0.000121212283;
2020;04;25;6;1;0.000050983453;0.000076466589;0.000070205747;0.000115160113;
2020;04;25;7;1;0.000053564477;0.000078839766;0.000072944609;0.000110944075;
2020;04;25;8;1;0.000060131244;0.000067334088;0.000071677455;0.000086460144;
2020;04;25;9;1;0.000075915541;0.000061464486;0.000075234992;0.000059806365;
2020;04;25;10;1;0.000097407448;0.000072455347;0.000085202246;0.000068302050;
2020;04;25;11;1;0.000112367652;0.000079611450;0.000094516134;0.000074288370;
2020;04;25;12;1;0.000116416154;0.000079993505;0.000098529239;0.000075360404;
2020;04;25;13;1;0.000118229842;0.000077415852;0.000100152948;0.000073974356;
2020;04;25;14;1;0.000124707681;0.000075995220;0.000097331103;0.000072455991;
2020;04;25;15;1;0.000123640933;0.000074777802;0.000090607843;0.000070094449;
2020;04;25;16;1;0.000109657917;0.000066460154;0.000087169387;0.000062907800;
2020;04;25;17;1;0.000100314632;0.000060834516;0.000085121088;0.000058530386;
2020;04;25;18;1;0.000096750575;0.000058627642;0.000085621150;0.000057389721;
2020;04;25;19;1;0.000096579345;0.000058619766;0.000085500284;0.000057994139;
2020;04;25;20;1;0.000098390161;0.000060077816;0.000087568404;0.000059990233;
2020;04;25;21;1;0.000108123922;0.000070377860;0.000092971051;0.000066831598;
2020;04;25;22;1;0.000126377357;0.000107271691;0.000100332375;0.000125739885;
2020;04;25;23;1;0.000119119308;0.000110226120;0.000093391361;0.000134212675;
2020;04;25;24;1;0.000101866128;0.000111086225;0.000085729987;0.000127067626;
2020;04;26;1;1;0.000085232730;0.000102832439;0.000079519031;0.000120108878;
2020;04;26;2;1;0.000070176222;0.000092327313;0.000073724506;0.000126956654;
2020;04;26;3;1;0.000060220722;0.000083836429;0.000071003817;0.000125331156;
2020;04;26;4;1;0.000054592707;0.000078485402;0.000069743860;0.000120790717;
2020;04;26;5;1;0.000052039736;0.000075823531;0.000069354165;0.000115799073;
2020;04;26;6;1;0.000051398198;0.000075724111;0.000069870491;0.000111070912;
2020;04;26;7;1;0.000052905185;0.000077558321;0.000071459570;0.000107637046;
2020;04;26;8;1;0.000057174200;0.000064401857;0.000067326417;0.000083960919;
2020;04;26;9;1;0.000069455282;0.000056169157;0.000065964694;0.000054888203;
2020;04;26;10;1;0.000090216037;0.000066651673;0.000071041645;0.000063084641;
2020;04;26;11;1;0.000107588198;0.000075826317;0.000075884366;0.000070016394;
2020;04;26;12;1;0.000114859334;0.000078693561;0.000079847075;0.000073103100;
2020;04;26;13;1;0.000116478685;0.000076523533;0.000082316727;0.000072160456;
2020;04;26;14;1;0.000121271216;0.000074170838;0.000083161787;0.000069813820;
2020;04;26;15;1;0.000119845533;0.000072443577;0.000081309079;0.000067814259;
2020;04;26;16;1;0.000105382230;0.000063780074;0.000078387227;0.000060378773;
2020;04;26;17;1;0.000096615678;0.000058432113;0.000075436797;0.000056446039;
2020;04;26;18;1;0.000093458070;0.000056428876;0.000073183336;0.000055234718;
2020;04;26;19;1;0.000094702854;0.000057118014;0.000072264161;0.000056802716;
2020;04;26;20;1;0.000099314016;0.000060062605;0.000074335387;0.000059358495;
2020;04;26;21;1;0.000113198447;0.000072499540;0.000079951697;0.000068229215;
2020;04;26;22;1;0.000132018714;0.000109689079;0.000091252285;0.000126416219;
2020;04;26;23;1;0.000121124476;0.000110583400;0.000086843139;0.000133728629;
2020;04;26;24;1;0.000100365407;0.000109764462;0.000080147976;0.000126241438;
2020;04;27;1;1;0.000075212303;0.000089408325;0.000070380018;0.000116088024;
2020;04;27;2;1;0.000060235499;0.000078781830;0.000067246575;0.000124257715;
2020;04;27;3;1;0.000052318724;0.000071570574;0.000065762067;0.000123347460;
2020;04;27;4;1;0.000048755192;0.000067654128;0.000065167043;0.000118917190;
2020;04;27;5;1;0.000047382207;0.000065900908;0.000065328902;0.000113826241;
2020;04;27;6;1;0.000048231641;0.000066396384;0.000067364864;0.000109241831;
2020;04;27;7;1;0.000055423709;0.000071458129;0.000074790241;0.000109194795;
2020;04;27;8;1;0.000071753325;0.000069354265;0.000085096642;0.000095048524;
2020;04;27;9;1;0.000085815383;0.000065251718;0.000106317811;0.000069589259;
2020;04;27;10;1;0.000096239327;0.000068806363;0.000123160386;0.000072697631;
2020;04;27;11;1;0.000104215772;0.000070975684;0.000128935336;0.000073826571;
2020;04;27;12;1;0.000106302653;0.000069846472;0.000129822713;0.000073108812;
2020;04;27;13;1;0.000108933215;0.000068198233;0.000129945886;0.000071871545;
2020;04;27;14;1;0.000115225777;0.000067673645;0.000124169272;0.000070871942;
2020;04;27;15;1;0.000113295068;0.000066281044;0.000111030673;0.000067743157;
2020;04;27;16;1;0.000103177445;0.000060021586;0.000106994440;0.000062333911;
2020;04;27;17;1;0.000097061209;0.000055949702;0.000106770393;0.000059402804;
2020;04;27;18;1;0.000096054139;0.000055086452;0.000105826380;0.000059576808;
2020;04;27;19;1;0.000097424367;0.000056019028;0.000101422354;0.000060753144;
2020;04;27;20;1;0.000102648224;0.000059423287;0.000096706715;0.000064356686;
2020;04;27;21;1;0.000117941552;0.000072639009;0.000095957125;0.000073985351;
2020;04;27;22;1;0.000135773452;0.000105719325;0.000098552499;0.000129013059;
2020;04;27;23;1;0.000121861115;0.000104081051;0.000087389119;0.000133559639;
2020;04;27;24;1;0.000096817857;0.000100248616;0.000078616248;0.000125530060;
2020;04;28;1;1;0.000073403946;0.000090194519;0.000071092170;0.000116501171;
2020;04;28;2;1;0.000058624108;0.000079531560;0.000067901960;0.000129670795;
2020;04;28;3;1;0.000051296508;0.000072685554;0.000066205126;0.000130530443;
2020;04;28;4;1;0.000048076914;0.000068957901;0.000065505075;0.000125802002;
2020;04;28;5;1;0.000046925881;0.000067352198;0.000065764356;0.000119555106;
2020;04;28;6;1;0.000047979339;0.000067948725;0.000067692379;0.000112635060;
2020;04;28;7;1;0.000055806362;0.000073157840;0.000075106160;0.000110701891;
2020;04;28;8;1;0.000073973387;0.000071385723;0.000086631297;0.000096486056;
2020;04;28;9;1;0.000088162058;0.000067540747;0.000109573896;0.000070490163;
2020;04;28;10;1;0.000096165147;0.000069745185;0.000127360797;0.000071815609;
2020;04;28;11;1;0.000102458718;0.000070823152;0.000133499652;0.000072363188;
2020;04;28;12;1;0.000104059187;0.000069392577;0.000134590245;0.000071361496;
2020;04;28;13;1;0.000107043283;0.000067943050;0.000135064408;0.000070077995;
2020;04;28;14;1;0.000112997141;0.000067414449;0.000128662805;0.000068630163;
2020;04;28;15;1;0.000110585164;0.000065736352;0.000114600846;0.000065699416;
2020;04;28;16;1;0.000101499801;0.000059923483;0.000110271458;0.000060995694;
2020;04;28;17;1;0.000096234040;0.000056280457;0.000109996924;0.000058738913;
2020;04;28;18;1;0.000096084886;0.000055894038;0.000109374516;0.000058816600;
2020;04;28;19;1;0.000097628807;0.000056948589;0.000104703438;0.000060352342;
2020;04;28;20;1;0.000102744495;0.000060365350;0.000099791933;0.000063844619;
2020;04;28;21;1;0.000116763519;0.000072978639;0.000097952122;0.000072568858;
2020;04;28;22;1;0.000133001093;0.000106443666;0.000098951608;0.000128317180;
2020;04;28;23;1;0.000119721784;0.000105376642;0.000087590257;0.000133517919;
2020;04;28;24;1;0.000096540371;0.000102289420;0.000078319113;0.000125955484;
2020;04;29;1;1;0.000073801326;0.000090608734;0.000071436906;0.000116902203;
2020;04;29;2;1;0.000058972054;0.000079942833;0.000068248973;0.000130210717;
2020;04;29;3;1;0.000051607906;0.000073072394;0.000066547855;0.000131098810;
2020;04;29;4;1;0.000048369482;0.000069326084;0.000065844583;0.000126352718;
2020;04;29;5;1;0.000047199778;0.000067693277;0.000066096918;0.000120037732;
2020;04;29;6;1;0.000048299870;0.000068356696;0.000068062799;0.000113223067;
2020;04;29;7;1;0.000056208566;0.000073640069;0.000075536464;0.000111362047;
2020;04;29;8;1;0.000074435880;0.000071780562;0.000087086351;0.000096933572;
2020;04;29;9;1;0.000088640657;0.000067852410;0.000110104881;0.000070735914;
2020;04;29;10;1;0.000096616981;0.000070010347;0.000127932020;0.000071992668;
2020;04;29;11;1;0.000102808458;0.000070991324;0.000134012861;0.000072412482;
2020;04;29;12;1;0.000104314112;0.000069483153;0.000135042669;0.000071314971;
2020;04;29;13;1;0.000107291680;0.000068022032;0.000135509496;0.000070019975;
2020;04;29;14;1;0.000113310422;0.000067526678;0.000129115712;0.000068616496;
2020;04;29;15;1;0.000110944153;0.000065880315;0.000115031567;0.000065729263;
2020;04;29;16;1;0.000101680655;0.000059957272;0.000110605277;0.000060899504;
2020;04;29;17;1;0.000096567395;0.000056417247;0.000110422584;0.000058783010;
2020;04;29;18;1;0.000096451940;0.000056051994;0.000109817201;0.000058889824;
2020;04;29;19;1;0.000097932241;0.000057064486;0.000105090032;0.000060367819;
2020;04;29;20;1;0.000103120630;0.000060525259;0.000100187932;0.000063909958;
2020;04;29;21;1;0.000117198184;0.000073176966;0.000098343835;0.000072649347;
2020;04;29;22;1;0.000133587898;0.000106814366;0.000099381491;0.000128581901;
2020;04;29;23;1;0.000119838185;0.000105341917;0.000087819016;0.000133160650;
2020;04;29;24;1;0.000096399000;0.000101979454;0.000078427591;0.000125195439;
2020;04;30;1;1;0.000072236457;0.000089108127;0.000069678261;0.000115919496;
2020;04;30;2;1;0.000057662277;0.000078529241;0.000066534269;0.000128933079;
2020;04;30;3;1;0.000050349694;0.000071603514;0.000064803469;0.000129414156;
2020;04;30;4;1;0.000047176415;0.000067910412;0.000064109275;0.000124678256;
2020;04;30;5;1;0.000046038977;0.000066316367;0.000064357435;0.000118458814;
2020;04;30;6;1;0.000047141725;0.000067013126;0.000066292658;0.000111830989;
2020;04;30;7;1;0.000054885863;0.000072229321;0.000073588766;0.000110062689;
2020;04;30;8;1;0.000072748532;0.000070474729;0.000084878097;0.000095920884;
2020;04;30;9;1;0.000086601649;0.000066592651;0.000107294722;0.000069963423;
2020;04;30;10;1;0.000094416488;0.000068728325;0.000124681351;0.000071229548;
2020;04;30;11;1;0.000100375841;0.000069621082;0.000130548582;0.000071554526;
2020;04;30;12;1;0.000101934312;0.000068207793;0.000131608801;0.000070555115;
2020;04;30;13;1;0.000104990186;0.000066876928;0.000132156044;0.000069407905;
2020;04;30;14;1;0.000110962203;0.000066444562;0.000125967876;0.000068086178;
2020;04;30;15;1;0.000108632588;0.000064816383;0.000112220666;0.000065210983;
2020;04;30;16;1;0.000099569020;0.000058993726;0.000107905634;0.000060425923;
2020;04;30;17;1;0.000094484716;0.000055460271;0.000107683195;0.000058259977;
2020;04;30;18;1;0.000094304245;0.000055057402;0.000107054592;0.000058307777;
2020;04;30;19;1;0.000095619261;0.000055965811;0.000102375736;0.000059656210;
2020;04;30;20;1;0.000100632159;0.000059325218;0.000097574749;0.000063110232;
2020;04;30;21;1;0.000114239525;0.000071635043;0.000095724437;0.000071626073;
2020;04;30;22;1;0.000130196539;0.000104547351;0.000096726315;0.000126748327;
2020;04;30;23;1;0.000116928193;0.000103235861;0.000085521284;0.000131467916;
2020;04;30;24;1;0.000094044216;0.000099924105;0.000076369972;0.000123578280;
