AŃO;MES;DIA;HORA;VERANO(1)/INVIERNO(0);COEF. PERFIL A;COEF. PERFIL B;COEF. PERFIL C;COEF. PERFIL D;
2015;10;01;1;1;0.000094042535;0.000186920612;0.000071076595;0.000059234582;
2015;10;01;2;1;0.000068414878;0.000181683597;0.000069965471;0.000500271216;
2015;10;01;3;1;0.000056642336;0.000169186086;0.000068430859;0.000446501113;
2015;10;01;4;1;0.000049508877;0.000150295017;0.000066694726;0.000273424207;
2015;10;01;5;1;0.000044749615;0.000133143702;0.000066310025;0.000122365645;
2015;10;01;6;1;0.000044805535;0.000120307365;0.000071351628;0.000057655255;
2015;10;01;7;1;0.000051779280;0.000097901380;0.000085588214;0.000051691458;
2015;10;01;8;1;0.000073097767;0.000089473363;0.000098726005;0.000053967617;
2015;10;01;9;1;0.000095471041;0.000081254752;0.000112414356;0.000056047961;
2015;10;01;10;1;0.000095279697;0.000079159760;0.000152108607;0.000049792476;
2015;10;01;11;1;0.000092766994;0.000067795262;0.000185768618;0.000046650694;
2015;10;01;12;1;0.000097419025;0.000069063633;0.000192651751;0.000048255114;
2015;10;01;13;1;0.000102465412;0.000069791274;0.000193535523;0.000050556887;
2015;10;01;14;1;0.000109978781;0.000078106444;0.000169069750;0.000054359118;
2015;10;01;15;1;0.000122458240;0.000085554843;0.000124654909;0.000060355340;
2015;10;01;16;1;0.000121583985;0.000086281745;0.000115960729;0.000060346689;
2015;10;01;17;1;0.000116453838;0.000075457243;0.000120021992;0.000061305378;
2015;10;01;18;1;0.000116189666;0.000071624509;0.000129112875;0.000067950978;
2015;10;01;19;1;0.000112998068;0.000072068989;0.000126639276;0.000072858722;
2015;10;01;20;1;0.000111986431;0.000076230523;0.000121893940;0.000078808060;
2015;10;01;21;1;0.000125122564;0.000086658783;0.000123707489;0.000089484268;
2015;10;01;22;1;0.000145064851;0.000097686612;0.000100141503;0.000094692869;
2015;10;01;23;1;0.000153794737;0.000112656254;0.000080810859;0.000090213893;
2015;10;01;24;1;0.000130266092;0.000188199026;0.000071571966;0.000082606449;
2015;10;02;1;1;0.000093385177;0.000184037419;0.000069179594;0.000058931758;
2015;10;02;2;1;0.000065647776;0.000178753364;0.000068276477;0.000497854580;
2015;10;02;3;1;0.000054050439;0.000166223391;0.000067235859;0.000444800125;
2015;10;02;4;1;0.000044551410;0.000150023592;0.000065193914;0.000270780537;
2015;10;02;5;1;0.000042263096;0.000138902072;0.000065312951;0.000121559948;
2015;10;02;6;1;0.000042354020;0.000115283389;0.000070443610;0.000056344453;
2015;10;02;7;1;0.000047005605;0.000095447450;0.000084456920;0.000049460590;
2015;10;02;8;1;0.000072946093;0.000087673577;0.000096624807;0.000053899795;
2015;10;02;9;1;0.000095496178;0.000080132739;0.000110925387;0.000056102967;
2015;10;02;10;1;0.000095544679;0.000078055835;0.000150560827;0.000049918815;
2015;10;02;11;1;0.000093135295;0.000064329575;0.000187736278;0.000046682106;
2015;10;02;12;1;0.000097716278;0.000065327506;0.000194607032;0.000048250556;
2015;10;02;13;1;0.000102623263;0.000065890826;0.000194906219;0.000050502048;
2015;10;02;14;1;0.000110275031;0.000078551749;0.000172475500;0.000054578843;
2015;10;02;15;1;0.000122520928;0.000083849263;0.000123513793;0.000060398988;
2015;10;02;16;1;0.000121759241;0.000085007857;0.000114849358;0.000060449846;
2015;10;02;17;1;0.000116471240;0.000075849152;0.000118392974;0.000061443607;
2015;10;02;18;1;0.000116115072;0.000071777832;0.000126881942;0.000068053762;
2015;10;02;19;1;0.000113074383;0.000072129015;0.000125368463;0.000073027992;
2015;10;02;20;1;0.000112225927;0.000072449018;0.000121102750;0.000078873063;
2015;10;02;21;1;0.000125057664;0.000082320831;0.000121775012;0.000089395744;
2015;10;02;22;1;0.000144640201;0.000098449342;0.000097519784;0.000094718423;
2015;10;02;23;1;0.000155621201;0.000116400945;0.000078147347;0.000091443561;
2015;10;02;24;1;0.000146154509;0.000207945490;0.000070032987;0.000091091498;
2015;10;03;1;1;0.000122152558;0.000226060423;0.000047440956;0.000073334768;
2015;10;03;2;1;0.000108004701;0.000213521652;0.000046428377;0.000485837651;
2015;10;03;3;1;0.000086094977;0.000191140981;0.000045379297;0.000430905849;
2015;10;03;4;1;0.000063949586;0.000177334169;0.000045134071;0.000263709786;
2015;10;03;5;1;0.000059163584;0.000167770567;0.000045513998;0.000123870072;
2015;10;03;6;1;0.000059453218;0.000161992604;0.000047321590;0.000064162213;
2015;10;03;7;1;0.000059583260;0.000144137873;0.000052947622;0.000055895244;
2015;10;03;8;1;0.000062238458;0.000116690381;0.000064161771;0.000049132917;
2015;10;03;9;1;0.000064350664;0.000083982854;0.000077336580;0.000041136790;
2015;10;03;10;1;0.000076805280;0.000063004889;0.000100341251;0.000040004860;
2015;10;03;11;1;0.000091427865;0.000063423729;0.000120180332;0.000045351210;
2015;10;03;12;1;0.000101219649;0.000060527041;0.000124524772;0.000049109573;
2015;10;03;13;1;0.000108832841;0.000060565569;0.000123855320;0.000052548314;
2015;10;03;14;1;0.000119335788;0.000066079437;0.000111729009;0.000057523902;
2015;10;03;15;1;0.000127730243;0.000074380052;0.000072822082;0.000061634922;
2015;10;03;16;1;0.000127236932;0.000076987247;0.000069423983;0.000061835263;
2015;10;03;17;1;0.000119469123;0.000063399988;0.000071626035;0.000061247460;
2015;10;03;18;1;0.000114223794;0.000057943590;0.000086348888;0.000065162337;
2015;10;03;19;1;0.000103252357;0.000060438800;0.000087151734;0.000066300600;
2015;10;03;20;1;0.000104115426;0.000065483852;0.000083057755;0.000072783318;
2015;10;03;21;1;0.000129389198;0.000071038755;0.000082634425;0.000088437286;
2015;10;03;22;1;0.000154602679;0.000104270728;0.000075242020;0.000097404814;
2015;10;03;23;1;0.000159130576;0.000116825328;0.000062957825;0.000091481493;
2015;10;03;24;1;0.000144307382;0.000216826571;0.000057615649;0.000089149139;
2015;10;04;1;1;0.000133918294;0.000225371636;0.000046981541;0.000076152366;
2015;10;04;2;1;0.000105201713;0.000221111879;0.000046389953;0.000388325709;
2015;10;04;3;1;0.000080588896;0.000199764064;0.000044917058;0.000341487121;
2015;10;04;4;1;0.000073706004;0.000188128342;0.000045202115;0.000217546842;
2015;10;04;5;1;0.000071438018;0.000172156682;0.000045641436;0.000109245909;
2015;10;04;6;1;0.000069044140;0.000145025910;0.000047611605;0.000060537292;
2015;10;04;7;1;0.000059365808;0.000118586624;0.000051438104;0.000049143499;
2015;10;04;8;1;0.000057136109;0.000093110532;0.000057716188;0.000041779090;
2015;10;04;9;1;0.000061983880;0.000063542999;0.000064244646;0.000036803514;
2015;10;04;10;1;0.000074619894;0.000053822385;0.000080923180;0.000037486900;
2015;10;04;11;1;0.000097401460;0.000054050271;0.000101348242;0.000046567658;
2015;10;04;12;1;0.000107043343;0.000056376680;0.000103220045;0.000050589419;
2015;10;04;13;1;0.000112268938;0.000056418954;0.000103201470;0.000052892179;
2015;10;04;14;1;0.000115267453;0.000061475344;0.000100348700;0.000054418100;
2015;10;04;15;1;0.000125413459;0.000066467410;0.000060696365;0.000059172368;
2015;10;04;16;1;0.000117420978;0.000071342434;0.000057904928;0.000056093701;
2015;10;04;17;1;0.000107074975;0.000058862526;0.000061672532;0.000053690492;
2015;10;04;18;1;0.000102188784;0.000053920330;0.000068833191;0.000056350321;
2015;10;04;19;1;0.000098821097;0.000056230088;0.000068830825;0.000059650153;
2015;10;04;20;1;0.000102714124;0.000058498334;0.000066303706;0.000066085572;
2015;10;04;21;1;0.000130457325;0.000063564870;0.000065848914;0.000081742630;
2015;10;04;22;1;0.000155309200;0.000085837319;0.000063865350;0.000090693963;
2015;10;04;23;1;0.000167393063;0.000098143416;0.000058504298;0.000089996424;
2015;10;04;24;1;0.000147784971;0.000153111549;0.000053428522;0.000083454856;
2015;10;05;1;1;0.000110812942;0.000180197712;0.000054960625;0.000065309234;
2015;10;05;2;1;0.000079396010;0.000175569932;0.000056213433;0.000506719827;
2015;10;05;3;1;0.000054734196;0.000167680445;0.000057791996;0.000448014870;
2015;10;05;4;1;0.000047258785;0.000137536524;0.000060388902;0.000273147640;
2015;10;05;5;1;0.000044755188;0.000118498172;0.000067259249;0.000121864325;
2015;10;05;6;1;0.000044743307;0.000102483118;0.000073743336;0.000056386575;
2015;10;05;7;1;0.000051733057;0.000089617855;0.000088105112;0.000050714230;
2015;10;05;8;1;0.000073807602;0.000080937866;0.000100926526;0.000053080688;
2015;10;05;9;1;0.000099760765;0.000077350785;0.000116864863;0.000056777372;
2015;10;05;10;1;0.000099595131;0.000076939945;0.000161073940;0.000050609107;
2015;10;05;11;1;0.000097254892;0.000063574829;0.000195416252;0.000047441780;
2015;10;05;12;1;0.000102062915;0.000065181489;0.000202098032;0.000049090536;
2015;10;05;13;1;0.000107179726;0.000066044784;0.000201331123;0.000051398660;
2015;10;05;14;1;0.000115051128;0.000076714599;0.000173896572;0.000055393873;
2015;10;05;15;1;0.000127653428;0.000081665368;0.000126505513;0.000061243142;
2015;10;05;16;1;0.000126733911;0.000082273181;0.000117814613;0.000061220304;
2015;10;05;17;1;0.000121060503;0.000073997176;0.000120366096;0.000062156887;
2015;10;05;18;1;0.000120864267;0.000070721017;0.000132235806;0.000068848391;
2015;10;05;19;1;0.000117373556;0.000072112880;0.000128877880;0.000073696268;
2015;10;05;20;1;0.000116609859;0.000072756792;0.000125537346;0.000079577581;
2015;10;05;21;1;0.000130222034;0.000086011088;0.000124145403;0.000090465052;
2015;10;05;22;1;0.000150256211;0.000101530701;0.000098515297;0.000095760726;
2015;10;05;23;1;0.000159681682;0.000121524511;0.000080765898;0.000091773438;
2015;10;05;24;1;0.000135153468;0.000199172789;0.000070952068;0.000083968921;
2015;10;06;1;1;0.000094627935;0.000188360120;0.000070815953;0.000059190574;
2015;10;06;2;1;0.000068924322;0.000183158969;0.000070037433;0.000500316931;
2015;10;06;3;1;0.000057238363;0.000170740421;0.000069278837;0.000447484405;
2015;10;06;4;1;0.000049998570;0.000151642902;0.000067365233;0.000273907875;
2015;10;06;5;1;0.000045193037;0.000134338626;0.000066980419;0.000122583630;
2015;10;06;6;1;0.000045252135;0.000121389490;0.000072089481;0.000057760264;
2015;10;06;7;1;0.000052215083;0.000098729443;0.000085978397;0.000051730651;
2015;10;06;8;1;0.000073884919;0.000090303005;0.000100038437;0.000054095576;
2015;10;06;9;1;0.000096767838;0.000082086877;0.000115115865;0.000056288709;
2015;10;06;10;1;0.000096792326;0.000080032634;0.000157115840;0.000050084257;
2015;10;06;11;1;0.000094403457;0.000068583694;0.000193174046;0.000046980163;
2015;10;06;12;1;0.000099133067;0.000069865735;0.000200295859;0.000048594405;
2015;10;06;13;1;0.000104070343;0.000070555898;0.000199728573;0.000050845909;
2015;10;06;14;1;0.000111798857;0.000078986414;0.000175007489;0.000054703094;
2015;10;06;15;1;0.000123991133;0.000086399974;0.000127121495;0.000060570844;
2015;10;06;16;1;0.000122934867;0.000087092027;0.000117649013;0.000060503942;
2015;10;06;17;1;0.000117676059;0.000076149911;0.000121486476;0.000061439348;
2015;10;06;18;1;0.000117325200;0.000072264263;0.000130326816;0.000068065978;
2015;10;06;19;1;0.000114014514;0.000072693734;0.000127427167;0.000072943577;
2015;10;06;20;1;0.000113067744;0.000076908762;0.000122950616;0.000078935527;
2015;10;06;21;1;0.000126347794;0.000087433468;0.000124874411;0.000089636955;
2015;10;06;22;1;0.000146001374;0.000098447249;0.000099835839;0.000094637994;
2015;10;06;23;1;0.000154904612;0.000113563403;0.000080783007;0.000090208883;
2015;10;06;24;1;0.000131044696;0.000189634626;0.000071201237;0.000082532028;
2015;10;07;1;1;0.000093879394;0.000186820586;0.000070324793;0.000059143266;
2015;10;07;2;1;0.000068354058;0.000181639317;0.000069449571;0.000499791585;
2015;10;07;3;1;0.000056696647;0.000169253389;0.000068390695;0.000446643654;
2015;10;07;4;1;0.000049660929;0.000150465006;0.000067173389;0.000273910919;
2015;10;07;5;1;0.000044899708;0.000133307304;0.000066856168;0.000122607346;
2015;10;07;6;1;0.000044942752;0.000120443101;0.000071860732;0.000057757551;
2015;10;07;7;1;0.000051923198;0.000098002119;0.000086113598;0.000051773005;
2015;10;07;8;1;0.000073352901;0.000089587555;0.000099587606;0.000054079312;
2015;10;07;9;1;0.000095967269;0.000081405573;0.000114166295;0.000056229464;
2015;10;07;10;1;0.000095710338;0.000079288092;0.000154098287;0.000049930393;
2015;10;07;11;1;0.000093309877;0.000067936060;0.000189167770;0.000046822590;
2015;10;07;12;1;0.000097906104;0.000069186869;0.000195543052;0.000048404637;
2015;10;07;13;1;0.000102746023;0.000069861757;0.000194737796;0.000050634981;
2015;10;07;14;1;0.000110508891;0.000078241607;0.000171427419;0.000054521236;
2015;10;07;15;1;0.000122500953;0.000085570779;0.000124301086;0.000060349158;
2015;10;07;16;1;0.000121319341;0.000086222707;0.000114523446;0.000060235461;
2015;10;07;17;1;0.000116102675;0.000075384027;0.000118135893;0.000061157117;
2015;10;07;18;1;0.000115672367;0.000071519793;0.000126360265;0.000067719580;
2015;10;07;19;1;0.000112500865;0.000071965563;0.000123907987;0.000072613849;
2015;10;07;20;1;0.000111843748;0.000076202927;0.000120731370;0.000078712668;
2015;10;07;21;1;0.000125290151;0.000086704522;0.000123819810;0.000089536209;
2015;10;07;22;1;0.000144692184;0.000097606504;0.000098754226;0.000094492678;
2015;10;07;23;1;0.000153404197;0.000112565377;0.000079688476;0.000090025283;
2015;10;07;24;1;0.000129988872;0.000188074058;0.000070686214;0.000082457230;
2015;10;08;1;1;0.000093237259;0.000185799198;0.000069468397;0.000059096338;
2015;10;08;2;1;0.000067800577;0.000180566875;0.000068283463;0.000498957651;
2015;10;08;3;1;0.000056226903;0.000168242857;0.000067198034;0.000445839568;
2015;10;08;4;1;0.000049265753;0.000149583745;0.000066083598;0.000273480202;
2015;10;08;5;1;0.000044569094;0.000132554125;0.000065915958;0.000122465303;
2015;10;08;6;1;0.000044621277;0.000119771407;0.000070905715;0.000057699093;
2015;10;08;7;1;0.000051714475;0.000097562386;0.000085956279;0.000051833548;
2015;10;08;8;1;0.000072863915;0.000089103130;0.000098440470;0.000054042919;
2015;10;08;9;1;0.000095469158;0.000081006947;0.000113482206;0.000056249249;
2015;10;08;10;1;0.000095293766;0.000078922698;0.000153669300;0.000049976946;
2015;10;08;11;1;0.000092727090;0.000067578594;0.000187286580;0.000046804754;
2015;10;08;12;1;0.000097361617;0.000068839142;0.000194107268;0.000048409164;
2015;10;08;13;1;0.000102077376;0.000069487843;0.000192607734;0.000050606491;
2015;10;08;14;1;0.000109721872;0.000077806191;0.000169161516;0.000054467289;
2015;10;08;15;1;0.000121645262;0.000085098612;0.000122722126;0.000060295165;
2015;10;08;16;1;0.000120380343;0.000085724584;0.000112735823;0.000060150101;
2015;10;08;17;1;0.000115268903;0.000074963096;0.000116538163;0.000061094180;
2015;10;08;18;1;0.000114924975;0.000071138142;0.000125001265;0.000067683650;
2015;10;08;19;1;0.000111753323;0.000071577017;0.000122485858;0.000072566121;
2015;10;08;20;1;0.000111137720;0.000075800120;0.000119506834;0.000078678948;
2015;10;08;21;1;0.000124451004;0.000086234803;0.000122375135;0.000089474059;
2015;10;08;22;1;0.000143752095;0.000097084452;0.000097678032;0.000094440205;
2015;10;08;23;1;0.000152653326;0.000112025367;0.000079309711;0.000090075207;
2015;10;08;24;1;0.000129039452;0.000187015976;0.000069696681;0.000082365383;
2015;10;09;1;1;0.000092010756;0.000181342738;0.000068186962;0.000058823559;
2015;10;09;2;1;0.000064748847;0.000176200311;0.000067543126;0.000497299826;
2015;10;09;3;1;0.000053218646;0.000163751792;0.000066086503;0.000443776693;
2015;10;09;4;1;0.000043992465;0.000147940735;0.000064767358;0.000270696721;
2015;10;09;5;1;0.000041629736;0.000136856127;0.000064294118;0.000121314571;
2015;10;09;6;1;0.000041657892;0.000113527377;0.000068966196;0.000056173496;
2015;10;09;7;1;0.000046146589;0.000093932506;0.000082118290;0.000049246703;
2015;10;09;8;1;0.000071562485;0.000086260900;0.000093703925;0.000053640520;
2015;10;09;9;1;0.000093601793;0.000078817582;0.000107203021;0.000055799035;
2015;10;09;10;1;0.000093749177;0.000076802934;0.000146101863;0.000049684856;
2015;10;09;11;1;0.000091368339;0.000063293012;0.000182048597;0.000046457457;
2015;10;09;12;1;0.000095834669;0.000064268468;0.000188501422;0.000048008788;
2015;10;09;13;1;0.000100362384;0.000064759423;0.000186763040;0.000050150953;
2015;10;09;14;1;0.000107943719;0.000077226836;0.000165873693;0.000054233198;
2015;10;09;15;1;0.000119834958;0.000082411987;0.000118446617;0.000059983218;
2015;10;09;16;1;0.000119058821;0.000083543596;0.000110003900;0.000060023175;
2015;10;09;17;1;0.000113944649;0.000074555693;0.000113591490;0.000061031032;
2015;10;09;18;1;0.000113535682;0.000070541063;0.000121471373;0.000067572167;
2015;10;09;19;1;0.000110523029;0.000070877926;0.000119820355;0.000072493779;
2015;10;09;20;1;0.000109948413;0.000071249035;0.000116789236;0.000078421110;
2015;10;09;21;1;0.000122959176;0.000081056491;0.000119105776;0.000089102333;
2015;10;09;22;1;0.000142079333;0.000096906091;0.000095030194;0.000094346522;
2015;10;09;23;1;0.000153573591;0.000114758642;0.000077507121;0.000091374904;
2015;10;09;24;1;0.000144073479;0.000204933876;0.000069175075;0.000090954232;
2015;10;10;1;1;0.000120832588;0.000223947913;0.000046733243;0.000073206741;
2015;10;10;2;1;0.000106748384;0.000211465721;0.000045587500;0.000484710839;
2015;10;10;3;1;0.000085196708;0.000189379527;0.000044764399;0.000430265605;
2015;10;10;4;1;0.000063316456;0.000175732560;0.000044613751;0.000263415743;
2015;10;10;5;1;0.000058512588;0.000166191556;0.000044798175;0.000123636961;
2015;10;10;6;1;0.000058650304;0.000160327615;0.000046135696;0.000063929599;
2015;10;10;7;1;0.000058874470;0.000142736739;0.000051938447;0.000055755290;
2015;10;10;8;1;0.000061588370;0.000115614873;0.000063281564;0.000049059644;
2015;10;10;9;1;0.000063639606;0.000083191111;0.000076105576;0.000041058058;
2015;10;10;10;1;0.000075807962;0.000062368670;0.000098020574;0.000039874329;
2015;10;10;11;1;0.000090236573;0.000062782361;0.000117375062;0.000045201862;
2015;10;10;12;1;0.000099802541;0.000059894686;0.000121161113;0.000048914683;
2015;10;10;13;1;0.000107171376;0.000059906217;0.000119928771;0.000052293383;
2015;10;10;14;1;0.000117510132;0.000065359026;0.000108195724;0.000057243296;
2015;10;10;15;1;0.000125901522;0.000073594130;0.000070798274;0.000061376187;
2015;10;10;16;1;0.000125661054;0.000076225721;0.000067977766;0.000061659265;
2015;10;10;17;1;0.000117914458;0.000062759066;0.000069966794;0.000061046330;
2015;10;10;18;1;0.000112868920;0.000057381024;0.000084713824;0.000065000739;
2015;10;10;19;1;0.000102047886;0.000059856157;0.000085562589;0.000066145290;
2015;10;10;20;1;0.000103381874;0.000064955857;0.000083067602;0.000072845568;
2015;10;10;21;1;0.000128651216;0.000070499240;0.000083041434;0.000088595942;
2015;10;10;22;1;0.000153227437;0.000103364961;0.000074668166;0.000097364139;
2015;10;10;23;1;0.000157669248;0.000115798787;0.000062411946;0.000091424886;
2015;10;10;24;1;0.000143024956;0.000214943301;0.000057183399;0.000089112281;
2015;10;11;1;1;0.000132644857;0.000222921503;0.000046531094;0.000076062046;
2015;10;11;2;1;0.000104336621;0.000218806261;0.000046167898;0.000388212911;
2015;10;11;3;1;0.000080048831;0.000197784753;0.000044972005;0.000341747717;
2015;10;11;4;1;0.000073149790;0.000186211285;0.000045092381;0.000217586918;
2015;10;11;5;1;0.000070935143;0.000170432971;0.000045611577;0.000109304882;
2015;10;11;6;1;0.000068733273;0.000143700767;0.000048034783;0.000060676868;
2015;10;11;7;1;0.000058990374;0.000117429234;0.000051528753;0.000049194768;
2015;10;11;8;1;0.000056783527;0.000092207311;0.000057834013;0.000041827389;
2015;10;11;9;1;0.000061595737;0.000062924402;0.000064362960;0.000036843617;
2015;10;11;10;1;0.000074167650;0.000053302408;0.000081116517;0.000037533169;
2015;10;11;11;1;0.000096336946;0.000053437029;0.000099758845;0.000046467096;
2015;10;11;12;1;0.000106033831;0.000055766231;0.000102178726;0.000050532972;
2015;10;11;13;1;0.000110841418;0.000055743846;0.000100908486;0.000052712000;
2015;10;11;14;1;0.000113443890;0.000060673312;0.000096988231;0.000054114631;
2015;10;11;15;1;0.000123587767;0.000065629434;0.000058942877;0.000058894592;
2015;10;11;16;1;0.000115713133;0.000070443427;0.000056230815;0.000055830962;
2015;10;11;17;1;0.000105501385;0.000058117768;0.000059851493;0.000053433401;
2015;10;11;18;1;0.000100405407;0.000053186555;0.000066103896;0.000055972122;
2015;10;11;19;1;0.000096935419;0.000055433805;0.000065649360;0.000059182681;
2015;10;11;20;1;0.000100824520;0.000057684503;0.000063368596;0.000065599989;
2015;10;11;21;1;0.000127894018;0.000062652679;0.000062645545;0.000081070251;
2015;10;11;22;1;0.000152066650;0.000084568991;0.000060467072;0.000089870233;
2015;10;11;23;1;0.000163904441;0.000096694776;0.000055391922;0.000089181587;
2015;10;11;24;1;0.000145237932;0.000151041328;0.000051322603;0.000082908357;
2015;10;12;1;1;0.000133247027;0.000224921179;0.000045918762;0.000075999727;
2015;10;12;2;1;0.000104619039;0.000220628986;0.000045257556;0.000387404823;
2015;10;12;3;1;0.000080216078;0.000199390481;0.000043977103;0.000340892274;
2015;10;12;4;1;0.000073505042;0.000187898126;0.000044599834;0.000217451552;
2015;10;12;5;1;0.000071267782;0.000171966113;0.000045096270;0.000109223804;
2015;10;12;6;1;0.000069069193;0.000145002361;0.000047541879;0.000060639732;
2015;10;12;7;1;0.000059471590;0.000118625482;0.000051636719;0.000049274863;
2015;10;12;8;1;0.000057510859;0.000093295101;0.000058961150;0.000042028916;
2015;10;12;9;1;0.000062573121;0.000063733447;0.000066349986;0.000037098466;
2015;10;12;10;1;0.000075134775;0.000053935507;0.000082766206;0.000037719961;
2015;10;12;11;1;0.000097759338;0.000054103717;0.000102424762;0.000046753386;
2015;10;12;12;1;0.000107624939;0.000056466584;0.000105005016;0.000050852624;
2015;10;12;13;1;0.000112518599;0.000056446308;0.000103749887;0.000053049948;
2015;10;12;14;1;0.000115348389;0.000061472788;0.000100313226;0.000054523135;
2015;10;12;15;1;0.000125507220;0.000066465713;0.000060684339;0.000059288458;
2015;10;12;16;1;0.000117324741;0.000071301739;0.000057562225;0.000056142791;
2015;10;12;17;1;0.000107098127;0.000058850079;0.000061543849;0.000053775984;
2015;10;12;18;1;0.000101984509;0.000053867548;0.000068124715;0.000056353634;
2015;10;12;19;1;0.000098664998;0.000056183344;0.000068222067;0.000059671107;
2015;10;12;20;1;0.000102645689;0.000058468141;0.000065945262;0.000066150495;
2015;10;12;21;1;0.000130564725;0.000063564578;0.000065870107;0.000081906874;
2015;10;12;22;1;0.000154924207;0.000085739467;0.000063079220;0.000090669610;
2015;10;12;23;1;0.000166019804;0.000097838540;0.000056497621;0.000089617025;
2015;10;12;24;1;0.000146345153;0.000152554749;0.000051284114;0.000083014366;
2015;10;13;1;1;0.000090268185;0.000183191443;0.000062768695;0.000058542782;
2015;10;13;2;1;0.000065668425;0.000178054768;0.000061843576;0.000494415847;
2015;10;13;3;1;0.000054387021;0.000165825637;0.000060578065;0.000441377015;
2015;10;13;4;1;0.000047637317;0.000147416164;0.000059515050;0.000270677067;
2015;10;13;5;1;0.000043107874;0.000130645697;0.000059429500;0.000121233155;
2015;10;13;6;1;0.000043375832;0.000118250348;0.000065196789;0.000057316253;
2015;10;13;7;1;0.000050567292;0.000096518524;0.000080824670;0.000051698589;
2015;10;13;8;1;0.000071828527;0.000088398169;0.000095400272;0.000054205636;
2015;10;13;9;1;0.000094709170;0.000080542247;0.000112588951;0.000056665620;
2015;10;13;10;1;0.000094554113;0.000078475264;0.000152585391;0.000050353777;
2015;10;13;11;1;0.000092200260;0.000067243985;0.000187453004;0.000047225808;
2015;10;13;12;1;0.000096576472;0.000068441494;0.000192539625;0.000048763796;
2015;10;13;13;1;0.000101489333;0.000069141941;0.000192712981;0.000051058980;
2015;10;13;14;1;0.000109178052;0.000077441327;0.000169689745;0.000054985530;
2015;10;13;15;1;0.000120938982;0.000084674635;0.000122705316;0.000060833025;
2015;10;13;16;1;0.000119827313;0.000085332182;0.000113311286;0.000060736910;
2015;10;13;17;1;0.000114570947;0.000074581658;0.000116520031;0.000061627338;
2015;10;13;18;1;0.000114109129;0.000070750316;0.000124502654;0.000068224661;
2015;10;13;19;1;0.000111157179;0.000071229453;0.000122903224;0.000073234855;
2015;10;13;20;1;0.000110886252;0.000075510891;0.000121439962;0.000079571638;
2015;10;13;21;1;0.000123899602;0.000085844277;0.000123120180;0.000090356524;
2015;10;13;22;1;0.000142994789;0.000096617622;0.000097917846;0.000095317130;
2015;10;13;23;1;0.000151604012;0.000111424097;0.000079035525;0.000090809976;
2015;10;13;24;1;0.000128232444;0.000186051406;0.000069635222;0.000083072649;
2015;10;14;1;1;0.000092779459;0.000185346657;0.000068545614;0.000059010618;
2015;10;14;2;1;0.000067512573;0.000180168208;0.000067549995;0.000498462044;
2015;10;14;3;1;0.000055973488;0.000167856083;0.000066414980;0.000445316142;
2015;10;14;4;1;0.000049002310;0.000149196038;0.000065111992;0.000272999435;
2015;10;14;5;1;0.000044319677;0.000132199079;0.000064886815;0.000122228860;
2015;10;14;6;1;0.000044384560;0.000119462635;0.000069876767;0.000057599311;
2015;10;14;7;1;0.000051310390;0.000097225604;0.000083923409;0.000051653589;
2015;10;14;8;1;0.000072695086;0.000088966082;0.000098087473;0.000054061571;
2015;10;14;9;1;0.000095448687;0.000080941251;0.000113971354;0.000056350525;
2015;10;14;10;1;0.000095246236;0.000078850870;0.000154173211;0.000050057055;
2015;10;14;11;1;0.000092661887;0.000067512252;0.000187764898;0.000046873116;
2015;10;14;12;1;0.000097175333;0.000068742833;0.000193710630;0.000048439373;
2015;10;14;13;1;0.000101957227;0.000069408284;0.000192751227;0.000050663837;
2015;10;14;14;1;0.000109307623;0.000077647202;0.000167636017;0.000054431054;
2015;10;14;15;1;0.000121096816;0.000084903028;0.000121285320;0.000060224375;
2015;10;14;16;1;0.000120089518;0.000085589796;0.000112290094;0.000060166741;
2015;10;14;17;1;0.000114888089;0.000074822366;0.000115677666;0.000061073655;
2015;10;14;18;1;0.000114463730;0.000070987324;0.000123728857;0.000067627835;
2015;10;14;19;1;0.000111366877;0.000071439037;0.000121492069;0.000072534197;
2015;10;14;20;1;0.000111143549;0.000075744547;0.000120228476;0.000078834057;
2015;10;14;21;1;0.000124621785;0.000086211424;0.000123683005;0.000089732672;
2015;10;14;22;1;0.000143878209;0.000097042049;0.000098514538;0.000094681312;
2015;10;14;23;1;0.000152626223;0.000111935553;0.000079675575;0.000090239386;
2015;10;14;24;1;0.000129242160;0.000186978003;0.000070495639;0.000082614724;
2015;10;15;1;1;0.000093023993;0.000185553611;0.000069323747;0.000059119112;
2015;10;15;2;1;0.000067577870;0.000180265733;0.000067888236;0.000498804996;
2015;10;15;3;1;0.000055933922;0.000167849598;0.000066333018;0.000445107318;
2015;10;15;4;1;0.000048926509;0.000149146784;0.000064829128;0.000272712800;
2015;10;15;5;1;0.000044255684;0.000132160167;0.000064629555;0.000122109238;
2015;10;15;6;1;0.000044315907;0.000119423148;0.000069574643;0.000057538815;
2015;10;15;7;1;0.000051253609;0.000097208369;0.000083695317;0.000051615088;
2015;10;15;8;1;0.000072519913;0.000088909873;0.000097357747;0.000053972431;
2015;10;15;9;1;0.000095322257;0.000080920850;0.000113565270;0.000056300074;
2015;10;15;10;1;0.000095112882;0.000078828988;0.000153575558;0.000050009660;
2015;10;15;11;1;0.000092567953;0.000067502577;0.000187304385;0.000046841267;
2015;10;15;12;1;0.000096901101;0.000068690148;0.000191899683;0.000048346076;
2015;10;15;13;1;0.000101552244;0.000069327479;0.000190117626;0.000050526017;
2015;10;15;14;1;0.000109193455;0.000077635180;0.000167212374;0.000054392869;
2015;10;15;15;1;0.000121174523;0.000084939415;0.000121745273;0.000060252265;
2015;10;15;16;1;0.000120225792;0.000085640906;0.000112934038;0.000060214980;
2015;10;15;17;1;0.000115044935;0.000074872867;0.000116451703;0.000061132230;
2015;10;15;18;1;0.000114670089;0.000071045791;0.000124776270;0.000067712961;
2015;10;15;19;1;0.000111566878;0.000071497499;0.000122535558;0.000072624952;
2015;10;15;20;1;0.000111489902;0.000075840501;0.000121906674;0.000079003960;
2015;10;15;21;1;0.000124850634;0.000086283703;0.000124726177;0.000089847972;
2015;10;15;22;1;0.000143980970;0.000097086020;0.000098917445;0.000094729852;
2015;10;15;23;1;0.000152962310;0.000112043590;0.000080455726;0.000090378151;
2015;10;15;24;1;0.000129449483;0.000187119824;0.000071027415;0.000082707661;
2015;10;16;1;1;0.000092687722;0.000183271099;0.000067747898;0.000058849492;
2015;10;16;2;1;0.000065040787;0.000177898343;0.000066422670;0.000496543505;
2015;10;16;3;1;0.000053525214;0.000165400625;0.000065302248;0.000443481871;
2015;10;16;4;1;0.000044223249;0.000149403646;0.000063881436;0.000270420828;
2015;10;16;5;1;0.000041854485;0.000138216978;0.000063444915;0.000121203885;
2015;10;16;6;1;0.000041993369;0.000114760667;0.000068735810;0.000056224444;
2015;10;16;7;1;0.000046762365;0.000095125478;0.000083445699;0.000049470130;
2015;10;16;8;1;0.000072937563;0.000087531803;0.000097269485;0.000054099675;
2015;10;16;9;1;0.000095914683;0.000080126728;0.000113607708;0.000056485392;
2015;10;16;10;1;0.000095669965;0.000077967355;0.000152442951;0.000050152899;
2015;10;16;11;1;0.000093126998;0.000064225526;0.000189093953;0.000046855680;
2015;10;16;12;1;0.000097632733;0.000065204551;0.000195454130;0.000048404331;
2015;10;16;13;1;0.000102256847;0.000065705170;0.000193737200;0.000050568034;
2015;10;16;14;1;0.000109684216;0.000078281839;0.000170288296;0.000054582468;
2015;10;16;15;1;0.000121783793;0.000083541867;0.000121654298;0.000060375274;
2015;10;16;16;1;0.000120882657;0.000084661638;0.000112598908;0.000060376639;
2015;10;16;17;1;0.000115758085;0.000075568655;0.000116537298;0.000061415220;
2015;10;16;18;1;0.000115309145;0.000071492285;0.000124487990;0.000067983889;
2015;10;16;19;1;0.000112311696;0.000071847195;0.000123074443;0.000072963161;
2015;10;16;20;1;0.000112270680;0.000072342778;0.000122307330;0.000079191686;
2015;10;16;21;1;0.000124914911;0.000082157492;0.000122191720;0.000089662630;
2015;10;16;22;1;0.000143954003;0.000098132065;0.000096502244;0.000094765131;
2015;10;16;23;1;0.000155169375;0.000116099626;0.000077880450;0.000091605213;
2015;10;16;24;1;0.000145452046;0.000207271038;0.000069283178;0.000091132563;
2015;10;17;1;1;0.000122112331;0.000226540844;0.000046938713;0.000073281215;
2015;10;17;2;1;0.000107745871;0.000213822841;0.000045576907;0.000484790496;
2015;10;17;3;1;0.000085959865;0.000191464406;0.000044697675;0.000430220991;
2015;10;17;4;1;0.000063990757;0.000177769263;0.000044838876;0.000263692104;
2015;10;17;5;1;0.000059242096;0.000168221446;0.000045337926;0.000123919849;
2015;10;17;6;1;0.000059445402;0.000162345835;0.000046885310;0.000064123316;
2015;10;17;7;1;0.000059667765;0.000144529265;0.000052769706;0.000055921030;
2015;10;17;8;1;0.000062514160;0.000117129003;0.000064664852;0.000049257700;
2015;10;17;9;1;0.000064851083;0.000084395580;0.000078919718;0.000041336121;
2015;10;17;10;1;0.000077108494;0.000063231157;0.000100950801;0.000040093132;
2015;10;17;11;1;0.000091799929;0.000063654151;0.000120966833;0.000045455071;
2015;10;17;12;1;0.000101545354;0.000060729152;0.000124938233;0.000049193233;
2015;10;17;13;1;0.000109114041;0.000060754538;0.000123971342;0.000052614866;
2015;10;17;14;1;0.000119600814;0.000066277222;0.000111688833;0.000057582283;
2015;10;17;15;1;0.000128099099;0.000074619779;0.000072980412;0.000061725773;
2015;10;17;16;1;0.000127650788;0.000077245181;0.000069666358;0.000061942034;
2015;10;17;17;1;0.000119800784;0.000063601937;0.000071748908;0.000061333079;
2015;10;17;18;1;0.000114570687;0.000058133417;0.000086579371;0.000065265181;
2015;10;17;19;1;0.000103691905;0.000060662244;0.000087786980;0.000066460956;
2015;10;17;20;1;0.000105679345;0.000065965838;0.000087258077;0.000073495457;
2015;10;17;21;1;0.000130638657;0.000071432634;0.000084988222;0.000088978785;
2015;10;17;22;1;0.000155477003;0.000104706271;0.000076197543;0.000097733984;
2015;10;17;23;1;0.000159848675;0.000117267402;0.000063481231;0.000091718757;
2015;10;17;24;1;0.000145002852;0.000217669813;0.000058163989;0.000089399113;
2015;10;18;1;1;0.000133489326;0.000224498496;0.000046924574;0.000076177974;
2015;10;18;2;1;0.000104637346;0.000220092001;0.000045937654;0.000387877814;
2015;10;18;3;1;0.000080189807;0.000198870872;0.000044551423;0.000341190453;
2015;10;18;4;1;0.000073360011;0.000187303831;0.000044879227;0.000217396608;
2015;10;18;5;1;0.000071124824;0.000171420561;0.000045369244;0.000109193908;
2015;10;18;6;1;0.000068856708;0.000144489182;0.000047630423;0.000060578406;
2015;10;18;7;1;0.000059218139;0.000118157240;0.000051498571;0.000049184686;
2015;10;18;8;1;0.000056995496;0.000092774466;0.000057783431;0.000041814964;
2015;10;18;9;1;0.000062044471;0.000063389090;0.000065151956;0.000036922782;
2015;10;18;10;1;0.000074350923;0.000053606837;0.000080671158;0.000037489370;
2015;10;18;11;1;0.000096649490;0.000053756651;0.000099490660;0.000046437666;
2015;10;18;12;1;0.000106407955;0.000056105387;0.000102003283;0.000050510935;
2015;10;18;13;1;0.000111462367;0.000056122998;0.000101511012;0.000052764253;
2015;10;18;14;1;0.000114235984;0.000061114999;0.000098068069;0.000054219626;
2015;10;18;15;1;0.000124436532;0.000066104557;0.000059575424;0.000059004191;
2015;10;18;16;1;0.000116408840;0.000070932591;0.000056652095;0.000055902070;
2015;10;18;17;1;0.000106391937;0.000058570229;0.000060844166;0.000053590681;
2015;10;18;18;1;0.000101432786;0.000053633510;0.000067649738;0.000056205695;
2015;10;18;19;1;0.000098516996;0.000056015000;0.000068760848;0.000059675735;
2015;10;18;20;1;0.000103120329;0.000058415158;0.000068072451;0.000066434289;
2015;10;18;21;1;0.000130062488;0.000063322731;0.000065799862;0.000081780428;
2015;10;18;22;1;0.000154450991;0.000085436568;0.000063205699;0.000090579180;
2015;10;18;23;1;0.000166061589;0.000097603302;0.000057353985;0.000089731458;
2015;10;18;24;1;0.000146723499;0.000152309493;0.000052537152;0.000083253642;
2015;10;19;1;1;0.000109529453;0.000178635596;0.000053771708;0.000065209527;
2015;10;19;2;1;0.000078304043;0.000173914221;0.000054565490;0.000505174659;
2015;10;19;3;1;0.000053944541;0.000166059111;0.000055965490;0.000446436035;
2015;10;19;4;1;0.000046614547;0.000136244966;0.000058651175;0.000272337256;
2015;10;19;5;1;0.000044122306;0.000117364296;0.000065201408;0.000121459332;
2015;10;19;6;1;0.000044096054;0.000101490846;0.000071401014;0.000056186357;
2015;10;19;7;1;0.000051162451;0.000088858172;0.000086378597;0.000050656372;
2015;10;19;8;1;0.000073218033;0.000080337408;0.000100073638;0.000053132929;
2015;10;19;9;1;0.000099344809;0.000076878449;0.000117596375;0.000056983843;
2015;10;19;10;1;0.000098994327;0.000076420525;0.000160958011;0.000050727450;
2015;10;19;11;1;0.000096379367;0.000063080552;0.000193065830;0.000047454711;
2015;10;19;12;1;0.000101041936;0.000064652208;0.000198899976;0.000049069719;
2015;10;19;13;1;0.000105879517;0.000065459963;0.000196527435;0.000051300727;
2015;10;19;14;1;0.000113577642;0.000076017159;0.000169326859;0.000055262097;
2015;10;19;15;1;0.000125848875;0.000080885105;0.000122569099;0.000061040547;
2015;10;19;16;1;0.000124930761;0.000081485045;0.000114073196;0.000061014263;
2015;10;19;17;1;0.000119493093;0.000073321361;0.000117101178;0.000062003362;
2015;10;19;18;1;0.000119274300;0.000070070149;0.000128536363;0.000068668476;
2015;10;19;19;1;0.000116154394;0.000071517829;0.000126645996;0.000073645399;
2015;10;19;20;1;0.000116320306;0.000072352045;0.000127372105;0.000079957408;
2015;10;19;21;1;0.000129377266;0.000085416409;0.000123879136;0.000090647439;
2015;10;19;22;1;0.000149170239;0.000100803259;0.000098004885;0.000095904883;
2015;10;19;23;1;0.000158496670;0.000120645591;0.000080291707;0.000091899148;
2015;10;19;24;1;0.000134134268;0.000197723785;0.000070507645;0.000084076828;
2015;10;20;1;1;0.000093787911;0.000187095725;0.000069753398;0.000059155099;
2015;10;20;2;1;0.000068147973;0.000181777618;0.000068370329;0.000499184604;
2015;10;20;3;1;0.000056441260;0.000169294126;0.000066961946;0.000445639414;
2015;10;20;4;1;0.000049388225;0.000150449273;0.000065532546;0.000273107349;
2015;10;20;5;1;0.000044678935;0.000133320113;0.000065361401;0.000122296518;
2015;10;20;6;1;0.000044743638;0.000120474896;0.000070386585;0.000057630516;
2015;10;20;7;1;0.000051816515;0.000098109256;0.000085087211;0.000051744450;
2015;10;20;8;1;0.000073244388;0.000089703262;0.000098618517;0.000054070941;
2015;10;20;9;1;0.000096516384;0.000081713930;0.000116115430;0.000056500720;
2015;10;20;10;1;0.000096181500;0.000079566395;0.000156277467;0.000050143633;
2015;10;20;11;1;0.000093760388;0.000068172268;0.000191778811;0.000047019480;
2015;10;20;12;1;0.000098256416;0.000069397593;0.000197313226;0.000048566442;
2015;10;20;13;1;0.000102890713;0.000070022295;0.000194888860;0.000050728490;
2015;10;20;14;1;0.000110247260;0.000078318988;0.000169152361;0.000054479589;
2015;10;20;15;1;0.000122630227;0.000085756856;0.000124240256;0.000060445819;
2015;10;20;16;1;0.000121839212;0.000086506354;0.000115867457;0.000060466198;
2015;10;20;17;1;0.000116371643;0.000075580836;0.000118638411;0.000061308347;
2015;10;20;18;1;0.000115882176;0.000071694161;0.000126651862;0.000067863597;
2015;10;20;19;1;0.000113008104;0.000072207180;0.000125526050;0.000072902549;
2015;10;20;20;1;0.000113260072;0.000076669646;0.000126331185;0.000079464937;
2015;10;20;21;1;0.000126122870;0.000087059806;0.000126422845;0.000090024454;
2015;10;20;22;1;0.000145228103;0.000097908051;0.000099694041;0.000094816771;
2015;10;20;23;1;0.000153965088;0.000112911110;0.000080438589;0.000090330963;
2015;10;20;24;1;0.000130341585;0.000188590698;0.000071095497;0.000082683650;
2015;10;21;1;1;0.000093502844;0.000186474669;0.000069521187;0.000059120945;
2015;10;21;2;1;0.000067955300;0.000181187649;0.000068195417;0.000498969979;
2015;10;21;3;1;0.000056386011;0.000168853031;0.000067251170;0.000446018507;
2015;10;21;4;1;0.000049254166;0.000149966907;0.000065391537;0.000273011363;
2015;10;21;5;1;0.000044547838;0.000132882522;0.000065167218;0.000122234915;
2015;10;21;6;1;0.000044662849;0.000120126624;0.000070471125;0.000057646583;
2015;10;21;7;1;0.000051699879;0.000097810494;0.000085049025;0.000051742902;
2015;10;21;8;1;0.000073280170;0.000089515488;0.000099565086;0.000054172118;
2015;10;21;9;1;0.000096551149;0.000081538930;0.000117194654;0.000056601211;
2015;10;21;10;1;0.000096046711;0.000079347309;0.000156718830;0.000050171530;
2015;10;21;11;1;0.000093377685;0.000067921439;0.000190387921;0.000046958426;
2015;10;21;12;1;0.000097874730;0.000069146978;0.000196028687;0.000048510002;
2015;10;21;13;1;0.000102501153;0.000069771800;0.000193692857;0.000050672990;
2015;10;21;14;1;0.000110055636;0.000078094219;0.000169416742;0.000054497198;
2015;10;21;15;1;0.000121827620;0.000085368089;0.000122206270;0.000060264115;
2015;10;21;16;1;0.000120915152;0.000086083498;0.000113495543;0.000060241185;
2015;10;21;17;1;0.000115592281;0.000075234846;0.000116582959;0.000061118068;
2015;10;21;18;1;0.000115164100;0.000071378453;0.000124687560;0.000067676566;
2015;10;21;19;1;0.000112065153;0.000071836433;0.000122498501;0.000072594044;
2015;10;21;20;1;0.000112372135;0.000076289040;0.000123548680;0.000079156095;
2015;10;21;21;1;0.000125553279;0.000086726472;0.000125295771;0.000089880546;
2015;10;21;22;1;0.000144529964;0.000097523310;0.000098697553;0.000094646080;
2015;10;21;23;1;0.000153399838;0.000112511644;0.000079980475;0.000090239298;
2015;10;21;24;1;0.000129995177;0.000187989151;0.000070968056;0.000082657590;
2015;10;22;1;1;0.000093429150;0.000186201873;0.000069773046;0.000059126517;
2015;10;22;2;1;0.000067940034;0.000180958103;0.000068583121;0.000499211955;
2015;10;22;3;1;0.000056310121;0.000168573678;0.000067349839;0.000445889120;
2015;10;22;4;1;0.000049230222;0.000149763427;0.000065697709;0.000273094527;
2015;10;22;5;1;0.000044500301;0.000132675467;0.000065331522;0.000122222998;
2015;10;22;6;1;0.000044573552;0.000119900667;0.000070403567;0.000057603782;
2015;10;22;7;1;0.000051606731;0.000097633216;0.000085029897;0.000051711565;
2015;10;22;8;1;0.000072979795;0.000089281708;0.000098704998;0.000054053021;
2015;10;22;9;1;0.000096144916;0.000081323047;0.000116126881;0.000056472611;
2015;10;22;10;1;0.000095887432;0.000079207397;0.000156770788;0.000050146098;
2015;10;22;11;1;0.000092975214;0.000067739458;0.000188547010;0.000046848570;
2015;10;22;12;1;0.000097339929;0.000068934254;0.000193266329;0.000048357901;
2015;10;22;13;1;0.000101882737;0.000069543484;0.000190541753;0.000050494209;
2015;10;22;14;1;0.000109509309;0.000077867213;0.000167373583;0.000054344993;
2015;10;22;15;1;0.000121526362;0.000085193502;0.000121874117;0.000060199620;
2015;10;22;16;1;0.000120518129;0.000085883447;0.000112833633;0.000060143036;
2015;10;22;17;1;0.000115349101;0.000075090545;0.000116430410;0.000061068224;
2015;10;22;18;1;0.000114932731;0.000071243852;0.000124571837;0.000067625774;
2015;10;22;19;1;0.000111881782;0.000071710054;0.000122570979;0.000072558105;
2015;10;22;20;1;0.000112313318;0.000076183827;0.000124166382;0.000079177457;
2015;10;22;21;1;0.000125216711;0.000086542927;0.000124853805;0.000089771491;
2015;10;22;22;1;0.000144574594;0.000097417429;0.000099471191;0.000094726594;
2015;10;22;23;1;0.000153475984;0.000112396556;0.000080671571;0.000090327591;
2015;10;22;24;1;0.000129971299;0.000187752755;0.000071398270;0.000082699643;
2015;10;23;1;1;0.000092972270;0.000183704238;0.000068182428;0.000058884197;
2015;10;23;2;1;0.000065246221;0.000178324272;0.000066870058;0.000496866738;
2015;10;23;3;1;0.000053684081;0.000165785800;0.000065694303;0.000443712512;
2015;10;23;4;1;0.000044346775;0.000149742552;0.000064222738;0.000270528913;
2015;10;23;5;1;0.000041977564;0.000138537536;0.000063819342;0.000121264626;
2015;10;23;6;1;0.000042043467;0.000114957477;0.000068690892;0.000056184913;
2015;10;23;7;1;0.000046776699;0.000095259345;0.000083118092;0.000049405075;
2015;10;23;8;1;0.000073030618;0.000087684227;0.000097245780;0.000054064612;
2015;10;23;9;1;0.000096332321;0.000080351816;0.000114874800;0.000056568781;
2015;10;23;10;1;0.000095892061;0.000078131506;0.000152986987;0.000050156646;
2015;10;23;11;1;0.000093381790;0.000064369943;0.000190063652;0.000046872559;
2015;10;23;12;1;0.000097828653;0.000065334769;0.000195916214;0.000048397473;
2015;10;23;13;1;0.000102503244;0.000065845517;0.000194491220;0.000050574890;
2015;10;23;14;1;0.000109918523;0.000078441638;0.000170777586;0.000054579579;
2015;10;23;15;1;0.000121820559;0.000083659277;0.000121176047;0.000060295671;
2015;10;23;16;1;0.000120950507;0.000084788519;0.000112247369;0.000060308030;
2015;10;23;17;1;0.000115831636;0.000075683975;0.000116196319;0.000061348667;
2015;10;23;18;1;0.000115501027;0.000071626733;0.000124610404;0.000067958334;
2015;10;23;19;1;0.000112651963;0.000072015921;0.000123851624;0.000073004091;
2015;10;23;20;1;0.000113095251;0.000072619281;0.000125167278;0.000079470195;
2015;10;23;21;1;0.000125401038;0.000082374846;0.000123363081;0.000089766110;
2015;10;23;22;1;0.000144466351;0.000098380542;0.000097300167;0.000094852918;
2015;10;23;23;1;0.000155669682;0.000116380163;0.000078426444;0.000091668941;
2015;10;23;24;1;0.000145960898;0.000207791289;0.000069843912;0.000091213080;
2015;10;24;1;1;0.000121956586;0.000225775821;0.000047317265;0.000073393068;
2015;10;24;2;1;0.000107568840;0.000213074421;0.000045872773;0.000485408724;
2015;10;24;3;1;0.000085566798;0.000190602234;0.000044475122;0.000429900104;
2015;10;24;4;1;0.000063676563;0.000176948249;0.000044556244;0.000263434085;
2015;10;24;5;1;0.000058914693;0.000167408879;0.000044944647;0.000123745785;
2015;10;24;6;1;0.000059019945;0.000161470257;0.000046190174;0.000063960820;
2015;10;24;7;1;0.000059266500;0.000143771209;0.000052075510;0.000055796010;
2015;10;24;8;1;0.000062042134;0.000116480894;0.000063622027;0.000049119254;
2015;10;24;9;1;0.000064470764;0.000083978050;0.000078135484;0.000041268370;
2015;10;24;10;1;0.000076694273;0.000062929125;0.000100132432;0.000040041121;
2015;10;24;11;1;0.000091295277;0.000063347330;0.000119930123;0.000045392148;
2015;10;24;12;1;0.000101137000;0.000060467362;0.000124564393;0.000049175417;
2015;10;24;13;1;0.000108702175;0.000060497845;0.000123713008;0.000052604829;
2015;10;24;14;1;0.000119195027;0.000066006093;0.000111604502;0.000057586661;
2015;10;24;15;1;0.000127513463;0.000074284186;0.000072599399;0.000061680088;
2015;10;24;16;1;0.000126970592;0.000076877401;0.000069111599;0.000061863567;
2015;10;24;17;1;0.000118888128;0.000063248593;0.000070570446;0.000061157887;
2015;10;24;18;1;0.000113482136;0.000057772588;0.000084547263;0.000064993552;
2015;10;24;19;1;0.000102832509;0.000060311528;0.000086101534;0.000066240618;
2015;10;24;20;1;0.000105135455;0.000065655798;0.000086629728;0.000073411505;
2015;10;24;21;1;0.000129617838;0.000071031371;0.000083506454;0.000088713044;
2015;10;24;22;1;0.000154239678;0.000104112843;0.000074829085;0.000097432295;
2015;10;24;23;1;0.000158765825;0.000116650692;0.000062625401;0.000091510839;
2015;10;24;24;1;0.000144219364;0.000216627576;0.000057687537;0.000089281140;
2015;10;25;1;1;0.000133043110;0.000223910172;0.000046492247;0.000076300834;
2015;10;25;2;1;0.000104373408;0.000219577077;0.000045661049;0.000388723155;
2015;10;25;2;0;0.000091120505;0.000208172061;0.000042958611;0.000362451323;
2015;10;25;3;0;0.000079399302;0.000197906317;0.000043005839;0.000340206150;
2015;10;25;4;0;0.000072915188;0.000186637895;0.000043996433;0.000217338123;
2015;10;25;5;0;0.000070703240;0.000170818836;0.000044504132;0.000109174646;
2015;10;25;6;0;0.000068607227;0.000144096620;0.000047140048;0.000060664360;
2015;10;25;7;0;0.000058984728;0.000117823201;0.000050907317;0.000049243606;
2015;10;25;8;0;0.000056631414;0.000092433446;0.000056598880;0.000041793977;
2015;10;25;9;0;0.000062302393;0.000063388014;0.000066347925;0.000037174803;
2015;10;25;10;0;0.000075356380;0.000053779846;0.000084955561;0.000037989058;
2015;10;25;11;0;0.000097125374;0.000053769841;0.000101614285;0.000046779212;
2015;10;25;12;0;0.000106300914;0.000056003791;0.000101946058;0.000050674371;
2015;10;25;13;0;0.000110858959;0.000055935693;0.000099793086;0.000052773511;
2015;10;25;14;0;0.000113575098;0.000060903081;0.000096279102;0.000054215076;
2015;10;25;15;0;0.000123569285;0.000065848063;0.000058233225;0.000058950591;
2015;10;25;16;0;0.000115738383;0.000070687362;0.000055620560;0.000055898452;
2015;10;25;17;0;0.000105770812;0.000058366174;0.000059717180;0.000053584314;
2015;10;25;18;0;0.000101143384;0.000053502084;0.000067147478;0.000056315480;
2015;10;25;19;0;0.000099986078;0.000056221222;0.000072850985;0.000060527164;
2015;10;25;20;0;0.000104455824;0.000058589983;0.000071656666;0.000067291088;
2015;10;25;21;0;0.000129541584;0.000063142369;0.000065026563;0.000081874851;
2015;10;25;22;0;0.000152882197;0.000085012367;0.000060978135;0.000090298067;
2015;10;25;23;0;0.000164536363;0.000097151847;0.000055531462;0.000089513809;
2015;10;25;24;0;0.000144881493;0.000151428417;0.000050191794;0.000082857545;
2015;10;26;1;0;0.000108428888;0.000177908760;0.000051872858;0.000064919584;
2015;10;26;2;0;0.000077647503;0.000173305566;0.000052993058;0.000503507544;
2015;10;26;3;0;0.000053581198;0.000165572871;0.000054694662;0.000445473164;
2015;10;26;4;0;0.000046362456;0.000135909047;0.000057601959;0.000272001144;
2015;10;26;5;0;0.000044039479;0.000117219599;0.000064864132;0.000121607752;
2015;10;26;6;0;0.000044021536;0.000101372350;0.000071080025;0.000056262333;
2015;10;26;7;0;0.000051202236;0.000088830591;0.000086773693;0.000050811617;
2015;10;26;8;0;0.000072793583;0.000080128840;0.000098121078;0.000053053234;
2015;10;26;9;0;0.000098662856;0.000076650972;0.000114798734;0.000056856591;
2015;10;26;10;0;0.000098769085;0.000076315794;0.000159884731;0.000050775457;
2015;10;26;11;0;0.000096229980;0.000063009889;0.000192307976;0.000047523431;
2015;10;26;12;0;0.000100828686;0.000064567294;0.000197695768;0.000049121761;
2015;10;26;13;0;0.000105607152;0.000065363571;0.000194992096;0.000051338754;
2015;10;26;14;0;0.000113358620;0.000075922086;0.000168419288;0.000055327662;
2015;10;26;15;0;0.000125663806;0.000080796747;0.000122122492;0.000061132318;
2015;10;26;16;0;0.000124688903;0.000081382923;0.000113458376;0.000061086335;
2015;10;26;17;0;0.000119273550;0.000073231953;0.000116514745;0.000062080823;
2015;10;26;18;0;0.000119169262;0.000070007661;0.000128372963;0.000068799547;
2015;10;26;19;0;0.000117925171;0.000071847313;0.000134617907;0.000074602935;
2015;10;26;20;0;0.000117883257;0.000072641100;0.000134440471;0.000080897908;
2015;10;26;21;0;0.000129061331;0.000085294516;0.000122969639;0.000090722852;
2015;10;26;22;0;0.000148174225;0.000100512330;0.000095705778;0.000095703894;
2015;10;26;23;0;0.000157539840;0.000120324207;0.000078597170;0.000091747369;
2015;10;26;24;0;0.000133402344;0.000197236934;0.000069169533;0.000083971829;
2015;10;27;1;0;0.000093387055;0.000187099631;0.000068314601;0.000059001497;
2015;10;27;2;0;0.000067891287;0.000181812678;0.000067101304;0.000498061648;
2015;10;27;3;0;0.000056321843;0.000169423301;0.000066136280;0.000445144473;
2015;10;27;4;0;0.000049286077;0.000150566509;0.000064736832;0.000272812930;
2015;10;27;5;0;0.000044641903;0.000133481206;0.000064870515;0.000122269371;
2015;10;27;6;0;0.000044730652;0.000120642852;0.000070001754;0.000057639128;
2015;10;27;7;0;0.000051928601;0.000098329449;0.000085398717;0.000051839909;
2015;10;27;8;0;0.000073104669;0.000089777846;0.000097495290;0.000054018478;
2015;10;27;9;0;0.000096250820;0.000081758269;0.000114409637;0.000056413141;
2015;10;27;10;0;0.000096389173;0.000079744832;0.000156849923;0.000050235984;
2015;10;27;11;0;0.000093668917;0.000068251361;0.000190209963;0.000047004397;
2015;10;27;12;0;0.000098130559;0.000069470888;0.000195458548;0.000048540697;
2015;10;27;13;0;0.000102998969;0.000070152589;0.000194784078;0.000050783196;
2015;10;27;14;0;0.000110437618;0.000078482925;0.000169496055;0.000054563667;
2015;10;27;15;0;0.000122700151;0.000085901979;0.000123959007;0.000060490790;
2015;10;27;16;0;0.000121775631;0.000086620299;0.000115116519;0.000060465746;
2015;10;27;17;0;0.000116549495;0.000075733902;0.000118787793;0.000061394603;
2015;10;27;18;0;0.000116500331;0.000071932885;0.000128691697;0.000068136636;
2015;10;27;19;0;0.000115453147;0.000072849408;0.000135677654;0.000074011238;
2015;10;27;20;0;0.000115534622;0.000077311583;0.000135710828;0.000080589398;
2015;10;27;21;0;0.000126267171;0.000087224581;0.000126397883;0.000090127263;
2015;10;27;22;0;0.000145096586;0.000098024070;0.000098901945;0.000094790988;
2015;10;27;23;0;0.000154195427;0.000113138509;0.000080530464;0.000090456033;
2015;10;27;24;0;0.000130177891;0.000188792204;0.000070421392;0.000082641536;
2015;10;28;1;0;0.000093461689;0.000187109098;0.000068656783;0.000059025064;
2015;10;28;2;0;0.000068018318;0.000181889197;0.000067708403;0.000498629071;
2015;10;28;3;0;0.000056327218;0.000169390999;0.000066286380;0.000445106837;
2015;10;28;4;0;0.000049276537;0.000150522785;0.000064812990;0.000272735472;
2015;10;28;5;0;0.000044612243;0.000133420737;0.000064831651;0.000122194926;
2015;10;28;6;0;0.000044698225;0.000120585663;0.000069944205;0.000057601619;
2015;10;28;7;0;0.000051851897;0.000098257193;0.000085090148;0.000051779214;
2015;10;28;8;0;0.000072971821;0.000089701331;0.000097017863;0.000053942554;
2015;10;28;9;0;0.000095792589;0.000081605646;0.000112568034;0.000056219363;
2015;10;28;10;0;0.000096041686;0.000079627696;0.000155018191;0.000050103434;
2015;10;28;11;0;0.000093659761;0.000068233780;0.000190504964;0.000046994146;
2015;10;28;12;0;0.000098117049;0.000069452025;0.000195733679;0.000048528767;
2015;10;28;13;0;0.000102746749;0.000070077701;0.000193340266;0.000050689824;
2015;10;28;14;0;0.000110375814;0.000078450214;0.000169461182;0.000054534392;
2015;10;28;15;0;0.000122559280;0.000085848667;0.000123661683;0.000060433735;
2015;10;28;16;0;0.000121824218;0.000086612810;0.000115513017;0.000060473264;
2015;10;28;17;0;0.000116458091;0.000075696503;0.000118659625;0.000061352177;
2015;10;28;18;0;0.000116339675;0.000071882673;0.000128256826;0.000068061661;
2015;10;28;19;0;0.000115440006;0.000072830276;0.000135876576;0.000073994314;
2015;10;28;20;0;0.000115543027;0.000077296276;0.000136004084;0.000080581361;
2015;10;28;21;0;0.000126444888;0.000087247289;0.000127322933;0.000090201070;
2015;10;28;22;0;0.000145286375;0.000098046265;0.000099586663;0.000094862146;
2015;10;28;23;0;0.000154370765;0.000113157396;0.000081037896;0.000090513228;
2015;10;28;24;0;0.000130407557;0.000188863973;0.000071043236;0.000082729292;
2015;10;29;1;0;0.000093645202;0.000187168789;0.000069281666;0.000059094307;
2015;10;29;2;0;0.000068040940;0.000181845259;0.000067900000;0.000498654027;
2015;10;29;3;0;0.000056390368;0.000169396219;0.000066670780;0.000445371369;
2015;10;29;4;0;0.000049323489;0.000150518677;0.000065147659;0.000272865885;
2015;10;29;5;0;0.000044584523;0.000133344575;0.000064781479;0.000122120613;
2015;10;29;6;0;0.000044746843;0.000120588093;0.000070338136;0.000057634571;
2015;10;29;7;0;0.000051997856;0.000098317985;0.000086115420;0.000051870658;
2015;10;29;8;0;0.000072993702;0.000089678694;0.000097278145;0.000053944061;
2015;10;29;9;0;0.000095862279;0.000081596970;0.000113060142;0.000056237439;
2015;10;29;10;0;0.000095917026;0.000079563690;0.000154497986;0.000050049600;
2015;10;29;11;0;0.000093376809;0.000068138424;0.000188615941;0.000046887831;
2015;10;29;12;0;0.000097877351;0.000069368879;0.000194212916;0.000048438372;
2015;10;29;13;0;0.000102640218;0.000070027714;0.000192878658;0.000050644511;
2015;10;29;14;0;0.000110259953;0.000078393836;0.000169055524;0.000054485112;
2015;10;29;15;0;0.000122384486;0.000085775739;0.000123194852;0.000060363374;
2015;10;29;16;0;0.000121673403;0.000086544980;0.000115151652;0.000060410791;
2015;10;29;17;0;0.000116395275;0.000075655469;0.000118601955;0.000061318363;
2015;10;29;18;0;0.000116326236;0.000071854164;0.000128404868;0.000068044001;
2015;10;29;19;0;0.000115531964;0.000072824416;0.000136493340;0.000074021772;
2015;10;29;20;0;0.000115456226;0.000077248662;0.000135834143;0.000080525109;
2015;10;29;21;0;0.000126251589;0.000087170233;0.000126783025;0.000090089815;
2015;10;29;22;0;0.000145038707;0.000097953707;0.000099098622;0.000094733617;
2015;10;29;23;0;0.000154395110;0.000113123189;0.000081215067;0.000090506805;
2015;10;29;24;0;0.000130632104;0.000188908205;0.000071629919;0.000082812439;
2015;10;30;1;0;0.000093156926;0.000183965228;0.000068481678;0.000058888240;
2015;10;30;2;0;0.000065450050;0.000178647643;0.000067451165;0.000497290269;
2015;10;30;3;0;0.000053826435;0.000166059499;0.000066146317;0.000443946610;
2015;10;30;4;0;0.000044425399;0.000149944321;0.000064451926;0.000270507841;
2015;10;30;5;0;0.000042127813;0.000138810605;0.000064482055;0.000121406085;
2015;10;30;6;0;0.000042238093;0.000115225859;0.000069672952;0.000056291149;
2015;10;30;7;0;0.000047047717;0.000095520185;0.000084666135;0.000049538202;
2015;10;30;8;0;0.000072736598;0.000087625769;0.000095517343;0.000053843800;
2015;10;30;9;0;0.000095546734;0.000080183530;0.000111055042;0.000056176714;
2015;10;30;10;0;0.000095757856;0.000078151107;0.000151710426;0.000050043058;
2015;10;30;11;0;0.000093118936;0.000064354720;0.000187451690;0.000046720762;
2015;10;30;12;0;0.000097611022;0.000065332764;0.000193641615;0.000048260510;
2015;10;30;13;0;0.000102291638;0.000065847126;0.000192352416;0.000050437339;
2015;10;30;14;0;0.000109847890;0.000078481848;0.000169837238;0.000054484456;
2015;10;30;15;0;0.000122153721;0.000083799851;0.000122044055;0.000060330975;
2015;10;30;16;0;0.000121433753;0.000084967649;0.000113600174;0.000060395551;
2015;10;30;17;0;0.000116024501;0.000075783133;0.000116563768;0.000061339327;
2015;10;30;18;0;0.000115856772;0.000071755321;0.000125690315;0.000068014012;
2015;10;30;19;0;0.000115173597;0.000072620207;0.000134364293;0.000074030003;
2015;10;30;20;0;0.000114831640;0.000073055016;0.000132243698;0.000080204813;
2015;10;30;21;0;0.000125146047;0.000082377968;0.000122004709;0.000089524119;
2015;10;30;22;0;0.000144010722;0.000098345999;0.000095827508;0.000094523800;
2015;10;30;23;0;0.000155461725;0.000116412469;0.000077773481;0.000091465773;
2015;10;30;24;0;0.000145618880;0.000207777476;0.000068984503;0.000090947943;
2015;10;31;1;0;0.000121789312;0.000225737048;0.000046906969;0.000073291827;
2015;10;31;2;0;0.000107414199;0.000213032737;0.000045466129;0.000484716526;
2015;10;31;3;0;0.000085713376;0.000190770991;0.000044622859;0.000430218426;
2015;10;31;4;0;0.000063750839;0.000177071750;0.000044609863;0.000263530162;
2015;10;31;5;0;0.000059084627;0.000167624727;0.000045293132;0.000123937326;
2015;10;31;6;0;0.000059275970;0.000161759449;0.000046801549;0.000064123928;
2015;10;31;7;0;0.000059515728;0.000144022569;0.000052731099;0.000055933356;
2015;10;31;8;0;0.000061877769;0.000116408211;0.000062797425;0.000049007698;
2015;10;31;9;0;0.000064277000;0.000083915344;0.000077016971;0.000041164518;
2015;10;31;10;0;0.000076993158;0.000063032511;0.000101272598;0.000040131213;
2015;10;31;11;0;0.000091459229;0.000063405331;0.000120356753;0.000045428420;
2015;10;31;12;0;0.000100811014;0.000060417976;0.000122650144;0.000049044519;
2015;10;31;13;0;0.000108148541;0.000060409269;0.000120950759;0.000052396875;
2015;10;31;14;0;0.000118625897;0.000065916279;0.000109279010;0.000057371303;
2015;10;31;15;0;0.000126924770;0.000074186543;0.000071156045;0.000061455664;
2015;10;31;16;0;0.000126621136;0.000076826526;0.000068195735;0.000061718544;
2015;10;31;17;0;0.000118903927;0.000063270151;0.000070381462;0.000061136583;
2015;10;31;18;0;0.000114063299;0.000057891785;0.000085908570;0.000065194513;
2015;10;31;19;0;0.000105377798;0.000060842160;0.000094026911;0.000067339554;
2015;10;31;20;0;0.000106820079;0.000066036318;0.000091711600;0.000074188262;
2015;10;31;21;0;0.000129646662;0.000071057928;0.000083302599;0.000088687795;
2015;10;31;22;0;0.000153674244;0.000104012748;0.000073525231;0.000097143951;
2015;10;31;23;0;0.000158213568;0.000116546326;0.000061572252;0.000091252026;
2015;10;31;24;0;0.000143456993;0.000216299257;0.000056315900;0.000088917597;
