AŃO;MES;DIA;HORA;VERANO(1)/INVIERNO(0);COEF. PERFIL A;COEF. PERFIL B;COEF. PERFIL C;COEF. PERFIL D;
2015;01;01;1;0;0.000108682295;0.000233707164;0.000059487910;0.000153831076;
2015;01;01;2;0;0.000090577313;0.000218130292;0.000061253098;0.000159005090;
2015;01;01;3;0;0.000078118609;0.000201847250;0.000060934663;0.000153300917;
2015;01;01;4;0;0.000070778067;0.000190091433;0.000059982709;0.000145216704;
2015;01;01;5;0;0.000066905278;0.000186680191;0.000059170129;0.000138466141;
2015;01;01;6;0;0.000066488625;0.000195125492;0.000062625674;0.000137686042;
2015;01;01;7;0;0.000069510775;0.000197869594;0.000071932722;0.000143835165;
2015;01;01;8;0;0.000075442916;0.000193011326;0.000090534066;0.000154077023;
2015;01;01;9;0;0.000086569861;0.000139588219;0.000100784416;0.000101015938;
2015;01;01;10;0;0.000108691968;0.000117630126;0.000125106372;0.000058273973;
2015;01;01;11;0;0.000131325983;0.000123596999;0.000126704276;0.000061773779;
2015;01;01;12;0;0.000143455183;0.000113260112;0.000123871377;0.000064696193;
2015;01;01;13;0;0.000148100848;0.000083762172;0.000119892215;0.000061811530;
2015;01;01;14;0;0.000150877253;0.000084232034;0.000087396455;0.000059136837;
2015;01;01;15;0;0.000151483044;0.000083240932;0.000072960905;0.000058298167;
2015;01;01;16;0;0.000137611299;0.000074039185;0.000070705069;0.000059851543;
2015;01;01;17;0;0.000130392038;0.000070888588;0.000074591220;0.000053352808;
2015;01;01;18;0;0.000132725303;0.000074414198;0.000080687026;0.000050693310;
2015;01;01;19;0;0.000148705572;0.000136226033;0.000087884089;0.000133799807;
2015;01;01;20;0;0.000159472593;0.000177412033;0.000088908642;0.000214325252;
2015;01;01;21;0;0.000169473091;0.000181733459;0.000085690328;0.000210319713;
2015;01;01;22;0;0.000171009120;0.000186610308;0.000081163342;0.000207244281;
2015;01;01;23;0;0.000151946400;0.000228567049;0.000072577460;0.000177733574;
2015;01;01;24;0;0.000124785651;0.000238215468;0.000062371904;0.000171100189;
2015;01;02;1;0;0.000097245437;0.000226752574;0.000084704447;0.000156047602;
2015;01;02;2;0;0.000076905582;0.000209524547;0.000081206060;0.000157955456;
2015;01;02;3;0;0.000067906614;0.000193348001;0.000078453954;0.000150333760;
2015;01;02;4;0;0.000063262907;0.000184163186;0.000075586293;0.000142017516;
2015;01;02;5;0;0.000062088707;0.000182008967;0.000075072850;0.000138198921;
2015;01;02;6;0;0.000063783218;0.000190613906;0.000082604776;0.000138254166;
2015;01;02;7;0;0.000075293062;0.000197847879;0.000101231599;0.000145291966;
2015;01;02;8;0;0.000102894371;0.000202991665;0.000115551939;0.000163445113;
2015;01;02;9;0;0.000128306467;0.000155448613;0.000132086605;0.000116337303;
2015;01;02;10;0;0.000147679797;0.000125750019;0.000224683077;0.000065808760;
2015;01;02;11;0;0.000162868633;0.000118854216;0.000243940259;0.000072292425;
2015;01;02;12;0;0.000163213536;0.000103577922;0.000242368583;0.000067184547;
2015;01;02;13;0;0.000163541946;0.000076948275;0.000229193713;0.000064910647;
2015;01;02;14;0;0.000164999512;0.000078106834;0.000166271152;0.000066802959;
2015;01;02;15;0;0.000155678552;0.000076620132;0.000152880680;0.000060973628;
2015;01;02;16;0;0.000147246063;0.000073099055;0.000143548089;0.000059065050;
2015;01;02;17;0;0.000147018753;0.000070700011;0.000147916261;0.000054205706;
2015;01;02;18;0;0.000155926929;0.000074652376;0.000163125952;0.000058912525;
2015;01;02;19;0;0.000172147681;0.000132140137;0.000175720013;0.000135930309;
2015;01;02;20;0;0.000179926830;0.000174003992;0.000176957349;0.000219176767;
2015;01;02;21;0;0.000179340245;0.000180168274;0.000165574672;0.000216696717;
2015;01;02;22;0;0.000173958298;0.000185493767;0.000134472954;0.000210102766;
2015;01;02;23;0;0.000157091370;0.000227488770;0.000114493675;0.000175533901;
2015;01;02;24;0;0.000132018521;0.000237278388;0.000096232211;0.000170746824;
2015;01;03;1;0;0.000108669369;0.000236842097;0.000063661134;0.000155725292;
2015;01;03;2;0;0.000088081436;0.000219847775;0.000061258133;0.000160274556;
2015;01;03;3;0;0.000075441406;0.000202595553;0.000059200413;0.000153065167;
2015;01;03;4;0;0.000069055971;0.000191763669;0.000059037073;0.000144311637;
2015;01;03;5;0;0.000066536308;0.000189444230;0.000064628141;0.000138019596;
2015;01;03;6;0;0.000067108494;0.000198853415;0.000071546514;0.000138121201;
2015;01;03;7;0;0.000071736188;0.000202122465;0.000087303461;0.000139078363;
2015;01;03;8;0;0.000081838846;0.000198655631;0.000108341135;0.000152382516;
2015;01;03;9;0;0.000100742910;0.000148384596;0.000123711462;0.000105574047;
2015;01;03;10;0;0.000130178617;0.000125830935;0.000160071425;0.000059083813;
2015;01;03;11;0;0.000153951386;0.000128210125;0.000169181958;0.000068337135;
2015;01;03;12;0;0.000160901659;0.000115152205;0.000167638223;0.000069952734;
2015;01;03;13;0;0.000164458934;0.000086217189;0.000157686199;0.000064951244;
2015;01;03;14;0;0.000168845741;0.000086304692;0.000116703691;0.000063803390;
2015;01;03;15;0;0.000163618968;0.000085192683;0.000094608226;0.000063559363;
2015;01;03;16;0;0.000148797989;0.000078148422;0.000086826738;0.000059987787;
2015;01;03;17;0;0.000141023057;0.000074086774;0.000087304792;0.000049253303;
2015;01;03;18;0;0.000143211836;0.000077277306;0.000092690102;0.000048440372;
2015;01;03;19;0;0.000158516720;0.000139708977;0.000105932686;0.000138687438;
2015;01;03;20;0;0.000166924219;0.000179473400;0.000106861984;0.000213134345;
2015;01;03;21;0;0.000171597806;0.000182976171;0.000104236793;0.000216639740;
2015;01;03;22;0;0.000171600936;0.000187665184;0.000099061879;0.000205704170;
2015;01;03;23;0;0.000156567491;0.000232777060;0.000084339962;0.000174971578;
2015;01;03;24;0;0.000133486811;0.000243651412;0.000074822806;0.000168581729;
2015;01;04;1;0;0.000113613695;0.000244563006;0.000061839487;0.000154640469;
2015;01;04;2;0;0.000093092283;0.000226930716;0.000059683820;0.000157980882;
2015;01;04;3;0;0.000080128849;0.000209842351;0.000058997985;0.000152102128;
2015;01;04;4;0;0.000072962196;0.000197959226;0.000059210108;0.000144576147;
2015;01;04;5;0;0.000069432972;0.000194854614;0.000059930006;0.000138492154;
2015;01;04;6;0;0.000069440169;0.000204112988;0.000065025220;0.000138314296;
2015;01;04;7;0;0.000072926022;0.000207305955;0.000075999988;0.000144942822;
2015;01;04;8;0;0.000079592878;0.000202607618;0.000097659934;0.000155864027;
2015;01;04;9;0;0.000092500127;0.000147180051;0.000113812401;0.000103092511;
2015;01;04;10;0;0.000117888224;0.000124675525;0.000149196188;0.000060091559;
2015;01;04;11;0;0.000142961955;0.000131162673;0.000153389728;0.000063860749;
2015;01;04;12;0;0.000155047109;0.000119890172;0.000146206224;0.000066548347;
2015;01;04;13;0;0.000158408002;0.000088345058;0.000136175833;0.000063124082;
2015;01;04;14;0;0.000160635284;0.000088699552;0.000097542214;0.000060200900;
2015;01;04;15;0;0.000161191908;0.000087639412;0.000081258071;0.000059324775;
2015;01;04;16;0;0.000146944597;0.000078045083;0.000079822696;0.000061052343;
2015;01;04;17;0;0.000139086910;0.000074696037;0.000083892467;0.000054382805;
2015;01;04;18;0;0.000141125040;0.000078324874;0.000089655422;0.000051558479;
2015;01;04;19;0;0.000157383485;0.000143155940;0.000095931561;0.000135648258;
2015;01;04;20;0;0.000168227268;0.000186227571;0.000095832924;0.000216797078;
2015;01;04;21;0;0.000178614371;0.000190704056;0.000092043853;0.000212612151;
2015;01;04;22;0;0.000179954044;0.000195717220;0.000086664841;0.000209279564;
2015;01;04;23;0;0.000159401555;0.000239467070;0.000076587495;0.000179097831;
2015;01;04;24;0;0.000131172175;0.000249751263;0.000066293416;0.000172654707;
2015;01;05;1;0;0.000097899676;0.000226292555;0.000069513409;0.000157471358;
2015;01;05;2;0;0.000080000350;0.000210771945;0.000070281991;0.000162120359;
2015;01;05;3;0;0.000070233780;0.000194902920;0.000071134704;0.000153173071;
2015;01;05;4;0;0.000065899466;0.000185440042;0.000076772041;0.000145268377;
2015;01;05;5;0;0.000064064618;0.000182655299;0.000086183789;0.000138933250;
2015;01;05;6;0;0.000064965051;0.000191624550;0.000097224862;0.000139138387;
2015;01;05;7;0;0.000074343429;0.000197404233;0.000115548097;0.000145513949;
2015;01;05;8;0;0.000099861310;0.000200628550;0.000131184202;0.000161369086;
2015;01;05;9;0;0.000120356708;0.000151160446;0.000146047970;0.000115977954;
2015;01;05;10;0;0.000137860222;0.000122107854;0.000238677043;0.000068840194;
2015;01;05;11;0;0.000153881896;0.000116087025;0.000254972126;0.000071851003;
2015;01;05;12;0;0.000157742702;0.000101647440;0.000251669381;0.000070561613;
2015;01;05;13;0;0.000158631824;0.000076532047;0.000236057723;0.000068967438;
2015;01;05;14;0;0.000160485721;0.000076431685;0.000169680388;0.000067052724;
2015;01;05;15;0;0.000151210788;0.000074383875;0.000153379086;0.000060958555;
2015;01;05;16;0;0.000140379447;0.000071024063;0.000143514044;0.000053865069;
2015;01;05;17;0;0.000140545495;0.000069144723;0.000147407226;0.000047882253;
2015;01;05;18;0;0.000149876276;0.000072625680;0.000161790723;0.000053880275;
2015;01;05;19;0;0.000167155627;0.000131326559;0.000165939738;0.000130113664;
2015;01;05;20;0;0.000178152666;0.000176028388;0.000163224826;0.000221359209;
2015;01;05;21;0;0.000180162040;0.000183781035;0.000149512249;0.000217823245;
2015;01;05;22;0;0.000176134937;0.000187716738;0.000122095020;0.000207597596;
2015;01;05;23;0;0.000154442053;0.000228209778;0.000107395222;0.000176998594;
2015;01;05;24;0;0.000125747835;0.000235404128;0.000093436671;0.000172152682;
2015;01;06;1;0;0.000111599193;0.000239986090;0.000060857474;0.000154463057;
2015;01;06;2;0;0.000091543204;0.000222768394;0.000058991977;0.000157920051;
2015;01;06;3;0;0.000078722004;0.000205928671;0.000058086804;0.000151946800;
2015;01;06;4;0;0.000071614370;0.000194205937;0.000058071405;0.000144336520;
2015;01;06;5;0;0.000068196540;0.000191205572;0.000058917648;0.000138327734;
2015;01;06;6;0;0.000068079785;0.000200166981;0.000063458935;0.000137978295;
2015;01;06;7;0;0.000071504083;0.000203306217;0.000074172667;0.000144601049;
2015;01;06;8;0;0.000078015999;0.000198678497;0.000095158303;0.000155463594;
2015;01;06;9;0;0.000090550179;0.000144260837;0.000110372640;0.000102735481;
2015;01;06;10;0;0.000115166242;0.000122114683;0.000143637476;0.000059797999;
2015;01;06;11;0;0.000139410117;0.000128387623;0.000146736215;0.000063469399;
2015;01;06;12;0;0.000151279478;0.000117376847;0.000140129210;0.000066166337;
2015;01;06;13;0;0.000154826174;0.000086545087;0.000131342669;0.000062836936;
2015;01;06;14;0;0.000156694961;0.000086833244;0.000093395184;0.000059845737;
2015;01;06;15;0;0.000156509220;0.000085657709;0.000076460294;0.000058785902;
2015;01;06;16;0;0.000142040476;0.000076163482;0.000073828403;0.000060312203;
2015;01;06;17;0;0.000134439562;0.000072894719;0.000077552239;0.000053722406;
2015;01;06;18;0;0.000136792929;0.000076510055;0.000083766203;0.000051031050;
2015;01;06;19;0;0.000152916299;0.000139954031;0.000090440676;0.000134481564;
2015;01;06;20;0;0.000163856394;0.000182216990;0.000091207099;0.000215298323;
2015;01;06;21;0;0.000174031650;0.000186618258;0.000087718097;0.000211190602;
2015;01;06;22;0;0.000176211930;0.000191851649;0.000084195671;0.000208593733;
2015;01;06;23;0;0.000156491410;0.000234946427;0.000075148956;0.000178829448;
2015;01;06;24;0;0.000128694370;0.000244980028;0.000064915291;0.000172317998;
2015;01;07;1;0;0.000099440562;0.000232777724;0.000085773959;0.000156937264;
2015;01;07;2;0;0.000080158545;0.000215548711;0.000083744897;0.000161196512;
2015;01;07;3;0;0.000071455295;0.000198948594;0.000081008251;0.000152367810;
2015;01;07;4;0;0.000067031102;0.000189077685;0.000078718218;0.000143793812;
2015;01;07;5;0;0.000065628010;0.000187661833;0.000079115077;0.000139530645;
2015;01;07;6;0;0.000067349571;0.000196831181;0.000087435935;0.000141613254;
2015;01;07;7;0;0.000079173728;0.000204735958;0.000110146622;0.000147275320;
2015;01;07;8;0;0.000108914901;0.000210992174;0.000131490863;0.000165675977;
2015;01;07;9;0;0.000133637541;0.000161182125;0.000151178248;0.000118006756;
2015;01;07;10;0;0.000151498929;0.000129843712;0.000250575868;0.000069007234;
2015;01;07;11;0;0.000166582495;0.000122218994;0.000268826875;0.000074629561;
2015;01;07;12;0;0.000168881358;0.000105881974;0.000269422608;0.000072557239;
2015;01;07;13;0;0.000170540830;0.000080769788;0.000255290010;0.000067807837;
2015;01;07;14;0;0.000172602962;0.000081366176;0.000183706722;0.000064567805;
2015;01;07;15;0;0.000162027995;0.000079824812;0.000166411746;0.000060223125;
2015;01;07;16;0;0.000152256159;0.000075521825;0.000156715784;0.000057229273;
2015;01;07;17;0;0.000153988805;0.000073829022;0.000162031573;0.000053860524;
2015;01;07;18;0;0.000166271072;0.000078410276;0.000178302832;0.000059791680;
2015;01;07;19;0;0.000185198755;0.000140261893;0.000187918825;0.000143245446;
2015;01;07;20;0;0.000195611904;0.000184588103;0.000190728291;0.000226026242;
2015;01;07;21;0;0.000196652679;0.000192851535;0.000177672101;0.000227426775;
2015;01;07;22;0;0.000188867719;0.000196430762;0.000141490979;0.000214733121;
2015;01;07;23;0;0.000165060125;0.000238743076;0.000120050475;0.000184633925;
2015;01;07;24;0;0.000133156838;0.000245498564;0.000101183089;0.000179379024;
2015;01;08;1;0;0.000103553624;0.000237927052;0.000095862612;0.000159085693;
2015;01;08;2;0;0.000083479798;0.000220324157;0.000093573945;0.000163412431;
2015;01;08;3;0;0.000074539159;0.000203471904;0.000091094668;0.000154638407;
2015;01;08;4;0;0.000069960604;0.000193411441;0.000088695165;0.000145989281;
2015;01;08;5;0;0.000068407827;0.000191880869;0.000088632231;0.000141537190;
2015;01;08;6;0;0.000070072558;0.000201133609;0.000097134834;0.000143470392;
2015;01;08;7;0;0.000081979525;0.000208869513;0.000120013727;0.000148716009;
2015;01;08;8;0;0.000113103977;0.000215474592;0.000144680716;0.000167637833;
2015;01;08;9;0;0.000138254511;0.000164388461;0.000164144274;0.000119091080;
2015;01;08;10;0;0.000155017354;0.000131923817;0.000261048573;0.000069114111;
2015;01;08;11;0;0.000169616098;0.000123966034;0.000274973073;0.000074491947;
2015;01;08;12;0;0.000171306661;0.000107255025;0.000271682280;0.000072234315;
2015;01;08;13;0;0.000172665908;0.000081764629;0.000255560329;0.000067419065;
2015;01;08;14;0;0.000174635912;0.000082347888;0.000183564754;0.000064166784;
2015;01;08;15;0;0.000163832370;0.000080769817;0.000165922366;0.000059822595;
2015;01;08;16;0;0.000154550350;0.000076519856;0.000158419781;0.000057002163;
2015;01;08;17;0;0.000156225826;0.000074791574;0.000163397295;0.000053627502;
2015;01;08;18;0;0.000168743383;0.000079441835;0.000180030685;0.000059546870;
2015;01;08;19;0;0.000187925779;0.000142099583;0.000189676552;0.000142644368;
2015;01;08;20;0;0.000198677896;0.000187066910;0.000193192690;0.000225223037;
2015;01;08;21;0;0.000199635613;0.000195406101;0.000179699618;0.000226538996;
2015;01;08;22;0;0.000191836345;0.000199069236;0.000143420561;0.000213974075;
2015;01;08;23;0;0.000167617305;0.000241932389;0.000121561837;0.000183953830;
2015;01;08;24;0;0.000134860220;0.000248555248;0.000101322122;0.000178394120;
2015;01;09;1;0;0.000106229990;0.000242503443;0.000099358002;0.000158624628;
2015;01;09;2;0;0.000084318280;0.000224360167;0.000096601439;0.000160968272;
2015;01;09;3;0;0.000074746649;0.000207319482;0.000094758755;0.000153618494;
2015;01;09;4;0;0.000069890206;0.000197718481;0.000092605792;0.000145485763;
2015;01;09;5;0;0.000068774236;0.000195584591;0.000092878977;0.000141832479;
2015;01;09;6;0;0.000070573436;0.000204758667;0.000101649872;0.000141784790;
2015;01;09;7;0;0.000083475513;0.000212679627;0.000125427446;0.000149210427;
2015;01;09;8;0;0.000115527789;0.000219168453;0.000150026945;0.000169327488;
2015;01;09;9;0;0.000143886595;0.000167759862;0.000171042395;0.000120419419;
2015;01;09;10;0;0.000162575959;0.000134847887;0.000271022888;0.000067255012;
2015;01;09;11;0;0.000177226839;0.000126942237;0.000281734042;0.000073290972;
2015;01;09;12;0;0.000177015152;0.000110499856;0.000276462688;0.000067957021;
2015;01;09;13;0;0.000177233014;0.000082068543;0.000260657961;0.000065621681;
2015;01;09;14;0;0.000177827422;0.000083144974;0.000185244200;0.000067277378;
2015;01;09;15;0;0.000166633498;0.000081368119;0.000166068840;0.000061115554;
2015;01;09;16;0;0.000158009827;0.000077699067;0.000157264637;0.000059308102;
2015;01;09;17;0;0.000157931521;0.000075177033;0.000162615449;0.000054468700;
2015;01;09;18;0;0.000167148536;0.000079322483;0.000177862675;0.000059112742;
2015;01;09;19;0;0.000184098296;0.000140290266;0.000189952117;0.000136167645;
2015;01;09;20;0;0.000192809445;0.000184866011;0.000192765694;0.000219867957;
2015;01;09;21;0;0.000191776269;0.000191272747;0.000179074224;0.000217060832;
2015;01;09;22;0;0.000185041887;0.000196563612;0.000142709999;0.000209686324;
2015;01;09;23;0;0.000166541080;0.000240783624;0.000120030025;0.000174779619;
2015;01;09;24;0;0.000140057224;0.000251221312;0.000100858200;0.000170104675;
2015;01;10;1;0;0.000112337531;0.000242197294;0.000068247882;0.000157087882;
2015;01;10;2;0;0.000091135822;0.000224887926;0.000065891759;0.000161776424;
2015;01;10;3;0;0.000078270023;0.000207433451;0.000064355882;0.000154788675;
2015;01;10;4;0;0.000071691911;0.000196387654;0.000064327209;0.000146002651;
2015;01;10;5;0;0.000068995279;0.000193936029;0.000070070911;0.000139525614;
2015;01;10;6;0;0.000069465065;0.000203447217;0.000076984567;0.000139459668;
2015;01;10;7;0;0.000074085819;0.000206631900;0.000093067430;0.000140206927;
2015;01;10;8;0;0.000084628225;0.000203181211;0.000115975978;0.000153757828;
2015;01;10;9;0;0.000104077868;0.000151713962;0.000132005594;0.000106456347;
2015;01;10;10;0;0.000134420743;0.000128631697;0.000170500952;0.000059556875;
2015;01;10;11;0;0.000158285699;0.000130867809;0.000177393282;0.000068679334;
2015;01;10;12;0;0.000164878284;0.000117403079;0.000173582549;0.000070140528;
2015;01;10;13;0;0.000168556500;0.000087908459;0.000163394854;0.000065134447;
2015;01;10;14;0;0.000173015105;0.000087991032;0.000120833771;0.000063973745;
2015;01;10;15;0;0.000167242517;0.000086782266;0.000097062488;0.000063619415;
2015;01;10;16;0;0.000151383237;0.000079478250;0.000087510405;0.000059851019;
2015;01;10;17;0;0.000143677060;0.000075384732;0.000088448472;0.000049189364;
2015;01;10;18;0;0.000146122348;0.000078671178;0.000094429730;0.000048426726;
2015;01;10;19;0;0.000161341626;0.000142108071;0.000106937773;0.000138413319;
2015;01;10;20;0;0.000170165711;0.000182655387;0.000108484617;0.000212944755;
2015;01;10;21;0;0.000174804179;0.000186173477;0.000105546091;0.000216338983;
2015;01;10;22;0;0.000174600644;0.000190865760;0.000099875651;0.000205250246;
2015;01;10;23;0;0.000159231498;0.000236709912;0.000084880742;0.000174530555;
2015;01;10;24;0;0.000135809934;0.000247806116;0.000075330880;0.000168204640;
2015;01;11;1;0;0.000114627378;0.000246313831;0.000062703182;0.000154724682;
2015;01;11;2;0;0.000094027930;0.000228642230;0.000060790778;0.000158188035;
2015;01;11;3;0;0.000080911103;0.000211404524;0.000060022086;0.000152271833;
2015;01;11;4;0;0.000073776433;0.000199527302;0.000060565802;0.000144875031;
2015;01;11;5;0;0.000070335869;0.000196521275;0.000061731018;0.000138952790;
2015;01;11;6;0;0.000070369981;0.000205887404;0.000067052671;0.000138811794;
2015;01;11;7;0;0.000073882859;0.000209090376;0.000078266327;0.000145438419;
2015;01;11;8;0;0.000080574076;0.000204297915;0.000100243367;0.000156313601;
2015;01;11;9;0;0.000093531903;0.000148348097;0.000116328151;0.000103306882;
2015;01;11;10;0;0.000118872241;0.000125542436;0.000151003826;0.000060100214;
2015;01;11;11;0;0.000143718882;0.000131934661;0.000153575865;0.000063735623;
2015;01;11;12;0;0.000156001005;0.000120632533;0.000146793872;0.000066457675;
2015;01;11;13;0;0.000159738893;0.000088961415;0.000137828105;0.000063135800;
2015;01;11;14;0;0.000161930175;0.000089307950;0.000098600752;0.000060198031;
2015;01;11;15;0;0.000162430957;0.000088229178;0.000082026887;0.000059306718;
2015;01;11;16;0;0.000147586690;0.000078480931;0.000079579781;0.000060895077;
2015;01;11;17;0;0.000139704153;0.000075115204;0.000083645139;0.000054245438;
2015;01;11;18;0;0.000141748611;0.000078764104;0.000089372815;0.000051427702;
2015;01;11;19;0;0.000158446417;0.000144074049;0.000096475258;0.000135521055;
2015;01;11;20;0;0.000170504429;0.000187854826;0.000098900532;0.000217597384;
2015;01;11;21;0;0.000181148332;0.000192413165;0.000095217544;0.000213491640;
2015;01;11;22;0;0.000182067592;0.000197307456;0.000088831190;0.000209796476;
2015;01;11;23;0;0.000160821812;0.000241180153;0.000077657759;0.000179193686;
2015;01;11;24;0;0.000132276617;0.000251496386;0.000067087829;0.000172689632;
2015;01;12;1;0;0.000101678855;0.000237430804;0.000069438097;0.000156141588;
2015;01;12;2;0;0.000083288359;0.000221324632;0.000070916668;0.000161014486;
2015;01;12;3;0;0.000073340612;0.000204874558;0.000072583484;0.000152444856;
2015;01;12;4;0;0.000069039019;0.000195147287;0.000079295695;0.000144903317;
2015;01;12;5;0;0.000067392110;0.000192489745;0.000090380156;0.000138976930;
2015;01;12;6;0;0.000068507146;0.000202113288;0.000102899400;0.000139418103;
2015;01;12;7;0;0.000079608671;0.000209326938;0.000129254079;0.000147365991;
2015;01;12;8;0;0.000108866097;0.000214078811;0.000156577130;0.000165464724;
2015;01;12;9;0;0.000131670010;0.000161482778;0.000176957117;0.000119204656;
2015;01;12;10;0;0.000148561350;0.000129766969;0.000273361915;0.000070021978;
2015;01;12;11;0;0.000164386886;0.000122996382;0.000282700967;0.000072645314;
2015;01;12;12;0;0.000168251158;0.000107640192;0.000277388344;0.000071265818;
2015;01;12;13;0;0.000169557967;0.000081103290;0.000262272612;0.000069757501;
2015;01;12;14;0;0.000171163882;0.000080935603;0.000186975642;0.000067718289;
2015;01;12;15;0;0.000160871185;0.000078699294;0.000167454790;0.000061457893;
2015;01;12;16;0;0.000150191943;0.000075291066;0.000160037872;0.000054518014;
2015;01;12;17;0;0.000150886287;0.000073385031;0.000166591489;0.000048577119;
2015;01;12;18;0;0.000161194929;0.000077126981;0.000184173672;0.000054730034;
2015;01;12;19;0;0.000180657386;0.000139698140;0.000192592700;0.000132608349;
2015;01;12;20;0;0.000194188930;0.000187792579;0.000196055923;0.000226923235;
2015;01;12;21;0;0.000196357416;0.000196059268;0.000179346424;0.000223285052;
2015;01;12;22;0;0.000190571751;0.000199761526;0.000142201154;0.000211741379;
2015;01;12;23;0;0.000165313353;0.000241958369;0.000119972262;0.000179200746;
2015;01;12;24;0;0.000132931097;0.000248523662;0.000099387840;0.000172807525;
2015;01;13;1;0;0.000102824070;0.000235978701;0.000095398611;0.000159037283;
2015;01;13;2;0;0.000083023197;0.000218639630;0.000093678986;0.000163541553;
2015;01;13;3;0;0.000074206606;0.000201987156;0.000091539962;0.000154869046;
2015;01;13;4;0;0.000069635577;0.000191987977;0.000089063123;0.000146188441;
2015;01;13;5;0;0.000068168463;0.000190545059;0.000089373171;0.000141843399;
2015;01;13;6;0;0.000069751582;0.000199659623;0.000097521554;0.000143673833;
2015;01;13;7;0;0.000081571759;0.000207311416;0.000120289562;0.000148886864;
2015;01;13;8;0;0.000112428317;0.000213794310;0.000144427506;0.000167714998;
2015;01;13;9;0;0.000137192173;0.000163007801;0.000162874061;0.000119003169;
2015;01;13;10;0;0.000153688537;0.000130775003;0.000258188609;0.000069020242;
2015;01;13;11;0;0.000167614713;0.000122748009;0.000268659560;0.000074223439;
2015;01;13;12;0;0.000169260731;0.000106196016;0.000265281364;0.000071966824;
2015;01;13;13;0;0.000170789304;0.000080987692;0.000250565271;0.000067219808;
2015;01;13;14;0;0.000172477770;0.000081522894;0.000178965295;0.000063910577;
2015;01;13;15;0;0.000161917641;0.000079979329;0.000162184703;0.000059611622;
2015;01;13;16;0;0.000152486331;0.000075727117;0.000153836111;0.000056735205;
2015;01;13;17;0;0.000154125905;0.000074014808;0.000158584679;0.000053373329;
2015;01;13;18;0;0.000166374928;0.000078600570;0.000174315225;0.000059240113;
2015;01;13;19;0;0.000185252254;0.000140585149;0.000183537488;0.000141890349;
2015;01;13;20;0;0.000196380023;0.000185244511;0.000188901230;0.000224448407;
2015;01;13;21;0;0.000197225921;0.000193468068;0.000175381828;0.000225679987;
2015;01;13;22;0;0.000189670839;0.000197148477;0.000140401521;0.000213278893;
2015;01;13;23;0;0.000165599993;0.000239535882;0.000118656368;0.000183260827;
2015;01;13;24;0;0.000133345579;0.000246162993;0.000099189969;0.000177822356;
2015;01;14;1;0;0.000102819066;0.000235936639;0.000095519438;0.000159070675;
2015;01;14;2;0;0.000083012538;0.000218594728;0.000093767650;0.000163566953;
2015;01;14;3;0;0.000074163327;0.000201914002;0.000091468408;0.000154844510;
2015;01;14;4;0;0.000069601121;0.000191924302;0.000089023299;0.000146174201;
2015;01;14;5;0;0.000068161501;0.000190507744;0.000089464672;0.000141868063;
2015;01;14;6;0;0.000069736845;0.000199613022;0.000097580704;0.000143688006;
2015;01;14;7;0;0.000081558121;0.000207266248;0.000120380934;0.000148906126;
2015;01;14;8;0;0.000112270055;0.000213655109;0.000143891855;0.000167592305;
2015;01;14;9;0;0.000136925942;0.000162871807;0.000161937288;0.000118872425;
2015;01;14;10;0;0.000153226308;0.000130617707;0.000255665540;0.000068893568;
2015;01;14;11;0;0.000167335984;0.000122657796;0.000267354304;0.000074156361;
2015;01;14;12;0;0.000168891333;0.000106099059;0.000263455829;0.000071876067;
2015;01;14;13;0;0.000170614576;0.000080946123;0.000249944373;0.000067188797;
2015;01;14;14;0;0.000172469206;0.000081508378;0.000179186861;0.000063923984;
2015;01;14;15;0;0.000161901307;0.000079963686;0.000162352905;0.000059622029;
2015;01;14;16;0;0.000152494071;0.000075716212;0.000154089332;0.000056751006;
2015;01;14;17;0;0.000154484369;0.000074061801;0.000160258273;0.000053471680;
2015;01;14;18;0;0.000166719515;0.000078643578;0.000175985993;0.000059338871;
2015;01;14;19;0;0.000185459111;0.000140616232;0.000184603854;0.000142033873;
2015;01;14;20;0;0.000196317418;0.000185194293;0.000188944057;0.000224453771;
2015;01;14;21;0;0.000197207311;0.000193430606;0.000175570441;0.000225720337;
2015;01;14;22;0;0.000189588031;0.000197087053;0.000140369602;0.000213266687;
2015;01;14;23;0;0.000165516543;0.000239455694;0.000118598951;0.000183241829;
2015;01;14;24;0;0.000133182663;0.000246020213;0.000098860621;0.000177716246;
2015;01;15;1;0;0.000102561326;0.000235652415;0.000094806637;0.000158936927;
2015;01;15;2;0;0.000082837293;0.000218360934;0.000093214589;0.000163473902;
2015;01;15;3;0;0.000073921088;0.000201617422;0.000090531911;0.000154632784;
2015;01;15;4;0;0.000069604714;0.000191862242;0.000089227245;0.000146309350;
2015;01;15;5;0;0.000068016391;0.000190302518;0.000088937415;0.000141785396;
2015;01;15;6;0;0.000069724823;0.000199533342;0.000097715043;0.000143798830;
2015;01;15;7;0;0.000081411325;0.000207066309;0.000119826181;0.000148853064;
2015;01;15;8;0;0.000112011356;0.000213411095;0.000142975222;0.000167473673;
2015;01;15;9;0;0.000136448057;0.000162619166;0.000160179403;0.000118690941;
2015;01;15;10;0;0.000152974143;0.000130498849;0.000254619811;0.000068876450;
2015;01;15;11;0;0.000167005532;0.000122532333;0.000265919819;0.000074121128;
2015;01;15;12;0;0.000168721237;0.000106025954;0.000263007836;0.000071889946;
2015;01;15;13;0;0.000170543541;0.000080906794;0.000250086542;0.000067229139;
2015;01;15;14;0;0.000172430596;0.000081474258;0.000179412114;0.000063970914;
2015;01;15;15;0;0.000161975230;0.000079949048;0.000162969547;0.000059693860;
2015;01;15;16;0;0.000152741222;0.000075732488;0.000155380177;0.000056864806;
2015;01;15;17;0;0.000154797683;0.000074087947;0.000161867444;0.000053593820;
2015;01;15;18;0;0.000167095008;0.000078677325;0.000177913042;0.000059483527;
2015;01;15;19;0;0.000185486354;0.000140575059;0.000185113873;0.000142174226;
2015;01;15;20;0;0.000196103485;0.000185061427;0.000188562920;0.000224484326;
2015;01;15;21;0;0.000196607162;0.000193161555;0.000173913509;0.000225446669;
2015;01;15;22;0;0.000188748692;0.000196718402;0.000138322777;0.000212803884;
2015;01;15;23;0;0.000165276552;0.000239254168;0.000118197265;0.000183221213;
2015;01;15;24;0;0.000133240487;0.000245971872;0.000099255121;0.000177926641;
2015;01;16;1;0;0.000105894727;0.000241811389;0.000099107186;0.000158572287;
2015;01;16;2;0;0.000084304912;0.000223951704;0.000097459753;0.000161248751;
2015;01;16;3;0;0.000074633983;0.000206845934;0.000095108228;0.000153743109;
2015;01;16;4;0;0.000069846247;0.000197326975;0.000093251451;0.000145692305;
2015;01;16;5;0;0.000068699983;0.000195167234;0.000093360557;0.000141989850;
2015;01;16;6;0;0.000070408146;0.000204232521;0.000101691273;0.000141818283;
2015;01;16;7;0;0.000083089712;0.000211964551;0.000124428922;0.000149009535;
2015;01;16;8;0;0.000114690220;0.000218229394;0.000147438888;0.000168789194;
2015;01;16;9;0;0.000142215503;0.000166786507;0.000165353686;0.000119671770;
2015;01;16;10;0;0.000160684653;0.000134065753;0.000261889331;0.000066837089;
2015;01;16;11;0;0.000175429302;0.000126272981;0.000273661332;0.000072912061;
2015;01;16;12;0;0.000175831541;0.000110049917;0.000272063901;0.000067768647;
2015;01;16;13;0;0.000176490336;0.000081805110;0.000258968282;0.000065553124;
2015;01;16;14;0;0.000177354298;0.000082921989;0.000185115949;0.000067278297;
2015;01;16;15;0;0.000166694190;0.000081234884;0.000167851983;0.000061244305;
2015;01;16;16;0;0.000158444985;0.000077635158;0.000160450091;0.000059530539;
2015;01;16;17;0;0.000158266117;0.000075098364;0.000165555675;0.000054648803;
2015;01;16;18;0;0.000167482726;0.000079236019;0.000181020266;0.000059303186;
2015;01;16;19;0;0.000183483981;0.000139881141;0.000189343200;0.000136105667;
2015;01;16;20;0;0.000192346576;0.000184386243;0.000192850244;0.000219909856;
2015;01;16;21;0;0.000191039747;0.000190681866;0.000178151010;0.000216886592;
2015;01;16;22;0;0.000184449292;0.000195999566;0.000142322568;0.000209610452;
2015;01;16;23;0;0.000165778497;0.000239978550;0.000119072794;0.000174550118;
2015;01;16;24;0;0.000139371408;0.000250354719;0.000099913971;0.000169844523;
2015;01;17;1;0;0.000112584476;0.000243634779;0.000067358528;0.000156664842;
2015;01;17;2;0;0.000091806959;0.000226619375;0.000066382790;0.000161910631;
2015;01;17;3;0;0.000078924820;0.000209101511;0.000065090385;0.000155022848;
2015;01;17;4;0;0.000072237357;0.000197915721;0.000064874035;0.000146147846;
2015;01;17;5;0;0.000069621648;0.000195542886;0.000071065893;0.000139804590;
2015;01;17;6;0;0.000070066867;0.000205103671;0.000077957927;0.000139698800;
2015;01;17;7;0;0.000074546957;0.000208139170;0.000093408668;0.000140212225;
2015;01;17;8;0;0.000085046944;0.000204571614;0.000115894243;0.000153627574;
2015;01;17;9;0;0.000104714491;0.000152814490;0.000132455096;0.000106452185;
2015;01;17;10;0;0.000135658734;0.000129703255;0.000173010050;0.000059681297;
2015;01;17;11;0;0.000159982621;0.000132026447;0.000181005171;0.000068894033;
2015;01;17;12;0;0.000166954488;0.000118518010;0.000178369738;0.000070449582;
2015;01;17;13;0;0.000170670332;0.000088741578;0.000167882360;0.000065419036;
2015;01;17;14;0;0.000175294039;0.000088844301;0.000124427911;0.000064281071;
2015;01;17;15;0;0.000169327353;0.000087602964;0.000099675028;0.000063894462;
2015;01;17;16;0;0.000153628602;0.000080294222;0.000090678607;0.000060206443;
2015;01;17;17;0;0.000145439593;0.000076092017;0.000090787775;0.000049395048;
2015;01;17;18;0;0.000147524164;0.000079336947;0.000095957227;0.000048540621;
2015;01;17;19;0;0.000162440177;0.000143174473;0.000107527636;0.000138475029;
2015;01;17;20;0;0.000171797715;0.000184200928;0.000110239445;0.000213445133;
2015;01;17;21;0;0.000176491869;0.000187752911;0.000107278762;0.000216856845;
2015;01;17;22;0;0.000176132967;0.000192427309;0.000101178535;0.000205618159;
2015;01;17;23;0;0.000160641502;0.000238652980;0.000086013297;0.000174852843;
2015;01;17;24;0;0.000136939229;0.000249794881;0.000076170366;0.000168453519;
2015;01;18;1;0;0.000116635959;0.000251828461;0.000062802126;0.000154714975;
2015;01;18;2;0;0.000095982233;0.000234013413;0.000061712740;0.000158523771;
2015;01;18;3;0;0.000082646930;0.000216417874;0.000061111116;0.000152662785;
2015;01;18;4;0;0.000075364166;0.000204262116;0.000061704564;0.000145252563;
2015;01;18;5;0;0.000071810999;0.000201146051;0.000062787529;0.000139262351;
2015;01;18;6;0;0.000071728671;0.000210611455;0.000067820147;0.000138962924;
2015;01;18;7;0;0.000075218891;0.000213795937;0.000078858937;0.000145473953;
2015;01;18;8;0;0.000081975112;0.000208840277;0.000100870914;0.000156273843;
2015;01;18;9;0;0.000095310065;0.000151729167;0.000117786123;0.000103393782;
2015;01;18;10;0;0.000121802458;0.000128651291;0.000155970348;0.000060381447;
2015;01;18;11;0;0.000147969321;0.000135429351;0.000161341958;0.000064247657;
2015;01;18;12;0;0.000161273339;0.000124004462;0.000156531385;0.000067181810;
2015;01;18;13;0;0.000165880924;0.000091590413;0.000149450240;0.000064022139;
2015;01;18;14;0;0.000168819431;0.000092073253;0.000108458998;0.000061209769;
2015;01;18;15;0;0.000169533142;0.000090997099;0.000090592413;0.000060350865;
2015;01;18;16;0;0.000154083125;0.000080949426;0.000088052212;0.000061978159;
2015;01;18;17;0;0.000145837025;0.000077473933;0.000092556689;0.000055205338;
2015;01;18;18;0;0.000147609068;0.000081167693;0.000098040407;0.000052248693;
2015;01;18;19;0;0.000163670827;0.000148056872;0.000102676980;0.000136919232;
2015;01;18;20;0;0.000174988545;0.000192618146;0.000102671648;0.000218863121;
2015;01;18;21;0;0.000185573831;0.000197168304;0.000098162629;0.000214463947;
2015;01;18;22;0;0.000186523966;0.000202187120;0.000091585066;0.000210758935;
2015;01;18;23;0;0.000164784861;0.000247159317;0.000080103802;0.000180036329;
2015;01;18;24;0;0.000135053082;0.000257420548;0.000068182883;0.000173079033;
2015;01;19;1;0;0.000103543216;0.000242282569;0.000070307181;0.000156327548;
2015;01;19;2;0;0.000084866691;0.000225892097;0.000072002534;0.000161271858;
2015;01;19;3;0;0.000074722080;0.000209093881;0.000073673786;0.000152676342;
2015;01;19;4;0;0.000070330199;0.000199156407;0.000080462424;0.000145109600;
2015;01;19;5;0;0.000068555681;0.000196347568;0.000091244684;0.000139038639;
2015;01;19;6;0;0.000069702990;0.000206176074;0.000103984335;0.000139497221;
2015;01;19;7;0;0.000080934584;0.000213474550;0.000130287900;0.000147368158;
2015;01;19;8;0;0.000110471178;0.000218173063;0.000156885519;0.000165248346;
2015;01;19;9;0;0.000133937633;0.000164713855;0.000178758354;0.000119252095;
2015;01;19;10;0;0.000151476874;0.000132473061;0.000278453674;0.000070164861;
2015;01;19;11;0;0.000168466195;0.000125782620;0.000293427769;0.000073049613;
2015;01;19;12;0;0.000173094831;0.000110225545;0.000292169546;0.000071853931;
2015;01;19;13;0;0.000174939508;0.000083133174;0.000279288397;0.000070472091;
2015;01;19;14;0;0.000177071303;0.000083038965;0.000201053986;0.000068539449;
2015;01;19;15;0;0.000166490901;0.000080756122;0.000180311448;0.000062220755;
2015;01;19;16;0;0.000155658502;0.000077295671;0.000173336380;0.000055248018;
2015;01;19;17;0;0.000156153047;0.000075300951;0.000179510915;0.000049178372;
2015;01;19;18;0;0.000166768156;0.000079131524;0.000198257254;0.000055394993;
2015;01;19;19;0;0.000185770318;0.000143029471;0.000202537772;0.000133658477;
2015;01;19;20;0;0.000199693423;0.000192273803;0.000206205536;0.000228727203;
2015;01;19;21;0;0.000201700784;0.000200662027;0.000187816327;0.000224889607;
2015;01;19;22;0;0.000195189978;0.000204246930;0.000147272477;0.000212836632;
2015;01;19;23;0;0.000169004351;0.000247233330;0.000123353300;0.000179897062;
2015;01;19;24;0;0.000135767984;0.000253860750;0.000101743430;0.000173365847;
2015;01;20;1;0;0.000105700252;0.000242642544;0.000098405239;0.000159445764;
2015;01;20;2;0;0.000085172854;0.000224656522;0.000095900177;0.000163732511;
2015;01;20;3;0;0.000076017188;0.000207441061;0.000093205258;0.000154893857;
2015;01;20;4;0;0.000071461589;0.000197292052;0.000091314362;0.000146390729;
2015;01;20;5;0;0.000069886772;0.000195741357;0.000091312268;0.000141941979;
2015;01;20;6;0;0.000071587529;0.000205179679;0.000100086105;0.000143880353;
2015;01;20;7;0;0.000083719474;0.000213042106;0.000123494960;0.000149100692;
2015;01;20;8;0;0.000115419462;0.000219721443;0.000148517589;0.000167984750;
2015;01;20;9;0;0.000140842460;0.000167529805;0.000167370433;0.000119196573;
2015;01;20;10;0;0.000158120010;0.000134504320;0.000267414530;0.000069236300;
2015;01;20;11;0;0.000173052683;0.000126401740;0.000281900650;0.000074636253;
2015;01;20;12;0;0.000175194538;0.000109452468;0.000281036518;0.000072493406;
2015;01;20;13;0;0.000177245333;0.000083547246;0.000268146062;0.000067835296;
2015;01;20;14;0;0.000179678992;0.000084210292;0.000194229934;0.000064665472;
2015;01;20;15;0;0.000168813343;0.000082639103;0.000176515733;0.000060349398;
2015;01;20;16;0;0.000159093643;0.000078263756;0.000167975512;0.000057464944;
2015;01;20;17;0;0.000161197492;0.000076557765;0.000174857046;0.000054150444;
2015;01;20;18;0;0.000174013334;0.000081301682;0.000192242020;0.000060103670;
2015;01;20;19;0;0.000192800942;0.000145169287;0.000198593745;0.000143469070;
2015;01;20;20;0;0.000203859719;0.000191116982;0.000202379720;0.000226546418;
2015;01;20;21;0;0.000204622588;0.000199563110;0.000187466909;0.000227701749;
2015;01;20;22;0;0.000196530447;0.000203269203;0.000149337220;0.000214998364;
2015;01;20;23;0;0.000171710835;0.000247032709;0.000126555263;0.000184828490;
2015;01;20;24;0;0.000137990729;0.000253692615;0.000104997741;0.000179096940;
2015;01;21;1;0;0.000106245133;0.000243296712;0.000099846450;0.000159794621;
2015;01;21;2;0;0.000085653280;0.000225299817;0.000097480931;0.000164145485;
2015;01;21;3;0;0.000076385851;0.000207979026;0.000094450544;0.000155200587;
2015;01;21;4;0;0.000071717982;0.000197718509;0.000092083090;0.000146553915;
2015;01;21;5;0;0.000070139604;0.000196166597;0.000092088613;0.000142103208;
2015;01;21;6;0;0.000071753270;0.000205533552;0.000100436663;0.000143914957;
2015;01;21;7;0;0.000083940009;0.000213433014;0.000124075621;0.000149169320;
2015;01;21;8;0;0.000115663926;0.000220085280;0.000148932198;0.000168002222;
2015;01;21;9;0;0.000141215715;0.000167838119;0.000168167713;0.000119252743;
2015;01;21;10;0;0.000158777775;0.000134821924;0.000270213623;0.000069340909;
2015;01;21;11;0;0.000173630328;0.000126664285;0.000283984213;0.000074706731;
2015;01;21;12;0;0.000175635749;0.000109648903;0.000282237914;0.000072520977;
2015;01;21;13;0;0.000177409072;0.000083651310;0.000267663449;0.000067786676;
2015;01;21;14;0;0.000179775486;0.000084303663;0.000193626281;0.000064601698;
2015;01;21;15;0;0.000169061669;0.000082757411;0.000176585181;0.000060328727;
2015;01;21;16;0;0.000159557117;0.000078414899;0.000168941961;0.000057502438;
2015;01;21;17;0;0.000161564539;0.000076688795;0.000175444152;0.000054162043;
2015;01;21;18;0;0.000174483774;0.000081452782;0.000193198679;0.000060134186;
2015;01;21;19;0;0.000192927291;0.000145336779;0.000198027050;0.000143339829;
2015;01;21;20;0;0.000203916430;0.000191312663;0.000201511498;0.000226283555;
2015;01;21;21;0;0.000204769937;0.000199797485;0.000186992617;0.000227506424;
2015;01;21;22;0;0.000196710952;0.000203521685;0.000149076660;0.000214843147;
2015;01;21;23;0;0.000171953691;0.000247382039;0.000126566296;0.000184758324;
2015;01;21;24;0;0.000138531693;0.000254269366;0.000106028315;0.000179337103;
2015;01;22;1;0;0.000106405316;0.000242754296;0.000101409020;0.000160150205;
2015;01;22;2;0;0.000085731984;0.000224752642;0.000098770933;0.000164444529;
2015;01;22;3;0;0.000076484539;0.000207500652;0.000095834269;0.000155523354;
2015;01;22;4;0;0.000071826936;0.000197279393;0.000093507521;0.000146881840;
2015;01;22;5;0;0.000070217645;0.000195704069;0.000093356968;0.000142381675;
2015;01;22;6;0;0.000071844913;0.000205061475;0.000101862407;0.000144213929;
2015;01;22;7;0;0.000083955438;0.000212863107;0.000125302577;0.000149366965;
2015;01;22;8;0;0.000115397727;0.000219309044;0.000149003500;0.000167936178;
2015;01;22;9;0;0.000140478097;0.000167076082;0.000166432565;0.000118964306;
2015;01;22;10;0;0.000157812029;0.000134169769;0.000266554988;0.000069131969;
2015;01;22;11;0;0.000172756612;0.000126097691;0.000281244596;0.000074536000;
2015;01;22;12;0;0.000174524531;0.000109109556;0.000278121251;0.000072290378;
2015;01;22;13;0;0.000176529766;0.000083279363;0.000265149005;0.000067635351;
2015;01;22;14;0;0.000178722195;0.000083902323;0.000191172997;0.000064416986;
2015;01;22;15;0;0.000168155590;0.000082377635;0.000174686331;0.000060177031;
2015;01;22;16;0;0.000158368456;0.000077998517;0.000165790487;0.000057274739;
2015;01;22;17;0;0.000160383985;0.000076285567;0.000172243645;0.000053953058;
2015;01;22;18;0;0.000173056363;0.000080999990;0.000189032485;0.000059865850;
2015;01;22;19;0;0.000191581236;0.000144589665;0.000194627962;0.000142819949;
2015;01;22;20;0;0.000202977041;0.000190485096;0.000199884143;0.000225833130;
2015;01;22;21;0;0.000203794667;0.000198922330;0.000185378135;0.000227028877;
2015;01;22;22;0;0.000195954531;0.000202694591;0.000148307515;0.000214528439;
2015;01;22;23;0;0.000171357620;0.000246409000;0.000126095244;0.000184536069;
2015;01;22;24;0;0.000138096490;0.000253297230;0.000105774177;0.000179161322;
2015;01;23;1;0;0.000108858012;0.000247134120;0.000104112573;0.000159428833;
2015;01;23;2;0;0.000086513640;0.000228744688;0.000101700633;0.000161925953;
2015;01;23;3;0;0.000076599663;0.000211282682;0.000099296629;0.000154403168;
2015;01;23;4;0;0.000071675500;0.000201549547;0.000097304512;0.000146303271;
2015;01;23;5;0;0.000070507025;0.000199351295;0.000097457314;0.000142596243;
2015;01;23;6;0;0.000072294303;0.000208645295;0.000106336325;0.000142470627;
2015;01;23;7;0;0.000085278859;0.000216512034;0.000129905642;0.000149650373;
2015;01;23;8;0;0.000117888206;0.000223028038;0.000154752813;0.000169691342;
2015;01;23;9;0;0.000146391054;0.000170538217;0.000174510144;0.000120430484;
2015;01;23;10;0;0.000165676020;0.000137159478;0.000278136846;0.000067337486;
2015;01;23;11;0;0.000180569343;0.000129109748;0.000288850691;0.000073370792;
2015;01;23;12;0;0.000180314752;0.000112378668;0.000283166114;0.000068021145;
2015;01;23;13;0;0.000180668518;0.000083485051;0.000267703573;0.000065716751;
2015;01;23;14;0;0.000181496963;0.000084615644;0.000191160523;0.000067431719;
2015;01;23;15;0;0.000170545118;0.000082886803;0.000173179327;0.000061373279;
2015;01;23;16;0;0.000161932348;0.000079184994;0.000164846434;0.000059612190;
2015;01;23;17;0;0.000161958528;0.000076631818;0.000170911085;0.000054772611;
2015;01;23;18;0;0.000171191812;0.000080821985;0.000186022884;0.000059390302;
2015;01;23;19;0;0.000187402730;0.000142643645;0.000193962892;0.000136233663;
2015;01;23;20;0;0.000197234802;0.000188282826;0.000200652647;0.000220716924;
2015;01;23;21;0;0.000196133081;0.000194792840;0.000186229420;0.000217864846;
2015;01;23;22;0;0.000189465064;0.000200261049;0.000149065965;0.000210631228;
2015;01;23;23;0;0.000170131072;0.000245119026;0.000124283025;0.000175289699;
2015;01;23;24;0;0.000143135786;0.000255781288;0.000104596627;0.000170650002;
2015;01;24;1;0;0.000114878627;0.000247320856;0.000070124573;0.000157478961;
2015;01;24;2;0;0.000093328444;0.000229755277;0.000068086227;0.000162335553;
2015;01;24;3;0;0.000080247459;0.000212008231;0.000066808692;0.000155449178;
2015;01;24;4;0;0.000073489688;0.000200706106;0.000066733204;0.000146607107;
2015;01;24;5;0;0.000070852396;0.000198322811;0.000073194610;0.000140276405;
2015;01;24;6;0;0.000071315900;0.000208030246;0.000080332973;0.000140184538;
2015;01;24;7;0;0.000075929433;0.000211161025;0.000096500635;0.000140768622;
2015;01;24;8;0;0.000086548662;0.000207479195;0.000119338286;0.000154144435;
2015;01;24;9;0;0.000106677955;0.000155044268;0.000136930468;0.000106889726;
2015;01;24;10;0;0.000138206598;0.000131597296;0.000178869338;0.000059927898;
2015;01;24;11;0;0.000162999073;0.000133957440;0.000187204549;0.000069181994;
2015;01;24;12;0;0.000169780331;0.000120172360;0.000183193035;0.000070651357;
2015;01;24;13;0;0.000173454254;0.000089961523;0.000172029619;0.000065579060;
2015;01;24;14;0;0.000178280402;0.000090087837;0.000127844171;0.000064470021;
2015;01;24;15;0;0.000172250657;0.000088836050;0.000102495580;0.000064092220;
2015;01;24;16;0;0.000156149285;0.000081400670;0.000092952944;0.000060357632;
2015;01;24;17;0;0.000147834514;0.000077142136;0.000093083778;0.000049521092;
2015;01;24;18;0;0.000149723483;0.000080389380;0.000097808322;0.000048613058;
2015;01;24;19;0;0.000164535611;0.000144975237;0.000108761099;0.000138492856;
2015;01;24;20;0;0.000174609340;0.000186736720;0.000112982228;0.000213975247;
2015;01;24;21;0;0.000179226633;0.000190281447;0.000109588464;0.000217267065;
2015;01;24;22;0;0.000178844284;0.000195012048;0.000103318285;0.000205992889;
2015;01;24;23;0;0.000163132207;0.000241867809;0.000087868063;0.000175184759;
2015;01;24;24;0;0.000139041301;0.000253147571;0.000077752029;0.000168756257;
2015;01;25;1;0;0.000116802957;0.000250410901;0.000064231742;0.000155068234;
2015;01;25;2;0;0.000096005504;0.000232604291;0.000062782553;0.000158757854;
2015;01;25;3;0;0.000082708608;0.000215152939;0.000062274821;0.000152941922;
2015;01;25;4;0;0.000075588996;0.000203225372;0.000063400743;0.000145742912;
2015;01;25;5;0;0.000071981289;0.000200085640;0.000064321529;0.000139675432;
2015;01;25;6;0;0.000071990158;0.000209596472;0.000069755482;0.000139499512;
2015;01;25;7;0;0.000075552130;0.000212826827;0.000081281968;0.000146116934;
2015;01;25;8;0;0.000082410490;0.000207963819;0.000104156982;0.000157064688;
2015;01;25;9;0;0.000095667231;0.000151012312;0.000120876709;0.000103806158;
2015;01;25;10;0;0.000121876693;0.000127904684;0.000158212867;0.000060491228;
2015;01;25;11;0;0.000147377273;0.000134424572;0.000161050921;0.000064157736;
2015;01;25;12;0;0.000159453938;0.000122769218;0.000152190415;0.000066747033;
2015;01;25;13;0;0.000162956233;0.000090475745;0.000141874882;0.000063325091;
2015;01;25;14;0;0.000165154069;0.000090821045;0.000101408635;0.000060369036;
2015;01;25;15;0;0.000165668663;0.000089724712;0.000084370277;0.000059476141;
2015;01;25;16;0;0.000150992497;0.000079896134;0.000082806649;0.000061198913;
2015;01;25;17;0;0.000142795458;0.000076445138;0.000086736585;0.000054481139;
2015;01;25;18;0;0.000144044200;0.000079998553;0.000090616486;0.000051444614;
2015;01;25;19;0;0.000160182194;0.000146073974;0.000095837050;0.000135085367;
2015;01;25;20;0;0.000173523214;0.000190895953;0.000100863890;0.000217891114;
2015;01;25;21;0;0.000184732238;0.000195665179;0.000097876203;0.000214080373;
2015;01;25;22;0;0.000185832167;0.000200702654;0.000091616371;0.000210501905;
2015;01;25;23;0;0.000164419679;0.000245470092;0.000080607956;0.000180001647;
2015;01;25;24;0;0.000134772897;0.000255669876;0.000068702317;0.000173060142;
2015;01;26;1;0;0.000103070115;0.000240524581;0.000070577006;0.000156270224;
2015;01;26;2;0;0.000084482530;0.000224257599;0.000072270376;0.000161218328;
2015;01;26;3;0;0.000074391292;0.000207588488;0.000073969326;0.000152636480;
2015;01;26;4;0;0.000070216185;0.000197915500;0.000081633446;0.000145354230;
2015;01;26;5;0;0.000068448308;0.000195128602;0.000092575757;0.000139278816;
2015;01;26;6;0;0.000069713205;0.000205019298;0.000106141015;0.000139904801;
2015;01;26;7;0;0.000080845318;0.000212186212;0.000132337580;0.000147671940;
2015;01;26;8;0;0.000110572756;0.000217013195;0.000160406707;0.000165824089;
2015;01;26;9;0;0.000133580020;0.000163630718;0.000180515823;0.000119368280;
2015;01;26;10;0;0.000150810130;0.000131521803;0.000279465883;0.000070148449;
2015;01;26;11;0;0.000166861501;0.000124656435;0.000288891085;0.000072772568;
2015;01;26;12;0;0.000170853938;0.000109108548;0.000283885091;0.000071410923;
2015;01;26;13;0;0.000172199300;0.000082212704;0.000268517938;0.000069904699;
2015;01;26;14;0;0.000174023263;0.000082074040;0.000192245284;0.000067913077;
2015;01;26;15;0;0.000163755418;0.000079839411;0.000172957551;0.000061685837;
2015;01;26;16;0;0.000153041955;0.000076408694;0.000165962771;0.000054758894;
2015;01;26;17;0;0.000153595506;0.000074448631;0.000172104856;0.000048758041;
2015;01;26;18;0;0.000164174711;0.000078258740;0.000190660133;0.000054953520;
2015;01;26;19;0;0.000182924066;0.000141464445;0.000194872031;0.000132615641;
2015;01;26;20;0;0.000197799922;0.000190555440;0.000203037114;0.000227866921;
2015;01;26;21;0;0.000200224560;0.000199018056;0.000186480104;0.000224380766;
2015;01;26;22;0;0.000194200099;0.000202731506;0.000147488594;0.000212686407;
2015;01;26;23;0;0.000168272630;0.000245460863;0.000123912513;0.000179861690;
2015;01;26;24;0;0.000135142265;0.000252013151;0.000102164004;0.000173296107;
2015;01;27;1;0;0.000104276728;0.000238852113;0.000097536868;0.000159340855;
2015;01;27;2;0;0.000084195994;0.000221301649;0.000095781365;0.000163853453;
2015;01;27;3;0;0.000075190333;0.000204385862;0.000093292396;0.000155072570;
2015;01;27;4;0;0.000070669171;0.000194372785;0.000091307751;0.000146538583;
2015;01;27;5;0;0.000069182754;0.000192914318;0.000091638109;0.000142186636;
2015;01;27;6;0;0.000070847600;0.000202199825;0.000100297222;0.000144103345;
2015;01;27;7;0;0.000082838028;0.000209935461;0.000123625136;0.000149312729;
2015;01;27;8;0;0.000114078156;0.000216437366;0.000147981561;0.000168097293;
2015;01;27;9;0;0.000138953947;0.000164919510;0.000165770755;0.000119125358;
2015;01;27;10;0;0.000155792020;0.000132347148;0.000263577305;0.000069131055;
2015;01;27;11;0;0.000169979027;0.000124241578;0.000274674861;0.000074363920;
2015;01;27;12;0;0.000171581171;0.000107473784;0.000270808499;0.000072083654;
2015;01;27;13;0;0.000173043805;0.000081948067;0.000255283584;0.000067305706;
2015;01;27;14;0;0.000175138709;0.000082551951;0.000183875959;0.000064089118;
2015;01;27;15;0;0.000164593936;0.000081019263;0.000167312639;0.000059822911;
2015;01;27;16;0;0.000155259719;0.000076754647;0.000159710623;0.000057000181;
2015;01;27;17;0;0.000156976735;0.000075026633;0.000164864363;0.000053633608;
2015;01;27;18;0;0.000169049179;0.000079609977;0.000179554572;0.000059431510;
2015;01;27;19;0;0.000186860368;0.000142035138;0.000183720330;0.000141636206;
2015;01;27;20;0;0.000199082777;0.000187477012;0.000192866281;0.000224821188;
2015;01;27;21;0;0.000200440147;0.000195967977;0.000180782352;0.000226444014;
2015;01;27;22;0;0.000192611287;0.000199642212;0.000144292943;0.000213885679;
2015;01;27;23;0;0.000168537242;0.000242749567;0.000122968023;0.000184060892;
2015;01;27;24;0;0.000135631441;0.000249413851;0.000102596197;0.000178525707;
2015;01;28;1;0;0.000104579980;0.000238535135;0.000099305007;0.000159839395;
2015;01;28;2;0;0.000084536597;0.000221095807;0.000097907283;0.000164495656;
2015;01;28;3;0;0.000075441568;0.000204146760;0.000095101289;0.000155605345;
2015;01;28;4;0;0.000070764598;0.000194012413;0.000092380632;0.000146840710;
2015;01;28;5;0;0.000069180067;0.000192464639;0.000092224883;0.000142343544;
2015;01;28;6;0;0.000070848262;0.000201732581;0.000100941826;0.000144267651;
2015;01;28;7;0;0.000082826280;0.000209439866;0.000124337203;0.000149467688;
2015;01;28;8;0;0.000113869480;0.000215799905;0.000147908410;0.000168075261;
2015;01;28;9;0;0.000138694742;0.000164431131;0.000165691404;0.000119106364;
2015;01;28;10;0;0.000155469412;0.000131945686;0.000263261410;0.000069110137;
2015;01;28;11;0;0.000169479792;0.000123827387;0.000273466557;0.000074296776;
2015;01;28;12;0;0.000171002037;0.000107099258;0.000269167712;0.000071996738;
2015;01;28;13;0;0.000172402883;0.000081653254;0.000253413162;0.000067209302;
2015;01;28;14;0;0.000174251626;0.000082216136;0.000181590849;0.000063936962;
2015;01;28;15;0;0.000163548236;0.000080653500;0.000164436852;0.000059627483;
2015;01;28;16;0;0.000154233791;0.000076401710;0.000156781559;0.000056804164;
2015;01;28;17;0;0.000155898651;0.000074675228;0.000161645728;0.000053439743;
2015;01;28;18;0;0.000167869838;0.000079234358;0.000175949595;0.000059212396;
2015;01;28;19;0;0.000186131553;0.000141514760;0.000182223065;0.000141414316;
2015;01;28;20;0;0.000198197650;0.000186754815;0.000190899826;0.000224384114;
2015;01;28;21;0;0.000199430590;0.000195172787;0.000178551594;0.000225910930;
2015;01;28;22;0;0.000191374019;0.000198736246;0.000141768668;0.000213176725;
2015;01;28;23;0;0.000167360322;0.000241601394;0.000120550942;0.000183379794;
2015;01;28;24;0;0.000134894612;0.000248369113;0.000101149275;0.000178057514;
2015;01;29;1;0;0.000103869836;0.000237801073;0.000097491498;0.000159410027;
2015;01;29;2;0;0.000083925909;0.000220381219;0.000095980906;0.000164003680;
2015;01;29;3;0;0.000074981412;0.000203566300;0.000093633252;0.000155261051;
2015;01;29;4;0;0.000070370799;0.000193496718;0.000091138688;0.000146570207;
2015;01;29;5;0;0.000068824095;0.000191980829;0.000091133498;0.000142122546;
2015;01;29;6;0;0.000070425037;0.000201166805;0.000099452454;0.000143960362;
2015;01;29;7;0;0.000082284775;0.000208810724;0.000122261318;0.000149090355;
2015;01;29;8;0;0.000113171936;0.000215181780;0.000145685487;0.000167698436;
2015;01;29;9;0;0.000137574624;0.000163849970;0.000161956117;0.000118679018;
2015;01;29;10;0;0.000154115899;0.000131451025;0.000256665654;0.000068832252;
2015;01;29;11;0;0.000168195052;0.000123412403;0.000267668627;0.000074056514;
2015;01;29;12;0;0.000169924708;0.000106788056;0.000264722473;0.000071827917;
2015;01;29;13;0;0.000171846385;0.000081502445;0.000252201156;0.000067194405;
2015;01;29;14;0;0.000174256052;0.000082156545;0.000182970372;0.000064066600;
2015;01;29;15;0;0.000163842376;0.000080644538;0.000166779297;0.000059821598;
2015;01;29;16;0;0.000154572122;0.000076403134;0.000159299306;0.000057004253;
2015;01;29;17;0;0.000156476571;0.000074714934;0.000165243492;0.000053683441;
2015;01;29;18;0;0.000168768417;0.000079320715;0.000181051408;0.000059549256;
2015;01;29;19;0;0.000186509987;0.000141507937;0.000185143561;0.000141895194;
2015;01;29;20;0;0.000198010390;0.000186556337;0.000191675856;0.000224687851;
2015;01;29;21;0;0.000198861011;0.000194837269;0.000177953761;0.000225918852;
2015;01;29;22;0;0.000191153958;0.000198511634;0.000142211727;0.000213435737;
2015;01;29;23;0;0.000167215262;0.000241351713;0.000121062723;0.000183638343;
2015;01;29;24;0;0.000134831116;0.000248144909;0.000101760457;0.000178356318;
2015;01;30;1;0;0.000106582876;0.000242438720;0.000101160024;0.000159058576;
2015;01;30;2;0;0.000084894684;0.000224572494;0.000099633083;0.000161799410;
2015;01;30;3;0;0.000075355813;0.000207610587;0.000098182993;0.000154551709;
2015;01;30;4;0;0.000070434639;0.000197972106;0.000095814153;0.000146333798;
2015;01;30;5;0;0.000069236941;0.000195765028;0.000095697553;0.000142556030;
2015;01;30;6;0;0.000070860617;0.000204760520;0.000103695872;0.000142248278;
2015;01;30;7;0;0.000083483500;0.000212388707;0.000126101647;0.000149287885;
2015;01;30;8;0;0.000115083068;0.000218566871;0.000148698881;0.000168951530;
2015;01;30;9;0;0.000142286995;0.000166874984;0.000164998314;0.000119545119;
2015;01;30;10;0;0.000160842922;0.000134159424;0.000261781649;0.000066788669;
2015;01;30;11;0;0.000175346943;0.000126298125;0.000272018065;0.000072786356;
2015;01;30;12;0;0.000175867705;0.000110097474;0.000271122257;0.000067683327;
2015;01;30;13;0;0.000176560007;0.000081845784;0.000258258834;0.000065479120;
2015;01;30;14;0;0.000177879980;0.000083036591;0.000186417944;0.000067321298;
2015;01;30;15;0;0.000167203789;0.000081349808;0.000169087227;0.000061287407;
2015;01;30;16;0;0.000158816351;0.000077725818;0.000161205189;0.000059543141;
2015;01;30;17;0;0.000158662406;0.000075190165;0.000166439656;0.000054666368;
2015;01;30;18;0;0.000167990308;0.000079347172;0.000182358109;0.000059343686;
2015;01;30;19;0;0.000183283985;0.000139879938;0.000187704098;0.000135813665;
2015;01;30;20;0;0.000192549524;0.000184520024;0.000192797615;0.000219761722;
2015;01;30;21;0;0.000190780221;0.000190662035;0.000176452762;0.000216380602;
2015;01;30;22;0;0.000183793096;0.000195830475;0.000139784849;0.000208803956;
2015;01;30;23;0;0.000165378302;0.000239866409;0.000117458458;0.000174016145;
2015;01;30;24;0;0.000138977532;0.000250205621;0.000098333987;0.000169278994;
2015;01;31;1;0;0.000112055329;0.000242421310;0.000067008103;0.000156616253;
2015;01;31;2;0;0.000091597927;0.000225679078;0.000066659272;0.000162131585;
2015;01;31;3;0;0.000078628128;0.000208128180;0.000064978411;0.000155076028;
2015;01;31;4;0;0.000072067005;0.000197089814;0.000065110450;0.000146339650;
2015;01;31;5;0;0.000069503271;0.000194771792;0.000071492231;0.000140052167;
2015;01;31;6;0;0.000070027346;0.000204376545;0.000078737718;0.000140057005;
2015;01;31;7;0;0.000074481797;0.000207380261;0.000094208586;0.000140542416;
2015;01;31;8;0;0.000084675297;0.000203578191;0.000115377388;0.000153616633;
2015;01;31;9;0;0.000104120590;0.000152003066;0.000131240369;0.000106348111;
2015;01;31;10;0;0.000134491630;0.000128882152;0.000169579411;0.000059501179;
2015;01;31;11;0;0.000158971860;0.000131295770;0.000178915274;0.000068795726;
2015;01;31;12;0;0.000165928058;0.000117869112;0.000176420167;0.000070357392;
2015;01;31;13;0;0.000169748375;0.000088278586;0.000166517184;0.000065367274;
2015;01;31;14;0;0.000174662246;0.000088436124;0.000124245347;0.000064310459;
2015;01;31;15;0;0.000168665486;0.000087191401;0.000099408246;0.000063910266;
2015;01;31;16;0;0.000152751981;0.000079866878;0.000089837016;0.000060146117;
2015;01;31;17;0;0.000144484605;0.000075664436;0.000089651426;0.000049316100;
2015;01;31;18;0;0.000146395182;0.000078861438;0.000094359524;0.000048426516;
2015;01;31;19;0;0.000160388940;0.000142071338;0.000103691011;0.000137672811;
2015;01;31;20;0;0.000170540779;0.000183118453;0.000108539586;0.000212993330;
2015;01;31;21;0;0.000175139015;0.000186626896;0.000105485073;0.000216345318;
2015;01;31;22;0;0.000174462292;0.000191152531;0.000098788696;0.000204873915;
2015;01;31;23;0;0.000158961360;0.000236992121;0.000083659895;0.000174102204;
2015;01;31;24;0;0.000135853298;0.000248275416;0.000074798632;0.000168026198;
