AŃO;MES;DIA;HORA;VERANO(1)/INVIERNO(0);COEF. PERFIL A;COEF. PERFIL B;COEF. PERFIL C;COEF. PERFIL D;
2016;07;01;1;1;0.000107339921;0.000146951779;0.000102033490;0.000174177454;
2016;07;01;2;1;0.000089794707;0.000137505547;0.000094666702;0.000173552145;
2016;07;01;3;1;0.000079461533;0.000130240356;0.000090718892;0.000169754218;
2016;07;01;4;1;0.000074296079;0.000127829046;0.000088011896;0.000162408104;
2016;07;01;5;1;0.000071719850;0.000125656410;0.000087506723;0.000158289407;
2016;07;01;6;1;0.000071060324;0.000124730864;0.000089588539;0.000157124618;
2016;07;01;7;1;0.000075745989;0.000110260848;0.000095143823;0.000133166634;
2016;07;01;8;1;0.000087367398;0.000061306650;0.000104732900;0.000047605952;
2016;07;01;9;1;0.000103689898;0.000064267636;0.000138994824;0.000043434501;
2016;07;01;10;1;0.000123729061;0.000070093240;0.000161707380;0.000046256073;
2016;07;01;11;1;0.000138235613;0.000072458879;0.000177630031;0.000049424259;
2016;07;01;12;1;0.000144976014;0.000072648279;0.000183820399;0.000052937036;
2016;07;01;13;1;0.000151450562;0.000072774618;0.000187321916;0.000053792437;
2016;07;01;14;1;0.000158249213;0.000073828991;0.000182195752;0.000052034159;
2016;07;01;15;1;0.000155051391;0.000074116203;0.000164367897;0.000054533969;
2016;07;01;16;1;0.000148276191;0.000070527151;0.000152811382;0.000053232186;
2016;07;01;17;1;0.000147948360;0.000068055015;0.000150401316;0.000050876362;
2016;07;01;18;1;0.000151542367;0.000068296744;0.000152194000;0.000051542967;
2016;07;01;19;1;0.000153110072;0.000067875891;0.000149993643;0.000049708875;
2016;07;01;20;1;0.000149078774;0.000067438268;0.000145720609;0.000051819890;
2016;07;01;21;1;0.000143319635;0.000068753352;0.000137404046;0.000053221615;
2016;07;01;22;1;0.000142733539;0.000098618155;0.000129498161;0.000080055614;
2016;07;01;23;1;0.000141373110;0.000153900358;0.000128437569;0.000221658173;
2016;07;01;24;1;0.000125839700;0.000156315656;0.000118343363;0.000189771644;
2016;07;02;1;1;0.000108378688;0.000148136582;0.000107856828;0.000175518793;
2016;07;02;2;1;0.000093164799;0.000140019870;0.000098769968;0.000171532754;
2016;07;02;3;1;0.000081699307;0.000132664484;0.000093138103;0.000167982863;
2016;07;02;4;1;0.000075219066;0.000129378669;0.000089854777;0.000163058411;
2016;07;02;5;1;0.000071891418;0.000126920212;0.000088549706;0.000157824186;
2016;07;02;6;1;0.000070392284;0.000125638517;0.000089530221;0.000155494123;
2016;07;02;7;1;0.000071606602;0.000108179496;0.000088801333;0.000128292777;
2016;07;02;8;1;0.000076123367;0.000055228861;0.000084253225;0.000041139855;
2016;07;02;9;1;0.000088548853;0.000055166566;0.000095696005;0.000039940550;
2016;07;02;10;1;0.000107920458;0.000062974782;0.000111595985;0.000042689512;
2016;07;02;11;1;0.000124550153;0.000067999998;0.000128194632;0.000048242560;
2016;07;02;12;1;0.000132767048;0.000068650834;0.000134153684;0.000049731187;
2016;07;02;13;1;0.000138189510;0.000069062667;0.000137782555;0.000047829485;
2016;07;02;14;1;0.000143778938;0.000069453562;0.000135856829;0.000045995414;
2016;07;02;15;1;0.000142408672;0.000069967007;0.000126159343;0.000049498929;
2016;07;02;16;1;0.000134299084;0.000066693334;0.000121639018;0.000048596171;
2016;07;02;17;1;0.000128717408;0.000063565418;0.000118407872;0.000045605601;
2016;07;02;18;1;0.000126893874;0.000063213921;0.000119525852;0.000044459055;
2016;07;02;19;1;0.000126804410;0.000063192993;0.000120610809;0.000043229525;
2016;07;02;20;1;0.000125877375;0.000062930240;0.000123292348;0.000046679362;
2016;07;02;21;1;0.000127762908;0.000064648246;0.000124729249;0.000051205378;
2016;07;02;22;1;0.000134647270;0.000093269756;0.000124210689;0.000076971287;
2016;07;02;23;1;0.000135894833;0.000150695026;0.000127172073;0.000221675011;
2016;07;02;24;1;0.000122239016;0.000153692622;0.000118555363;0.000190535317;
2016;07;03;1;1;0.000107500809;0.000147156732;0.000108901957;0.000175900113;
2016;07;03;2;1;0.000093068503;0.000139210885;0.000099086477;0.000169618557;
2016;07;03;3;1;0.000082296764;0.000132011617;0.000093127524;0.000163477632;
2016;07;03;4;1;0.000075716357;0.000128873786;0.000089893964;0.000158247621;
2016;07;03;5;1;0.000072414939;0.000127035629;0.000088980366;0.000156588137;
2016;07;03;6;1;0.000070768260;0.000125402583;0.000089162732;0.000154338120;
2016;07;03;7;1;0.000070722934;0.000108074087;0.000087381769;0.000130803476;
2016;07;03;8;1;0.000072637488;0.000052677816;0.000078284718;0.000042561328;
2016;07;03;9;1;0.000081369309;0.000051659756;0.000082801625;0.000040823036;
2016;07;03;10;1;0.000095545486;0.000058758459;0.000090401364;0.000041039294;
2016;07;03;11;1;0.000109391267;0.000064680565;0.000098995684;0.000045099571;
2016;07;03;12;1;0.000118149469;0.000067217672;0.000104715799;0.000048030145;
2016;07;03;13;1;0.000124304184;0.000067492060;0.000108553551;0.000047361262;
2016;07;03;14;1;0.000131685653;0.000068147831;0.000110573098;0.000049088397;
2016;07;03;15;1;0.000135350135;0.000068473698;0.000109784497;0.000049034389;
2016;07;03;16;1;0.000129143928;0.000064926965;0.000107443564;0.000046254817;
2016;07;03;17;1;0.000124826012;0.000062391231;0.000104015619;0.000046601107;
2016;07;03;18;1;0.000123375133;0.000061743452;0.000101200200;0.000045493349;
2016;07;03;19;1;0.000125385035;0.000061171149;0.000101221345;0.000044738929;
2016;07;03;20;1;0.000127345120;0.000061984480;0.000103393929;0.000047445423;
2016;07;03;21;1;0.000132005231;0.000065062425;0.000105970811;0.000052083473;
2016;07;03;22;1;0.000142851461;0.000096855869;0.000112269347;0.000079840189;
2016;07;03;23;1;0.000145575752;0.000154659605;0.000117930544;0.000226282245;
2016;07;03;24;1;0.000128755910;0.000157077787;0.000109394611;0.000192471810;
2016;07;04;1;1;0.000105125725;0.000146545209;0.000097042568;0.000176177124;
2016;07;04;2;1;0.000087469767;0.000136669029;0.000090469949;0.000172197013;
2016;07;04;3;1;0.000077026574;0.000129487037;0.000087065478;0.000166834472;
2016;07;04;4;1;0.000072332792;0.000126841063;0.000084826058;0.000160969327;
2016;07;04;5;1;0.000069926887;0.000125121676;0.000084647743;0.000158258201;
2016;07;04;6;1;0.000069494790;0.000124154950;0.000086767736;0.000158624659;
2016;07;04;7;1;0.000074019529;0.000110341170;0.000092832653;0.000134090722;
2016;07;04;8;1;0.000086103433;0.000059781365;0.000103137888;0.000045210878;
2016;07;04;9;1;0.000103295544;0.000063163145;0.000138658880;0.000042011717;
2016;07;04;10;1;0.000122861589;0.000068366382;0.000162238555;0.000049293662;
2016;07;04;11;1;0.000137644233;0.000071365823;0.000177702583;0.000050770559;
2016;07;04;12;1;0.000144683771;0.000071765661;0.000183947986;0.000055946776;
2016;07;04;13;1;0.000151515829;0.000072270294;0.000186989939;0.000054889038;
2016;07;04;14;1;0.000158992577;0.000073457946;0.000181141174;0.000057433763;
2016;07;04;15;1;0.000154868855;0.000074142207;0.000164341827;0.000055391379;
2016;07;04;16;1;0.000148178606;0.000070283983;0.000156488381;0.000052567895;
2016;07;04;17;1;0.000149052244;0.000068205447;0.000156025332;0.000051456017;
2016;07;04;18;1;0.000152899620;0.000067829416;0.000159481237;0.000053234215;
2016;07;04;19;1;0.000155472932;0.000067253018;0.000156813193;0.000050678808;
2016;07;04;20;1;0.000152376794;0.000066794567;0.000149215728;0.000048526293;
2016;07;04;21;1;0.000148126275;0.000069061814;0.000136511106;0.000052183915;
2016;07;04;22;1;0.000150668668;0.000100162140;0.000125408114;0.000083176346;
2016;07;04;23;1;0.000150538106;0.000155827851;0.000122459556;0.000227438540;
2016;07;04;24;1;0.000130642171;0.000156906793;0.000111124315;0.000195097803;
2016;07;05;1;1;0.000107921796;0.000147075911;0.000101633349;0.000175571763;
2016;07;05;2;1;0.000089445122;0.000137562336;0.000094930009;0.000174475318;
2016;07;05;3;1;0.000079160986;0.000130278454;0.000090886049;0.000167916840;
2016;07;05;4;1;0.000074030397;0.000127636241;0.000088804683;0.000161108665;
2016;07;05;5;1;0.000071658772;0.000126019870;0.000088203622;0.000158353273;
2016;07;05;6;1;0.000071169085;0.000124911778;0.000090335824;0.000158324647;
2016;07;05;7;1;0.000076082155;0.000110265779;0.000095899947;0.000133500577;
2016;07;05;8;1;0.000088189673;0.000061102417;0.000105430898;0.000047411336;
2016;07;05;9;1;0.000104655181;0.000063982024;0.000140116454;0.000044871524;
2016;07;05;10;1;0.000124727940;0.000069489370;0.000164047699;0.000046960959;
2016;07;05;11;1;0.000139586940;0.000072113679;0.000180828295;0.000051072305;
2016;07;05;12;1;0.000146827091;0.000072044569;0.000187364347;0.000056100401;
2016;07;05;13;1;0.000153747177;0.000072761415;0.000190473471;0.000054065898;
2016;07;05;14;1;0.000161186053;0.000074088631;0.000184563060;0.000054731835;
2016;07;05;15;1;0.000156986108;0.000074453355;0.000167773971;0.000055401346;
2016;07;05;16;1;0.000150035988;0.000070854318;0.000159776045;0.000052602862;
2016;07;05;17;1;0.000150448862;0.000068545552;0.000159728412;0.000052048767;
2016;07;05;18;1;0.000154674932;0.000068415916;0.000162932116;0.000054177171;
2016;07;05;19;1;0.000157026804;0.000067709488;0.000160295776;0.000051870415;
2016;07;05;20;1;0.000154050439;0.000067455587;0.000153126896;0.000052862196;
2016;07;05;21;1;0.000149596531;0.000069531420;0.000140727993;0.000054005219;
2016;07;05;22;1;0.000151496411;0.000100989183;0.000129846793;0.000082812319;
2016;07;05;23;1;0.000151407386;0.000156953164;0.000126554537;0.000227071968;
2016;07;05;24;1;0.000131964526;0.000158153812;0.000114427382;0.000194195497;
2016;07;06;1;1;0.000108843603;0.000147842496;0.000102755807;0.000176196107;
2016;07;06;2;1;0.000090147657;0.000138185132;0.000095913050;0.000174976480;
2016;07;06;3;1;0.000079742278;0.000130801893;0.000091780635;0.000168313746;
2016;07;06;4;1;0.000074542835;0.000128095486;0.000089641287;0.000161421960;
2016;07;06;5;1;0.000072184302;0.000126525021;0.000089070976;0.000158726097;
2016;07;06;6;1;0.000071695066;0.000125419559;0.000091229288;0.000158706350;
2016;07;06;7;1;0.000076639666;0.000110707117;0.000096842403;0.000133814086;
2016;07;06;8;1;0.000088849948;0.000061356676;0.000106483849;0.000047530187;
2016;07;06;9;1;0.000105429735;0.000064242783;0.000141503737;0.000044980170;
2016;07;06;10;1;0.000125615135;0.000069752629;0.000165624566;0.000047061207;
2016;07;06;11;1;0.000140583289;0.000072388663;0.000182570957;0.000051182590;
2016;07;06;12;1;0.000147841699;0.000072302945;0.000189127245;0.000056208838;
2016;07;06;13;1;0.000154854244;0.000073043418;0.000192321063;0.000054186023;
2016;07;06;14;1;0.000162369343;0.000074386159;0.000186379329;0.000054861095;
2016;07;06;15;1;0.000158108842;0.000074738298;0.000169393176;0.000055521750;
2016;07;06;16;1;0.000151143045;0.000071141504;0.000161354389;0.000052729055;
2016;07;06;17;1;0.000151591619;0.000068838208;0.000161341040;0.000052184872;
2016;07;06;18;1;0.000155859319;0.000068712220;0.000164587151;0.000054322163;
2016;07;06;19;1;0.000158197095;0.000067988934;0.000161891178;0.000051998681;
2016;07;06;20;1;0.000155201833;0.000067735419;0.000154654221;0.000052994036;
2016;07;06;21;1;0.000150668466;0.000069798475;0.000142088107;0.000054123325;
2016;07;06;22;1;0.000152648770;0.000101421450;0.000131159147;0.000083029764;
2016;07;06;23;1;0.000152545118;0.000157610561;0.000127821927;0.000227647384;
2016;07;06;24;1;0.000132881281;0.000158726800;0.000115508237;0.000194577962;
2016;07;07;1;1;0.000107616563;0.000146938131;0.000101137584;0.000175590031;
2016;07;07;2;1;0.000089131378;0.000137339832;0.000094402582;0.000174374588;
2016;07;07;3;1;0.000078923529;0.000130134037;0.000090427163;0.000167905446;
2016;07;07;4;1;0.000073778424;0.000127443096;0.000088320506;0.000161032460;
2016;07;07;5;1;0.000071377146;0.000125762701;0.000087676383;0.000158194761;
2016;07;07;6;1;0.000070912067;0.000124696758;0.000089824572;0.000158216773;
2016;07;07;7;1;0.000075827100;0.000110104584;0.000095381993;0.000133444297;
2016;07;07;8;1;0.000087840148;0.000060975690;0.000104797185;0.000047362296;
2016;07;07;9;1;0.000104196906;0.000063822686;0.000139216148;0.000044806409;
2016;07;07;10;1;0.000124153489;0.000069300530;0.000162956507;0.000046882133;
2016;07;07;11;1;0.000138906996;0.000071898528;0.000179577577;0.000050972980;
2016;07;07;12;1;0.000145979688;0.000071764637;0.000185900080;0.000055940641;
2016;07;07;13;1;0.000152813774;0.000072456858;0.000188927959;0.000053895686;
2016;07;07;14;1;0.000160131818;0.000073743671;0.000182979038;0.000054533757;
2016;07;07;15;1;0.000155840367;0.000074050164;0.000166207151;0.000055158734;
2016;07;07;16;1;0.000148818423;0.000070412634;0.000158153682;0.000052329413;
2016;07;07;17;1;0.000149269693;0.000068137316;0.000158150764;0.000051792684;
2016;07;07;18;1;0.000153470829;0.000068012081;0.000161331431;0.000053913492;
2016;07;07;19;1;0.000155840639;0.000067325482;0.000158757918;0.000051629971;
2016;07;07;20;1;0.000152946436;0.000067099202;0.000151717013;0.000052637694;
2016;07;07;21;1;0.000148595804;0.000069197297;0.000139499260;0.000053801699;
2016;07;07;22;1;0.000150575168;0.000100565468;0.000128791922;0.000082550782;
2016;07;07;23;1;0.000150507254;0.000156316007;0.000125543570;0.000226385771;
2016;07;07;24;1;0.000131172552;0.000157502858;0.000113506860;0.000193597681;
2016;07;08;1;1;0.000109330075;0.000148359682;0.000104663306;0.000175065662;
2016;07;08;2;1;0.000091485997;0.000138863075;0.000097134715;0.000174487585;
2016;07;08;3;1;0.000080969910;0.000131545189;0.000093097451;0.000170693881;
2016;07;08;4;1;0.000075688770;0.000129079649;0.000090298443;0.000163269067;
2016;07;08;5;1;0.000073070057;0.000126895843;0.000089787283;0.000159141184;
2016;07;08;6;1;0.000072429597;0.000126015942;0.000091963326;0.000158038820;
2016;07;08;7;1;0.000077287925;0.000111515697;0.000097770071;0.000134084348;
2016;07;08;8;1;0.000089160921;0.000062014808;0.000107641963;0.000047942101;
2016;07;08;9;1;0.000105854542;0.000065032141;0.000142904206;0.000043756094;
2016;07;08;10;1;0.000126307005;0.000070924214;0.000166248943;0.000046596697;
2016;07;08;11;1;0.000141183801;0.000073353224;0.000182706774;0.000049812203;
2016;07;08;12;1;0.000148085668;0.000073553760;0.000189096682;0.000053358934;
2016;07;08;13;1;0.000154692609;0.000073678586;0.000192690632;0.000054218882;
2016;07;08;14;1;0.000161655259;0.000074754594;0.000187438957;0.000052452656;
2016;07;08;15;1;0.000158489552;0.000075093234;0.000169205822;0.000055007605;
2016;07;08;16;1;0.000151522564;0.000071437279;0.000157266031;0.000053679796;
2016;07;08;17;1;0.000151168066;0.000068924354;0.000154765754;0.000051297549;
2016;07;08;18;1;0.000154886304;0.000069189728;0.000156657002;0.000051985117;
2016;07;08;19;1;0.000156487311;0.000068762805;0.000154390849;0.000050134878;
2016;07;08;20;1;0.000152310098;0.000068293908;0.000149936440;0.000052244434;
2016;07;08;21;1;0.000146378869;0.000069603205;0.000141333641;0.000053640325;
2016;07;08;22;1;0.000145778622;0.000099836042;0.000133200158;0.000080684527;
2016;07;08;23;1;0.000144477249;0.000155895994;0.000132189835;0.000223535786;
2016;07;08;24;1;0.000128650640;0.000158401549;0.000121846066;0.000191450389;
2016;07;09;1;1;0.000112328338;0.000151117236;0.000113173170;0.000177620242;
2016;07;09;2;1;0.000096515916;0.000142771984;0.000103591087;0.000173507214;
2016;07;09;3;1;0.000084606793;0.000135222129;0.000097648289;0.000169853784;
2016;07;09;4;1;0.000077903426;0.000131885648;0.000094215028;0.000164890341;
2016;07;09;5;1;0.000074473490;0.000129408166;0.000092867162;0.000159632607;
2016;07;09;6;1;0.000072902660;0.000128069984;0.000093872496;0.000157237339;
2016;07;09;7;1;0.000074205553;0.000110340393;0.000093165092;0.000129810234;
2016;07;09;8;1;0.000078871903;0.000056321817;0.000088377408;0.000041618888;
2016;07;09;9;1;0.000091747933;0.000056259457;0.000100382394;0.000040406458;
2016;07;09;10;1;0.000111854733;0.000064242657;0.000117098018;0.000043201136;
2016;07;09;11;1;0.000129191659;0.000069423314;0.000134620264;0.000048858929;
2016;07;09;12;1;0.000137844199;0.000070153647;0.000141010414;0.000050413913;
2016;07;09;13;1;0.000143490432;0.000070582567;0.000144841325;0.000048491650;
2016;07;09;14;1;0.000149365238;0.000071015806;0.000142884832;0.000046654355;
2016;07;09;15;1;0.000147882837;0.000071512321;0.000132632864;0.000050188074;
2016;07;09;16;1;0.000139548358;0.000068208790;0.000127960220;0.000049303429;
2016;07;09;17;1;0.000133798026;0.000065033865;0.000124607271;0.000046286463;
2016;07;09;18;1;0.000131885951;0.000064666126;0.000125767990;0.000045117133;
2016;07;09;19;1;0.000131750586;0.000064623929;0.000126868796;0.000043855297;
2016;07;09;20;1;0.000130745762;0.000064334743;0.000129648190;0.000047339999;
2016;07;09;21;1;0.000132610165;0.000066044250;0.000131066206;0.000051893265;
2016;07;09;22;1;0.000139692909;0.000095240987;0.000130462642;0.000077970253;
2016;07;09;23;1;0.000141028275;0.000153924731;0.000133611978;0.000224617391;
2016;07;09;24;1;0.000126824358;0.000156946661;0.000124527257;0.000193015284;
2016;07;10;1;1;0.000111820568;0.000150415736;0.000114751474;0.000178194165;
2016;07;10;2;1;0.000096812845;0.000142300566;0.000104413649;0.000171838715;
2016;07;10;3;1;0.000085533497;0.000134824493;0.000098049223;0.000165473786;
2016;07;10;4;1;0.000078854132;0.000131887157;0.000094837022;0.000160505283;
2016;07;10;5;1;0.000075321816;0.000129843833;0.000093756077;0.000158623988;
2016;07;10;6;1;0.000073493178;0.000127972946;0.000093800360;0.000156098637;
2016;07;10;7;1;0.000073519545;0.000110399547;0.000092018679;0.000132427817;
2016;07;10;8;1;0.000075504501;0.000053807518;0.000082433102;0.000043086835;
2016;07;10;9;1;0.000084516024;0.000052727108;0.000087122417;0.000041295348;
2016;07;10;10;1;0.000099200760;0.000059948512;0.000095080715;0.000041497516;
2016;07;10;11;1;0.000113528793;0.000065962993;0.000104076400;0.000045584078;
2016;07;10;12;1;0.000122734791;0.000068615551;0.000110194710;0.000048592272;
2016;07;10;13;1;0.000129247274;0.000068959087;0.000114338452;0.000047959683;
2016;07;10;14;1;0.000136902024;0.000069618814;0.000116448396;0.000049701289;
2016;07;10;15;1;0.000140731806;0.000069961728;0.000115634442;0.000049653712;
2016;07;10;16;1;0.000134379397;0.000066387601;0.000113253525;0.000046874112;
2016;07;10;17;1;0.000129884529;0.000063793886;0.000109638608;0.000047224346;
2016;07;10;18;1;0.000128354735;0.000063121650;0.000106654273;0.000046094549;
2016;07;10;19;1;0.000130437805;0.000062532759;0.000106670051;0.000045327394;
2016;07;10;20;1;0.000132468347;0.000063360113;0.000108952569;0.000048066393;
2016;07;10;21;1;0.000137437477;0.000066565233;0.000111766825;0.000052811848;
2016;07;10;22;1;0.000148846621;0.000099170707;0.000118502665;0.000081020187;
2016;07;10;23;1;0.000151827586;0.000158504544;0.000124594988;0.000229842067;
2016;07;10;24;1;0.000134397693;0.000161117454;0.000115673319;0.000195663205;
2016;07;11;1;1;0.000111163840;0.000151256550;0.000104521222;0.000179626270;
2016;07;11;2;1;0.000092420035;0.000140950395;0.000097364395;0.000175428267;
2016;07;11;3;1;0.000081375839;0.000133527041;0.000093688989;0.000169944256;
2016;07;11;4;1;0.000076367613;0.000130713935;0.000091220182;0.000163863759;
2016;07;11;5;1;0.000073731529;0.000128774427;0.000090910089;0.000160894451;
2016;07;11;6;1;0.000073264698;0.000127759907;0.000093172650;0.000161242313;
2016;07;11;7;1;0.000078086543;0.000113620187;0.000099751241;0.000136393732;
2016;07;11;8;1;0.000090825064;0.000061551565;0.000110813110;0.000045982649;
2016;07;11;9;1;0.000109027862;0.000065074028;0.000149070347;0.000042755515;
2016;07;11;10;1;0.000129716922;0.000070454889;0.000174470595;0.000050180779;
2016;07;11;11;1;0.000145457220;0.000073613179;0.000191275202;0.000051731493;
2016;07;11;12;1;0.000153000343;0.000074075963;0.000198132301;0.000057044457;
2016;07;11;13;1;0.000160325692;0.000074643667;0.000201535251;0.000056001097;
2016;07;11;14;1;0.000168220171;0.000075862654;0.000195211798;0.000058591456;
2016;07;11;15;1;0.000163906271;0.000076592284;0.000177160646;0.000056524855;
2016;07;11;16;1;0.000156855911;0.000072620591;0.000168727218;0.000053653959;
2016;07;11;17;1;0.000157777934;0.000070471714;0.000168224996;0.000052518185;
2016;07;11;18;1;0.000161761692;0.000070044717;0.000171856726;0.000054303264;
2016;07;11;19;1;0.000164505048;0.000069458316;0.000169003112;0.000051703106;
2016;07;11;20;1;0.000161175761;0.000068962035;0.000160761912;0.000049490725;
2016;07;11;21;1;0.000156600972;0.000071266982;0.000147000225;0.000053194265;
2016;07;11;22;1;0.000159199181;0.000103302185;0.000134968115;0.000084739036;
2016;07;11;23;1;0.000159184151;0.000160837195;0.000131896637;0.000231890650;
2016;07;11;24;1;0.000138224827;0.000162043809;0.000119756591;0.000199031055;
2016;07;12;1;1;0.000111033738;0.000149591263;0.000105430484;0.000177553527;
2016;07;12;2;1;0.000091910780;0.000139742406;0.000098355236;0.000176227072;
2016;07;12;3;1;0.000081283360;0.000132245813;0.000094096147;0.000169478081;
2016;07;12;4;1;0.000075962554;0.000129473941;0.000091877572;0.000162493955;
2016;07;12;5;1;0.000073531802;0.000127839116;0.000091259153;0.000159720892;
2016;07;12;6;1;0.000073005113;0.000126673032;0.000093434243;0.000159639094;
2016;07;12;7;1;0.000078037842;0.000111810368;0.000099180200;0.000134596702;
2016;07;12;8;1;0.000090394362;0.000061915714;0.000108962156;0.000047767734;
2016;07;12;9;1;0.000107234577;0.000064811335;0.000144759614;0.000045193269;
2016;07;12;10;1;0.000127833356;0.000070407301;0.000169525389;0.000047309268;
2016;07;12;11;1;0.000143110630;0.000073090956;0.000186929421;0.000051468486;
2016;07;12;12;1;0.000150517003;0.000073012883;0.000193664711;0.000056529373;
2016;07;12;13;1;0.000157595024;0.000073731890;0.000196858428;0.000054473792;
2016;07;12;14;1;0.000165227850;0.000075080343;0.000190758870;0.000055147349;
2016;07;12;15;1;0.000160931028;0.000075453905;0.000173415261;0.000055824869;
2016;07;12;16;1;0.000153777815;0.000071793223;0.000165117870;0.000052995189;
2016;07;12;17;1;0.000154196496;0.000069451841;0.000165063839;0.000052435436;
2016;07;12;18;1;0.000158513416;0.000069314185;0.000168359239;0.000054574686;
2016;07;12;19;1;0.000160863615;0.000068572889;0.000165573291;0.000052231511;
2016;07;12;20;1;0.000157773012;0.000068297779;0.000158126778;0.000053216194;
2016;07;12;21;1;0.000153177421;0.000070383881;0.000145290726;0.000054354787;
2016;07;12;22;1;0.000155188828;0.000102270847;0.000134113812;0.000083383841;
2016;07;12;23;1;0.000155295122;0.000159147459;0.000130879805;0.000228930211;
2016;07;12;24;1;0.000135327613;0.000160334790;0.000118315964;0.000195747943;
2016;07;13;1;1;0.000107440326;0.000146914805;0.000100803623;0.000175701206;
2016;07;13;2;1;0.000089042683;0.000137406406;0.000094151415;0.000174597288;
2016;07;13;3;1;0.000078746388;0.000130034294;0.000090073786;0.000167909634;
2016;07;13;4;1;0.000073577610;0.000127284484;0.000087933268;0.000160959425;
2016;07;13;5;1;0.000071222857;0.000125676744;0.000087341008;0.000158211844;
2016;07;13;6;1;0.000070721008;0.000124545004;0.000089433210;0.000158149383;
2016;07;13;7;1;0.000075593872;0.000109928523;0.000094930092;0.000133336436;
2016;07;13;8;1;0.000087489104;0.000060821971;0.000104204360;0.000047280313;
2016;07;13;9;1;0.000103700532;0.000063612738;0.000138321961;0.000044694387;
2016;07;13;10;1;0.000123445451;0.000069007385;0.000161757056;0.000046720793;
2016;07;13;11;1;0.000138020369;0.000071545432;0.000178133883;0.000050762823;
2016;07;13;12;1;0.000145050759;0.000071413599;0.000184409171;0.000055711095;
2016;07;13;13;1;0.000151861295;0.000072111901;0.000187437375;0.000053681580;
2016;07;13;14;1;0.000159195855;0.000073421242;0.000181606264;0.000054338322;
2016;07;13;15;1;0.000154981026;0.000073750920;0.000165015082;0.000054979342;
2016;07;13;16;1;0.000148078435;0.000070166297;0.000157104921;0.000052187640;
2016;07;13;17;1;0.000148480366;0.000067877410;0.000157052208;0.000051635987;
2016;07;13;18;1;0.000152693858;0.000067767996;0.000160247063;0.000053762552;
2016;07;13;19;1;0.000155014734;0.000067067880;0.000157653282;0.000051473159;
2016;07;13;20;1;0.000152106874;0.000066829727;0.000150632654;0.000052467820;
2016;07;13;21;1;0.000147709830;0.000068886613;0.000138436343;0.000053602559;
2016;07;13;22;1;0.000149718270;0.000100141289;0.000127845496;0.000082267693;
2016;07;13;23;1;0.000149705353;0.000155713477;0.000124666491;0.000225691762;
2016;07;13;24;1;0.000130487530;0.000156912425;0.000112725850;0.000193024697;
2016;07;14;1;1;0.000105302077;0.000145188608;0.000098199041;0.000174333944;
2016;07;14;2;1;0.000087251498;0.000135762240;0.000091698661;0.000173200741;
2016;07;14;3;1;0.000077236954;0.000128602602;0.000087812107;0.000166727679;
2016;07;14;4;1;0.000072228335;0.000125989616;0.000085797894;0.000159961672;
2016;07;14;5;1;0.000069907920;0.000124382496;0.000085209237;0.000157211234;
2016;07;14;6;1;0.000069400967;0.000123236896;0.000087232312;0.000157116639;
2016;07;14;7;1;0.000074209418;0.000108812851;0.000092627048;0.000132513118;
2016;07;14;8;1;0.000085926271;0.000060232355;0.000101723050;0.000047009966;
2016;07;14;9;1;0.000101830347;0.000062985080;0.000135004693;0.000044431075;
2016;07;14;10;1;0.000121214862;0.000068324067;0.000157872141;0.000046443890;
2016;07;14;11;1;0.000135513349;0.000070830151;0.000173838881;0.000050457097;
2016;07;14;12;1;0.000142397382;0.000070690374;0.000179939290;0.000055368313;
2016;07;14;13;1;0.000149104648;0.000071391809;0.000182920241;0.000053358912;
2016;07;14;14;1;0.000156289359;0.000072680305;0.000177210710;0.000054005933;
2016;07;14;15;1;0.000152147047;0.000073004528;0.000161016405;0.000054641440;
2016;07;14;16;1;0.000145398898;0.000069469667;0.000153327684;0.000051876965;
2016;07;14;17;1;0.000145858401;0.000067233395;0.000153344411;0.000051351425;
2016;07;14;18;1;0.000150087835;0.000067165449;0.000156558082;0.000053498474;
2016;07;14;19;1;0.000152409178;0.000066489043;0.000154064523;0.000051233799;
2016;07;14;20;1;0.000149611581;0.000066280140;0.000147264134;0.000052245271;
2016;07;14;21;1;0.000145321768;0.000068336616;0.000135373258;0.000053388091;
2016;07;14;22;1;0.000147278773;0.000099328961;0.000125000652;0.000081927985;
2016;07;14;23;1;0.000147287671;0.000154473016;0.000121910269;0.000224792785;
2016;07;14;24;1;0.000128437076;0.000155731366;0.000110282450;0.000192341003;
2016;07;15;1;1;0.000105267129;0.000145409424;0.000099334396;0.000173113021;
2016;07;15;2;1;0.000088092695;0.000136111737;0.000092195942;0.000172554159;
2016;07;15;3;1;0.000077942135;0.000128898285;0.000088336158;0.000168749395;
2016;07;15;4;1;0.000072873374;0.000126508216;0.000085697818;0.000161442164;
2016;07;15;5;1;0.000070327185;0.000124323925;0.000085182560;0.000157304810;
2016;07;15;6;1;0.000069709608;0.000123459805;0.000087245555;0.000156212570;
2016;07;15;7;1;0.000074355626;0.000109209828;0.000092717176;0.000132481703;
2016;07;15;8;1;0.000085707277;0.000060682307;0.000101994519;0.000047329927;
2016;07;15;9;1;0.000101589166;0.000063531554;0.000135187016;0.000043127280;
2016;07;15;10;1;0.000121123160;0.000069233743;0.000157148674;0.000045891317;
2016;07;15;11;1;0.000135288723;0.000071551619;0.000172577213;0.000049021671;
2016;07;15;12;1;0.000141797828;0.000071694354;0.000178481223;0.000052473415;
2016;07;15;13;1;0.000148095711;0.000071802196;0.000181838395;0.000053308824;
2016;07;15;14;1;0.000154743613;0.000072842411;0.000176862120;0.000051566304;
2016;07;15;15;1;0.000151685990;0.000073159237;0.000159629152;0.000054068360;
2016;07;15;16;1;0.000144990997;0.000069584444;0.000148337421;0.000052753370;
2016;07;15;17;1;0.000144687397;0.000067153226;0.000146015038;0.000050424649;
2016;07;15;18;1;0.000148275368;0.000067425030;0.000147828401;0.000051110561;
2016;07;15;19;1;0.000149818142;0.000067013514;0.000145699783;0.000049294773;
2016;07;15;20;1;0.000145937509;0.000066610658;0.000141611166;0.000051410744;
2016;07;15;21;1;0.000140305722;0.000067912507;0.000133534848;0.000052803660;
2016;07;15;22;1;0.000139790139;0.000097452633;0.000125903995;0.000079460005;
2016;07;15;23;1;0.000138500616;0.000152128549;0.000124911485;0.000220077138;
2016;07;15;24;1;0.000123266324;0.000154495362;0.000115079000;0.000188392833;
2016;07;16;1;1;0.000106751267;0.000146904870;0.000105682833;0.000174651537;
2016;07;16;2;1;0.000091759872;0.000138846629;0.000096772847;0.000170674110;
2016;07;16;3;1;0.000080460236;0.000131541358;0.000091246869;0.000167127356;
2016;07;16;4;1;0.000074110596;0.000128339331;0.000088068620;0.000162298763;
2016;07;16;5;1;0.000070824709;0.000125887690;0.000086780576;0.000157072786;
2016;07;16;6;1;0.000069393376;0.000124698285;0.000087799141;0.000154855478;
2016;07;16;7;1;0.000070703140;0.000107541307;0.000087223353;0.000127969796;
2016;07;16;8;1;0.000075088472;0.000054848668;0.000082674098;0.000040995640;
2016;07;16;9;1;0.000087302670;0.000054760229;0.000093856866;0.000039781235;
2016;07;16;10;1;0.000106366438;0.000062490246;0.000109415050;0.000042505161;
2016;07;16;11;1;0.000122717462;0.000067455244;0.000125649160;0.000048018886;
2016;07;16;12;1;0.000130853741;0.000068121843;0.000131530388;0.000049515858;
2016;07;16;13;1;0.000136131760;0.000068497142;0.000135022539;0.000047599208;
2016;07;16;14;1;0.000141640604;0.000068886123;0.000133137876;0.000045774822;
2016;07;16;15;1;0.000140196279;0.000069348660;0.000123551244;0.000049228373;
2016;07;16;16;1;0.000132191513;0.000066093336;0.000119105298;0.000048322813;
2016;07;16;17;1;0.000126773080;0.000063031173;0.000116010683;0.000045376143;
2016;07;16;18;1;0.000125013534;0.000062700908;0.000117140178;0.000044248265;
2016;07;16;19;1;0.000124912419;0.000062673638;0.000118191201;0.000043020095;
2016;07;16;20;1;0.000124024296;0.000062425669;0.000120843382;0.000046462615;
2016;07;16;21;1;0.000125795557;0.000064085826;0.000122167723;0.000050932586;
2016;07;16;22;1;0.000132439186;0.000092364379;0.000121536178;0.000076483426;
2016;07;16;23;1;0.000133689034;0.000149257609;0.000124454971;0.000220307467;
2016;07;16;24;1;0.000120225107;0.000152188932;0.000115993642;0.000189313006;
2016;07;17;1;1;0.000105611349;0.000145644925;0.000106362716;0.000174731253;
2016;07;17;2;1;0.000091491730;0.000137869650;0.000096838573;0.000168600202;
2016;07;17;3;1;0.000080869726;0.000130686801;0.000090977951;0.000162430345;
2016;07;17;4;1;0.000074554968;0.000127840314;0.000087997896;0.000157554091;
2016;07;17;5;1;0.000071237978;0.000125899880;0.000087022684;0.000155757110;
2016;07;17;6;1;0.000069586530;0.000124225144;0.000087161542;0.000153449501;
2016;07;17;7;1;0.000069636649;0.000107205121;0.000085536860;0.000130227437;
2016;07;17;8;1;0.000071484346;0.000052226900;0.000076591751;0.000042351706;
2016;07;17;9;1;0.000079993163;0.000051163583;0.000080925609;0.000040579170;
2016;07;17;10;1;0.000093873555;0.000058159392;0.000088300457;0.000040769800;
2016;07;17;11;1;0.000107445147;0.000064002115;0.000096666344;0.000044790115;
2016;07;17;12;1;0.000116067585;0.000066524099;0.000102269529;0.000047708821;
2016;07;17;13;1;0.000122145274;0.000066812845;0.000106044911;0.000047056519;
2016;07;17;14;1;0.000129321594;0.000067421900;0.000107953553;0.000048743538;
2016;07;17;15;1;0.000132861429;0.000067714297;0.000107136170;0.000048668347;
2016;07;17;16;1;0.000126873732;0.000064259773;0.000104938053;0.000045947332;
2016;07;17;17;1;0.000122610696;0.000061739510;0.000101572629;0.000046283384;
2016;07;17;18;1;0.000121230710;0.000061121258;0.000098860149;0.000045200011;
2016;07;17;19;1;0.000123201212;0.000060552527;0.000098877221;0.000044448844;
2016;07;17;20;1;0.000125178755;0.000061382934;0.000101041140;0.000047157227;
2016;07;17;21;1;0.000129709621;0.000064406197;0.000103519504;0.000051747169;
2016;07;17;22;1;0.000140445272;0.000095932275;0.000109733318;0.000079368762;
2016;07;17;23;1;0.000143290494;0.000153363354;0.000115400985;0.000225208319;
2016;07;17;24;1;0.000126795884;0.000155836476;0.000107099831;0.000191650838;
2016;07;18;1;1;0.000106063526;0.000147197715;0.000098267874;0.000176558137;
2016;07;18;2;1;0.000088303174;0.000137360177;0.000091667401;0.000172673274;
2016;07;18;3;1;0.000077783502;0.000130180398;0.000088243988;0.000167345435;
2016;07;18;4;1;0.000073048524;0.000127528860;0.000085980056;0.000161473222;
2016;07;18;5;1;0.000070548229;0.000125674411;0.000085713558;0.000158594934;
2016;07;18;6;1;0.000070090405;0.000124664486;0.000087832818;0.000158912548;
2016;07;18;7;1;0.000074749902;0.000110936455;0.000094092996;0.000134506790;
2016;07;18;8;1;0.000086864303;0.000060042544;0.000104431455;0.000045304879;
2016;07;18;9;1;0.000104176194;0.000063419532;0.000140354652;0.000042086082;
2016;07;18;10;1;0.000123960481;0.000068672382;0.000164290867;0.000049401414;
2016;07;18;11;1;0.000139015658;0.000071757676;0.000180132330;0.000050932948;
2016;07;18;12;1;0.000146187788;0.000072190550;0.000186542819;0.000056149709;
2016;07;18;13;1;0.000153152062;0.000072727230;0.000189703485;0.000055110154;
2016;07;18;14;1;0.000160676340;0.000073907115;0.000183731866;0.000057653213;
2016;07;18;15;1;0.000156477078;0.000074580370;0.000166658311;0.000055591704;
2016;07;18;16;1;0.000149714310;0.000070697908;0.000158690940;0.000052756936;
2016;07;18;17;1;0.000150680836;0.000068645322;0.000158309452;0.000051669806;
2016;07;18;18;1;0.000154542118;0.000068254442;0.000161786498;0.000053445664;
2016;07;18;19;1;0.000157290930;0.000067738107;0.000159229568;0.000050927980;
2016;07;18;20;1;0.000154214570;0.000067300781;0.000151570053;0.000048782590;
2016;07;18;21;1;0.000149895387;0.000069577134;0.000138648884;0.000052453442;
2016;07;18;22;1;0.000152438541;0.000100889930;0.000127347288;0.000083589714;
2016;07;18;23;1;0.000152315051;0.000156968982;0.000124360162;0.000228581774;
2016;07;18;24;1;0.000132200976;0.000158075806;0.000112863261;0.000196103262;
2016;07;19;1;1;0.000109296484;0.000148160984;0.000103343969;0.000176390319;
2016;07;19;2;1;0.000090513948;0.000138469355;0.000096452668;0.000175152320;
2016;07;19;3;1;0.000080062888;0.000131065361;0.000092293082;0.000168475732;
2016;07;19;4;1;0.000074829486;0.000128331114;0.000090126067;0.000161549131;
2016;07;19;5;1;0.000072451331;0.000126739303;0.000089539631;0.000158828012;
2016;07;19;6;1;0.000071953152;0.000125619514;0.000091700208;0.000158792511;
2016;07;19;7;1;0.000076994756;0.000110997799;0.000097442536;0.000134024603;
2016;07;19;8;1;0.000089163749;0.000061450335;0.000107026263;0.000047552770;
2016;07;19;9;1;0.000105789759;0.000064333347;0.000142207959;0.000044996295;
2016;07;19;10;1;0.000126078366;0.000069869956;0.000166494096;0.000047090881;
2016;07;19;11;1;0.000141137408;0.000072528765;0.000183575876;0.000051227817;
2016;07;19;12;1;0.000148440435;0.000072450693;0.000190188761;0.000056264574;
2016;07;19;13;1;0.000155440217;0.000073173302;0.000193349303;0.000054225393;
2016;07;19;14;1;0.000162984131;0.000074518604;0.000187376237;0.000054901084;
2016;07;19;15;1;0.000158730070;0.000074882017;0.000170323447;0.000055570122;
2016;07;19;16;1;0.000151701264;0.000071261565;0.000162202407;0.000052762598;
2016;07;19;17;1;0.000152192398;0.000068972919;0.000162232589;0.000052232107;
2016;07;19;18;1;0.000156531600;0.000068870703;0.000165554373;0.000054390301;
2016;07;19;19;1;0.000158923043;0.000068164443;0.000162887227;0.000052078186;
2016;07;19;20;1;0.000155964569;0.000067932283;0.000155656177;0.000053092265;
2016;07;19;21;1;0.000151432617;0.000070012290;0.000143031031;0.000054232132;
2016;07;19;22;1;0.000153561356;0.000101823901;0.000132148639;0.000083271730;
2016;07;19;23;1;0.000153498114;0.000158278284;0.000128820675;0.000228371840;
2016;07;19;24;1;0.000133774171;0.000159474044;0.000116465393;0.000195288768;
2016;07;20;1;1;0.000111262832;0.000149677668;0.000105778515;0.000177520903;
2016;07;20;2;1;0.000092162829;0.000139917872;0.000098746780;0.000176314089;
2016;07;20;3;1;0.000081563615;0.000132505035;0.000094537209;0.000169681074;
2016;07;20;4;1;0.000076223643;0.000129726333;0.000092307241;0.000162686831;
2016;07;20;5;1;0.000073763033;0.000128050992;0.000091659210;0.000159863874;
2016;07;20;6;1;0.000073256682;0.000126921083;0.000093872019;0.000159829990;
2016;07;20;7;1;0.000078371958;0.000112122598;0.000099727870;0.000134869862;
2016;07;20;8;1;0.000090775932;0.000062084886;0.000109557263;0.000047861803;
2016;07;20;9;1;0.000107661287;0.000064972761;0.000145515165;0.000045271359;
2016;07;20;10;1;0.000128285758;0.000070551716;0.000170335482;0.000047370234;
2016;07;20;11;1;0.000143572354;0.000073218058;0.000187764164;0.000051518756;
2016;07;20;12;1;0.000150916530;0.000073098149;0.000194418620;0.000056552325;
2016;07;20;13;1;0.000158103682;0.000073860201;0.000197737762;0.000054527067;
2016;07;20;14;1;0.000165753135;0.000075207366;0.000191601699;0.000055198615;
2016;07;20;15;1;0.000161436791;0.000075578815;0.000174175137;0.000055874737;
2016;07;20;16;1;0.000154319933;0.000071939501;0.000165904641;0.000053062760;
2016;07;20;17;1;0.000154790995;0.000069616242;0.000165904912;0.000052519564;
2016;07;20;18;1;0.000159150330;0.000069489513;0.000169244510;0.000054671100;
2016;07;20;19;1;0.000161603744;0.000068786256;0.000166540549;0.000052354164;
2016;07;20;20;1;0.000158562967;0.000068537974;0.000159114804;0.000053362713;
2016;07;20;21;1;0.000153910935;0.000070616074;0.000146166798;0.000054492605;
2016;07;20;22;1;0.000155967292;0.000102631473;0.000134953048;0.000083614196;
2016;07;20;23;1;0.000155866713;0.000159496406;0.000131523791;0.000229257588;
2016;07;20;24;1;0.000135797375;0.000160652820;0.000118873327;0.000195986975;
2016;07;21;1;1;0.000111050303;0.000149541934;0.000105492417;0.000177449366;
2016;07;21;2;1;0.000091982620;0.000139784662;0.000098475243;0.000176235061;
2016;07;21;3;1;0.000081402905;0.000132376886;0.000094275827;0.000169602463;
2016;07;21;4;1;0.000076052315;0.000129564859;0.000092026446;0.000162566275;
2016;07;21;5;1;0.000073595967;0.000127889398;0.000091378810;0.000159742655;
2016;07;21;6;1;0.000073095972;0.000126769949;0.000093591519;0.000159720179;
2016;07;21;7;1;0.000078175797;0.000111954388;0.000099399065;0.000134735441;
2016;07;21;8;1;0.000090525166;0.000061975615;0.000109167641;0.000047801661;
2016;07;21;9;1;0.000107257470;0.000064794128;0.000144853961;0.000045169661;
2016;07;21;10;1;0.000127939739;0.000070432149;0.000169740812;0.000047313803;
2016;07;21;11;1;0.000143161173;0.000073081756;0.000187077376;0.000051448784;
2016;07;21;12;1;0.000150618306;0.000073027035;0.000193879968;0.000056525801;
2016;07;21;13;1;0.000157821912;0.000073802682;0.000197228225;0.000054512082;
2016;07;21;14;1;0.000165455270;0.000075147680;0.000191105130;0.000055182625;
2016;07;21;15;1;0.000161102742;0.000075498243;0.000173676362;0.000055843319;
2016;07;21;16;1;0.000153961571;0.000071844591;0.000165387613;0.000053019479;
2016;07;21;17;1;0.000154420377;0.000069519372;0.000165375930;0.000052472934;
2016;07;21;18;1;0.000158749331;0.000069384103;0.000168683688;0.000054615698;
2016;07;21;19;1;0.000161117216;0.000068648104;0.000165906980;0.000052275365;
2016;07;21;20;1;0.000158124645;0.000068417217;0.000158548640;0.000053295559;
2016;07;21;21;1;0.000153482997;0.000070490519;0.000145644358;0.000054423150;
2016;07;21;22;1;0.000155504051;0.000102429507;0.000134445110;0.000083491739;
2016;07;21;23;1;0.000155469660;0.000159250030;0.000131084315;0.000229018892;
2016;07;21;24;1;0.000135486160;0.000160445764;0.000118506484;0.000195833092;
2016;07;22;1;1;0.000109824259;0.000148890375;0.000105144998;0.000175626768;
2016;07;22;2;1;0.000091872140;0.000139318273;0.000097552681;0.000174994678;
2016;07;22;3;1;0.000081252152;0.000131879800;0.000093429611;0.000171064649;
2016;07;22;4;1;0.000075981272;0.000129456833;0.000090654821;0.000163685467;
2016;07;22;5;1;0.000073319052;0.000127208722;0.000090100616;0.000159474439;
2016;07;22;6;1;0.000072653521;0.000126286865;0.000092255188;0.000158319889;
2016;07;22;7;1;0.000077514875;0.000111738157;0.000098065189;0.000134302034;
2016;07;22;8;1;0.000089316480;0.000062064684;0.000107838588;0.000047962875;
2016;07;22;9;1;0.000105944450;0.000065026272;0.000143037284;0.000043735929;
2016;07;22;10;1;0.000126422084;0.000070922189;0.000166414028;0.000046578097;
2016;07;22;11;1;0.000141279841;0.000073334212;0.000182846019;0.000049780835;
2016;07;22;12;1;0.000148177642;0.000073530348;0.000189229609;0.000053322180;
2016;07;22;13;1;0.000154729801;0.000073627114;0.000192752728;0.000054160923;
2016;07;22;14;1;0.000161552490;0.000074636936;0.000187335124;0.000052350689;
2016;07;22;15;1;0.000158392436;0.000074976766;0.000169115975;0.000054901933;
2016;07;22;16;1;0.000151447408;0.000071334814;0.000157200887;0.000053582934;
2016;07;22;17;1;0.000151107738;0.000068832167;0.000154716648;0.000051209951;
2016;07;22;18;1;0.000154786313;0.000069080148;0.000156568677;0.000051883547;
2016;07;22;19;1;0.000156334900;0.000068631342;0.000154253099;0.000050020482;
2016;07;22;20;1;0.000152255616;0.000068205388;0.000149895070;0.000052157378;
2016;07;22;21;1;0.000146298222;0.000069499550;0.000141267331;0.000053540591;
2016;07;22;22;1;0.000145754137;0.000099725564;0.000133188683;0.000080565371;
2016;07;22;23;1;0.000144267747;0.000155523792;0.000132008951;0.000222919442;
2016;07;22;24;1;0.000128409000;0.000157955602;0.000121627158;0.000190840641;
2016;07;23;1;1;0.000108536277;0.000148280880;0.000108004547;0.000175661833;
2016;07;23;2;1;0.000093318115;0.000140183073;0.000098924163;0.000171705386;
2016;07;23;3;1;0.000081844662;0.000132836816;0.000093295939;0.000168174334;
2016;07;23;4;1;0.000075348096;0.000129538488;0.000090001320;0.000163233879;
2016;07;23;5;1;0.000072000326;0.000127051561;0.000088676369;0.000157962401;
2016;07;23;6;1;0.000070537927;0.000125838125;0.000089707893;0.000155716405;
2016;07;23;7;1;0.000071888031;0.000108552611;0.000089142820;0.000128714798;
2016;07;23;8;1;0.000076333202;0.000055354557;0.000084478344;0.000041226931;
2016;07;23;9;1;0.000088655063;0.000055206263;0.000095802706;0.000039962937;
2016;07;23;10;1;0.000107969760;0.000062973355;0.000111637549;0.000042681758;
2016;07;23;11;1;0.000124569069;0.000067977729;0.000128203285;0.000048219094;
2016;07;23;12;1;0.000132775222;0.000068622156;0.000134150626;0.000049702510;
2016;07;23;13;1;0.000138100361;0.000068985034;0.000137682053;0.000047768125;
2016;07;23;14;1;0.000143681689;0.000069373319;0.000135753486;0.000045934970;
2016;07;23;15;1;0.000142244973;0.000069853085;0.000126003693;0.000049410477;
2016;07;23;16;1;0.000134185810;0.000066605144;0.000121526170;0.000048524196;
2016;07;23;17;1;0.000128639549;0.000063496521;0.000118326267;0.000045548928;
2016;07;23;18;1;0.000126826765;0.000063150208;0.000119452563;0.000044407185;
2016;07;23;19;1;0.000126713825;0.000063117584;0.000120514482;0.000043171075;
2016;07;23;20;1;0.000125788559;0.000062855699;0.000123194964;0.000046616658;
2016;07;23;21;1;0.000127650203;0.000064560260;0.000124608709;0.000051127558;
2016;07;23;22;1;0.000134541501;0.000093151823;0.000124102648;0.000076861741;
2016;07;23;23;1;0.000135759976;0.000150473328;0.000127035156;0.000221313701;
2016;07;23;24;1;0.000122059994;0.000153393981;0.000118371750;0.000190134855;
2016;07;24;1;1;0.000106520788;0.000146351580;0.000107541790;0.000175261058;
2016;07;24;2;1;0.000092290683;0.000138555246;0.000097923845;0.000169131761;
2016;07;24;3;1;0.000081604500;0.000131382688;0.000092029772;0.000162999533;
2016;07;24;4;1;0.000075231859;0.000128520177;0.000089014664;0.000158105125;
2016;07;24;5;1;0.000071884823;0.000126569546;0.000088028269;0.000156302011;
2016;07;24;6;1;0.000070174486;0.000124807834;0.000088113616;0.000153890071;
2016;07;24;7;1;0.000070231564;0.000107718002;0.000086479235;0.000130613488;
2016;07;24;8;1;0.000072076668;0.000052463382;0.000077415836;0.000042466427;
2016;07;24;9;1;0.000080626961;0.000051376753;0.000081766885;0.000040674445;
2016;07;24;10;1;0.000094614610;0.000058400031;0.000089215837;0.000040864349;
2016;07;24;11;1;0.000108212608;0.000064219019;0.000097595639;0.000044860519;
2016;07;24;12;1;0.000116941640;0.000066775249;0.000103292443;0.000047802210;
2016;07;24;13;1;0.000123008350;0.000067034160;0.000107056199;0.000047126890;
2016;07;24;14;1;0.000130248855;0.000067652232;0.000108994320;0.000048821484;
2016;07;24;15;1;0.000133837176;0.000067957360;0.000108187734;0.000048754590;
2016;07;24;16;1;0.000127725473;0.000064450051;0.000105901684;0.000045999929;
2016;07;24;17;1;0.000123414102;0.000061912435;0.000102488983;0.000046328964;
2016;07;24;18;1;0.000122007693;0.000061283721;0.000099737824;0.000045238080;
2016;07;24;19;1;0.000124016445;0.000060726024;0.000099775660;0.000044495473;
2016;07;24;20;1;0.000126022249;0.000061566224;0.000101971519;0.000047212382;
2016;07;24;21;1;0.000130600340;0.000064606774;0.000104486061;0.000051814316;
2016;07;24;22;1;0.000141512509;0.000096300985;0.000110838407;0.000079529521;
2016;07;24;23;1;0.000144371499;0.000153944424;0.000116556812;0.000225652201;
2016;07;24;24;1;0.000127765281;0.000156442627;0.000108183380;0.000192047864;
2016;07;25;1;1;0.000102993005;0.000145021355;0.000094290564;0.000175187112;
2016;07;25;2;1;0.000085712140;0.000135274546;0.000087921672;0.000171263136;
2016;07;25;3;1;0.000075439112;0.000128098455;0.000084568613;0.000165842444;
2016;07;25;4;1;0.000070813533;0.000125430314;0.000082360228;0.000159947725;
2016;07;25;5;1;0.000068366139;0.000123563732;0.000082076620;0.000157042425;
2016;07;25;6;1;0.000067884227;0.000122501746;0.000084058595;0.000157268318;
2016;07;25;7;1;0.000072256582;0.000108800351;0.000089875039;0.000132856786;
2016;07;25;8;1;0.000083691310;0.000058693138;0.000099422655;0.000044602248;
2016;07;25;9;1;0.000100215859;0.000061898514;0.000133416574;0.000041369399;
2016;07;25;10;1;0.000119234017;0.000067017505;0.000156151207;0.000048554451;
2016;07;25;11;1;0.000133765761;0.000070054950;0.000171272608;0.000050078671;
2016;07;25;12;1;0.000140719953;0.000070504065;0.000177434523;0.000055228702;
2016;07;25;13;1;0.000147467978;0.000071049519;0.000180495004;0.000054222464;
2016;07;25;14;1;0.000154777035;0.000072232070;0.000174885611;0.000056748038;
2016;07;25;15;1;0.000150866443;0.000072955104;0.000158775650;0.000054767718;
2016;07;25;16;1;0.000144348455;0.000069158347;0.000151187525;0.000051975794;
2016;07;25;17;1;0.000145220717;0.000067122902;0.000150762177;0.000050883870;
2016;07;25;18;1;0.000148997741;0.000066765632;0.000154131037;0.000052652385;
2016;07;25;19;1;0.000151669083;0.000066269800;0.000151716249;0.000050179066;
2016;07;25;20;1;0.000148802319;0.000065886072;0.000144514923;0.000048097432;
2016;07;25;21;1;0.000144733805;0.000068161238;0.000132285758;0.000051752156;
2016;07;25;22;1;0.000147439872;0.000099005017;0.000121709607;0.000082612496;
2016;07;25;23;1;0.000147510573;0.000154235161;0.000119008124;0.000226201078;
2016;07;25;24;1;0.000128105254;0.000155412844;0.000108068688;0.000194173448;
2016;07;26;1;1;0.000110413870;0.000148992027;0.000104780610;0.000176966482;
2016;07;26;2;1;0.000091437750;0.000139243659;0.000097791839;0.000175721439;
2016;07;26;3;1;0.000080892108;0.000131817954;0.000093588481;0.000169048409;
2016;07;26;4;1;0.000075615674;0.000129087078;0.000091404554;0.000162122214;
2016;07;26;5;1;0.000073187459;0.000127442226;0.000090778697;0.000159336851;
2016;07;26;6;1;0.000072692162;0.000126330032;0.000092979334;0.000159318647;
2016;07;26;7;1;0.000077823274;0.000111679755;0.000098849682;0.000134533894;
2016;07;26;8;1;0.000090120017;0.000061825685;0.000108567955;0.000047731777;
2016;07;26;9;1;0.000106836649;0.000064673224;0.000144138128;0.000045128637;
2016;07;26;10;1;0.000127417218;0.000070289386;0.000168874754;0.000047263208;
2016;07;26;11;1;0.000142679263;0.000072986198;0.000186257031;0.000051430815;
2016;07;26;12;1;0.000150111266;0.000072931535;0.000193029757;0.000056506048;
2016;07;26;13;1;0.000157246744;0.000073685606;0.000196308553;0.000054477831;
2016;07;26;14;1;0.000164972436;0.000075083154;0.000190352648;0.000055188147;
2016;07;26;15;1;0.000160711205;0.000075470325;0.000173077150;0.000055876234;
2016;07;26;16;1;0.000153606590;0.000071827002;0.000164837602;0.000053057362;
2016;07;26;17;1;0.000154062265;0.000069501418;0.000164823740;0.000052509719;
2016;07;26;18;1;0.000158415673;0.000069381290;0.000168157067;0.000054665889;
2016;07;26;19;1;0.000160816227;0.000068661395;0.000165427754;0.000052335656;
2016;07;26;20;1;0.000157737152;0.000068390533;0.000157998422;0.000053325892;
2016;07;26;21;1;0.000153022070;0.000070423996;0.000145058526;0.000054423962;
2016;07;26;22;1;0.000155148072;0.000102406120;0.000134000211;0.000083552772;
2016;07;26;23;1;0.000155073285;0.000159172123;0.000130616445;0.000229126502;
2016;07;26;24;1;0.000135148163;0.000160376090;0.000118090000;0.000195935882;
2016;07;27;1;1;0.000111088371;0.000149613105;0.000105515840;0.000177546333;
2016;07;27;2;1;0.000091994671;0.000139821580;0.000098476254;0.000176294032;
2016;07;27;3;1;0.000081381903;0.000132360347;0.000094240126;0.000169593225;
2016;07;27;4;1;0.000076013960;0.000129516750;0.000091968930;0.000162517367;
2016;07;27;5;1;0.000073550596;0.000127827566;0.000091311451;0.000159676676;
2016;07;27;6;1;0.000073072703;0.000126746460;0.000093550430;0.000159701841;
2016;07;27;7;1;0.000078152908;0.000111936504;0.000099357966;0.000134723414;
2016;07;27;8;1;0.000090477866;0.000061951476;0.000109097427;0.000047786410;
2016;07;27;9;1;0.000107220061;0.000064780149;0.000144785957;0.000045163099;
2016;07;27;10;1;0.000127833573;0.000070383069;0.000169579483;0.000047284166;
2016;07;27;11;1;0.000143131896;0.000073076535;0.000187016538;0.000051448734;
2016;07;27;12;1;0.000150542010;0.000072999757;0.000193758364;0.000056508670;
2016;07;27;13;1;0.000157673414;0.000073743052;0.000197018861;0.000054471877;
2016;07;27;14;1;0.000165362358;0.000075115475;0.000190974756;0.000055162864;
2016;07;27;15;1;0.000161123419;0.000075517982;0.000173677683;0.000055861857;
2016;07;27;16;1;0.000154007842;0.000071875747;0.000165417345;0.000053046211;
2016;07;27;17;1;0.000154462108;0.000069547413;0.000165400650;0.000052497799;
2016;07;27;18;1;0.000158776637;0.000069405272;0.000168692334;0.000054636213;
2016;07;27;19;1;0.000161076041;0.000068639694;0.000165844557;0.000052272645;
2016;07;27;20;1;0.000157947553;0.000068349688;0.000158351954;0.000053246708;
2016;07;27;21;1;0.000153304846;0.000070418069;0.000145457742;0.000054371046;
2016;07;27;22;1;0.000155390055;0.000102368040;0.000134330333;0.000083447519;
2016;07;27;23;1;0.000155376755;0.000159176045;0.000130990165;0.000228928630;
2016;07;27;24;1;0.000135440221;0.000160412708;0.000118452000;0.000195806546;
2016;07;28;1;1;0.000110814610;0.000149353045;0.000105216114;0.000177292395;
2016;07;28;2;1;0.000091800707;0.000139628344;0.000098231563;0.000176104700;
2016;07;28;3;1;0.000081195244;0.000132152890;0.000093988513;0.000169379647;
2016;07;28;4;1;0.000075885336;0.000129391714;0.000091778681;0.000162410558;
2016;07;28;5;1;0.000073443185;0.000127733805;0.000091143715;0.000159608776;
2016;07;28;6;1;0.000072896906;0.000126533575;0.000093290170;0.000159482788;
2016;07;28;7;1;0.000077954589;0.000111733733;0.000099068460;0.000134520850;
2016;07;28;8;1;0.000090185332;0.000061796125;0.000108703679;0.000047681284;
2016;07;28;9;1;0.000106974239;0.000064678677;0.000144399528;0.000045106265;
2016;07;28;10;1;0.000127514568;0.000070258537;0.000169092506;0.000047215064;
2016;07;28;11;1;0.000142730373;0.000072924581;0.000186421572;0.000051357592;
2016;07;28;12;1;0.000150213318;0.000072893393;0.000193262398;0.000056443741;
2016;07;28;13;1;0.000157309722;0.000073626512;0.000196490280;0.000054402570;
2016;07;28;14;1;0.000165039034;0.000075023179;0.000190529469;0.000055112080;
2016;07;28;15;1;0.000160810829;0.000075426337;0.000173275362;0.000055811278;
2016;07;28;16;1;0.000153724915;0.000071795929;0.000165051186;0.000053003649;
2016;07;28;17;1;0.000154229918;0.000069493418;0.000165089731;0.000052473224;
2016;07;28;18;1;0.000158591723;0.000069374905;0.000168432324;0.000054629155;
2016;07;28;19;1;0.000160987487;0.000068651896;0.000165690868;0.000052298066;
2016;07;28;20;1;0.000157928269;0.000068391091;0.000158272906;0.000053295399;
2016;07;28;21;1;0.000153291413;0.000070463154;0.000145390143;0.000054422641;
2016;07;28;22;1;0.000155411300;0.000102456563;0.000134298029;0.000083545445;
2016;07;28;23;1;0.000155345848;0.000159260230;0.000130914717;0.000229120364;
2016;07;28;24;1;0.000135475963;0.000160571840;0.000118438574;0.000196061254;
2016;07;29;1;1;0.000111650918;0.000150290785;0.000107505727;0.000176626449;
2016;07;29;2;1;0.000093334565;0.000140529812;0.000099672844;0.000175867070;
2016;07;29;3;1;0.000082542483;0.000133021746;0.000095456644;0.000171911107;
2016;07;29;4;1;0.000077146086;0.000130507066;0.000092571481;0.000164406307;
2016;07;29;5;1;0.000074437369;0.000128230923;0.000091998532;0.000160164502;
2016;07;29;6;1;0.000073751249;0.000127283645;0.000094185159;0.000158982456;
2016;07;29;7;1;0.000078690135;0.000112625945;0.000100121898;0.000134871081;
2016;07;29;8;1;0.000090703574;0.000062580505;0.000110140226;0.000048183576;
2016;07;29;9;1;0.000107563747;0.000065550843;0.000146054834;0.000043926549;
2016;07;29;10;1;0.000128310046;0.000071469634;0.000169866061;0.000046764950;
2016;07;29;11;1;0.000143462584;0.000073937846;0.000186733797;0.000050005945;
2016;07;29;12;1;0.000150532620;0.000074167949;0.000193337456;0.000053586680;
2016;07;29;13;1;0.000157337234;0.000074335631;0.000197122885;0.000054480943;
2016;07;29;14;1;0.000164468562;0.000075444007;0.000191808309;0.000052722094;
2016;07;29;15;1;0.000161329864;0.000075824358;0.000173238307;0.000055318320;
2016;07;29;16;1;0.000154302464;0.000072162947;0.000161081244;0.000054005565;
2016;07;29;17;1;0.000153943688;0.000069625502;0.000158522604;0.000051609607;
2016;07;29;18;1;0.000157716482;0.000069887498;0.000160445809;0.000052296811;
2016;07;29;19;1;0.000159249929;0.000069414069;0.000158028774;0.000050404835;
2016;07;29;20;1;0.000154988110;0.000068935900;0.000153458652;0.000052522069;
2016;07;29;21;1;0.000148812943;0.000070191636;0.000144518141;0.000053874820;
2016;07;29;22;1;0.000148348307;0.000100778969;0.000136335198;0.000081116859;
2016;07;29;23;1;0.000146894888;0.000157230204;0.000135182284;0.000224536213;
2016;07;29;24;1;0.000130750217;0.000159692197;0.000124553656;0.000192228968;
2016;07;30;1;1;0.000112416742;0.000151240131;0.000113216720;0.000177780400;
2016;07;30;2;1;0.000096623113;0.000142934301;0.000103664464;0.000173719824;
2016;07;30;3;1;0.000084665689;0.000135319805;0.000097676993;0.000169991496;
2016;07;30;4;1;0.000077941996;0.000131954402;0.000094223791;0.000164990880;
2016;07;30;5;1;0.000074497227;0.000129452804;0.000092859427;0.000159701782;
2016;07;30;6;1;0.000072935598;0.000128131204;0.000093877165;0.000157326404;
2016;07;30;7;1;0.000074326063;0.000110522482;0.000093278889;0.000130035944;
2016;07;30;8;1;0.000078930133;0.000056364875;0.000088407111;0.000041654387;
2016;07;30;9;1;0.000091691552;0.000056226357;0.000100280389;0.000040386254;
2016;07;30;10;1;0.000111775055;0.000064198577;0.000116967579;0.000043175309;
2016;07;30;11;1;0.000128986392;0.000069314827;0.000134352356;0.000048786888;
2016;07;30;12;1;0.000137521527;0.000069991262;0.000140623793;0.000050301665;
2016;07;30;13;1;0.000143110720;0.000070397632;0.000144399983;0.000048368870;
2016;07;30;14;1;0.000148967155;0.000070828393;0.000142446749;0.000046535344;
2016;07;30;15;1;0.000147618759;0.000071386490;0.000132342810;0.000050104192;
2016;07;30;16;1;0.000139332799;0.000068105213;0.000127711214;0.000049232910;
2016;07;30;17;1;0.000133664507;0.000064970670;0.000124432896;0.000046245571;
2016;07;30;18;1;0.000131776353;0.000064614081;0.000125612972;0.000045084806;
2016;07;30;19;1;0.000131601845;0.000064552663;0.000126674637;0.000043810805;
2016;07;30;20;1;0.000130612041;0.000064270628;0.000129463541;0.000047297001;
2016;07;30;21;1;0.000132432809;0.000065957649;0.000130838311;0.000051829799;
2016;07;30;22;1;0.000139595656;0.000095177175;0.000130319420;0.000077924899;
2016;07;30;23;1;0.000140709497;0.000153580827;0.000133256388;0.000224135348;
2016;07;30;24;1;0.000126527013;0.000156582797;0.000124185369;0.000192584816;
2016;07;31;1;1;0.000109777716;0.000148879733;0.000111909616;0.000177138046;
2016;07;31;2;1;0.000095100112;0.000140930335;0.000101887745;0.000170920808;
2016;07;31;3;1;0.000084095391;0.000133645572;0.000095762782;0.000164736960;
2016;07;31;4;1;0.000077485986;0.000130662520;0.000092574899;0.000159703310;
2016;07;31;5;1;0.000073980062;0.000128577521;0.000091476590;0.000157757004;
2016;07;31;6;1;0.000072256680;0.000126852477;0.000091611946;0.000155401770;
2016;07;31;7;1;0.000072336651;0.000109514768;0.000089939033;0.000131935200;
2016;07;31;8;1;0.000074310217;0.000053391049;0.000080592377;0.000042938429;
2016;07;31;9;1;0.000083049755;0.000052237582;0.000085044424;0.000041089069;
2016;07;31;10;1;0.000097389463;0.000059336946;0.000092726965;0.000041251994;
2016;07;31;11;1;0.000111394561;0.000065254149;0.000101444114;0.000045289447;
2016;07;31;12;1;0.000120324447;0.000067820120;0.000107315775;0.000048236886;
2016;07;31;13;1;0.000126661455;0.000068134080;0.000111309446;0.000047591047;
2016;07;31;14;1;0.000134143292;0.000068775779;0.000113346792;0.000049312000;
2016;07;31;15;1;0.000137856393;0.000069094740;0.000112522272;0.000049250682;
2016;07;31;16;1;0.000131603915;0.000065550031;0.000110180434;0.000046483096;
2016;07;31;17;1;0.000127186198;0.000062981272;0.000106650453;0.000046824634;
2016;07;31;18;1;0.000125704806;0.000062325840;0.000103761174;0.000045710443;
2016;07;31;19;1;0.000127703452;0.000061724354;0.000103742878;0.000044935107;
2016;07;31;20;1;0.000129694717;0.000062542599;0.000105965447;0.000047651609;
2016;07;31;21;1;0.000134407744;0.000065632113;0.000108579707;0.000052296949;
2016;07;31;22;1;0.000145754444;0.000097907520;0.000115272995;0.000080334472;
2016;07;31;23;1;0.000148481796;0.000156283832;0.000121043014;0.000227602966;
2016;07;31;24;1;0.000131395276;0.000158810911;0.000112340865;0.000193697036;
