AŃO;MES;DIA;HORA;VERANO(1)/INVIERNO(0);COEF. PERFIL A;COEF. PERFIL B;COEF. PERFIL C;COEF. PERFIL D;
2017;06;01;1;1;0.000087326970;0.000146438478;0.000092418091;0.000177309276;
2017;06;01;2;1;0.000072247161;0.000136925336;0.000087485877;0.000182324876;
2017;06;01;3;1;0.000064592314;0.000130212682;0.000084649813;0.000177728258;
2017;06;01;4;1;0.000061258866;0.000128179832;0.000083284750;0.000171403648;
2017;06;01;5;1;0.000059953855;0.000126803284;0.000082863362;0.000167563857;
2017;06;01;6;1;0.000060795673;0.000126143864;0.000084970760;0.000165024294;
2017;06;01;7;1;0.000067967527;0.000100332030;0.000087513504;0.000115763807;
2017;06;01;8;1;0.000085033008;0.000058188125;0.000095531623;0.000039988169;
2017;06;01;9;1;0.000102621229;0.000066932847;0.000127988471;0.000043696854;
2017;06;01;10;1;0.000115950704;0.000069170779;0.000152875698;0.000045189297;
2017;06;01;11;1;0.000125753955;0.000069936662;0.000166505773;0.000046780809;
2017;06;01;12;1;0.000130034421;0.000068845648;0.000171212136;0.000048632677;
2017;06;01;13;1;0.000135062016;0.000068156486;0.000174783160;0.000047573387;
2017;06;01;14;1;0.000140379480;0.000068974539;0.000168789903;0.000049252614;
2017;06;01;15;1;0.000132772864;0.000067274548;0.000152018001;0.000048860938;
2017;06;01;16;1;0.000122846537;0.000062204713;0.000146437371;0.000043184883;
2017;06;01;17;1;0.000123441888;0.000060080261;0.000148831913;0.000041182370;
2017;06;01;18;1;0.000130019512;0.000060818168;0.000152438109;0.000043756305;
2017;06;01;19;1;0.000133505340;0.000061034973;0.000148174814;0.000044573569;
2017;06;01;20;1;0.000133057194;0.000062354051;0.000139586116;0.000045795260;
2017;06;01;21;1;0.000133672049;0.000066067457;0.000127026777;0.000048157821;
2017;06;01;22;1;0.000138900253;0.000097854092;0.000117240327;0.000077635716;
2017;06;01;23;1;0.000133915681;0.000157885974;0.000114970285;0.000244210215;
2017;06;01;24;1;0.000111438883;0.000158831814;0.000103681202;0.000210600089;
2017;06;02;1;1;0.000089707488;0.000148342303;0.000096031929;0.000174037320;
2017;06;02;2;1;0.000074153020;0.000138661192;0.000090202746;0.000179123135;
2017;06;02;3;1;0.000066110107;0.000132101568;0.000086962876;0.000177360906;
2017;06;02;4;1;0.000062460463;0.000129895445;0.000085264036;0.000171750296;
2017;06;02;5;1;0.000060990647;0.000128503637;0.000084919208;0.000166435303;
2017;06;02;6;1;0.000061675717;0.000127684719;0.000087120158;0.000164702449;
2017;06;02;7;1;0.000069054679;0.000101189500;0.000089316005;0.000114732922;
2017;06;02;8;1;0.000086056192;0.000058975932;0.000097437482;0.000041158891;
2017;06;02;9;1;0.000104567874;0.000067308872;0.000130690119;0.000043018690;
2017;06;02;10;1;0.000117673221;0.000070041732;0.000156293397;0.000045572213;
2017;06;02;11;1;0.000127217209;0.000070868992;0.000170434325;0.000047560287;
2017;06;02;12;1;0.000132745316;0.000069530503;0.000175955606;0.000049343301;
2017;06;02;13;1;0.000138113037;0.000068877318;0.000179430366;0.000048976182;
2017;06;02;14;1;0.000143148074;0.000069592788;0.000173567786;0.000048596668;
2017;06;02;15;1;0.000136565399;0.000068063801;0.000155724173;0.000050782971;
2017;06;02;16;1;0.000127001497;0.000063170053;0.000146510770;0.000047335010;
2017;06;02;17;1;0.000125805751;0.000061318759;0.000146219059;0.000044292820;
2017;06;02;18;1;0.000131447600;0.000061868077;0.000148425599;0.000044793190;
2017;06;02;19;1;0.000134684572;0.000062005932;0.000146143356;0.000045297556;
2017;06;02;20;1;0.000132480775;0.000062657999;0.000140839464;0.000046035559;
2017;06;02;21;1;0.000130946825;0.000064877846;0.000131437834;0.000048509610;
2017;06;02;22;1;0.000133718376;0.000095416409;0.000124342275;0.000075345119;
2017;06;02;23;1;0.000132293216;0.000157017323;0.000124537034;0.000241092141;
2017;06;02;24;1;0.000115089127;0.000160230462;0.000114253187;0.000209944057;
2017;06;03;1;1;0.000094768511;0.000150002605;0.000101324600;0.000179174497;
2017;06;03;2;1;0.000079551449;0.000141019149;0.000093262179;0.000182555885;
2017;06;03;3;1;0.000069881604;0.000133580914;0.000088541395;0.000181214796;
2017;06;03;4;1;0.000064483484;0.000130732828;0.000085797740;0.000175008870;
2017;06;03;5;1;0.000062106809;0.000128688936;0.000084534538;0.000169228010;
2017;06;03;6;1;0.000061578529;0.000127495418;0.000085109147;0.000166988100;
2017;06;03;7;1;0.000063542910;0.000098729361;0.000082319043;0.000117930108;
2017;06;03;8;1;0.000069420822;0.000050374346;0.000077992861;0.000039099063;
2017;06;03;9;1;0.000085079634;0.000056201660;0.000090002554;0.000040384623;
2017;06;03;10;1;0.000106220608;0.000065079414;0.000104401430;0.000042319348;
2017;06;03;11;1;0.000122254402;0.000070431818;0.000119337007;0.000049829511;
2017;06;03;12;1;0.000127469289;0.000069767910;0.000125082693;0.000051057133;
2017;06;03;13;1;0.000131576551;0.000068393941;0.000128102813;0.000048282861;
2017;06;03;14;1;0.000136862010;0.000068324274;0.000126327122;0.000047530841;
2017;06;03;15;1;0.000132494275;0.000067436722;0.000117088717;0.000050002156;
2017;06;03;16;1;0.000119716783;0.000061338813;0.000113076244;0.000045669211;
2017;06;03;17;1;0.000112201264;0.000057671971;0.000110916250;0.000040320032;
2017;06;03;18;1;0.000110250458;0.000057426337;0.000112608657;0.000039478036;
2017;06;03;19;1;0.000111482723;0.000057734444;0.000113537975;0.000040507825;
2017;06;03;20;1;0.000113073291;0.000058655704;0.000116077048;0.000041121063;
2017;06;03;21;1;0.000116517021;0.000061284716;0.000116430558;0.000046473161;
2017;06;03;22;1;0.000125413478;0.000090905231;0.000115171518;0.000071922549;
2017;06;03;23;1;0.000126669387;0.000152678606;0.000119220905;0.000238257256;
2017;06;03;24;1;0.000112254454;0.000157462756;0.000110889362;0.000207524896;
2017;06;04;1;1;0.000093528027;0.000148722755;0.000098538354;0.000176420451;
2017;06;04;2;1;0.000079123312;0.000140055614;0.000090288327;0.000175017166;
2017;06;04;3;1;0.000069208605;0.000132623087;0.000085257329;0.000168956805;
2017;06;04;4;1;0.000063741112;0.000129461697;0.000082815746;0.000165325203;
2017;06;04;5;1;0.000061147222;0.000127389990;0.000081764690;0.000162348900;
2017;06;04;6;1;0.000060028366;0.000125905073;0.000082074002;0.000160135048;
2017;06;04;7;1;0.000060786187;0.000096884702;0.000077869008;0.000114354699;
2017;06;04;8;1;0.000063704276;0.000046358416;0.000069755250;0.000036445745;
2017;06;04;9;1;0.000074297037;0.000050834264;0.000074172335;0.000036424846;
2017;06;04;10;1;0.000090409338;0.000059151972;0.000080620739;0.000038268995;
2017;06;04;11;1;0.000104339002;0.000066212422;0.000087233328;0.000044363225;
2017;06;04;12;1;0.000111773908;0.000068164569;0.000092131771;0.000046679909;
2017;06;04;13;1;0.000116434023;0.000067006008;0.000095431153;0.000044223418;
2017;06;04;14;1;0.000122221351;0.000066200252;0.000096918860;0.000046647156;
2017;06;04;15;1;0.000121964681;0.000065568707;0.000096261145;0.000047789849;
2017;06;04;16;1;0.000109963730;0.000059062103;0.000093927030;0.000042216243;
2017;06;04;17;1;0.000103603520;0.000055469412;0.000090818930;0.000039129840;
2017;06;04;18;1;0.000102252470;0.000054919537;0.000087802487;0.000039070120;
2017;06;04;19;1;0.000105424230;0.000055339125;0.000087433082;0.000039929480;
2017;06;04;20;1;0.000109075737;0.000056941516;0.000089221297;0.000042779929;
2017;06;04;21;1;0.000116539784;0.000061163816;0.000090960520;0.000047355676;
2017;06;04;22;1;0.000129161894;0.000092097134;0.000097027445;0.000074670173;
2017;06;04;23;1;0.000128373087;0.000153369274;0.000104059346;0.000239062399;
2017;06;04;24;1;0.000108854740;0.000156774241;0.000096031964;0.000203184697;
2017;06;05;1;1;0.000084660556;0.000144706567;0.000084918035;0.000172565211;
2017;06;05;2;1;0.000069906619;0.000134901217;0.000080401580;0.000174918900;
2017;06;05;3;1;0.000062216621;0.000128261566;0.000077813704;0.000169470262;
2017;06;05;4;1;0.000058691431;0.000126077739;0.000076500559;0.000164420364;
2017;06;05;5;1;0.000057672719;0.000124537983;0.000076478477;0.000162445027;
2017;06;05;6;1;0.000058322999;0.000123461202;0.000078321620;0.000161952051;
2017;06;05;7;1;0.000065087466;0.000098060869;0.000081147590;0.000115738136;
2017;06;05;8;1;0.000080912759;0.000056277789;0.000088791835;0.000040582851;
2017;06;05;9;1;0.000097885497;0.000064792595;0.000120670876;0.000040629141;
2017;06;05;10;1;0.000111093924;0.000067047235;0.000144570811;0.000043563825;
2017;06;05;11;1;0.000120275712;0.000068114594;0.000157199460;0.000045590601;
2017;06;05;12;1;0.000124904123;0.000067106159;0.000161282064;0.000048133937;
2017;06;05;13;1;0.000129559669;0.000066693856;0.000163991103;0.000048208322;
2017;06;05;14;1;0.000135104237;0.000067136527;0.000157973757;0.000049812263;
2017;06;05;15;1;0.000128311752;0.000065900117;0.000142113242;0.000050999407;
2017;06;05;16;1;0.000119517950;0.000061313277;0.000136824284;0.000045151069;
2017;06;05;17;1;0.000119461000;0.000058403393;0.000139168461;0.000044239250;
2017;06;05;18;1;0.000126070251;0.000059229835;0.000142619287;0.000044458318;
2017;06;05;19;1;0.000129477279;0.000059815226;0.000138441601;0.000044200993;
2017;06;05;20;1;0.000129525312;0.000060918505;0.000130399331;0.000046500665;
2017;06;05;21;1;0.000130016758;0.000064251024;0.000118361043;0.000048272282;
2017;06;05;22;1;0.000134648121;0.000094923677;0.000108910741;0.000075694017;
2017;06;05;23;1;0.000129658896;0.000154425788;0.000107167315;0.000239345445;
2017;06;05;24;1;0.000107369310;0.000155393448;0.000096554149;0.000203551540;
2017;06;06;1;1;0.000086373985;0.000145603953;0.000091011494;0.000176747259;
2017;06;06;2;1;0.000071443235;0.000136115487;0.000086135656;0.000181707530;
2017;06;06;3;1;0.000063897914;0.000129491874;0.000083375130;0.000177193990;
2017;06;06;4;1;0.000060586713;0.000127441693;0.000082012228;0.000170850072;
2017;06;06;5;1;0.000059311268;0.000126105489;0.000081618258;0.000167065627;
2017;06;06;6;1;0.000060071115;0.000125297541;0.000083592481;0.000164334055;
2017;06;06;7;1;0.000067166620;0.000099672424;0.000086105676;0.000115295269;
2017;06;06;8;1;0.000084093262;0.000057848408;0.000094064445;0.000039855829;
2017;06;06;9;1;0.000101525673;0.000066567364;0.000126070711;0.000043568791;
2017;06;06;10;1;0.000114691665;0.000068780374;0.000150557227;0.000045048540;
2017;06;06;11;1;0.000124378247;0.000069536219;0.000163967117;0.000046631263;
2017;06;06;12;1;0.000128559402;0.000068423518;0.000168532920;0.000048457428;
2017;06;06;13;1;0.000133506930;0.000067726895;0.000172018381;0.000047393777;
2017;06;06;14;1;0.000138689605;0.000068503456;0.000166031859;0.000049040652;
2017;06;06;15;1;0.000131147772;0.000066801433;0.000149503478;0.000048640727;
2017;06;06;16;1;0.000121300279;0.000061745536;0.000143964525;0.000042975139;
2017;06;06;17;1;0.000121874543;0.000059630116;0.000146302315;0.000040977782;
2017;06;06;18;1;0.000128340871;0.000060349431;0.000149814788;0.000043529507;
2017;06;06;19;1;0.000131788890;0.000060567872;0.000145632813;0.000044344957;
2017;06;06;20;1;0.000131455114;0.000061928021;0.000137304900;0.000045598056;
2017;06;06;21;1;0.000132058269;0.000065613920;0.000124946748;0.000047948883;
2017;06;06;22;1;0.000137210503;0.000097173245;0.000115309749;0.000077291645;
2017;06;06;23;1;0.000132341689;0.000156852768;0.000113124203;0.000243229212;
2017;06;06;24;1;0.000110108037;0.000157762275;0.000101996901;0.000209714029;
2017;06;07;1;1;0.000087714108;0.000146838328;0.000092923586;0.000177649527;
2017;06;07;2;1;0.000072534148;0.000137236209;0.000087924030;0.000182590929;
2017;06;07;3;1;0.000064882821;0.000130576592;0.000085118270;0.000178080720;
2017;06;07;4;1;0.000061511234;0.000128489710;0.000083714150;0.000171678964;
2017;06;07;5;1;0.000060207121;0.000127123083;0.000083299271;0.000167850499;
2017;06;07;6;1;0.000061028426;0.000126412144;0.000085384082;0.000165241423;
2017;06;07;7;1;0.000068172063;0.000100463368;0.000087867435;0.000115821533;
2017;06;07;8;1;0.000085290324;0.000058265268;0.000095919583;0.000040008778;
2017;06;07;9;1;0.000102960569;0.000067040337;0.000128544198;0.000043731607;
2017;06;07;10;1;0.000116308942;0.000069266868;0.000153506255;0.000045215448;
2017;06;07;11;1;0.000126146231;0.000070035897;0.000167197519;0.000046809273;
2017;06;07;12;1;0.000130354185;0.000068897952;0.000171810263;0.000048630235;
2017;06;07;13;1;0.000135316970;0.000068169388;0.000175293790;0.000047543884;
2017;06;07;14;1;0.000140635743;0.000068983314;0.000169272517;0.000049219014;
2017;06;07;15;1;0.000133094815;0.000067323358;0.000152543862;0.000048856815;
2017;06;07;16;1;0.000123190211;0.000062272992;0.000146998571;0.000043197296;
2017;06;07;17;1;0.000123743862;0.000060125138;0.000149349951;0.000041179777;
2017;06;07;18;1;0.000130296238;0.000060844293;0.000152920181;0.000043739672;
2017;06;07;19;1;0.000133830059;0.000061079708;0.000148688483;0.000044570139;
2017;06;07;20;1;0.000133463430;0.000062438400;0.000140156760;0.000045820096;
2017;06;07;21;1;0.000134062613;0.000066148170;0.000127529383;0.000048177631;
2017;06;07;22;1;0.000139192544;0.000097893779;0.000117608271;0.000077604346;
2017;06;07;23;1;0.000134350883;0.000158130560;0.000115462938;0.000244390578;
2017;06;07;24;1;0.000111788223;0.000159059629;0.000104113545;0.000210731468;
2017;06;08;1;1;0.000089195491;0.000148199395;0.000095068577;0.000178648405;
2017;06;08;2;1;0.000073758753;0.000138507509;0.000089953119;0.000183616579;
2017;06;08;3;1;0.000065962847;0.000131755437;0.000087062281;0.000179039233;
2017;06;08;4;1;0.000062557753;0.000129696603;0.000085657059;0.000172665441;
2017;06;08;5;1;0.000061215157;0.000128282990;0.000085209868;0.000168770050;
2017;06;08;6;1;0.000062041763;0.000127548194;0.000087330604;0.000166124057;
2017;06;08;7;1;0.000069309117;0.000101373680;0.000089877185;0.000116448761;
2017;06;08;8;1;0.000086709189;0.000058790704;0.000098109312;0.000040223725;
2017;06;08;9;1;0.000104632757;0.000067618647;0.000131427667;0.000043949487;
2017;06;08;10;1;0.000118221969;0.000069878598;0.000156981598;0.000045449966;
2017;06;08;11;1;0.000128266020;0.000070679193;0.000171042783;0.000047068556;
2017;06;08;12;1;0.000132629110;0.000069575084;0.000175873564;0.000048930751;
2017;06;08;13;1;0.000137783271;0.000068891742;0.000179576021;0.000047874089;
2017;06;08;14;1;0.000143216084;0.000069722619;0.000173428361;0.000049566771;
2017;06;08;15;1;0.000135507080;0.000068029953;0.000156254731;0.000049191226;
2017;06;08;16;1;0.000125421927;0.000062926062;0.000150573299;0.000043492610;
2017;06;08;17;1;0.000126038510;0.000060781195;0.000153046099;0.000041478708;
2017;06;08;18;1;0.000132741773;0.000061521814;0.000156739380;0.000044066940;
2017;06;08;19;1;0.000136311455;0.000061746052;0.000152367941;0.000044893587;
2017;06;08;20;1;0.000135858795;0.000063082776;0.000143541379;0.000046125715;
2017;06;08;21;1;0.000136272735;0.000066734848;0.000130421483;0.000048429320;
2017;06;08;22;1;0.000141495899;0.000098768061;0.000120282745;0.000078014542;
2017;06;08;23;1;0.000136414216;0.000159356018;0.000117950368;0.000245394716;
2017;06;08;24;1;0.000113588557;0.000160410224;0.000106434727;0.000211752995;
2017;06;09;1;1;0.000090779914;0.000149353376;0.000097539107;0.000174795822;
2017;06;09;2;1;0.000075032179;0.000139592667;0.000091609503;0.000179886258;
2017;06;09;3;1;0.000066883067;0.000132967423;0.000088304791;0.000178087653;
2017;06;09;4;1;0.000063209173;0.000130784955;0.000086604975;0.000172504327;
2017;06;09;5;1;0.000061705565;0.000129349712;0.000086232122;0.000167122195;
2017;06;09;6;1;0.000062366648;0.000128459456;0.000088421708;0.000165297332;
2017;06;09;7;1;0.000069833875;0.000101811642;0.000090657632;0.000115156558;
2017;06;09;8;1;0.000086996469;0.000059317558;0.000098866145;0.000041296263;
2017;06;09;9;1;0.000105628660;0.000067646412;0.000132503788;0.000043128888;
2017;06;09;10;1;0.000118904590;0.000070415264;0.000158512550;0.000045703418;
2017;06;09;11;1;0.000128594396;0.000071272402;0.000172916046;0.000047714265;
2017;06;09;12;1;0.000134188104;0.000069929294;0.000178525381;0.000049505175;
2017;06;09;13;1;0.000139607254;0.000069268932;0.000182041875;0.000049134419;
2017;06;09;14;1;0.000144630717;0.000069956524;0.000176013590;0.000048731425;
2017;06;09;15;1;0.000137984425;0.000068421808;0.000157923759;0.000050925475;
2017;06;09;16;1;0.000128306536;0.000063495089;0.000148563301;0.000047462434;
2017;06;09;17;1;0.000127175955;0.000061671829;0.000148357856;0.000044439118;
2017;06;09;18;1;0.000132906618;0.000062237125;0.000150627686;0.000044950397;
2017;06;09;19;1;0.000136074889;0.000062327877;0.000148197631;0.000045421607;
2017;06;09;20;1;0.000133842808;0.000062980725;0.000142813279;0.000046159723;
2017;06;09;21;1;0.000132162138;0.000065147457;0.000133147963;0.000048592300;
2017;06;09;22;1;0.000134923628;0.000095787523;0.000125926687;0.000075453542;
2017;06;09;23;1;0.000133600993;0.000157764264;0.000126232934;0.000241647750;
2017;06;09;24;1;0.000116347434;0.000161159739;0.000115929213;0.000210646229;
2017;06;10;1;1;0.000096914332;0.000151799449;0.000104519678;0.000180383838;
2017;06;10;2;1;0.000081312571;0.000142637963;0.000096155553;0.000183697360;
2017;06;10;3;1;0.000071432253;0.000135121151;0.000091292911;0.000182357075;
2017;06;10;4;1;0.000065905655;0.000132222780;0.000088452324;0.000176088798;
2017;06;10;5;1;0.000063450140;0.000130101414;0.000087113760;0.000170201386;
2017;06;10;6;1;0.000062909497;0.000128892879;0.000087704596;0.000167946095;
2017;06;10;7;1;0.000064970459;0.000099894737;0.000084900133;0.000118705548;
2017;06;10;8;1;0.000070962653;0.000050956191;0.000080418164;0.000039346302;
2017;06;10;9;1;0.000086981551;0.000056858856;0.000092814446;0.000040645741;
2017;06;10;10;1;0.000108653094;0.000065875570;0.000107720652;0.000042615713;
2017;06;10;11;1;0.000125002571;0.000071264095;0.000123080370;0.000050157808;
2017;06;10;12;1;0.000130407321;0.000070631683;0.000129078183;0.000051422159;
2017;06;10;13;1;0.000134619520;0.000069245986;0.000132204859;0.000048631763;
2017;06;10;14;1;0.000140013200;0.000069168528;0.000130359258;0.000047869516;
2017;06;10;15;1;0.000135693006;0.000068344605;0.000120958003;0.000050413466;
2017;06;10;16;1;0.000122802021;0.000062263464;0.000116998707;0.000046118105;
2017;06;10;17;1;0.000115215772;0.000058603886;0.000114886388;0.000040759846;
2017;06;10;18;1;0.000113232547;0.000058364588;0.000116659971;0.000039915712;
2017;06;10;19;1;0.000114538300;0.000058698309;0.000117663977;0.000040971283;
2017;06;10;20;1;0.000116154191;0.000059625570;0.000120276400;0.000041584996;
2017;06;10;21;1;0.000119440126;0.000062167084;0.000120389072;0.000046898674;
2017;06;10;22;1;0.000128461554;0.000092143621;0.000118996246;0.000072525630;
2017;06;10;23;1;0.000129993658;0.000155051553;0.000123413345;0.000240709988;
2017;06;10;24;1;0.000115282185;0.000160023551;0.000114870289;0.000209810055;
2017;06;11;1;1;0.000100284734;0.000154491765;0.000108421076;0.000180427152;
2017;06;11;2;1;0.000084833835;0.000145478906;0.000099337129;0.000178980288;
2017;06;11;3;1;0.000074110709;0.000137586196;0.000093684544;0.000172566492;
2017;06;11;4;1;0.000068229244;0.000134253952;0.000090966020;0.000168791239;
2017;06;11;5;1;0.000065399582;0.000131998321;0.000089738621;0.000165617988;
2017;06;11;6;1;0.000064196698;0.000130447049;0.000090069372;0.000163343733;
2017;06;11;7;1;0.000065005116;0.000100376650;0.000085452078;0.000116642430;
2017;06;11;8;1;0.000068214435;0.000048091812;0.000076647846;0.000037223263;
2017;06;11;9;1;0.000079678300;0.000052815327;0.000081625504;0.000037258572;
2017;06;11;10;1;0.000096948996;0.000061451731;0.000088714000;0.000039141458;
2017;06;11;11;1;0.000111888711;0.000068788197;0.000095992518;0.000045375624;
2017;06;11;12;1;0.000119875849;0.000070824712;0.000101394881;0.000047750858;
2017;06;11;13;1;0.000124961699;0.000069669970;0.000105099958;0.000045269869;
2017;06;11;14;1;0.000131261572;0.000068878712;0.000106810554;0.000047783241;
2017;06;11;15;1;0.000131215544;0.000068341213;0.000106271688;0.000049039584;
2017;06;11;16;1;0.000118556347;0.000061690617;0.000103915729;0.000043412504;
2017;06;11;17;1;0.000111852603;0.000058017633;0.000100615136;0.000040293924;
2017;06;11;18;1;0.000110399937;0.000057445596;0.000097278572;0.000040234599;
2017;06;11;19;1;0.000113826038;0.000057885305;0.000096870674;0.000041120156;
2017;06;11;20;1;0.000117711663;0.000059532652;0.000098804160;0.000044034322;
2017;06;11;21;1;0.000125528189;0.000063825833;0.000100539182;0.000048651810;
2017;06;11;22;1;0.000138859248;0.000095922696;0.000107041048;0.000076568029;
2017;06;11;23;1;0.000138138474;0.000159887271;0.000114904520;0.000245364571;
2017;06;11;24;1;0.000117140103;0.000163443564;0.000106044810;0.000208549504;
2017;06;12;1;1;0.000094439157;0.000153553253;0.000098614616;0.000178712072;
2017;06;12;2;1;0.000077932006;0.000143058352;0.000093310927;0.000181035585;
2017;06;12;3;1;0.000069335871;0.000135971500;0.000090277186;0.000175337461;
2017;06;12;4;1;0.000065428796;0.000133700315;0.000088782875;0.000170168624;
2017;06;12;5;1;0.000064265423;0.000132010527;0.000088718980;0.000168051743;
2017;06;12;6;1;0.000065000329;0.000130889860;0.000090871508;0.000167568282;
2017;06;12;7;1;0.000072586990;0.000104029607;0.000094212259;0.000119830553;
2017;06;12;8;1;0.000090236415;0.000059703754;0.000103088023;0.000042018160;
2017;06;12;9;1;0.000109256251;0.000068794403;0.000140217033;0.000042101274;
2017;06;12;10;1;0.000124208213;0.000071308397;0.000168271664;0.000045218449;
2017;06;12;11;1;0.000134736688;0.000072585170;0.000183328229;0.000047414689;
2017;06;12;12;1;0.000140082804;0.000071592945;0.000188306144;0.000050117464;
2017;06;12;13;1;0.000145417880;0.000071208789;0.000191619026;0.000050234218;
2017;06;12;14;1;0.000151640216;0.000071681005;0.000184586840;0.000051905257;
2017;06;12;15;1;0.000144081580;0.000070392762;0.000166129569;0.000053166345;
2017;06;12;16;1;0.000134380640;0.000065577958;0.000160153751;0.000047130415;
2017;06;12;17;1;0.000134334780;0.000062474127;0.000162919665;0.000046184870;
2017;06;12;18;1;0.000141792761;0.000063369715;0.000166989846;0.000046422030;
2017;06;12;19;1;0.000145500987;0.000063941662;0.000161960590;0.000046114134;
2017;06;12;20;1;0.000145447302;0.000065072883;0.000152439230;0.000048477458;
2017;06;12;21;1;0.000145602911;0.000068446394;0.000137990717;0.000050187806;
2017;06;12;22;1;0.000150485612;0.000100918091;0.000126717255;0.000078539095;
2017;06;12;23;1;0.000144810488;0.000164065519;0.000124603549;0.000248171850;
2017;06;12;24;1;0.000119979375;0.000165180558;0.000112322752;0.000211169154;
2017;06;13;1;1;0.000095467491;0.000153885697;0.000104161603;0.000182705727;
2017;06;13;2;1;0.000078940062;0.000143812431;0.000098550351;0.000187774320;
2017;06;13;3;1;0.000070580445;0.000136770603;0.000095361505;0.000183051638;
2017;06;13;4;1;0.000066913863;0.000134586896;0.000093789922;0.000176474027;
2017;06;13;5;1;0.000065451330;0.000133066213;0.000093262586;0.000172423040;
2017;06;13;6;1;0.000066301990;0.000132237904;0.000095535976;0.000169634962;
2017;06;13;7;1;0.000074035927;0.000105054964;0.000098278760;0.000118857731;
2017;06;13;8;1;0.000092590916;0.000060904745;0.000107243638;0.000041041757;
2017;06;13;9;1;0.000111856819;0.000070129459;0.000143826744;0.000044894074;
2017;06;13;10;1;0.000126588507;0.000072590450;0.000172069100;0.000046501832;
2017;06;13;11;1;0.000137449731;0.000073478973;0.000187626891;0.000048195175;
2017;06;13;12;1;0.000142189540;0.000072363863;0.000193013377;0.000050124619;
2017;06;13;13;1;0.000147784664;0.000071686811;0.000197169289;0.000049065226;
2017;06;13;14;1;0.000153666296;0.000072577121;0.000190486851;0.000050818035;
2017;06;13;15;1;0.000145419186;0.000070827042;0.000171652822;0.000050441474;
2017;06;13;16;1;0.000134639555;0.000065534346;0.000165464646;0.000044612348;
2017;06;13;17;1;0.000135294180;0.000063297171;0.000168172961;0.000042544310;
2017;06;13;18;1;0.000142491018;0.000064069041;0.000172232876;0.000045199453;
2017;06;13;19;1;0.000146248885;0.000064270047;0.000167344661;0.000046024060;
2017;06;13;20;1;0.000145733636;0.000065648083;0.000157618507;0.000047277615;
2017;06;13;21;1;0.000146171871;0.000069445918;0.000143206267;0.000049636782;
2017;06;13;22;1;0.000151558647;0.000102634319;0.000131885864;0.000079845939;
2017;06;13;23;1;0.000146325325;0.000165831698;0.000129514149;0.000251515920;
2017;06;13;24;1;0.000121781622;0.000166847012;0.000116812300;0.000216928765;
2017;06;14;1;1;0.000097102476;0.000155411406;0.000106505545;0.000183844345;
2017;06;14;2;1;0.000080261373;0.000145182873;0.000100729589;0.000188872460;
2017;06;14;3;1;0.000071740722;0.000138033326;0.000097441557;0.000184067999;
2017;06;14;4;1;0.000067975248;0.000135752337;0.000095781281;0.000177353111;
2017;06;14;5;1;0.000066518970;0.000134277941;0.000095284938;0.000173358705;
2017;06;14;6;1;0.000067375833;0.000133426895;0.000097596512;0.000170536078;
2017;06;14;7;1;0.000075271872;0.000106051452;0.000100447616;0.000119547626;
2017;06;14;8;1;0.000094137293;0.000061482893;0.000109611123;0.000041280276;
2017;06;14;9;1;0.000113683503;0.000070769367;0.000146948243;0.000045138520;
2017;06;14;10;1;0.000128581895;0.000073210752;0.000175702603;0.000046728186;
2017;06;14;11;1;0.000139622403;0.000074111248;0.000191600246;0.000048432634;
2017;06;14;12;1;0.000144454710;0.000072995425;0.000197124785;0.000050377715;
2017;06;14;13;1;0.000150112880;0.000072299898;0.000201334234;0.000049304404;
2017;06;14;14;1;0.000156126484;0.000073216258;0.000194559626;0.000051078618;
2017;06;14;15;1;0.000147854191;0.000071502442;0.000175449706;0.000050736794;
2017;06;14;16;1;0.000136974226;0.000066198019;0.000169223693;0.000044899819;
2017;06;14;17;1;0.000137629859;0.000063933383;0.000171980610;0.000042815237;
2017;06;14;18;1;0.000144970074;0.000064721554;0.000176155696;0.000045493293;
2017;06;14;19;1;0.000148819551;0.000064936052;0.000171186318;0.000046331426;
2017;06;14;20;1;0.000148268195;0.000066316270;0.000161207474;0.000047584672;
2017;06;14;21;1;0.000148618246;0.000070107566;0.000146372710;0.000049926976;
2017;06;14;22;1;0.000154093169;0.000103610820;0.000134800245;0.000080311700;
2017;06;14;23;1;0.000148740520;0.000167373687;0.000132347816;0.000252928982;
2017;06;14;24;1;0.000123783629;0.000168387452;0.000119360270;0.000218133273;
2017;06;15;1;1;0.000097684289;0.000155981604;0.000107310158;0.000184301758;
2017;06;15;2;1;0.000080739561;0.000145710639;0.000101487151;0.000189336010;
2017;06;15;3;1;0.000072139091;0.000138479330;0.000098134867;0.000184445473;
2017;06;15;4;1;0.000068379277;0.000136243910;0.000096500275;0.000177785897;
2017;06;15;5;1;0.000066896578;0.000134728395;0.000095974718;0.000173735604;
2017;06;15;6;1;0.000067758814;0.000133875499;0.000098303763;0.000170908123;
2017;06;15;7;1;0.000075609894;0.000106281728;0.000101055451;0.000119666242;
2017;06;15;8;1;0.000094504018;0.000061579895;0.000110209086;0.000041296757;
2017;06;15;9;1;0.000114127815;0.000070881915;0.000147751758;0.000045157112;
2017;06;15;10;1;0.000129151695;0.000073365391;0.000176755398;0.000046771791;
2017;06;15;11;1;0.000140294163;0.000074295875;0.000192821191;0.000048496163;
2017;06;15;12;1;0.000145112505;0.000073158510;0.000198330072;0.000050430861;
2017;06;15;13;1;0.000150899974;0.000072511180;0.000202704335;0.000049390305;
2017;06;15;14;1;0.000156995059;0.000073453587;0.000195945968;0.000051183895;
2017;06;15;15;1;0.000148691409;0.000071741292;0.000176717307;0.000050846381;
2017;06;15;16;1;0.000137702242;0.000066396201;0.000170387420;0.000044981251;
2017;06;15;17;1;0.000138355201;0.000064121931;0.000173155589;0.000042890980;
2017;06;15;18;1;0.000145660992;0.000064879862;0.000177270225;0.000045550911;
2017;06;15;19;1;0.000149510826;0.000065087053;0.000172248682;0.000046384525;
2017;06;15;20;1;0.000148944528;0.000066464956;0.000162194428;0.000047635247;
2017;06;15;21;1;0.000149364807;0.000070297053;0.000147336540;0.000050003016;
2017;06;15;22;1;0.000154889774;0.000103905982;0.000135707623;0.000080445725;
2017;06;15;23;1;0.000149363296;0.000167686406;0.000133108435;0.000253103400;
2017;06;15;24;1;0.000124406720;0.000168844312;0.000120147469;0.000218467749;
2017;06;16;1;1;0.000099570110;0.000157335650;0.000110356413;0.000180407738;
2017;06;16;2;1;0.000082218029;0.000146911224;0.000103547497;0.000185482260;
2017;06;16;3;1;0.000073252897;0.000139870699;0.000099763681;0.000183538562;
2017;06;16;4;1;0.000069177026;0.000137471427;0.000097769682;0.000177650595;
2017;06;16;5;1;0.000067478911;0.000135857017;0.000097273018;0.000171973987;
2017;06;16;6;1;0.000068184596;0.000134887847;0.000099717723;0.000170053121;
2017;06;16;7;1;0.000076285190;0.000106817990;0.000102154627;0.000118371638;
2017;06;16;8;1;0.000095055483;0.000062248901;0.000111430154;0.000042459140;
2017;06;16;9;1;0.000115533927;0.000071063305;0.000149498089;0.000044389569;
2017;06;16;10;1;0.000130271366;0.000074095193;0.000179140418;0.000047117683;
2017;06;16;11;1;0.000141044477;0.000075080699;0.000195636064;0.000049245571;
2017;06;16;12;1;0.000147245138;0.000073698553;0.000202072165;0.000051116657;
2017;06;16;13;1;0.000153333792;0.000073070362;0.000206243739;0.000050780925;
2017;06;16;14;1;0.000159076301;0.000073900273;0.000199696626;0.000050435804;
2017;06;16;15;1;0.000151957651;0.000072370225;0.000179398810;0.000052773085;
2017;06;16;16;1;0.000141417334;0.000067215104;0.000168905964;0.000049225344;
2017;06;16;17;1;0.000140204935;0.000065300724;0.000168712950;0.000046100816;
2017;06;16;18;1;0.000146415197;0.000065850935;0.000171168535;0.000046597001;
2017;06;16;19;1;0.000149846055;0.000065920810;0.000168340327;0.000047066805;
2017;06;16;20;1;0.000147328921;0.000066584555;0.000162159031;0.000047812456;
2017;06;16;21;1;0.000145335848;0.000068807540;0.000151035765;0.000050282637;
2017;06;16;22;1;0.000148123603;0.000100999232;0.000142604626;0.000077947247;
2017;06;16;23;1;0.000146644145;0.000166316966;0.000142924704;0.000249587420;
2017;06;16;24;1;0.000127771679;0.000169983676;0.000131325861;0.000217678918;
2017;06;17;1;1;0.000107748391;0.000161169256;0.000120334672;0.000187100853;
2017;06;17;2;1;0.000090351780;0.000151357298;0.000110642842;0.000190430844;
2017;06;17;3;1;0.000079295329;0.000143240495;0.000104944636;0.000188856194;
2017;06;17;4;1;0.000073091188;0.000140035404;0.000101583114;0.000182192053;
2017;06;17;5;1;0.000070374279;0.000137801078;0.000100054833;0.000176116413;
2017;06;17;6;1;0.000069749564;0.000136471960;0.000100697241;0.000173720292;
2017;06;17;7;1;0.000071998473;0.000105715624;0.000097428418;0.000122725194;
2017;06;17;8;1;0.000078662473;0.000053941613;0.000092312782;0.000040690875;
2017;06;17;9;1;0.000096407479;0.000060182596;0.000106529304;0.000042029477;
2017;06;17;10;1;0.000120403709;0.000069712615;0.000123613719;0.000044057808;
2017;06;17;11;1;0.000138702901;0.000075513847;0.000141424719;0.000051923087;
2017;06;17;12;1;0.000144858942;0.000074925925;0.000148479369;0.000053290403;
2017;06;17;13;1;0.000149742551;0.000073556493;0.000152284093;0.000050467590;
2017;06;17;14;1;0.000155925638;0.000073560776;0.000150335090;0.000049735095;
2017;06;17;15;1;0.000151313696;0.000072780366;0.000139677135;0.000052447246;
2017;06;17;16;1;0.000137163612;0.000066413428;0.000135326981;0.000048057394;
2017;06;17;17;1;0.000128712061;0.000062520573;0.000132906377;0.000042481046;
2017;06;17;18;1;0.000126419599;0.000062227418;0.000134876078;0.000041575969;
2017;06;17;19;1;0.000127686446;0.000062489763;0.000135833697;0.000042611713;
2017;06;17;20;1;0.000129266343;0.000063368342;0.000138612032;0.000043176020;
2017;06;17;21;1;0.000132889756;0.000066052760;0.000138706961;0.000048680741;
2017;06;17;22;1;0.000142806812;0.000097820583;0.000136986871;0.000075218145;
2017;06;17;23;1;0.000144448235;0.000164533910;0.000142011047;0.000249539640;
2017;06;17;24;1;0.000128051937;0.000169745034;0.000132130050;0.000217423064;
2017;06;18;1;1;0.000109320885;0.000162227749;0.000121468400;0.000185855294;
2017;06;18;2;1;0.000092485970;0.000152777105;0.000111301149;0.000184381222;
2017;06;18;3;1;0.000080803417;0.000144502420;0.000104977929;0.000177791078;
2017;06;18;4;1;0.000074352795;0.000140930606;0.000101879599;0.000173812648;
2017;06;18;5;1;0.000071310212;0.000138642587;0.000100562817;0.000170643200;
2017;06;18;6;1;0.000069922310;0.000136863875;0.000100823437;0.000168116478;
2017;06;18;7;1;0.000070752866;0.000105239966;0.000095587350;0.000119965894;
2017;06;18;8;1;0.000074208606;0.000050396529;0.000085695740;0.000038264599;
2017;06;18;9;1;0.000086602247;0.000055296872;0.000091179301;0.000038266613;
2017;06;18;10;1;0.000105365224;0.000064333857;0.000099089451;0.000040197191;
2017;06;18;11;1;0.000121598585;0.000072012464;0.000107216327;0.000046598249;
2017;06;18;12;1;0.000130363760;0.000074192754;0.000113324158;0.000049069438;
2017;06;18;13;1;0.000136098389;0.000073092561;0.000117641321;0.000046589712;
2017;06;18;14;1;0.000142976665;0.000072271002;0.000119570217;0.000049182193;
2017;06;18;15;1;0.000143076836;0.000071782440;0.000119092088;0.000050528400;
2017;06;18;16;1;0.000129491560;0.000064906361;0.000116648519;0.000044806004;
2017;06;18;17;1;0.000122234224;0.000061074262;0.000113003354;0.000041609358;
2017;06;18;18;1;0.000120657804;0.000060477639;0.000109266006;0.000041551911;
2017;06;18;19;1;0.000124321340;0.000060900925;0.000108737083;0.000042438844;
2017;06;18;20;1;0.000128417581;0.000062562156;0.000110780037;0.000045394270;
2017;06;18;21;1;0.000136808522;0.000067006953;0.000112612998;0.000050104372;
2017;06;18;22;1;0.000151203790;0.000100614539;0.000119789709;0.000078784371;
2017;06;18;23;1;0.000150499271;0.000167797362;0.000128658400;0.000252601733;
2017;06;18;24;1;0.000127754642;0.000171707952;0.000118861662;0.000214924033;
2017;06;19;1;1;0.000100489302;0.000159256634;0.000106856405;0.000182952555;
2017;06;19;2;1;0.000082862963;0.000148261574;0.000101034257;0.000185193362;
2017;06;19;3;1;0.000073697367;0.000140868103;0.000097715520;0.000179302180;
2017;06;19;4;1;0.000069495815;0.000138418117;0.000096030782;0.000173894590;
2017;06;19;5;1;0.000068200225;0.000136548769;0.000095877460;0.000171580655;
2017;06;19;6;1;0.000068946726;0.000135324017;0.000098156117;0.000171004198;
2017;06;19;7;1;0.000076873956;0.000107386129;0.000101606011;0.000122096965;
2017;06;19;8;1;0.000095501679;0.000061588780;0.000111103804;0.000042784166;
2017;06;19;9;1;0.000115644012;0.000070974239;0.000151136434;0.000042873502;
2017;06;19;10;1;0.000131532043;0.000073602524;0.000181461202;0.000046069530;
2017;06;19;11;1;0.000142722630;0.000074942065;0.000197755176;0.000048321092;
2017;06;19;12;1;0.000148302634;0.000073876285;0.000203011233;0.000051046972;
2017;06;19;13;1;0.000154102731;0.000073552411;0.000206786745;0.000051216399;
2017;06;19;14;1;0.000160725609;0.000074053494;0.000199233775;0.000052929635;
2017;06;19;15;1;0.000152750683;0.000072740032;0.000179354872;0.000054228597;
2017;06;19;16;1;0.000142456869;0.000067760307;0.000172892179;0.000048068970;
2017;06;19;17;1;0.000142329554;0.000064517510;0.000175780895;0.000047078564;
2017;06;19;18;1;0.000150141142;0.000065403080;0.000180064154;0.000047291888;
2017;06;19;19;1;0.000154050358;0.000065985950;0.000174621480;0.000046972935;
2017;06;19;20;1;0.000153979614;0.000067147274;0.000164340969;0.000049375812;
2017;06;19;21;1;0.000154038370;0.000070579765;0.000148662102;0.000051082710;
2017;06;19;22;1;0.000159093708;0.000103991498;0.000136422286;0.000079884179;
2017;06;19;23;1;0.000153023085;0.000168983786;0.000134084596;0.000252305266;
2017;06;19;24;1;0.000126849675;0.000170220741;0.000120932225;0.000214797937;
2017;06;20;1;1;0.000099183215;0.000157302936;0.000109469338;0.000185222910;
2017;06;20;2;1;0.000082029341;0.000147036138;0.000103593402;0.000190400386;
2017;06;20;3;1;0.000073337693;0.000139827154;0.000100234704;0.000185599304;
2017;06;20;4;1;0.000069512503;0.000137564225;0.000098561014;0.000178890588;
2017;06;20;5;1;0.000068014106;0.000136051776;0.000098037027;0.000174837942;
2017;06;20;6;1;0.000068866706;0.000135143326;0.000100381078;0.000171932502;
2017;06;20;7;1;0.000076911170;0.000107379007;0.000103278217;0.000120485340;
2017;06;20;8;1;0.000096113163;0.000062204459;0.000112612912;0.000041571941;
2017;06;20;9;1;0.000116065540;0.000071597395;0.000150967215;0.000045455843;
2017;06;20;10;1;0.000131401306;0.000074137987;0.000180680154;0.000047101565;
2017;06;20;11;1;0.000142762259;0.000075091105;0.000197136374;0.000048846443;
2017;06;20;12;1;0.000147561301;0.000073889457;0.000202625640;0.000050759319;
2017;06;20;13;1;0.000153418939;0.000073222536;0.000207057536;0.000049703078;
2017;06;20;14;1;0.000159541969;0.000074139894;0.000200061486;0.000051484211;
2017;06;20;15;1;0.000151098296;0.000072409053;0.000180422614;0.000051142918;
2017;06;20;16;1;0.000139871963;0.000066985819;0.000173886306;0.000045224414;
2017;06;20;17;1;0.000140536520;0.000064691956;0.000176712965;0.000043123245;
2017;06;20;18;1;0.000147967421;0.000065461016;0.000180924272;0.000045800653;
2017;06;20;19;1;0.000151712800;0.000065598540;0.000175607752;0.000046588042;
2017;06;20;20;1;0.000151125066;0.000066981467;0.000165343100;0.000047840106;
2017;06;20;21;1;0.000151400797;0.000070772898;0.000150047423;0.000050168122;
2017;06;20;22;1;0.000156919521;0.000104554989;0.000138132752;0.000080669425;
2017;06;20;23;1;0.000151481977;0.000168913717;0.000135631588;0.000254077857;
2017;06;20;24;1;0.000126219878;0.000170145448;0.000122471980;0.000219393126;
2017;06;21;1;1;0.000099266693;0.000157403010;0.000109571551;0.000185314950;
2017;06;21;2;1;0.000082100065;0.000147132697;0.000103692255;0.000190498905;
2017;06;21;3;1;0.000073380215;0.000139879504;0.000100302045;0.000185642948;
2017;06;21;4;1;0.000069552526;0.000137615172;0.000098626833;0.000178931932;
2017;06;21;5;1;0.000068034963;0.000136065556;0.000098076110;0.000174831313;
2017;06;21;6;1;0.000068880785;0.000135143205;0.000100410835;0.000171908418;
2017;06;21;7;1;0.000076873279;0.000107304072;0.000103236830;0.000120384500;
2017;06;21;8;1;0.000096051188;0.000062151587;0.000112550649;0.000041530825;
2017;06;21;9;1;0.000115972668;0.000071525418;0.000150860289;0.000045403826;
2017;06;21;10;1;0.000131312649;0.000074072756;0.000180574855;0.000047053572;
2017;06;21;11;1;0.000142610332;0.000074995793;0.000196944694;0.000048777654;
2017;06;21;12;1;0.000147455179;0.000073821159;0.000202498541;0.000050705342;
2017;06;21;13;1;0.000153349950;0.000073174584;0.000206983462;0.000049663614;
2017;06;21;14;1;0.000159569519;0.000074137473;0.000200114437;0.000051475364;
2017;06;21;15;1;0.000151141232;0.000072414759;0.000180490481;0.000051139829;
2017;06;21;16;1;0.000139962121;0.000067015235;0.000174014392;0.000045237977;
2017;06;21;17;1;0.000140551218;0.000064685439;0.000176747701;0.000043112900;
2017;06;21;18;1;0.000147917114;0.000065425325;0.000180879394;0.000045769310;
2017;06;21;19;1;0.000151754550;0.000065603121;0.000175672234;0.000046584810;
2017;06;21;20;1;0.000151201483;0.000067001578;0.000165441921;0.000047847810;
2017;06;21;21;1;0.000151505020;0.000070807078;0.000150164524;0.000050185364;
2017;06;21;22;1;0.000157028218;0.000104605934;0.000138241150;0.000080697498;
2017;06;21;23;1;0.000151607875;0.000169019395;0.000135756797;0.000254201430;
2017;06;21;24;1;0.000126338139;0.000170269901;0.000122598004;0.000219523042;
2017;06;22;1;1;0.000099462436;0.000157620041;0.000109839135;0.000185513662;
2017;06;22;2;1;0.000082215137;0.000147251710;0.000103886320;0.000190594635;
2017;06;22;3;1;0.000073473922;0.000139975231;0.000100477262;0.000185713128;
2017;06;22;4;1;0.000069617719;0.000137662629;0.000098765604;0.000178938847;
2017;06;22;5;1;0.000068123199;0.000136161381;0.000098249393;0.000174900886;
2017;06;22;6;1;0.000068973478;0.000135244968;0.000100593141;0.000171985203;
2017;06;22;7;1;0.000077007453;0.000107427735;0.000103465550;0.000120486345;
2017;06;22;8;1;0.000096180059;0.000062198138;0.000112754546;0.000041549209;
2017;06;22;9;1;0.000116112996;0.000071569577;0.000151113714;0.000045417951;
2017;06;22;10;1;0.000131493610;0.000074130931;0.000180908562;0.000047076112;
2017;06;22;11;1;0.000142856127;0.000075080585;0.000197376717;0.000048817854;
2017;06;22;12;1;0.000147730517;0.000073915226;0.000202971866;0.000050754413;
2017;06;22;13;1;0.000153631565;0.000073265572;0.000207460883;0.000049710147;
2017;06;22;14;1;0.000159805909;0.000074203355;0.000200504940;0.000051505337;
2017;06;22;15;1;0.000151354238;0.000072473891;0.000180829670;0.000051165922;
2017;06;22;16;1;0.000140139143;0.000067060279;0.000174316248;0.000045254526;
2017;06;22;17;1;0.000140827225;0.000064774102;0.000177177896;0.000043158779;
2017;06;22;18;1;0.000148245071;0.000065531573;0.000181365506;0.000045829605;
2017;06;22;19;1;0.000152036231;0.000065685989;0.000176080902;0.000046629377;
2017;06;22;20;1;0.000151476114;0.000067083544;0.000165820197;0.000047891680;
2017;06;22;21;1;0.000151743028;0.000070876336;0.000150471006;0.000050219075;
2017;06;22;22;1;0.000157215196;0.000104668501;0.000138470709;0.000080721048;
2017;06;22;23;1;0.000151764780;0.000169094173;0.000135961071;0.000254236049;
2017;06;22;24;1;0.000126535444;0.000170434876;0.000122847091;0.000219668475;
2017;06;23;1;1;0.000099171100;0.000157135400;0.000109631435;0.000180467216;
2017;06;23;2;1;0.000081918087;0.000146777159;0.000102904349;0.000185610327;
2017;06;23;3;1;0.000072938245;0.000139652272;0.000099079624;0.000183545965;
2017;06;23;4;1;0.000068824872;0.000137147131;0.000097021751;0.000177515880;
2017;06;23;5;1;0.000067163719;0.000135593698;0.000096569602;0.000171916059;
2017;06;23;6;1;0.000067819019;0.000134532996;0.000098927940;0.000169877889;
2017;06;23;7;1;0.000075831023;0.000106473576;0.000101285227;0.000118179284;
2017;06;23;8;1;0.000094415601;0.000061999621;0.000110395330;0.000042356961;
2017;06;23;9;1;0.000114657672;0.000070717963;0.000147982583;0.000044244727;
2017;06;23;10;1;0.000129375743;0.000073787820;0.000177451164;0.000046997508;
2017;06;23;11;1;0.000140137626;0.000074802780;0.000193878194;0.000049142004;
2017;06;23;12;1;0.000146251665;0.000073402284;0.000200192466;0.000050992853;
2017;06;23;13;1;0.000152274085;0.000072764599;0.000204291490;0.000050649568;
2017;06;23;14;1;0.000157982863;0.000073593811;0.000197813807;0.000050307236;
2017;06;23;15;1;0.000150880108;0.000072054331;0.000177668465;0.000052627036;
2017;06;23;16;1;0.000140215759;0.000066826976;0.000167040025;0.000049019622;
2017;06;23;17;1;0.000138958020;0.000064897665;0.000166782361;0.000045889777;
2017;06;23;18;1;0.000145097803;0.000065437603;0.000169192066;0.000046378817;
2017;06;23;19;1;0.000148464479;0.000065492344;0.000166359188;0.000046835911;
2017;06;23;20;1;0.000145999000;0.000066164667;0.000160281867;0.000047587177;
2017;06;23;21;1;0.000144064963;0.000068393119;0.000149329909;0.000050059981;
2017;06;23;22;1;0.000146594405;0.000100230975;0.000140769355;0.000077478450;
2017;06;23;23;1;0.000145014547;0.000164920313;0.000140972864;0.000247888596;
2017;06;23;24;1;0.000126323697;0.000168518739;0.000129503606;0.000216149190;
2017;06;24;1;1;0.000103710787;0.000157624006;0.000114434600;0.000184500630;
2017;06;24;2;1;0.000087031194;0.000148138732;0.000105296757;0.000187924963;
2017;06;24;3;1;0.000076491578;0.000140397331;0.000100018353;0.000186640632;
2017;06;24;4;1;0.000070513334;0.000137268567;0.000096823592;0.000180071344;
2017;06;24;5;1;0.000067874846;0.000135043766;0.000095342474;0.000174021809;
2017;06;24;6;1;0.000067288972;0.000133774350;0.000095978379;0.000171696680;
2017;06;24;7;1;0.000069455573;0.000103621533;0.000092858765;0.000121290416;
2017;06;24;8;1;0.000075810344;0.000052821633;0.000087897426;0.000040176015;
2017;06;24;9;1;0.000092733931;0.000058820117;0.000101239613;0.000041418167;
2017;06;24;10;1;0.000115796156;0.000068122830;0.000117455781;0.000043409633;
2017;06;24;11;1;0.000133310040;0.000073744721;0.000134293837;0.000051126583;
2017;06;24;12;1;0.000139190936;0.000073151761;0.000140956530;0.000052459434;
2017;06;24;13;1;0.000143937875;0.000071841915;0.000144623159;0.000049699426;
2017;06;24;14;1;0.000149883234;0.000071847035;0.000142774067;0.000048978719;
2017;06;24;15;1;0.000145474435;0.000071096742;0.000132674421;0.000051658297;
2017;06;24;16;1;0.000131885838;0.000064884681;0.000128557402;0.000047340018;
2017;06;24;17;1;0.000123807301;0.000061105034;0.000126306667;0.000041863079;
2017;06;24;18;1;0.000121658407;0.000060846629;0.000128237809;0.000040990106;
2017;06;24;19;1;0.000122923159;0.000061125837;0.000129196241;0.000042026852;
2017;06;24;20;1;0.000124469166;0.000061997715;0.000131865350;0.000042591984;
2017;06;24;21;1;0.000127923872;0.000064606778;0.000131920348;0.000048009394;
2017;06;24;22;1;0.000137452459;0.000095666715;0.000130267470;0.000074171175;
2017;06;24;23;1;0.000139114689;0.000161006419;0.000135125191;0.000246212015;
2017;06;24;24;1;0.000123427263;0.000166245175;0.000125828781;0.000214703690;
2017;06;25;1;1;0.000105752785;0.000159207107;0.000116188347;0.000183809731;
2017;06;25;2;1;0.000089553130;0.000150076199;0.000106565137;0.000182526736;
2017;06;25;3;1;0.000078237795;0.000141941905;0.000100506803;0.000175995566;
2017;06;25;4;1;0.000072008246;0.000138464641;0.000097562461;0.000172096166;
2017;06;25;5;1;0.000069035855;0.000136165870;0.000096265572;0.000168895023;
2017;06;25;6;1;0.000067781588;0.000134596398;0.000096642478;0.000166613867;
2017;06;25;7;1;0.000068570054;0.000103471271;0.000091601263;0.000118864765;
2017;06;25;8;1;0.000071865275;0.000049512412;0.000082060591;0.000037884963;
2017;06;25;9;1;0.000083830307;0.000054302659;0.000087272767;0.000037870132;
2017;06;25;10;1;0.000101903976;0.000063122191;0.000094761483;0.000039746092;
2017;06;25;11;1;0.000117512284;0.000070601033;0.000102453372;0.000046039355;
2017;06;25;12;1;0.000125913591;0.000072698568;0.000108230289;0.000048454231;
2017;06;25;13;1;0.000131310625;0.000071543256;0.000112232171;0.000045955956;
2017;06;25;14;1;0.000138070204;0.000070802324;0.000114174314;0.000048556524;
2017;06;25;15;1;0.000138122238;0.000070300940;0.000113680971;0.000049869465;
2017;06;25;16;1;0.000124880909;0.000063502451;0.000111235754;0.000044176946;
2017;06;25;17;1;0.000117863986;0.000059744119;0.000107743287;0.000041018919;
2017;06;25;18;1;0.000116164439;0.000059069221;0.000104019182;0.000040899092;
2017;06;25;19;1;0.000119572833;0.000059423654;0.000103412991;0.000041730661;
2017;06;25;20;1;0.000123502669;0.000061039673;0.000105347431;0.000044633175;
2017;06;25;21;1;0.000131625401;0.000065402607;0.000107133591;0.000049284127;
2017;06;25;22;1;0.000145623095;0.000098305305;0.000114076891;0.000077573348;
2017;06;25;23;1;0.000144874814;0.000163867285;0.000122463658;0.000248599189;
2017;06;25;24;1;0.000123051492;0.000167783495;0.000113204210;0.000211641126;
2017;06;26;1;1;0.000096248776;0.000155298088;0.000100991165;0.000180071094;
2017;06;26;2;1;0.000079494950;0.000144810776;0.000095643437;0.000182572196;
2017;06;26;3;1;0.000070698358;0.000137582505;0.000092497148;0.000176755553;
2017;06;26;4;1;0.000066688403;0.000135231478;0.000090930499;0.000171477790;
2017;06;26;5;1;0.000065475660;0.000133467356;0.000090827641;0.000169274889;
2017;06;26;6;1;0.000066177220;0.000132240032;0.000092965045;0.000168667646;
2017;06;26;7;1;0.000073851651;0.000105032173;0.000096318079;0.000120535780;
2017;06;26;8;1;0.000091754241;0.000060243463;0.000105329861;0.000042240432;
2017;06;26;9;1;0.000110946789;0.000069324305;0.000143076465;0.000042267901;
2017;06;26;10;1;0.000126200781;0.000071897928;0.000171799422;0.000045422851;
2017;06;26;11;1;0.000136833547;0.000073150717;0.000187083310;0.000047606541;
2017;06;26;12;1;0.000142179668;0.000072108568;0.000192050809;0.000050290825;
2017;06;26;13;1;0.000147653382;0.000071750208;0.000195507401;0.000050428058;
2017;06;26;14;1;0.000153963269;0.000072222212;0.000188322602;0.000052102802;
2017;06;26;15;1;0.000146257562;0.000070909080;0.000169455546;0.000053357279;
2017;06;26;16;1;0.000136313084;0.000066011971;0.000163243890;0.000047266027;
2017;06;26;17;1;0.000136236174;0.000062873573;0.000166026136;0.000046307432;
2017;06;26;18;1;0.000143763083;0.000063758641;0.000170130574;0.000046533364;
2017;06;26;19;1;0.000147487325;0.000064318610;0.000164967007;0.000046213602;
2017;06;26;20;1;0.000147468284;0.000065472207;0.000155306161;0.000048593681;
2017;06;26;21;1;0.000147554821;0.000068833189;0.000140518077;0.000050283854;
2017;06;26;22;1;0.000152434928;0.000101443100;0.000128980558;0.000078654288;
2017;06;26;23;1;0.000146790197;0.000165035863;0.000126918939;0.000248711895;
2017;06;26;24;1;0.000121740969;0.000166323287;0.000114524097;0.000211839840;
2017;06;27;1;1;0.000094347265;0.000153023565;0.000102390047;0.000182281818;
2017;06;27;2;1;0.000077970582;0.000142927565;0.000096820599;0.000187234939;
2017;06;27;3;1;0.000069669437;0.000135842893;0.000093628331;0.000182410111;
2017;06;27;4;1;0.000065997507;0.000133567396;0.000092011875;0.000175715311;
2017;06;27;5;1;0.000064589226;0.000132128241;0.000091543041;0.000171772756;
2017;06;27;6;1;0.000065420187;0.000131288724;0.000093762341;0.000168973254;
2017;06;27;7;1;0.000073089825;0.000104355955;0.000096505118;0.000118456589;
2017;06;27;8;1;0.000091333702;0.000060450524;0.000105222956;0.000040870129;
2017;06;27;9;1;0.000110252559;0.000069552533;0.000141007476;0.000044671713;
2017;06;27;10;1;0.000124891013;0.000072061393;0.000168855836;0.000046315286;
2017;06;27;11;1;0.000135574430;0.000072926139;0.000184079426;0.000047990451;
2017;06;27;12;1;0.000139973041;0.000071677813;0.000188990701;0.000049813289;
2017;06;27;13;1;0.000145430757;0.000070982683;0.000192993395;0.000048743654;
2017;06;27;14;1;0.000151208860;0.000071859568;0.000186440344;0.000050481687;
2017;06;27;15;1;0.000143043922;0.000070102428;0.000167948035;0.000050090210;
2017;06;27;16;1;0.000132272637;0.000064781733;0.000161688390;0.000044245571;
2017;06;27;17;1;0.000132832322;0.000062530976;0.000164231742;0.000042168050;
2017;06;27;18;1;0.000139869012;0.000063280295;0.000168161414;0.000044790363;
2017;06;27;19;1;0.000143583591;0.000063490261;0.000163418186;0.000045615722;
2017;06;27;20;1;0.000143133465;0.000064876840;0.000153980197;0.000046876408;
2017;06;27;21;1;0.000143559005;0.000068627726;0.000139895883;0.000049213883;
2017;06;27;22;1;0.000148869987;0.000101439078;0.000128854906;0.000079176564;
2017;06;27;23;1;0.000143761439;0.000163936899;0.000126565812;0.000249462791;
2017;06;27;24;1;0.000119753108;0.000165085802;0.000114253599;0.000215347365;
2017;06;28;1;1;0.000091700037;0.000150650580;0.000098507441;0.000180620708;
2017;06;28;2;1;0.000075807037;0.000140756040;0.000093178908;0.000185587889;
2017;06;28;3;1;0.000067738774;0.000133784024;0.000090110088;0.000180812285;
2017;06;28;4;1;0.000064187583;0.000131581931;0.000088580572;0.000174227656;
2017;06;28;5;1;0.000062813028;0.000130154024;0.000088122353;0.000170305207;
2017;06;28;6;1;0.000063593882;0.000129271647;0.000090220057;0.000167457852;
2017;06;28;7;1;0.000071068793;0.000102780697;0.000092884548;0.000117426262;
2017;06;28;8;1;0.000088769295;0.000059511935;0.000101230948;0.000040496894;
2017;06;28;9;1;0.000107126541;0.000068453184;0.000135619346;0.000044251196;
2017;06;28;10;1;0.000121268960;0.000070875056;0.000162295188;0.000045848678;
2017;06;28;11;1;0.000131585645;0.000071694567;0.000176850822;0.000047486434;
2017;06;28;12;1;0.000135893202;0.000070487220;0.000181620503;0.000049304044;
2017;06;28;13;1;0.000141108063;0.000069762217;0.000185357052;0.000048216718;
2017;06;28;14;1;0.000146639953;0.000070588179;0.000178972404;0.000049910616;
2017;06;28;15;1;0.000138613722;0.000068808514;0.000161095291;0.000049485010;
2017;06;28;16;1;0.000128152507;0.000063574355;0.000155062591;0.000043702964;
2017;06;28;17;1;0.000128711614;0.000061373583;0.000157522347;0.000041656376;
2017;06;28;18;1;0.000135554576;0.000062120290;0.000161320711;0.000044254889;
2017;06;28;19;1;0.000139067939;0.000062287603;0.000156672832;0.000045042320;
2017;06;28;20;1;0.000138726983;0.000063691539;0.000147725589;0.000046318883;
2017;06;28;21;1;0.000139146625;0.000067377385;0.000134220321;0.000048631074;
2017;06;28;22;1;0.000144327005;0.000099613463;0.000123655235;0.000078256621;
2017;06;28;23;1;0.000139452705;0.000161077005;0.000121526794;0.000246702926;
2017;06;28;24;1;0.000116150390;0.000162186948;0.000109691979;0.000212940092;
2017;06;29;1;1;0.000087749120;0.000147079506;0.000092756050;0.000178061786;
2017;06;29;2;1;0.000072571039;0.000137476654;0.000087775110;0.000183034677;
2017;06;29;3;1;0.000064837651;0.000130647856;0.000084871778;0.000178298545;
2017;06;29;4;1;0.000061450134;0.000128521610;0.000083446906;0.000171837850;
2017;06;29;5;1;0.000060131072;0.000127120301;0.000083010925;0.000167960466;
2017;06;29;6;1;0.000060910414;0.000126324500;0.000085031387;0.000165238657;
2017;06;29;7;1;0.000067969672;0.000100289596;0.000087413730;0.000115699477;
2017;06;29;8;1;0.000084826472;0.000058020411;0.000095187932;0.000039867617;
2017;06;29;9;1;0.000102314975;0.000066702771;0.000127457008;0.000043540866;
2017;06;29;10;1;0.000115636009;0.000068951696;0.000152282161;0.000045040186;
2017;06;29;11;1;0.000125477285;0.000069751080;0.000165944793;0.000046650476;
2017;06;29;12;1;0.000129583209;0.000068575577;0.000170418140;0.000048435465;
2017;06;29;13;1;0.000134540700;0.000067862557;0.000173904539;0.000047361933;
2017;06;29;14;1;0.000139866482;0.000068691248;0.000167976048;0.000049043809;
2017;06;29;15;1;0.000132256128;0.000066982268;0.000151248952;0.000048642196;
2017;06;29;16;1;0.000122268316;0.000061883786;0.000145577350;0.000042956377;
2017;06;29;17;1;0.000122794538;0.000059738028;0.000147877954;0.000040942346;
2017;06;29;18;1;0.000129308242;0.000060457974;0.000151426576;0.000043491381;
2017;06;29;19;1;0.000132786624;0.000060678806;0.000147204456;0.000044307576;
2017;06;29;20;1;0.000132444951;0.000062038931;0.000138781042;0.000045557771;
2017;06;29;21;1;0.000132956410;0.000065683887;0.000126198684;0.000047871870;
2017;06;29;22;1;0.000138051180;0.000097211727;0.000116387136;0.000077115831;
2017;06;29;23;1;0.000133424578;0.000157235474;0.000114414452;0.000243171751;
2017;06;29;24;1;0.000111187670;0.000158401743;0.000103326277;0.000210001947;
2017;06;30;1;1;0.000087482807;0.000146492139;0.000092628082;0.000172918473;
2017;06;30;2;1;0.000072262356;0.000136833832;0.000086943282;0.000177844296;
2017;06;30;3;1;0.000064405579;0.000130322345;0.000083795852;0.000176042899;
2017;06;30;4;1;0.000060834280;0.000128112759;0.000082137610;0.000170429849;
2017;06;30;5;1;0.000059390546;0.000126714054;0.000081788645;0.000165121839;
2017;06;30;6;1;0.000060027219;0.000125842760;0.000083865951;0.000163319885;
2017;06;30;7;1;0.000067203946;0.000099722327;0.000085973371;0.000113761342;
2017;06;30;8;1;0.000083648884;0.000058050788;0.000093677885;0.000040761173;
2017;06;30;9;1;0.000101486551;0.000066151214;0.000125454421;0.000042537542;
2017;06;30;10;1;0.000114319990;0.000068905946;0.000150182096;0.000045107591;
2017;06;30;11;1;0.000123647808;0.000069751267;0.000163844031;0.000047096650;
2017;06;30;12;1;0.000128903554;0.000068371695;0.000168998090;0.000048817875;
2017;06;30;13;1;0.000134005725;0.000067673742;0.000172193844;0.000048414850;
2017;06;30;14;1;0.000138816105;0.000068339826;0.000166477853;0.000048013772;
2017;06;30;15;1;0.000132345684;0.000066794482;0.000149265052;0.000050140908;
2017;06;30;16;1;0.000122955065;0.000061930432;0.000140294334;0.000046690126;
2017;06;30;17;1;0.000121775498;0.000060104649;0.000139989804;0.000043681519;
2017;06;30;18;1;0.000127214679;0.000060632639;0.000142077849;0.000044167371;
2017;06;30;19;1;0.000130262155;0.000060727994;0.000139801709;0.000044635475;
2017;06;30;20;1;0.000128256061;0.000061426652;0.000134859766;0.000045407067;
2017;06;30;21;1;0.000126904099;0.000063669639;0.000125989418;0.000047897566;
2017;06;30;22;1;0.000129639488;0.000093675187;0.000119233426;0.000074422855;
2017;06;30;23;1;0.000128484924;0.000154424944;0.000119631656;0.000238562754;
2017;06;30;24;1;0.000111872772;0.000157721346;0.000109847816;0.000207921153;
