AŃO;MES;DIA;HORA;VERANO(1)/INVIERNO(0);COEF. PERFIL A;COEF. PERFIL B;COEF. PERFIL C;COEF. PERFIL D;
2018;03;01;1;0;0.000098605531;0.000214255608;0.000089971076;0.000174313056;
2018;03;01;2;0;0.000078804261;0.000194981981;0.000086542477;0.000181988436;
2018;03;01;3;0;0.000069596342;0.000181017742;0.000084705179;0.000177924190;
2018;03;01;4;0;0.000065731527;0.000172421822;0.000083580981;0.000172541356;
2018;03;01;5;0;0.000064683225;0.000168592606;0.000083754143;0.000164800079;
2018;03;01;6;0;0.000067228692;0.000177199999;0.000086764669;0.000161770058;
2018;03;01;7;0;0.000079629761;0.000185548759;0.000098593079;0.000159839269;
2018;03;01;8;0;0.000108139571;0.000159782268;0.000114333524;0.000102562849;
2018;03;01;9;0;0.000131023932;0.000133349063;0.000149552151;0.000068136520;
2018;03;01;10;0;0.000144179779;0.000128910459;0.000174934648;0.000064256150;
2018;03;01;11;0;0.000154065978;0.000123179522;0.000183373722;0.000063982418;
2018;03;01;12;0;0.000155272256;0.000110581404;0.000183270111;0.000061097688;
2018;03;01;13;0;0.000157381647;0.000089760006;0.000182162925;0.000060012952;
2018;03;01;14;0;0.000160225191;0.000087939109;0.000170986344;0.000059614315;
2018;03;01;15;0;0.000152902140;0.000085021259;0.000149396235;0.000057930118;
2018;03;01;16;0;0.000143583098;0.000079567615;0.000143418072;0.000052754702;
2018;03;01;17;0;0.000141193163;0.000076427403;0.000144653352;0.000050918639;
2018;03;01;18;0;0.000145361779;0.000076221216;0.000146732872;0.000052405322;
2018;03;01;19;0;0.000151462667;0.000079140742;0.000143879619;0.000055989166;
2018;03;01;20;0;0.000169458543;0.000127363694;0.000151430562;0.000127242291;
2018;03;01;21;0;0.000185700448;0.000173647516;0.000146168906;0.000215406570;
2018;03;01;22;0;0.000184791549;0.000189079856;0.000127966945;0.000237967189;
2018;03;01;23;0;0.000161155209;0.000222194776;0.000109886545;0.000222138035;
2018;03;01;24;0;0.000129878089;0.000227977419;0.000098341543;0.000193086966;
2018;03;02;1;0;0.000097598391;0.000208030803;0.000090633802;0.000165466097;
2018;03;02;2;0;0.000078566201;0.000188374724;0.000086933805;0.000174791545;
2018;03;02;3;0;0.000069084375;0.000175416842;0.000085049090;0.000172263914;
2018;03;02;4;0;0.000065043881;0.000167235460;0.000083946864;0.000166431527;
2018;03;02;5;0;0.000063836954;0.000163926271;0.000084099344;0.000159017499;
2018;03;02;6;0;0.000066443704;0.000172690267;0.000087177146;0.000155320158;
2018;03;02;7;0;0.000078898133;0.000180683750;0.000098765801;0.000154106028;
2018;03;02;8;0;0.000107078135;0.000152139675;0.000113480508;0.000096620572;
2018;03;02;9;0;0.000129648856;0.000130358801;0.000149305232;0.000070688131;
2018;03;02;10;0;0.000142123285;0.000127597335;0.000174916740;0.000065072601;
2018;03;02;11;0;0.000151394715;0.000121961082;0.000182869906;0.000064807997;
2018;03;02;12;0;0.000152326401;0.000109328482;0.000182807529;0.000062511343;
2018;03;02;13;0;0.000154042091;0.000088043871;0.000181813426;0.000061324118;
2018;03;02;14;0;0.000157436699;0.000088492639;0.000170792587;0.000061819769;
2018;03;02;15;0;0.000151475140;0.000085717306;0.000147861289;0.000058958733;
2018;03;02;16;0;0.000143648797;0.000080548275;0.000138185785;0.000054883444;
2018;03;02;17;0;0.000141047469;0.000077428402;0.000137399701;0.000054616349;
2018;03;02;18;0;0.000144828050;0.000077429033;0.000138812333;0.000057195403;
2018;03;02;19;0;0.000149440407;0.000079806855;0.000138906855;0.000059163342;
2018;03;02;20;0;0.000163916766;0.000128893468;0.000150330224;0.000128934826;
2018;03;02;21;0;0.000175514387;0.000173309863;0.000149058321;0.000218550917;
2018;03;02;22;0;0.000174808923;0.000182042265;0.000131575276;0.000224124955;
2018;03;02;23;0;0.000155948415;0.000218170742;0.000115277466;0.000210008304;
2018;03;02;24;0;0.000130649522;0.000223892296;0.000104515243;0.000182495564;
2018;03;03;1;0;0.000103589118;0.000213698812;0.000090716098;0.000179400754;
2018;03;03;2;0;0.000084368321;0.000195200105;0.000085331739;0.000185418235;
2018;03;03;3;0;0.000073231477;0.000181026340;0.000082637680;0.000178307974;
2018;03;03;4;0;0.000067108784;0.000171478464;0.000081009064;0.000172938891;
2018;03;03;5;0;0.000064821571;0.000167290878;0.000080470261;0.000163852689;
2018;03;03;6;0;0.000065131880;0.000176115702;0.000081652491;0.000162509086;
2018;03;03;7;0;0.000069054957;0.000178265156;0.000085363452;0.000157166050;
2018;03;03;8;0;0.000078503303;0.000133636501;0.000081584726;0.000078573223;
2018;03;03;9;0;0.000100271379;0.000112328286;0.000089747231;0.000054646402;
2018;03;03;10;0;0.000127796610;0.000120359752;0.000102582371;0.000057847469;
2018;03;03;11;0;0.000146556193;0.000122080804;0.000115140790;0.000065247382;
2018;03;03;12;0;0.000150956604;0.000112681677;0.000119446603;0.000063698580;
2018;03;03;13;0;0.000151924989;0.000088803834;0.000120942573;0.000060622576;
2018;03;03;14;0;0.000155678986;0.000088260391;0.000116140800;0.000061520396;
2018;03;03;15;0;0.000150834901;0.000086168819;0.000105900030;0.000061162542;
2018;03;03;16;0;0.000135959723;0.000078617696;0.000101440234;0.000054940875;
2018;03;03;17;0;0.000126785899;0.000073656014;0.000099956349;0.000050140407;
2018;03;03;18;0;0.000125179302;0.000071645231;0.000102136572;0.000048877245;
2018;03;03;19;0;0.000129115488;0.000073948692;0.000104546927;0.000051586467;
2018;03;03;20;0;0.000143286999;0.000122876248;0.000121011327;0.000122100811;
2018;03;03;21;0;0.000159050935;0.000170777767;0.000128553513;0.000222142009;
2018;03;03;22;0;0.000162325130;0.000177175933;0.000118387479;0.000227629471;
2018;03;03;23;0;0.000147468089;0.000216534205;0.000107860730;0.000214354090;
2018;03;03;24;0;0.000125977086;0.000223411812;0.000099645847;0.000188174152;
2018;03;04;1;0;0.000104077767;0.000215516192;0.000091229165;0.000180436737;
2018;03;04;2;0;0.000085749854;0.000197930237;0.000085340360;0.000181015809;
2018;03;04;3;0;0.000074762274;0.000183799868;0.000082603596;0.000174736143;
2018;03;04;4;0;0.000068515042;0.000174177502;0.000080802298;0.000170272473;
2018;03;04;5;0;0.000065376010;0.000169499165;0.000080131082;0.000163406207;
2018;03;04;6;0;0.000064857735;0.000176084898;0.000080753950;0.000160401356;
2018;03;04;7;0;0.000067006752;0.000179151989;0.000082863790;0.000160312046;
2018;03;04;8;0;0.000072912645;0.000140979646;0.000077176760;0.000093795489;
2018;03;04;9;0;0.000087905126;0.000107857681;0.000075816960;0.000052515693;
2018;03;04;10;0;0.000111437308;0.000112399646;0.000080261156;0.000052615316;
2018;03;04;11;0;0.000130719559;0.000116958423;0.000085983156;0.000056294995;
2018;03;04;12;0;0.000138690225;0.000110548643;0.000090827127;0.000059350004;
2018;03;04;13;0;0.000140421157;0.000089897140;0.000093849166;0.000057176684;
2018;03;04;14;0;0.000144668967;0.000086074441;0.000093444992;0.000057748868;
2018;03;04;15;0;0.000142395280;0.000083587189;0.000090619712;0.000057826405;
2018;03;04;16;0;0.000129174062;0.000075294970;0.000087266441;0.000054963901;
2018;03;04;17;0;0.000121000206;0.000070095696;0.000084728940;0.000050431763;
2018;03;04;18;0;0.000119409584;0.000068741911;0.000082424082;0.000049900685;
2018;03;04;19;0;0.000126197601;0.000071775082;0.000083431102;0.000052837183;
2018;03;04;20;0;0.000145805172;0.000119540540;0.000096492470;0.000122378265;
2018;03;04;21;0;0.000165177681;0.000165902624;0.000105110886;0.000209628209;
2018;03;04;22;0;0.000166952083;0.000181019561;0.000103721819;0.000236561483;
2018;03;04;23;0;0.000146492866;0.000215298273;0.000096500527;0.000222349096;
2018;03;04;24;0;0.000120937401;0.000222564672;0.000089368937;0.000196671895;
2018;03;05;1;0;0.000094917505;0.000210001044;0.000084192628;0.000177165729;
2018;03;05;2;0;0.000076271971;0.000192133525;0.000081246646;0.000178010709;
2018;03;05;3;0;0.000067214917;0.000178462802;0.000079726081;0.000170478677;
2018;03;05;4;0;0.000063146600;0.000169623937;0.000079017983;0.000165407607;
2018;03;05;5;0;0.000061995260;0.000166155301;0.000079223725;0.000161741231;
2018;03;05;6;0;0.000064358301;0.000173451249;0.000082121446;0.000159054604;
2018;03;05;7;0;0.000075893195;0.000181960560;0.000093332547;0.000162712629;
2018;03;05;8;0;0.000102055499;0.000158695015;0.000108913407;0.000109976667;
2018;03;05;9;0;0.000124352021;0.000129356815;0.000143633877;0.000068497997;
2018;03;05;10;0;0.000139420850;0.000125062077;0.000169278107;0.000063278869;
2018;03;05;11;0;0.000150878288;0.000120969696;0.000177854243;0.000063749214;
2018;03;05;12;0;0.000153549342;0.000110342481;0.000177617852;0.000062755924;
2018;03;05;13;0;0.000155253401;0.000089847985;0.000175879974;0.000062137990;
2018;03;05;14;0;0.000159146742;0.000087357912;0.000165158341;0.000060488591;
2018;03;05;15;0;0.000151577863;0.000084135231;0.000144155004;0.000058391783;
2018;03;05;16;0;0.000141466491;0.000077972383;0.000138113479;0.000051848337;
2018;03;05;17;0;0.000139321007;0.000074515999;0.000139661547;0.000049866365;
2018;03;05;18;0;0.000143142999;0.000074252207;0.000140948159;0.000051735343;
2018;03;05;19;0;0.000149261751;0.000077120154;0.000137579909;0.000054789153;
2018;03;05;20;0;0.000165460918;0.000121896368;0.000142972794;0.000122884513;
2018;03;05;21;0;0.000180072217;0.000166513370;0.000137883596;0.000207866251;
2018;03;05;22;0;0.000180464062;0.000186200501;0.000121311114;0.000238442923;
2018;03;05;23;0;0.000156626579;0.000216547888;0.000104182913;0.000223280167;
2018;03;05;24;0;0.000124633389;0.000222790062;0.000093742713;0.000193393338;
2018;03;06;1;0;0.000095763271;0.000210271467;0.000087324560;0.000171530389;
2018;03;06;2;0;0.000076529480;0.000191306778;0.000083989600;0.000178879400;
2018;03;06;3;0;0.000067590717;0.000177658615;0.000082214666;0.000175108772;
2018;03;06;4;0;0.000063836692;0.000169212842;0.000081122030;0.000169769654;
2018;03;06;5;0;0.000062826319;0.000165577086;0.000081310063;0.000162677829;
2018;03;06;6;0;0.000065300041;0.000174051951;0.000084236171;0.000159774988;
2018;03;06;7;0;0.000077357161;0.000182420628;0.000095749158;0.000158518577;
2018;03;06;8;0;0.000105057284;0.000157123599;0.000111043938;0.000101807119;
2018;03;06;9;0;0.000127280338;0.000131073936;0.000145228602;0.000067504829;
2018;03;06;10;0;0.000140050871;0.000126659779;0.000169854415;0.000063547797;
2018;03;06;11;0;0.000149629043;0.000120908128;0.000177989141;0.000063004563;
2018;03;06;12;0;0.000150813059;0.000108596148;0.000177918003;0.000060292707;
2018;03;06;13;0;0.000152813699;0.000087982278;0.000176731745;0.000058742741;
2018;03;06;14;0;0.000155620355;0.000086349054;0.000165985718;0.000058795776;
2018;03;06;15;0;0.000148546910;0.000083615903;0.000145103470;0.000057524971;
2018;03;06;16;0;0.000139469995;0.000078174038;0.000139250532;0.000052159650;
2018;03;06;17;0;0.000137118246;0.000074989628;0.000140387940;0.000050059084;
2018;03;06;18;0;0.000141163153;0.000074776590;0.000142399290;0.000051489566;
2018;03;06;19;0;0.000147079891;0.000077615551;0.000139615232;0.000054932003;
2018;03;06;20;0;0.000164585039;0.000125045728;0.000146995958;0.000125429650;
2018;03;06;21;0;0.000180392167;0.000170670502;0.000141939251;0.000213326020;
2018;03;06;22;0;0.000179488690;0.000185710667;0.000124235538;0.000234969704;
2018;03;06;23;0;0.000156532442;0.000218250656;0.000106684818;0.000219405297;
2018;03;06;24;0;0.000126151545;0.000223920436;0.000095474737;0.000190675190;
2018;03;07;1;0;0.000094712210;0.000208951963;0.000086367808;0.000171057358;
2018;03;07;2;0;0.000075698922;0.000190248327;0.000083090033;0.000178969763;
2018;03;07;3;0;0.000066857736;0.000176685061;0.000081335499;0.000175244723;
2018;03;07;4;0;0.000063137885;0.000168181024;0.000080237933;0.000169443449;
2018;03;07;5;0;0.000062136996;0.000164542531;0.000080419839;0.000162261500;
2018;03;07;6;0;0.000064584753;0.000172983942;0.000083316967;0.000159453502;
2018;03;07;7;0;0.000076502384;0.000181195319;0.000094685942;0.000157791517;
2018;03;07;8;0;0.000103902808;0.000156125391;0.000109824357;0.000101497314;
2018;03;07;9;0;0.000125884726;0.000130260037;0.000143640572;0.000067339066;
2018;03;07;10;0;0.000138509282;0.000125840755;0.000167982666;0.000063319959;
2018;03;07;11;0;0.000147945532;0.000119948803;0.000175940959;0.000062378898;
2018;03;07;12;0;0.000149110637;0.000107710280;0.000175857458;0.000059635739;
2018;03;07;13;0;0.000151065752;0.000087185085;0.000174631891;0.000057873598;
2018;03;07;14;0;0.000153828281;0.000085526771;0.000163987938;0.000057811574;
2018;03;07;15;0;0.000146852552;0.000082874603;0.000143388768;0.000056723805;
2018;03;07;16;0;0.000137881799;0.000077489861;0.000137610244;0.000051458921;
2018;03;07;17;0;0.000135558891;0.000074340070;0.000138738468;0.000049405668;
2018;03;07;18;0;0.000139532180;0.000074047419;0.000140674543;0.000050577693;
2018;03;07;19;0;0.000145391521;0.000076893163;0.000137944972;0.000054060252;
2018;03;07;20;0;0.000162734716;0.000124060240;0.000145307036;0.000124212599;
2018;03;07;21;0;0.000178365609;0.000169333859;0.000140310747;0.000211302081;
2018;03;07;22;0;0.000177512422;0.000184505974;0.000122865693;0.000234100737;
2018;03;07;23;0;0.000154820362;0.000216930619;0.000105524057;0.000219007009;
2018;03;07;24;0;0.000124771746;0.000222566446;0.000094435942;0.000190337002;
2018;03;08;1;0;0.000093787582;0.000207923024;0.000085521170;0.000171266487;
2018;03;08;2;0;0.000074955221;0.000189240685;0.000082265238;0.000178902520;
2018;03;08;3;0;0.000066199858;0.000175732877;0.000080525601;0.000175110564;
2018;03;08;4;0;0.000062519097;0.000167314720;0.000079445289;0.000169491479;
2018;03;08;5;0;0.000061526717;0.000163674333;0.000079622037;0.000162220871;
2018;03;08;6;0;0.000063951010;0.000172080825;0.000082491920;0.000159457552;
2018;03;08;7;0;0.000075739743;0.000180077901;0.000093718697;0.000157133557;
2018;03;08;8;0;0.000102842308;0.000154938686;0.000108650236;0.000100438973;
2018;03;08;9;0;0.000124597263;0.000129254143;0.000142099021;0.000066605282;
2018;03;08;10;0;0.000137124690;0.000125043993;0.000166257440;0.000063012088;
2018;03;08;11;0;0.000146502950;0.000119366688;0.000174220395;0.000062475090;
2018;03;08;12;0;0.000147673717;0.000107261671;0.000174177858;0.000059906385;
2018;03;08;13;0;0.000149602992;0.000086797735;0.000172947834;0.000058067535;
2018;03;08;14;0;0.000152338751;0.000085146579;0.000162406462;0.000058003074;
2018;03;08;15;0;0.000145425557;0.000082489153;0.000141996162;0.000056860894;
2018;03;08;16;0;0.000136527351;0.000077079966;0.000136244578;0.000051440696;
2018;03;08;17;0;0.000134223164;0.000073933320;0.000137353222;0.000049349376;
2018;03;08;18;0;0.000138150286;0.000073619865;0.000139255828;0.000050453838;
2018;03;08;19;0;0.000143935113;0.000076396634;0.000136522506;0.000053767055;
2018;03;08;20;0;0.000161067897;0.000123090819;0.000143743172;0.000122809206;
2018;03;08;21;0;0.000176540607;0.000168021745;0.000138803678;0.000208977333;
2018;03;08;22;0;0.000175686681;0.000183017740;0.000121532928;0.000231218069;
2018;03;08;23;0;0.000153244039;0.000215315937;0.000104401239;0.000216899655;
2018;03;08;24;0;0.000123501464;0.000220910381;0.000093431239;0.000188500701;
2018;03;09;1;0;0.000092224990;0.000201116413;0.000085583532;0.000162168347;
2018;03;09;2;0;0.000074248867;0.000182235352;0.000082107916;0.000171814226;
2018;03;09;3;0;0.000065281656;0.000169599899;0.000080312023;0.000168903674;
2018;03;09;4;0;0.000061462579;0.000161674307;0.000079268641;0.000163119100;
2018;03;09;5;0;0.000060325494;0.000158529081;0.000079421563;0.000156091150;
2018;03;09;6;0;0.000062788801;0.000167004670;0.000082328061;0.000152479211;
2018;03;09;7;0;0.000074574124;0.000174961577;0.000093312167;0.000152166905;
2018;03;09;8;0;0.000101197140;0.000147209444;0.000107187600;0.000095065207;
2018;03;09;9;0;0.000122494793;0.000125927143;0.000140948702;0.000069047455;
2018;03;09;10;0;0.000134250432;0.000123091817;0.000165051861;0.000063186998;
2018;03;09;11;0;0.000142996058;0.000117594266;0.000172527004;0.000062790177;
2018;03;09;12;0;0.000143879042;0.000105427138;0.000172475313;0.000060598270;
2018;03;09;13;0;0.000145474850;0.000084815638;0.000171479093;0.000059187398;
2018;03;09;14;0;0.000148665226;0.000085195310;0.000161051292;0.000059511614;
2018;03;09;15;0;0.000143076499;0.000082663883;0.000139507182;0.000057171977;
2018;03;09;16;0;0.000135665898;0.000077616668;0.000130343394;0.000053037335;
2018;03;09;17;0;0.000133193486;0.000074557968;0.000129571502;0.000052621093;
2018;03;09;18;0;0.000136763279;0.000074557641;0.000130903124;0.000055102407;
2018;03;09;19;0;0.000141119550;0.000076849357;0.000130993614;0.000057000076;
2018;03;09;20;0;0.000154850220;0.000124407479;0.000141876789;0.000125483947;
2018;03;09;21;0;0.000165770745;0.000167062539;0.000140615989;0.000211515950;
2018;03;09;22;0;0.000165109512;0.000175512725;0.000124130775;0.000217090288;
2018;03;09;23;0;0.000147304533;0.000210422743;0.000108768438;0.000203740458;
2018;03;09;24;0;0.000123415923;0.000216025137;0.000098626705;0.000177345070;
2018;03;10;1;0;0.000099783415;0.000208849431;0.000087322434;0.000176441928;
2018;03;10;2;0;0.000081265331;0.000190722336;0.000082132574;0.000182162655;
2018;03;10;3;0;0.000070545701;0.000176988065;0.000079556678;0.000175665401;
2018;03;10;4;0;0.000064658609;0.000167825131;0.000078015444;0.000171133233;
2018;03;10;5;0;0.000062456451;0.000163751354;0.000077500401;0.000162251600;
2018;03;10;6;0;0.000062746764;0.000172246619;0.000078617263;0.000160345513;
2018;03;10;7;0;0.000066528633;0.000174387546;0.000082196348;0.000155224079;
2018;03;10;8;0;0.000075626686;0.000130681555;0.000078548192;0.000077478172;
2018;03;10;9;0;0.000096602187;0.000109879405;0.000086415992;0.000053961186;
2018;03;10;10;0;0.000123114618;0.000117703483;0.000098765748;0.000057051850;
2018;03;10;11;0;0.000141175976;0.000119330923;0.000110839733;0.000064219057;
2018;03;10;12;0;0.000145429894;0.000110211847;0.000115008500;0.000062862598;
2018;03;10;13;0;0.000146375256;0.000086901659;0.000116468670;0.000059959380;
2018;03;10;14;0;0.000149994574;0.000086378217;0.000111848171;0.000060871586;
2018;03;10;15;0;0.000145319529;0.000084303924;0.000101974906;0.000060431960;
2018;03;10;16;0;0.000130958254;0.000076810755;0.000097635665;0.000053965502;
2018;03;10;17;0;0.000122101178;0.000071889918;0.000096174787;0.000049034166;
2018;03;10;18;0;0.000120554238;0.000069928335;0.000098273004;0.000047801372;
2018;03;10;19;0;0.000124311959;0.000072061301;0.000100538714;0.000050098646;
2018;03;10;20;0;0.000137973756;0.000119831511;0.000116401448;0.000118975497;
2018;03;10;21;0;0.000153202406;0.000166868042;0.000123735887;0.000218282209;
2018;03;10;22;0;0.000156336371;0.000172987955;0.000113921923;0.000222936023;
2018;03;10;23;0;0.000142020111;0.000211350502;0.000103781507;0.000209657162;
2018;03;10;24;0;0.000121332165;0.000218161672;0.000095891698;0.000184410221;
2018;03;11;1;0;0.000102254808;0.000212821079;0.000089573037;0.000177478931;
2018;03;11;2;0;0.000084256676;0.000195576933;0.000083808560;0.000178528658;
2018;03;11;3;0;0.000073478218;0.000181878765;0.000081160224;0.000173425814;
2018;03;11;4;0;0.000067343089;0.000172430918;0.000079401736;0.000169312305;
2018;03;11;5;0;0.000064250114;0.000167679626;0.000078723432;0.000161978111;
2018;03;11;6;0;0.000063745291;0.000174269097;0.000079346633;0.000159297286;
2018;03;11;7;0;0.000065852702;0.000177227695;0.000081407963;0.000158906407;
2018;03;11;8;0;0.000071637983;0.000139244300;0.000075780847;0.000092329682;
2018;03;11;9;0;0.000086391837;0.000106704275;0.000074486130;0.000052065856;
2018;03;11;10;0;0.000109527391;0.000111249506;0.000078864534;0.000052271511;
2018;03;11;11;0;0.000128474221;0.000115734845;0.000084480461;0.000055870511;
2018;03;11;12;0;0.000136294578;0.000109327686;0.000089222237;0.000058752879;
2018;03;11;13;0;0.000138018629;0.000088993196;0.000092221629;0.000056846208;
2018;03;11;14;0;0.000142218549;0.000085297859;0.000091856464;0.000057672433;
2018;03;11;15;0;0.000139978453;0.000082815506;0.000089072944;0.000057696090;
2018;03;11;16;0;0.000126973047;0.000074569743;0.000085765320;0.000054746287;
2018;03;11;17;0;0.000118918958;0.000069352400;0.000083244167;0.000050020483;
2018;03;11;18;0;0.000117375462;0.000068081665;0.000081006976;0.000049709876;
2018;03;11;19;0;0.000124009722;0.000070954740;0.000081946290;0.000052216481;
2018;03;11;20;0;0.000143273272;0.000118154195;0.000094769809;0.000120854094;
2018;03;11;21;0;0.000162373698;0.000164368705;0.000103316189;0.000209156294;
2018;03;11;22;0;0.000164112985;0.000179312939;0.000101944628;0.000235836742;
2018;03;11;23;0;0.000143986698;0.000213135410;0.000094827327;0.000221070729;
2018;03;11;24;0;0.000118866280;0.000220305004;0.000087816215;0.000195451341;
2018;03;12;1;0;0.000092208959;0.000206618959;0.000081781712;0.000176205886;
2018;03;12;2;0;0.000074099153;0.000189095648;0.000078927905;0.000177281406;
2018;03;12;3;0;0.000065309378;0.000175791816;0.000077472747;0.000170432613;
2018;03;12;4;0;0.000061359258;0.000167131967;0.000076791820;0.000165563342;
2018;03;12;5;0;0.000060236736;0.000163653346;0.000076982146;0.000161641687;
2018;03;12;6;0;0.000062537555;0.000170920357;0.000079810212;0.000159318882;
2018;03;12;7;0;0.000073743063;0.000179260152;0.000090698245;0.000162791341;
2018;03;12;8;0;0.000099131619;0.000156029727;0.000105769765;0.000109055145;
2018;03;12;9;0;0.000120784774;0.000127154975;0.000139477483;0.000067852597;
2018;03;12;10;0;0.000135388405;0.000122754226;0.000164299728;0.000062288717;
2018;03;12;11;0;0.000146489398;0.000118615638;0.000172564596;0.000062474294;
2018;03;12;12;0;0.000149063007;0.000108109337;0.000172289593;0.000061290231;
2018;03;12;13;0;0.000150744366;0.000088124494;0.000170665168;0.000060969562;
2018;03;12;14;0;0.000154508457;0.000085628528;0.000160227896;0.000059191972;
2018;03;12;15;0;0.000147151091;0.000082439145;0.000139834315;0.000057048894;
2018;03;12;16;0;0.000137319868;0.000076349999;0.000133944314;0.000050511135;
2018;03;12;17;0;0.000135252282;0.000073014083;0.000135475714;0.000048719848;
2018;03;12;18;0;0.000138942840;0.000072693406;0.000136684775;0.000050359224;
2018;03;12;19;0;0.000144869003;0.000075460026;0.000133394336;0.000053202069;
2018;03;12;20;0;0.000160588454;0.000119259204;0.000138618022;0.000119269746;
2018;03;12;21;0;0.000174820667;0.000163197657;0.000133762162;0.000203300042;
2018;03;12;22;0;0.000175193571;0.000182446188;0.000117674966;0.000232955373;
2018;03;12;23;0;0.000152060824;0.000212253461;0.000101071541;0.000218463348;
2018;03;12;24;0;0.000121007494;0.000218449905;0.000090954006;0.000189509471;
2018;03;13;1;0;0.000092553134;0.000205978197;0.000084356242;0.000169193269;
2018;03;13;2;0;0.000073975969;0.000187581659;0.000081160716;0.000177185904;
2018;03;13;3;0;0.000065338464;0.000174247722;0.000079452881;0.000173667527;
2018;03;13;4;0;0.000061712042;0.000166004757;0.000078403336;0.000168553109;
2018;03;13;5;0;0.000060737704;0.000162476991;0.000078591309;0.000161688208;
2018;03;13;6;0;0.000063126453;0.000170749641;0.000081412549;0.000158641982;
2018;03;13;7;0;0.000074773856;0.000178838769;0.000092518858;0.000156927876;
2018;03;13;8;0;0.000101524294;0.000153812866;0.000107245483;0.000100131849;
2018;03;13;9;0;0.000122997904;0.000128298897;0.000140256006;0.000066363966;
2018;03;13;10;0;0.000135338050;0.000123974261;0.000164036904;0.000062465154;
2018;03;13;11;0;0.000144576626;0.000118259777;0.000171851933;0.000061739720;
2018;03;13;12;0;0.000145753392;0.000106360567;0.000171860411;0.000059426688;
2018;03;13;13;0;0.000147697272;0.000086207275;0.000170738487;0.000058003802;
2018;03;13;14;0;0.000150385793;0.000084525572;0.000160305366;0.000057815550;
2018;03;13;15;0;0.000143550039;0.000081849333;0.000140137286;0.000056563588;
2018;03;13;16;0;0.000134749869;0.000076425266;0.000134427641;0.000051008140;
2018;03;13;17;0;0.000132474388;0.000073301049;0.000135518856;0.000048921870;
2018;03;13;18;0;0.000136358878;0.000073017653;0.000137413245;0.000050097728;
2018;03;13;19;0;0.000142057859;0.000075736950;0.000134695534;0.000053280332;
2018;03;13;20;0;0.000158960258;0.000121995964;0.000141807198;0.000121558743;
2018;03;13;21;0;0.000174268974;0.000166748275;0.000136994727;0.000208047840;
2018;03;13;22;0;0.000173436487;0.000181696100;0.000119963506;0.000230545273;
2018;03;13;23;0;0.000151272974;0.000213690561;0.000103041718;0.000215959545;
2018;03;13;24;0;0.000121920628;0.000219325632;0.000092226178;0.000187992150;
2018;03;14;1;0;0.000093336270;0.000206992731;0.000085071572;0.000169651840;
2018;03;14;2;0;0.000074597614;0.000188440242;0.000081839507;0.000177397227;
2018;03;14;3;0;0.000065886766;0.000175032974;0.000080115537;0.000173818087;
2018;03;14;4;0;0.000062226370;0.000166695796;0.000079048233;0.000168447293;
2018;03;14;5;0;0.000061241993;0.000163122402;0.000079232780;0.000161448962;
2018;03;14;6;0;0.000063652334;0.000171455738;0.000082081564;0.000158508772;
2018;03;14;7;0;0.000075414477;0.000179832749;0.000093323008;0.000157779561;
2018;03;14;8;0;0.000102380254;0.000154542035;0.000108148369;0.000100317851;
2018;03;14;9;0;0.000124031692;0.000128887243;0.000141429479;0.000066444612;
2018;03;14;10;0;0.000136479978;0.000124567123;0.000165420077;0.000062595178;
2018;03;14;11;0;0.000145810843;0.000118895459;0.000173335090;0.000062026836;
2018;03;14;12;0;0.000146994025;0.000106916490;0.000173335085;0.000059665275;
2018;03;14;13;0;0.000148970042;0.000086712222;0.000172239574;0.000058394307;
2018;03;14;14;0;0.000151703057;0.000085092204;0.000161760178;0.000058414793;
2018;03;14;15;0;0.000144806996;0.000082396589;0.000141408230;0.000057145973;
2018;03;14;16;0;0.000135955054;0.000077022020;0.000135697254;0.000051781068;
2018;03;14;17;0;0.000133654541;0.000073857981;0.000136789205;0.000049619352;
2018;03;14;18;0;0.000137575875;0.000073579624;0.000138705868;0.000050833569;
2018;03;14;19;0;0.000143350166;0.000076398372;0.000136009024;0.000054309079;
2018;03;14;20;0;0.000160373599;0.000122910798;0.000143131613;0.000123250108;
2018;03;14;21;0;0.000175771492;0.000167729443;0.000138200361;0.000209473892;
2018;03;14;22;0;0.000174909343;0.000182624439;0.000120988152;0.000231354293;
2018;03;14;23;0;0.000152529810;0.000214548020;0.000103883968;0.000215701552;
2018;03;14;24;0;0.000122947282;0.000220352441;0.000093000720;0.000188304143;
2018;03;15;1;0;0.000092561459;0.000206100936;0.000084373981;0.000169630117;
2018;03;15;2;0;0.000073985320;0.000187734545;0.000081183703;0.000177813029;
2018;03;15;3;0;0.000065351491;0.000174466236;0.000079486985;0.000174616216;
2018;03;15;4;0;0.000061723793;0.000166204004;0.000078435584;0.000169434534;
2018;03;15;5;0;0.000060751947;0.000162715232;0.000078630574;0.000162724259;
2018;03;15;6;0;0.000063129989;0.000170817139;0.000081424159;0.000158922289;
2018;03;15;7;0;0.000074774150;0.000178853404;0.000092522409;0.000156989190;
2018;03;15;8;0;0.000101510587;0.000153696839;0.000107219778;0.000099803784;
2018;03;15;9;0;0.000122975952;0.000128168783;0.000140210207;0.000066072931;
2018;03;15;10;0;0.000135337135;0.000123976289;0.000164039677;0.000062470388;
2018;03;15;11;0;0.000144591306;0.000118338501;0.000171892056;0.000061918123;
2018;03;15;12;0;0.000145757378;0.000106384018;0.000171875034;0.000059483717;
2018;03;15;13;0;0.000147680229;0.000086152577;0.000170704287;0.000057846038;
2018;03;15;14;0;0.000150379952;0.000084510691;0.000160297791;0.000057772283;
2018;03;15;15;0;0.000143526914;0.000081775015;0.000140096415;0.000056343371;
2018;03;15;16;0;0.000134735322;0.000076380160;0.000134402712;0.000050878892;
2018;03;15;17;0;0.000132456281;0.000073245151;0.000135485937;0.000048761364;
2018;03;15;18;0;0.000136346410;0.000072981774;0.000137392299;0.000049991986;
2018;03;15;19;0;0.000142051199;0.000075719954;0.000134687001;0.000053229210;
2018;03;15;20;0;0.000158938123;0.000121900860;0.000141772010;0.000121147558;
2018;03;15;21;0;0.000174246051;0.000166626154;0.000136962854;0.000207390150;
2018;03;15;22;0;0.000173416180;0.000181578949;0.000119939070;0.000229907437;
2018;03;15;23;0;0.000151254172;0.000213543638;0.000103019247;0.000215323771;
2018;03;15;24;0;0.000121900542;0.000219121541;0.000092198603;0.000187239807;
2018;03;16;1;0;0.000090944541;0.000199373607;0.000084373315;0.000160988983;
2018;03;16;2;0;0.000073216211;0.000180629711;0.000080942895;0.000170456586;
2018;03;16;3;0;0.000064373828;0.000168107303;0.000079172758;0.000167575785;
2018;03;16;4;0;0.000060607496;0.000160245656;0.000078143235;0.000161810907;
2018;03;16;5;0;0.000059491387;0.000157210122;0.000078307566;0.000155192099;
2018;03;16;6;0;0.000061918871;0.000165586901;0.000081168673;0.000151488937;
2018;03;16;7;0;0.000073543583;0.000173514294;0.000092004790;0.000151325348;
2018;03;16;8;0;0.000099781891;0.000145843813;0.000105650206;0.000094119573;
2018;03;16;9;0;0.000120795488;0.000124844639;0.000138958820;0.000068566083;
2018;03;16;10;0;0.000132402577;0.000122114063;0.000162757415;0.000062925729;
2018;03;16;11;0;0.000141027268;0.000116657437;0.000170127299;0.000062524437;
2018;03;16;12;0;0.000141886489;0.000104535900;0.000170048504;0.000060213290;
2018;03;16;13;0;0.000143462017;0.000084105031;0.000169070589;0.000058830615;
2018;03;16;14;0;0.000146595693;0.000084438172;0.000158762059;0.000059022132;
2018;03;16;15;0;0.000141070794;0.000081880691;0.000137496960;0.000056557666;
2018;03;16;16;0;0.000133769000;0.000076898214;0.000128474667;0.000052516815;
2018;03;16;17;0;0.000131326810;0.000073853173;0.000127705385;0.000052060140;
2018;03;16;18;0;0.000134839328;0.000073829055;0.000129003968;0.000054439021;
2018;03;16;19;0;0.000139132575;0.000076092446;0.000129089890;0.000056292086;
2018;03;16;20;0;0.000152647666;0.000123074434;0.000139774147;0.000123455595;
2018;03;16;21;0;0.000163500955;0.000165808043;0.000138681451;0.000211041877;
2018;03;16;22;0;0.000162858955;0.000174259653;0.000122438318;0.000216943489;
2018;03;16;23;0;0.000145290282;0.000208865263;0.000107276003;0.000203368800;
2018;03;16;24;0;0.000121734665;0.000214493233;0.000097283559;0.000177262098;
2018;03;17;1;0;0.000102429594;0.000211546352;0.000089624194;0.000175840744;
2018;03;17;2;0;0.000083431940;0.000193344479;0.000084320785;0.000182179442;
2018;03;17;3;0;0.000072440385;0.000179627240;0.000081707534;0.000176549947;
2018;03;17;4;0;0.000066392763;0.000170290412;0.000080118797;0.000171830864;
2018;03;17;5;0;0.000064130774;0.000166144471;0.000079587949;0.000162854358;
2018;03;17;6;0;0.000064445213;0.000175030120;0.000080775861;0.000162007472;
2018;03;17;7;0;0.000068333916;0.000177275254;0.000084464259;0.000157101851;
2018;03;17;8;0;0.000077667413;0.000132727917;0.000080691669;0.000078111832;
2018;03;17;9;0;0.000099224000;0.000111702001;0.000088801167;0.000054619709;
2018;03;17;10;0;0.000126451385;0.000119629791;0.000101484407;0.000057694044;
2018;03;17;11;0;0.000145012982;0.000121337807;0.000113907598;0.000065068255;
2018;03;17;12;0;0.000149376432;0.000112038035;0.000118182125;0.000063627102;
2018;03;17;13;0;0.000150327297;0.000088270592;0.000119650507;0.000060477608;
2018;03;17;14;0;0.000154071701;0.000087832448;0.000114944608;0.000061681590;
2018;03;17;15;0;0.000149283491;0.000085771057;0.000104817533;0.000061382811;
2018;03;17;16;0;0.000134567352;0.000078275786;0.000100412332;0.000055201865;
2018;03;17;17;0;0.000125483057;0.000073320278;0.000098936519;0.000050333896;
2018;03;17;18;0;0.000123908678;0.000071372834;0.000101120128;0.000049226357;
2018;03;17;19;0;0.000127782776;0.000073591332;0.000103470677;0.000051726173;
2018;03;17;20;0;0.000141747469;0.000121969488;0.000119663340;0.000121078484;
2018;03;17;21;0;0.000157398406;0.000169882660;0.000127212640;0.000222354565;
2018;03;17;22;0;0.000160615468;0.000176094943;0.000117118921;0.000226989555;
2018;03;17;23;0;0.000145911696;0.000215184693;0.000106700274;0.000213629775;
2018;03;17;24;0;0.000124650916;0.000222055811;0.000098579160;0.000187671093;
2018;03;18;1;0;0.000103157218;0.000214257630;0.000090400287;0.000179502351;
2018;03;18;2;0;0.000084993897;0.000196808831;0.000084569929;0.000180214216;
2018;03;18;3;0;0.000074101356;0.000182731390;0.000081853835;0.000173848508;
2018;03;18;4;0;0.000067915457;0.000173258529;0.000080083289;0.000169806679;
2018;03;18;5;0;0.000064801674;0.000168570120;0.000079412599;0.000162812323;
2018;03;18;6;0;0.000064290246;0.000175157356;0.000080035598;0.000159968707;
2018;03;18;7;0;0.000066425089;0.000178282984;0.000082138122;0.000160172861;
2018;03;18;8;0;0.000072257541;0.000140037169;0.000076453945;0.000092960731;
2018;03;18;9;0;0.000087154444;0.000107426462;0.000075174397;0.000052668115;
2018;03;18;10;0;0.000110503954;0.000112061469;0.000079607271;0.000052995394;
2018;03;18;11;0;0.000129617834;0.000116569018;0.000085273593;0.000056618931;
2018;03;18;12;0;0.000137503525;0.000110094776;0.000090054262;0.000059487784;
2018;03;18;13;0;0.000139220503;0.000089531389;0.000093051732;0.000057318922;
2018;03;18;14;0;0.000143433494;0.000085729535;0.000092652926;0.000057906934;
2018;03;18;15;0;0.000141166599;0.000083207623;0.000089835526;0.000057850555;
2018;03;18;16;0;0.000128063979;0.000074968932;0.000086517375;0.000055037495;
2018;03;18;17;0;0.000119944936;0.000069738467;0.000083980059;0.000050332814;
2018;03;18;18;0;0.000118355623;0.000068348074;0.000081678235;0.000049666062;
2018;03;18;19;0;0.000125033642;0.000071192328;0.000082609928;0.000052039826;
2018;03;18;20;0;0.000144414032;0.000118341886;0.000095481455;0.000119528353;
2018;03;18;21;0;0.000163717021;0.000164935563;0.000104156271;0.000208550401;
2018;03;18;22;0;0.000165483648;0.000180016117;0.000102789657;0.000235640148;
2018;03;18;23;0;0.000145192660;0.000214001413;0.000095617833;0.000221024881;
2018;03;18;24;0;0.000119884803;0.000221453883;0.000088582182;0.000196375239;
2018;03;19;1;0;0.000092909362;0.000207494716;0.000082409284;0.000176226288;
2018;03;19;2;0;0.000074667511;0.000189981149;0.000079545319;0.000177640071;
2018;03;19;3;0;0.000065815807;0.000176703413;0.000078091806;0.000171147590;
2018;03;19;4;0;0.000061823964;0.000167817852;0.000077377669;0.000165482565;
2018;03;19;5;0;0.000060694415;0.000164348790;0.000077573212;0.000161662303;
2018;03;19;6;0;0.000063006268;0.000171540526;0.000080406507;0.000158899638;
2018;03;19;7;0;0.000074266106;0.000179478084;0.000091302894;0.000160645165;
2018;03;19;8;0;0.000099798051;0.000155875444;0.000106396656;0.000106596447;
2018;03;19;9;0;0.000121600941;0.000127056658;0.000140313869;0.000066396784;
2018;03;19;10;0;0.000136346849;0.000122895327;0.000165390751;0.000061465917;
2018;03;19;11;0;0.000147567217;0.000118949339;0.000173806594;0.000062096280;
2018;03;19;12;0;0.000150210163;0.000108632094;0.000173646132;0.000061454423;
2018;03;19;13;0;0.000151915497;0.000088589211;0.000172033909;0.000061248340;
2018;03;19;14;0;0.000155730528;0.000086151919;0.000161557925;0.000059676098;
2018;03;19;15;0;0.000148328753;0.000082989242;0.000141021260;0.000057653747;
2018;03;19;16;0;0.000138421253;0.000076867536;0.000135085962;0.000051070635;
2018;03;19;17;0;0.000136338908;0.000073514864;0.000136634065;0.000049275997;
2018;03;19;18;0;0.000140076234;0.000073245662;0.000137887160;0.000051095956;
2018;03;19;19;0;0.000146069140;0.000076091145;0.000134601730;0.000054162861;
2018;03;19;20;0;0.000161874269;0.000120058242;0.000139795744;0.000120557400;
2018;03;19;21;0;0.000176226283;0.000164323385;0.000134907554;0.000205661449;
2018;03;19;22;0;0.000176603571;0.000183712883;0.000118684449;0.000235696630;
2018;03;19;23;0;0.000153296966;0.000213829393;0.000101954951;0.000221478872;
2018;03;19;24;0;0.000121996410;0.000220128536;0.000091756833;0.000192343577;
2018;03;20;1;0;0.000098171779;0.000213030366;0.000089514624;0.000171478378;
2018;03;20;2;0;0.000078469820;0.000194047679;0.000086130207;0.000179747706;
2018;03;20;3;0;0.000069307377;0.000180249840;0.000084317217;0.000176148863;
2018;03;20;4;0;0.000065456506;0.000171657098;0.000083192817;0.000170672716;
2018;03;20;5;0;0.000064418420;0.000167935892;0.000083380262;0.000163396046;
2018;03;20;6;0;0.000066950505;0.000176461744;0.000086369670;0.000160183335;
2018;03;20;7;0;0.000079314192;0.000184971868;0.000098178767;0.000159020343;
2018;03;20;8;0;0.000107699490;0.000159183347;0.000113828700;0.000101755906;
2018;03;20;9;0;0.000130534883;0.000133120255;0.000148992696;0.000068209613;
2018;03;20;10;0;0.000143657848;0.000128776416;0.000174319602;0.000064513361;
2018;03;20;11;0;0.000153481083;0.000122920832;0.000182664316;0.000063943976;
2018;03;20;12;0;0.000154719392;0.000110505763;0.000182647511;0.000061435365;
2018;03;20;13;0;0.000156781617;0.000089562797;0.000181452312;0.000059951947;
2018;03;20;14;0;0.000159651579;0.000087868525;0.000170398810;0.000059911216;
2018;03;20;15;0;0.000152423927;0.000085184268;0.000149018075;0.000058902946;
2018;03;20;16;0;0.000143100157;0.000079607203;0.000142987362;0.000053313938;
2018;03;20;17;0;0.000140679566;0.000076339688;0.000144139671;0.000051096529;
2018;03;20;18;0;0.000144790347;0.000075999646;0.000146125714;0.000052192839;
2018;03;20;19;0;0.000150836383;0.000078813774;0.000143225628;0.000055465003;
2018;03;20;20;0;0.000168762460;0.000126858119;0.000150750475;0.000126136902;
2018;03;20;21;0;0.000185032116;0.000173488791;0.000145661134;0.000216384189;
2018;03;20;22;0;0.000184167756;0.000189160162;0.000127579527;0.000240415791;
2018;03;20;23;0;0.000160615072;0.000222321086;0.000109559137;0.000224560325;
2018;03;20;24;0;0.000129432081;0.000227994999;0.000098032354;0.000194793549;
2018;03;21;1;0;0.000097672241;0.000213052102;0.000089120910;0.000173769224;
2018;03;21;2;0;0.000078059390;0.000193901912;0.000085726918;0.000181486034;
2018;03;21;3;0;0.000068944547;0.000180110057;0.000083921652;0.000177845431;
2018;03;21;4;0;0.000065110069;0.000171464600;0.000082792951;0.000172060871;
2018;03;21;5;0;0.000064076981;0.000167740416;0.000082978231;0.000164706042;
2018;03;21;6;0;0.000066599594;0.000176320974;0.000085963480;0.000161756250;
2018;03;21;7;0;0.000078884126;0.000184621667;0.000097681455;0.000159805030;
2018;03;21;8;0;0.000107097814;0.000158722744;0.000113214616;0.000101793543;
2018;03;21;9;0;0.000129789085;0.000132632676;0.000148151058;0.000067999025;
2018;03;21;10;0;0.000142823098;0.000128229325;0.000173300967;0.000064149495;
2018;03;21;11;0;0.000152586558;0.000122385637;0.000181590503;0.000063554040;
2018;03;21;12;0;0.000153800328;0.000109950425;0.000181532918;0.000060883632;
2018;03;21;13;0;0.000155819786;0.000089008222;0.000180274415;0.000059114055;
2018;03;21;14;0;0.000158662482;0.000087292769;0.000169272084;0.000058983618;
2018;03;21;15;0;0.000151448399;0.000084521819;0.000147971766;0.000057685158;
2018;03;21;16;0;0.000142183534;0.000078985531;0.000141981858;0.000052203897;
2018;03;21;17;0;0.000139792339;0.000075788543;0.000143154491;0.000050159773;
2018;03;21;18;0;0.000143877466;0.000075451681;0.000145127492;0.000051236604;
2018;03;21;19;0;0.000149888908;0.000078256011;0.000142253841;0.000054473851;
2018;03;21;20;0;0.000167709254;0.000125991221;0.000149739896;0.000124012760;
2018;03;21;21;0;0.000183924676;0.000172570131;0.000144759163;0.000214188906;
2018;03;21;22;0;0.000183058932;0.000188118528;0.000126780460;0.000237767071;
2018;03;21;23;0;0.000159672404;0.000221298614;0.000108906130;0.000222954640;
2018;03;21;24;0;0.000128664025;0.000226857658;0.000097435325;0.000193075279;
2018;03;22;1;0;0.000096148956;0.000211093602;0.000087721237;0.000172988079;
2018;03;22;2;0;0.000076844762;0.000192161303;0.000084386653;0.000180843709;
2018;03;22;3;0;0.000067869623;0.000178459934;0.000082604443;0.000177076561;
2018;03;22;4;0;0.000064099181;0.000169961452;0.000081504276;0.000171615548;
2018;03;22;5;0;0.000063082438;0.000166275028;0.000081687471;0.000164306638;
2018;03;22;6;0;0.000065566597;0.000174792455;0.000084628110;0.000161421861;
2018;03;22;7;0;0.000077659714;0.000183009073;0.000096161900;0.000159432739;
2018;03;22;8;0;0.000105437973;0.000157358233;0.000111458673;0.000101612211;
2018;03;22;9;0;0.000127764590;0.000131411719;0.000145823586;0.000067691734;
2018;03;22;10;0;0.000140584210;0.000126988757;0.000170551488;0.000063728127;
2018;03;22;11;0;0.000150180079;0.000121131310;0.000178674919;0.000062978801;
2018;03;22;12;0;0.000151368989;0.000108798918;0.000178604769;0.000060273727;
2018;03;22;13;0;0.000153340983;0.000088022509;0.000177330622;0.000058367943;
2018;03;22;14;0;0.000156139954;0.000086331078;0.000166511154;0.000058254527;
2018;03;22;15;0;0.000149046053;0.000083609081;0.000145568972;0.000057026035;
2018;03;22;16;0;0.000139929181;0.000078136016;0.000139678382;0.000051617126;
2018;03;22;17;0;0.000137554495;0.000074903464;0.000140788175;0.000049395895;
2018;03;22;18;0;0.000141579471;0.000074587051;0.000142739129;0.000050504068;
2018;03;22;19;0;0.000147482414;0.000077319562;0.000139889037;0.000053570831;
2018;03;22;20;0;0.000165036150;0.000124572086;0.000147285465;0.000122337700;
2018;03;22;21;0;0.000180998509;0.000170657479;0.000142394894;0.000211476623;
2018;03;22;22;0;0.000180159430;0.000186113623;0.000124727684;0.000235198451;
2018;03;22;23;0;0.000157151203;0.000219005830;0.000107153507;0.000220830929;
2018;03;22;24;0;0.000126652707;0.000224722421;0.000095897973;0.000192024177;
2018;03;23;1;0;0.000095412201;0.000205191416;0.000088580791;0.000163969051;
2018;03;23;2;0;0.000076809900;0.000185855771;0.000084972515;0.000173426002;
2018;03;23;3;0;0.000067540851;0.000173083908;0.000083132337;0.000170975935;
2018;03;23;4;0;0.000063589622;0.000164995658;0.000082052348;0.000165119964;
2018;03;23;5;0;0.000062412454;0.000161774275;0.000082208706;0.000157954300;
2018;03;23;6;0;0.000064963103;0.000170456589;0.000085222768;0.000154426104;
2018;03;23;7;0;0.000077142883;0.000178387225;0.000096558853;0.000153379348;
2018;03;23;8;0;0.000104653169;0.000149835519;0.000110853958;0.000095113836;
2018;03;23;9;0;0.000126718279;0.000128418525;0.000145862285;0.000069668779;
2018;03;23;10;0;0.000138920850;0.000125753175;0.000170908089;0.000064256794;
2018;03;23;11;0;0.000147999486;0.000120276929;0.000178717910;0.000064176709;
2018;03;23;12;0;0.000148904018;0.000107791568;0.000178641928;0.000061834668;
2018;03;23;13;0;0.000150556738;0.000086721838;0.000177612863;0.000060406627;
2018;03;23;14;0;0.000153828867;0.000087009309;0.000166747687;0.000060434927;
2018;03;23;15;0;0.000148042585;0.000084412247;0.000144434852;0.000058024407;
2018;03;23;16;0;0.000140386058;0.000079296448;0.000134969080;0.000053939461;
2018;03;23;17;0;0.000137830640;0.000076181524;0.000134175661;0.000053546222;
2018;03;23;18;0;0.000141534968;0.000076214241;0.000135574233;0.000056175774;
2018;03;23;19;0;0.000146041417;0.000078551184;0.000135664603;0.000058094192;
2018;03;23;20;0;0.000160197561;0.000126908297;0.000146837909;0.000126787056;
2018;03;23;21;0;0.000171569970;0.000170867211;0.000145659960;0.000216151202;
2018;03;23;22;0;0.000170897677;0.000179585348;0.000128601552;0.000222239692;
2018;03;23;23;0;0.000152466035;0.000215284199;0.000112682240;0.000208480761;
2018;03;23;24;0;0.000127724681;0.000220853749;0.000102150490;0.000180903133;
2018;03;24;1;0;0.000105787582;0.000215861647;0.000092622595;0.000178640109;
2018;03;24;2;0;0.000086176025;0.000197410830;0.000087159769;0.000185577682;
2018;03;24;3;0;0.000074804504;0.000183133843;0.000084416880;0.000178692769;
2018;03;24;4;0;0.000068566602;0.000173722508;0.000082792576;0.000174385825;
2018;03;24;5;0;0.000066238276;0.000169611839;0.000082263205;0.000165781569;
2018;03;24;6;0;0.000066553523;0.000178529361;0.000083467147;0.000164302843;
2018;03;24;7;0;0.000070555792;0.000180609158;0.000087244655;0.000158519910;
2018;03;24;8;0;0.000080193289;0.000135229156;0.000083348957;0.000078828026;
2018;03;24;9;0;0.000102473141;0.000113955596;0.000091765307;0.000055437237;
2018;03;24;10;0;0.000130589099;0.000122026436;0.000104867084;0.000058521896;
2018;03;24;11;0;0.000149780001;0.000123877478;0.000117738849;0.000066253669;
2018;03;24;12;0;0.000154290492;0.000114398928;0.000122162841;0.000064823734;
2018;03;24;13;0;0.000155261456;0.000090091820;0.000123662880;0.000061501325;
2018;03;24;14;0;0.000159140902;0.000089685483;0.000118817284;0.000062847231;
2018;03;24;15;0;0.000154187190;0.000087553450;0.000108337819;0.000062458626;
2018;03;24;16;0;0.000138955122;0.000079790640;0.000103736124;0.000055833932;
2018;03;24;17;0;0.000129575991;0.000074743937;0.000102213621;0.000050923673;
2018;03;24;18;0;0.000127924903;0.000072672390;0.000104428171;0.000049549883;
2018;03;24;19;0;0.000131917078;0.000074905458;0.000106843450;0.000051984914;
2018;03;24;20;0;0.000146351369;0.000124237730;0.000123593948;0.000122062284;
2018;03;24;21;0;0.000162550577;0.000173297684;0.000131455827;0.000225610917;
2018;03;24;22;0;0.000165893936;0.000179771285;0.000121056066;0.000231072516;
2018;03;24;23;0;0.000150692358;0.000219549560;0.000110265837;0.000216924714;
2018;03;24;24;0;0.000128737665;0.000226588280;0.000101877577;0.000190668096;
2018;03;25;1;0;0.000105101262;0.000216913331;0.000092151635;0.000181771521;
2018;03;25;3;1;0.000086586444;0.000199121536;0.000086190014;0.000181994171;
2018;03;25;4;1;0.000069249075;0.000176224320;0.000081761559;0.000175449712;
2018;03;25;5;1;0.000066046759;0.000171030950;0.000081009651;0.000166446240;
2018;03;25;6;1;0.000065505932;0.000177396169;0.000081596413;0.000162275540;
2018;03;25;7;1;0.000067667507;0.000180343074;0.000083706182;0.000161623866;
2018;03;25;8;1;0.000073641484;0.000142030771;0.000077982189;0.000094891090;
2018;03;25;9;1;0.000088745131;0.000108377505;0.000076541404;0.000052525298;
2018;03;25;10;1;0.000112455490;0.000112659261;0.000080960765;0.000052048363;
2018;03;25;11;1;0.000131946531;0.000117403719;0.000086775589;0.000056059628;
2018;03;25;12;1;0.000140036602;0.000111182046;0.000091722620;0.000059596404;
2018;03;25;13;1;0.000141832760;0.000090597279;0.000094839175;0.000057921074;
2018;03;25;14;1;0.000146109167;0.000086694601;0.000094412509;0.000058354356;
2018;03;25;15;1;0.000143829007;0.000084245783;0.000091578524;0.000058597368;
2018;03;25;16;1;0.000130486661;0.000075930084;0.000088205985;0.000055829879;
2018;03;25;17;1;0.000122197419;0.000070575327;0.000085595908;0.000050882451;
2018;03;25;18;1;0.000120560417;0.000069107011;0.000083225171;0.000050017956;
2018;03;25;19;1;0.000127330482;0.000071872940;0.000084131727;0.000052059370;
2018;03;25;20;1;0.000146915341;0.000118731619;0.000097039805;0.000116304229;
2018;03;25;21;1;0.000166543256;0.000165425043;0.000105844343;0.000202693107;
2018;03;25;22;1;0.000168571475;0.000182048038;0.000104742773;0.000237494906;
2018;03;25;23;1;0.000147927710;0.000216643208;0.000097468706;0.000223763175;
2018;03;25;24;1;0.000122198192;0.000224792228;0.000090378241;0.000201101737;
2018;03;26;1;1;0.000092411079;0.000208087100;0.000082060554;0.000181322644;
2018;03;26;2;1;0.000074243686;0.000190166709;0.000079158930;0.000181341528;
2018;03;26;3;1;0.000065425734;0.000176610893;0.000077673378;0.000173617734;
2018;03;26;4;1;0.000061446814;0.000167555204;0.000076936209;0.000167130501;
2018;03;26;5;1;0.000060318618;0.000164001932;0.000077116500;0.000162898299;
2018;03;26;6;1;0.000062609692;0.000171073760;0.000079916650;0.000159711536;
2018;03;26;7;1;0.000073795792;0.000178948415;0.000090739617;0.000161311242;
2018;03;26;8;1;0.000099202671;0.000155760654;0.000105818403;0.000108078730;
2018;03;26;9;1;0.000120845928;0.000126775846;0.000139482955;0.000066880964;
2018;03;26;10;1;0.000135530394;0.000122786781;0.000164484376;0.000062266923;
2018;03;26;11;1;0.000146673202;0.000118793461;0.000172829615;0.000062785304;
2018;03;26;12;1;0.000149269694;0.000108356888;0.000172599628;0.000061805400;
2018;03;26;13;1;0.000150939488;0.000088277600;0.000170940814;0.000061336441;
2018;03;26;14;1;0.000154659552;0.000085614913;0.000160385271;0.000059063053;
2018;03;26;15;1;0.000147311657;0.000082481947;0.000140003328;0.000057091401;
2018;03;26;16;1;0.000137469373;0.000076388561;0.000134105561;0.000050546066;
2018;03;26;17;1;0.000135360481;0.000072924655;0.000135560571;0.000048389674;
2018;03;26;18;1;0.000139036814;0.000072550467;0.000136736589;0.000049855900;
2018;03;26;19;1;0.000144929784;0.000075195034;0.000133376336;0.000052308891;
2018;03;26;20;1;0.000160491935;0.000118109844;0.000138316287;0.000114088553;
2018;03;26;21;1;0.000174742234;0.000161775897;0.000133511874;0.000195326010;
2018;03;26;22;1;0.000175375232;0.000182481654;0.000117804432;0.000232802881;
2018;03;26;23;1;0.000152237872;0.000212456403;0.000101208481;0.000219033225;
2018;03;26;24;1;0.000121194947;0.000219162195;0.000091147223;0.000191887582;
2018;03;27;1;1;0.000089948510;0.000203556797;0.000082029368;0.000171707402;
2018;03;27;2;1;0.000071884190;0.000185224372;0.000078900188;0.000179209046;
2018;03;27;3;1;0.000063475509;0.000171809495;0.000077202480;0.000174587859;
2018;03;27;4;1;0.000059940458;0.000163485492;0.000076152116;0.000168576695;
2018;03;27;5;1;0.000058980643;0.000159793181;0.000076299916;0.000160768844;
2018;03;27;6;1;0.000061287173;0.000167714033;0.000079005093;0.000156871238;
2018;03;27;7;1;0.000072586333;0.000175530019;0.000089760998;0.000154674748;
2018;03;27;8;1;0.000098570336;0.000151115882;0.000104082765;0.000099118786;
2018;03;27;9;1;0.000119390674;0.000125868774;0.000136054868;0.000065283285;
2018;03;27;10;1;0.000131416587;0.000121890896;0.000159238941;0.000062027933;
2018;03;27;11;1;0.000140404039;0.000116354561;0.000166864739;0.000061493321;
2018;03;27;12;1;0.000141529596;0.000104570587;0.000166832309;0.000059002498;
2018;03;27;13;1;0.000143378085;0.000084618355;0.000165652981;0.000057187686;
2018;03;27;14;1;0.000145978787;0.000082936356;0.000155511026;0.000056909741;
2018;03;27;15;1;0.000139358816;0.000080363807;0.000135976286;0.000055836500;
2018;03;27;16;1;0.000130814842;0.000075035662;0.000130434697;0.000050345528;
2018;03;27;17;1;0.000128584335;0.000071896237;0.000131449594;0.000048078069;
2018;03;27;18;1;0.000132327873;0.000071530992;0.000133232951;0.000048973724;
2018;03;27;19;1;0.000137811210;0.000074041727;0.000130508439;0.000051608214;
2018;03;27;20;1;0.000154018162;0.000118378330;0.000137059805;0.000113869680;
2018;03;27;21;1;0.000168865856;0.000161893130;0.000132432059;0.000195438204;
2018;03;27;22;1;0.000168341820;0.000178202679;0.000116358873;0.000226508741;
2018;03;27;23;1;0.000146844296;0.000209709819;0.000099965881;0.000212737103;
2018;03;27;24;1;0.000118416096;0.000215946524;0.000089571183;0.000187810231;
2018;03;28;1;1;0.000086195015;0.000198827736;0.000078574863;0.000170120730;
2018;03;28;2;1;0.000068892416;0.000181045563;0.000075594808;0.000178077000;
2018;03;28;3;1;0.000060832303;0.000167911582;0.000073964869;0.000173410738;
2018;03;28;4;1;0.000057439854;0.000159700530;0.000072946892;0.000167111172;
2018;03;28;5;1;0.000056517189;0.000156046726;0.000073081021;0.000159179816;
2018;03;28;6;1;0.000058729510;0.000163818983;0.000075677604;0.000155498042;
2018;03;28;7;1;0.000069549315;0.000171338255;0.000085961193;0.000152880349;
2018;03;28;8;1;0.000094425183;0.000147309765;0.000099632396;0.000097389732;
2018;03;28;9;1;0.000114361243;0.000122642317;0.000130217559;0.000064016509;
2018;03;28;10;1;0.000125872733;0.000118722150;0.000152388002;0.000060726323;
2018;03;28;11;1;0.000134455985;0.000113203355;0.000159626230;0.000059915011;
2018;03;28;12;1;0.000135526628;0.000101706047;0.000159578188;0.000057409474;
2018;03;28;13;1;0.000137311217;0.000082352381;0.000158483595;0.000055794213;
2018;03;28;14;1;0.000139812097;0.000080750813;0.000148802336;0.000055628206;
2018;03;28;15;1;0.000133468160;0.000078233357;0.000130103266;0.000054541126;
2018;03;28;16;1;0.000125275443;0.000073011842;0.000124781315;0.000049076410;
2018;03;28;17;1;0.000123147417;0.000069984381;0.000125768614;0.000046944401;
2018;03;28;18;1;0.000126739744;0.000069652147;0.000127489130;0.000047887940;
2018;03;28;19;1;0.000131988688;0.000072087459;0.000124876690;0.000050432930;
2018;03;28;20;1;0.000147523970;0.000115315443;0.000131168619;0.000111539773;
2018;03;28;21;1;0.000161719351;0.000157549305;0.000126698558;0.000190592092;
2018;03;28;22;1;0.000161177870;0.000173167336;0.000111266600;0.000219532785;
2018;03;28;23;1;0.000140599940;0.000203826137;0.000095597499;0.000206380510;
2018;03;28;24;1;0.000113391703;0.000210011579;0.000085673810;0.000182671402;
2018;03;29;1;1;0.000075806272;0.000185795299;0.000069027921;0.000165336824;
2018;03;29;2;1;0.000060580046;0.000169030771;0.000066390221;0.000172471177;
2018;03;29;3;1;0.000053489128;0.000156713681;0.000064950794;0.000167758310;
2018;03;29;4;1;0.000050505852;0.000149045947;0.000064056074;0.000161672950;
2018;03;29;5;1;0.000049683271;0.000145441392;0.000064144800;0.000153179851;
2018;03;29;6;1;0.000051604625;0.000152274167;0.000066363659;0.000147972543;
2018;03;29;7;1;0.000061056979;0.000158407336;0.000075246388;0.000142108996;
2018;03;29;8;1;0.000082799078;0.000135241372;0.000087010820;0.000087769752;
2018;03;29;9;1;0.000100215214;0.000112151659;0.000113573098;0.000056678822;
2018;03;29;10;1;0.000110350946;0.000108857067;0.000133026256;0.000054441045;
2018;03;29;11;1;0.000117967938;0.000104286971;0.000139563019;0.000054842092;
2018;03;29;12;1;0.000118956886;0.000093930390;0.000139637469;0.000053126790;
2018;03;29;13;1;0.000120537353;0.000076109584;0.000138712020;0.000051788303;
2018;03;29;14;1;0.000122742997;0.000074666997;0.000130260351;0.000051748136;
2018;03;29;15;1;0.000117197904;0.000072429328;0.000113938649;0.000051010320;
2018;03;29;16;1;0.000109982989;0.000067518041;0.000109236354;0.000045672157;
2018;03;29;17;1;0.000108095406;0.000064648765;0.000110061270;0.000043482033;
2018;03;29;18;1;0.000111246919;0.000064335681;0.000111563417;0.000044335440;
2018;03;29;19;1;0.000115889147;0.000066705686;0.000109343212;0.000047059878;
2018;03;29;20;1;0.000129566389;0.000106890507;0.000114918045;0.000104887589;
2018;03;29;21;1;0.000142066271;0.000146240762;0.000111052602;0.000180338656;
2018;03;29;22;1;0.000141633424;0.000161026097;0.000097585196;0.000209256899;
2018;03;29;23;1;0.000123597065;0.000189958716;0.000083905522;0.000198577004;
2018;03;29;24;1;0.000099726255;0.000196271654;0.000075266447;0.000177797515;
2018;03;30;1;1;0.000095674030;0.000205416472;0.000083775451;0.000176764714;
2018;03;30;2;1;0.000078837923;0.000188825689;0.000078391483;0.000178026013;
2018;03;30;3;1;0.000068735754;0.000175342664;0.000075877042;0.000171858942;
2018;03;30;4;1;0.000062993384;0.000166184032;0.000074225462;0.000167573301;
2018;03;30;5;1;0.000060097109;0.000161556076;0.000073583868;0.000160119108;
2018;03;30;6;1;0.000059607306;0.000167607787;0.000074122583;0.000156268732;
2018;03;30;7;1;0.000061591469;0.000170678486;0.000076081679;0.000156778987;
2018;03;30;8;1;0.000067041853;0.000134572824;0.000070906157;0.000092492339;
2018;03;30;9;1;0.000080789659;0.000102670894;0.000069592258;0.000051177154;
2018;03;30;10;1;0.000102386542;0.000106802951;0.000073627696;0.000050873450;
2018;03;30;11;1;0.000120091915;0.000111074530;0.000078862582;0.000054301605;
2018;03;30;12;1;0.000127410450;0.000104966798;0.000083300030;0.000057199179;
2018;03;30;13;1;0.000129023091;0.000085447206;0.000086101624;0.000055352943;
2018;03;30;14;1;0.000132902838;0.000081727970;0.000085700815;0.000055654768;
2018;03;30;15;1;0.000130797043;0.000079304476;0.000083088049;0.000055543202;
2018;03;30;16;1;0.000118656137;0.000071449471;0.000080018102;0.000052832723;
2018;03;30;17;1;0.000111140092;0.000066487969;0.000077680547;0.000048388925;
2018;03;30;18;1;0.000109675030;0.000065189363;0.000075561832;0.000047832885;
2018;03;30;19;1;0.000115847218;0.000067845523;0.000076402575;0.000049934791;
2018;03;30;20;1;0.000133640505;0.000111949917;0.000088091347;0.000110982059;
2018;03;30;21;1;0.000151456560;0.000155737893;0.000096035284;0.000192101635;
2018;03;30;22;1;0.000153283454;0.000171273144;0.000095014124;0.000224522015;
2018;03;30;23;1;0.000134501396;0.000203726508;0.000088401904;0.000211140479;
2018;03;30;24;1;0.000111130291;0.000211655048;0.000082005181;0.000190809319;
2018;03;31;1;1;0.000090348869;0.000196366228;0.000078878120;0.000167141421;
2018;03;31;2;1;0.000073591585;0.000179466961;0.000074210101;0.000173153375;
2018;03;31;3;1;0.000063881319;0.000166497936;0.000071876202;0.000166774671;
2018;03;31;4;1;0.000058535583;0.000157638567;0.000070448140;0.000161400011;
2018;03;31;5;1;0.000056540933;0.000153794641;0.000069980486;0.000152938178;
2018;03;31;6;1;0.000056819198;0.000162037608;0.000071027598;0.000152215549;
2018;03;31;7;1;0.000060267620;0.000164441996;0.000074319917;0.000148891996;
2018;03;31;8;1;0.000068519582;0.000123338093;0.000071042349;0.000074605602;
2018;03;31;9;1;0.000087481865;0.000103405570;0.000078083244;0.000051305579;
2018;03;31;10;1;0.000111474170;0.000110667119;0.000089214864;0.000054029731;
2018;03;31;11;1;0.000127881400;0.000112480451;0.000100205245;0.000061492739;
2018;03;31;12;1;0.000131738291;0.000103901774;0.000103979670;0.000060236575;
2018;03;31;13;1;0.000132603990;0.000081960777;0.000105314646;0.000057559365;
2018;03;31;14;1;0.000135879350;0.000081454708;0.000101131517;0.000058396615;
2018;03;31;15;1;0.000131675032;0.000079609860;0.000092247346;0.000058322325;
2018;03;31;16;1;0.000118686879;0.000072624340;0.000088358786;0.000052361064;
2018;03;31;17;1;0.000110666232;0.000067995764;0.000087046924;0.000047651391;
2018;03;31;18;1;0.000109239349;0.000066050625;0.000088905628;0.000046183807;
2018;03;31;19;1;0.000112618911;0.000067973179;0.000090914256;0.000048122019;
2018;03;31;20;1;0.000124837556;0.000112174140;0.000104992120;0.000110492327;
2018;03;31;21;1;0.000138659959;0.000156502262;0.000111678041;0.000204441589;
2018;03;31;22;1;0.000141760210;0.000164067745;0.000103204243;0.000219237288;
2018;03;31;23;1;0.000128791768;0.000200572103;0.000094036799;0.000206684123;
2018;03;31;24;1;0.000110086627;0.000207662579;0.000086975904;0.000184123292;
