AŃO;MES;DIA;HORA;VERANO(1)/INVIERNO(0);COEF. PERFIL A;COEF. PERFIL B;COEF. PERFIL C;COEF. PERFIL D;
2020;10;01;1;1;0.000076020854;0.000103109947;0.000079270478;0.000145014570;
2020;10;01;2;1;0.000062504776;0.000092080399;0.000075335122;0.000160840503;
2020;10;01;3;1;0.000055968496;0.000085895975;0.000073405822;0.000159006332;
2020;10;01;4;1;0.000053101778;0.000082928170;0.000072540301;0.000153114104;
2020;10;01;5;1;0.000052004791;0.000081771923;0.000072521782;0.000145811943;
2020;10;01;6;1;0.000053042167;0.000082295376;0.000074877617;0.000139246819;
2020;10;01;7;1;0.000061060161;0.000087825794;0.000083051063;0.000137252918;
2020;10;01;8;1;0.000083253772;0.000102214651;0.000102125014;0.000140626320;
2020;10;01;9;1;0.000097641546;0.000090323296;0.000125488193;0.000101666793;
2020;10;01;10;1;0.000102105880;0.000080327255;0.000143531172;0.000077044976;
2020;10;01;11;1;0.000107655228;0.000081501177;0.000150197401;0.000077698847;
2020;10;01;12;1;0.000109474313;0.000080533611;0.000151726827;0.000076795644;
2020;10;01;13;1;0.000113880090;0.000080467827;0.000154180689;0.000076904066;
2020;10;01;14;1;0.000120761093;0.000082180388;0.000148045152;0.000075738710;
2020;10;01;15;1;0.000117382590;0.000079902098;0.000132503819;0.000072887382;
2020;10;01;16;1;0.000107729486;0.000073007464;0.000127806365;0.000069238177;
2020;10;01;17;1;0.000103316981;0.000069403510;0.000128882234;0.000067523598;
2020;10;01;18;1;0.000105461840;0.000070260115;0.000129007317;0.000069074745;
2020;10;01;19;1;0.000108947493;0.000073522559;0.000125495821;0.000074155770;
2020;10;01;20;1;0.000119645988;0.000093327279;0.000127123572;0.000095807810;
2020;10;01;21;1;0.000138773982;0.000132213243;0.000128748895;0.000165529242;
2020;10;01;22;1;0.000140616629;0.000137091836;0.000112865939;0.000170995575;
2020;10;01;23;1;0.000121163968;0.000127220904;0.000097286770;0.000163179250;
2020;10;01;24;1;0.000097402598;0.000117878761;0.000086797440;0.000154512116;
2020;10;02;1;1;0.000078129739;0.000111144417;0.000081648609;0.000138797161;
2020;10;02;2;1;0.000064626521;0.000099926842;0.000077559623;0.000154418019;
2020;10;02;3;1;0.000057573811;0.000093287659;0.000074991944;0.000152375935;
2020;10;02;4;1;0.000054246793;0.000089797844;0.000074214024;0.000146147662;
2020;10;02;5;1;0.000052930698;0.000088279758;0.000073935036;0.000138163612;
2020;10;02;6;1;0.000053775644;0.000088521666;0.000075789341;0.000131929156;
2020;10;02;7;1;0.000061523338;0.000094070813;0.000083499555;0.000130344895;
2020;10;02;8;1;0.000083175637;0.000109048076;0.000102670499;0.000135466658;
2020;10;02;9;1;0.000098632991;0.000095859915;0.000125557688;0.000102797309;
2020;10;02;10;1;0.000104686230;0.000084479219;0.000143458951;0.000075639645;
2020;10;02;11;1;0.000111291939;0.000086436798;0.000149871445;0.000076879232;
2020;10;02;12;1;0.000113092794;0.000085425042;0.000151634054;0.000076393049;
2020;10;02;13;1;0.000117009315;0.000085069602;0.000153840409;0.000076515990;
2020;10;02;14;1;0.000123591798;0.000086051081;0.000148173443;0.000075858715;
2020;10;02;15;1;0.000120802028;0.000084013220;0.000131271473;0.000073219013;
2020;10;02;16;1;0.000110642808;0.000076634875;0.000122713510;0.000068893198;
2020;10;02;17;1;0.000105770770;0.000072631068;0.000121480659;0.000067517145;
2020;10;02;18;1;0.000106787982;0.000072748284;0.000121455542;0.000068066676;
2020;10;02;19;1;0.000108248156;0.000073950533;0.000119817547;0.000069394901;
2020;10;02;20;1;0.000116290924;0.000095274446;0.000125874151;0.000088442165;
2020;10;02;21;1;0.000130975878;0.000134792118;0.000132074465;0.000155993279;
2020;10;02;22;1;0.000133899129;0.000140144833;0.000118130245;0.000161152252;
2020;10;02;23;1;0.000118828379;0.000132410626;0.000103629330;0.000155126606;
2020;10;02;24;1;0.000099806253;0.000126751163;0.000093881878;0.000147810849;
2020;10;03;1;1;0.000081613395;0.000114022194;0.000084475864;0.000142393757;
2020;10;03;2;1;0.000068251659;0.000103261552;0.000078261506;0.000155773587;
2020;10;03;3;1;0.000060025339;0.000095956896;0.000075211362;0.000154231303;
2020;10;03;4;1;0.000055718901;0.000091899436;0.000073879988;0.000148568551;
2020;10;03;5;1;0.000053685289;0.000089823658;0.000073561052;0.000141157241;
2020;10;03;6;1;0.000053453294;0.000089642839;0.000074511674;0.000135592644;
2020;10;03;7;1;0.000055576234;0.000091440345;0.000077104243;0.000131293408;
2020;10;03;8;1;0.000062570294;0.000095222363;0.000082422811;0.000128926324;
2020;10;03;9;1;0.000077121567;0.000079226464;0.000082136342;0.000090883449;
2020;10;03;10;1;0.000098722777;0.000080433095;0.000089427387;0.000071159857;
2020;10;03;11;1;0.000113810391;0.000089349670;0.000099297855;0.000077456470;
2020;10;03;12;1;0.000117732115;0.000090348198;0.000103895841;0.000078116751;
2020;10;03;13;1;0.000119993264;0.000088728258;0.000106058646;0.000077859899;
2020;10;03;14;1;0.000127349673;0.000089387806;0.000103257692;0.000077030878;
2020;10;03;15;1;0.000125426249;0.000087705907;0.000096671363;0.000074835039;
2020;10;03;16;1;0.000109732377;0.000077434263;0.000093499180;0.000067686402;
2020;10;03;17;1;0.000100197094;0.000071089864;0.000092122600;0.000063849324;
2020;10;03;18;1;0.000097686528;0.000069195771;0.000093226021;0.000063116941;
2020;10;03;19;1;0.000098594100;0.000069850487;0.000093703230;0.000064105842;
2020;10;03;20;1;0.000105374495;0.000089180961;0.000103797226;0.000081780123;
2020;10;03;21;1;0.000120509377;0.000129006190;0.000115599757;0.000153428385;
2020;10;03;22;1;0.000125768604;0.000135701243;0.000107774560;0.000161884980;
2020;10;03;23;1;0.000113708290;0.000129743954;0.000098420097;0.000156929128;
2020;10;03;24;1;0.000097914302;0.000125667258;0.000090613480;0.000150567394;
2020;10;04;1;1;0.000081461939;0.000111365422;0.000083667584;0.000138431166;
2020;10;04;2;1;0.000068576571;0.000100898789;0.000076979714;0.000148061427;
2020;10;04;3;1;0.000060521321;0.000093755410;0.000073844050;0.000144990507;
2020;10;04;4;1;0.000055875100;0.000089427040;0.000072459116;0.000139778880;
2020;10;04;5;1;0.000053299075;0.000086960164;0.000072117847;0.000134191488;
2020;10;04;6;1;0.000052520854;0.000086369918;0.000072976925;0.000129591924;
2020;10;04;7;1;0.000054051174;0.000088267842;0.000074409944;0.000127930113;
2020;10;04;8;1;0.000057798464;0.000089515537;0.000075597527;0.000123720663;
2020;10;04;9;1;0.000067443601;0.000071255155;0.000069867456;0.000084700582;
2020;10;04;10;1;0.000086732795;0.000071115145;0.000073062202;0.000065950699;
2020;10;04;11;1;0.000104914006;0.000082685323;0.000078376324;0.000071987773;
2020;10;04;12;1;0.000113669489;0.000087820665;0.000082663721;0.000075202717;
2020;10;04;13;1;0.000116855277;0.000087323481;0.000085337462;0.000075012252;
2020;10;04;14;1;0.000122545438;0.000086746036;0.000085798346;0.000073529333;
2020;10;04;15;1;0.000121468340;0.000084816275;0.000084208373;0.000072192663;
2020;10;04;16;1;0.000107213503;0.000075258049;0.000081914958;0.000065492606;
2020;10;04;17;1;0.000097896002;0.000069004778;0.000079110145;0.000061897328;
2020;10;04;18;1;0.000094616264;0.000066603774;0.000077254396;0.000060814323;
2020;10;04;19;1;0.000096546620;0.000067732683;0.000078987675;0.000062060366;
2020;10;04;20;1;0.000106389089;0.000086894555;0.000086810090;0.000079069321;
2020;10;04;21;1;0.000126697466;0.000129728244;0.000098098570;0.000152166138;
2020;10;04;22;1;0.000131860781;0.000136485055;0.000094703319;0.000160313811;
2020;10;04;23;1;0.000117718208;0.000128992490;0.000088178891;0.000154244421;
2020;10;04;24;1;0.000098009838;0.000122894625;0.000081418606;0.000146908689;
2020;10;05;1;1;0.000079160987;0.000108993304;0.000076169517;0.000144184049;
2020;10;05;2;1;0.000061788623;0.000094046904;0.000072866388;0.000148719364;
2020;10;05;3;1;0.000055546917;0.000088188621;0.000070851544;0.000146063112;
2020;10;05;4;1;0.000052632785;0.000085198648;0.000070100513;0.000140797599;
2020;10;05;5;1;0.000051534032;0.000084008554;0.000070320466;0.000135876806;
2020;10;05;6;1;0.000052457829;0.000084395035;0.000072406020;0.000131321200;
2020;10;05;7;1;0.000060359223;0.000090020841;0.000080560373;0.000132032864;
2020;10;05;8;1;0.000081675966;0.000101391830;0.000097844142;0.000133494729;
2020;10;05;9;1;0.000096062224;0.000088087917;0.000120918917;0.000094493672;
2020;10;05;10;1;0.000101811083;0.000081477916;0.000140346982;0.000075894686;
2020;10;05;11;1;0.000107988886;0.000083146275;0.000147142665;0.000076841184;
2020;10;05;12;1;0.000109766047;0.000081942835;0.000148549465;0.000076266117;
2020;10;05;13;1;0.000113742619;0.000081205613;0.000150700502;0.000075659537;
2020;10;05;14;1;0.000120534849;0.000082881029;0.000144405196;0.000073969290;
2020;10;05;15;1;0.000117554818;0.000080874836;0.000129371824;0.000071894036;
2020;10;05;16;1;0.000107457116;0.000073628420;0.000124728112;0.000068089172;
2020;10;05;17;1;0.000102671998;0.000069635139;0.000125632755;0.000066310543;
2020;10;05;18;1;0.000104717010;0.000070367602;0.000126214922;0.000067568277;
2020;10;05;19;1;0.000109576529;0.000078619305;0.000124352320;0.000077247911;
2020;10;05;20;1;0.000120787993;0.000098501603;0.000124940642;0.000099570837;
2020;10;05;21;1;0.000139898948;0.000135717187;0.000125643839;0.000161450839;
2020;10;05;22;1;0.000141865979;0.000141213342;0.000110012661;0.000168232002;
2020;10;05;23;1;0.000121237641;0.000131608542;0.000094719038;0.000160413580;
2020;10;05;24;1;0.000096405344;0.000120940470;0.000084676458;0.000150749886;
2020;10;06;1;1;0.000074930270;0.000101790838;0.000078261137;0.000143481896;
2020;10;06;2;1;0.000061636096;0.000090948149;0.000074393055;0.000159239839;
2020;10;06;3;1;0.000055204080;0.000084862557;0.000072496938;0.000157475969;
2020;10;06;4;1;0.000052376415;0.000081930259;0.000071642110;0.000151639842;
2020;10;06;5;1;0.000051312180;0.000080818928;0.000071636388;0.000144476756;
2020;10;06;6;1;0.000052398244;0.000081444019;0.000074007980;0.000138199175;
2020;10;06;7;1;0.000060421007;0.000087080800;0.000082155793;0.000136541197;
2020;10;06;8;1;0.000082521242;0.000101537726;0.000101108896;0.000140226077;
2020;10;06;9;1;0.000096962991;0.000089911229;0.000124355230;0.000101640639;
2020;10;06;10;1;0.000101424854;0.000079985765;0.000142255500;0.000077055090;
2020;10;06;11;1;0.000106959931;0.000081173865;0.000148878340;0.000077731967;
2020;10;06;12;1;0.000108570475;0.000080048920;0.000150258339;0.000076635250;
2020;10;06;13;1;0.000112891272;0.000079945254;0.000152655715;0.000076697443;
2020;10;06;14;1;0.000119555753;0.000081527920;0.000146484775;0.000075397950;
2020;10;06;15;1;0.000116316699;0.000079347821;0.000131166975;0.000072651029;
2020;10;06;16;1;0.000106631216;0.000072410451;0.000126445727;0.000068905946;
2020;10;06;17;1;0.000102293572;0.000068858310;0.000127528778;0.000067226851;
2020;10;06;18;1;0.000104334393;0.000069646767;0.000127601964;0.000068695420;
2020;10;06;19;1;0.000107833917;0.000072919126;0.000124158245;0.000073797034;
2020;10;06;20;1;0.000118545323;0.000092667576;0.000125833309;0.000095481477;
2020;10;06;21;1;0.000137850689;0.000131653375;0.000127606142;0.000165553485;
2020;10;06;22;1;0.000139747754;0.000136583148;0.000111891809;0.000171130910;
2020;10;06;23;1;0.000120288251;0.000126600549;0.000096395779;0.000163070713;
2020;10;06;24;1;0.000096619803;0.000117197928;0.000085967166;0.000154235700;
2020;10;07;1;1;0.000075707475;0.000102681807;0.000079094511;0.000144347203;
2020;10;07;2;1;0.000062276865;0.000091746624;0.000075186070;0.000160205598;
2020;10;07;3;1;0.000055806660;0.000085656535;0.000073288533;0.000158544365;
2020;10;07;4;1;0.000052910729;0.000082631924;0.000072398745;0.000152519081;
2020;10;07;5;1;0.000051854725;0.000081544451;0.000072406249;0.000145388970;
2020;10;07;6;1;0.000052920209;0.000082119924;0.000074780576;0.000138955221;
2020;10;07;7;1;0.000060965536;0.000087711708;0.000082974590;0.000137108396;
2020;10;07;8;1;0.000083236035;0.000102233908;0.000102098889;0.000140740597;
2020;10;07;9;1;0.000097714335;0.000090436606;0.000125516069;0.000101885182;
2020;10;07;10;1;0.000102187580;0.000080432885;0.000143567059;0.000077216240;
2020;10;07;11;1;0.000107817553;0.000081672479;0.000150288028;0.000077948089;
2020;10;07;12;1;0.000109584656;0.000080658106;0.000151780552;0.000076988509;
2020;10;07;13;1;0.000113822826;0.000080457049;0.000154118976;0.000076935503;
2020;10;07;14;1;0.000120760579;0.000082214901;0.000148022889;0.000075822074;
2020;10;07;15;1;0.000117549917;0.000080062606;0.000132578719;0.000073112366;
2020;10;07;16;1;0.000107739307;0.000073045888;0.000127793174;0.000069323652;
2020;10;07;17;1;0.000103240227;0.000069375693;0.000128815183;0.000067528658;
2020;10;07;18;1;0.000105368589;0.000070220918;0.000128931086;0.000069066351;
2020;10;07;19;1;0.000108825978;0.000073462625;0.000125407259;0.000074122803;
2020;10;07;20;1;0.000119534867;0.000093270547;0.000127045750;0.000095790026;
2020;10;07;21;1;0.000138910880;0.000132414372;0.000128793306;0.000165939449;
2020;10;07;22;1;0.000140803284;0.000137352036;0.000112924617;0.000171498736;
2020;10;07;23;1;0.000121258172;0.000127384731;0.000097310403;0.000163535359;
2020;10;07;24;1;0.000097427729;0.000117962594;0.000086795823;0.000154738315;
2020;10;08;1;1;0.000076067568;0.000103073389;0.000079509797;0.000144652090;
2020;10;08;2;1;0.000062637908;0.000092202467;0.000075620089;0.000160774546;
2020;10;08;3;1;0.000056157122;0.000086128009;0.000073729277;0.000159213452;
2020;10;08;4;1;0.000053287288;0.000083163528;0.000072864436;0.000153339624;
2020;10;08;5;1;0.000052172585;0.000081979743;0.000072836176;0.000145972619;
2020;10;08;6;1;0.000053219074;0.000082514373;0.000075206457;0.000139420605;
2020;10;08;7;1;0.000061269346;0.000088068298;0.000083419666;0.000137441102;
2020;10;08;8;1;0.000083542951;0.000102502355;0.000102580562;0.000140828833;
2020;10;08;9;1;0.000098161727;0.000090763614;0.000126164005;0.000102075153;
2020;10;08;10;1;0.000102668247;0.000080734909;0.000144317135;0.000077373645;
2020;10;08;11;1;0.000108322833;0.000081977588;0.000151071908;0.000078105123;
2020;10;08;12;1;0.000110002838;0.000080881482;0.000152506181;0.000077050731;
2020;10;08;13;1;0.000114388625;0.000080783023;0.000154944752;0.000077120824;
2020;10;08;14;1;0.000121360396;0.000082547642;0.000148815728;0.000076004293;
2020;10;08;15;1;0.000118099181;0.000080360484;0.000133269267;0.000073258308;
2020;10;08;16;1;0.000108260273;0.000073330854;0.000128469236;0.000069477632;
2020;10;08;17;1;0.000103807978;0.000069697476;0.000129539406;0.000067740785;
2020;10;08;18;1;0.000105972897;0.000070565008;0.000129671168;0.000069305879;
2020;10;08;19;1;0.000109427628;0.000073805776;0.000126114055;0.000074358774;
2020;10;08;20;1;0.000120241600;0.000093746045;0.000127785949;0.000096146273;
2020;10;08;21;1;0.000139515444;0.000132859935;0.000129443479;0.000166197070;
2020;10;08;22;1;0.000141269539;0.000137655832;0.000113435374;0.000171519397;
2020;10;08;23;1;0.000121608785;0.000127607114;0.000097730074;0.000163460012;
2020;10;08;24;1;0.000097817344;0.000118313350;0.000087218553;0.000154903225;
2020;10;09;1;1;0.000076730919;0.000109558783;0.000079942925;0.000137741651;
2020;10;09;2;1;0.000063399568;0.000098380881;0.000075897296;0.000153010427;
2020;10;09;3;1;0.000056468902;0.000091823034;0.000073376889;0.000150943217;
2020;10;09;4;1;0.000053252875;0.000088474998;0.000072647934;0.000144951478;
2020;10;09;5;1;0.000051927811;0.000086917813;0.000072351680;0.000136912065;
2020;10;09;6;1;0.000052777253;0.000087193751;0.000074180479;0.000130805460;
2020;10;09;7;1;0.000060217631;0.000092380624;0.000081616907;0.000128746946;
2020;10;09;8;1;0.000081357430;0.000107011398;0.000100322892;0.000133685186;
2020;10;09;9;1;0.000096517882;0.000094114060;0.000122712563;0.000101505793;
2020;10;09;10;1;0.000102372360;0.000082878647;0.000140160852;0.000074619672;
2020;10;09;11;1;0.000108713089;0.000084696181;0.000146345727;0.000075727570;
2020;10;09;12;1;0.000110546988;0.000083767782;0.000148116866;0.000075319536;
2020;10;09;13;1;0.000114216029;0.000083290215;0.000150167074;0.000075295136;
2020;10;09;14;1;0.000120748196;0.000084334191;0.000144698984;0.000074740674;
2020;10;09;15;1;0.000118152750;0.000082437771;0.000128264312;0.000072249999;
2020;10;09;16;1;0.000108467951;0.000075391971;0.000120042093;0.000068200607;
2020;10;09;17;1;0.000103793503;0.000071531085;0.000118894344;0.000066929646;
2020;10;09;18;1;0.000104983023;0.000071791931;0.000118978069;0.000067645749;
2020;10;09;19;1;0.000106264863;0.000072861352;0.000117288570;0.000068827689;
2020;10;09;20;1;0.000114374577;0.000094067374;0.000123331981;0.000087949546;
2020;10;09;21;1;0.000128788250;0.000133050070;0.000129393709;0.000155071888;
2020;10;09;22;1;0.000131352849;0.000137971794;0.000115596553;0.000159676200;
2020;10;09;23;1;0.000116681377;0.000130497458;0.000101455785;0.000153911751;
2020;10;09;24;1;0.000098110050;0.000125071508;0.000091962929;0.000146876144;
2020;10;10;1;1;0.000081890531;0.000114391323;0.000084737626;0.000142819409;
2020;10;10;2;1;0.000068466637;0.000103567665;0.000078494342;0.000156186261;
2020;10;10;3;1;0.000060123765;0.000096080486;0.000075378188;0.000154317292;
2020;10;10;4;1;0.000055756413;0.000091919164;0.000074008103;0.000148452307;
2020;10;10;5;1;0.000053659115;0.000089727154;0.000073645856;0.000140819630;
2020;10;10;6;1;0.000053479724;0.000089644224;0.000074634317;0.000135452536;
2020;10;10;7;1;0.000055660649;0.000091545779;0.000077270719;0.000131344177;
2020;10;10;8;1;0.000062693980;0.000095380611;0.000082619596;0.000129058252;
2020;10;10;9;1;0.000077254973;0.000079336364;0.000082322368;0.000090945138;
2020;10;10;10;1;0.000098869350;0.000080522772;0.000089618959;0.000071183962;
2020;10;10;11;1;0.000114042350;0.000089504261;0.000099537952;0.000077542370;
2020;10;10;12;1;0.000117861274;0.000090410085;0.000104098127;0.000078101415;
2020;10;10;13;1;0.000120213717;0.000088861977;0.000106304421;0.000077924558;
2020;10;10;14;1;0.000127441314;0.000089411635;0.000103439062;0.000076975697;
2020;10;10;15;1;0.000125505465;0.000087720762;0.000096836793;0.000074772480;
2020;10;10;16;1;0.000109876867;0.000077506213;0.000093691470;0.000067693791;
2020;10;10;17;1;0.000100528950;0.000071313480;0.000092403986;0.000064033092;
2020;10;10;18;1;0.000098128845;0.000069506951;0.000093567289;0.000063405364;
2020;10;10;19;1;0.000099069176;0.000070187304;0.000094059468;0.000064425222;
2020;10;10;20;1;0.000106197755;0.000089908345;0.000104345541;0.000082530367;
2020;10;10;21;1;0.000121052448;0.000129583152;0.000116021896;0.000154124326;
2020;10;10;22;1;0.000126119827;0.000136049677;0.000108075955;0.000162233580;
2020;10;10;23;1;0.000113784071;0.000129770989;0.000098590184;0.000156805712;
2020;10;10;24;1;0.000097963928;0.000125671142;0.000090762872;0.000150415522;
2020;10;11;1;1;0.000080296814;0.000110114616;0.000082150712;0.000137688219;
2020;10;11;2;1;0.000067634199;0.000099828658;0.000075605515;0.000147383494;
2020;10;11;3;1;0.000059777892;0.000092913542;0.000072579247;0.000144623819;
2020;10;11;4;1;0.000055168236;0.000088587552;0.000071204634;0.000139354131;
2020;10;11;5;1;0.000052603939;0.000086105894;0.000070855222;0.000133710078;
2020;10;11;6;1;0.000051813494;0.000085480489;0.000071683689;0.000129049986;
2020;10;11;7;1;0.000053300902;0.000087318293;0.000073075994;0.000127321255;
2020;10;11;8;1;0.000057053293;0.000088651128;0.000074279548;0.000123302993;
2020;10;11;9;1;0.000066575946;0.000070569526;0.000068649851;0.000084419238;
2020;10;11;10;1;0.000085564558;0.000070382794;0.000071767245;0.000065675122;
2020;10;11;11;1;0.000103135091;0.000081512304;0.000076851456;0.000071334443;
2020;10;11;12;1;0.000111490262;0.000086358092;0.000080963886;0.000074287345;
2020;10;11;13;1;0.000114595282;0.000085852796;0.000083575464;0.000074081520;
2020;10;11;14;1;0.000120097978;0.000085224174;0.000083999484;0.000072552555;
2020;10;11;15;1;0.000119161659;0.000083421027;0.000082484152;0.000071332750;
2020;10;11;16;1;0.000105467417;0.000074246546;0.000080348661;0.000064959557;
2020;10;11;17;1;0.000096255515;0.000068041100;0.000077578832;0.000061352776;
2020;10;11;18;1;0.000092940754;0.000065603026;0.000075722412;0.000060198239;
2020;10;11;19;1;0.000094655523;0.000066573010;0.000077347678;0.000061267758;
2020;10;11;20;1;0.000104438172;0.000085527831;0.000085061756;0.000078197901;
2020;10;11;21;1;0.000123857331;0.000127098679;0.000095922566;0.000149622698;
2020;10;11;22;1;0.000128984857;0.000133811358;0.000092630403;0.000157773438;
2020;10;11;23;1;0.000115304991;0.000126653714;0.000086306678;0.000152082182;
2020;10;11;24;1;0.000096052192;0.000120738317;0.000079711441;0.000144956853;
2020;10;12;1;1;0.000081119081;0.000110879582;0.000083482085;0.000137718902;
2020;10;12;2;1;0.000068356404;0.000100570416;0.000076847691;0.000147504103;
2020;10;12;3;1;0.000060352181;0.000093493488;0.000073732952;0.000144527687;
2020;10;12;4;1;0.000055748127;0.000089229089;0.000072369080;0.000139433926;
2020;10;12;5;1;0.000053231712;0.000086865196;0.000072064527;0.000134048711;
2020;10;12;6;1;0.000052501077;0.000086360806;0.000072955286;0.000129614079;
2020;10;12;7;1;0.000054095283;0.000088375615;0.000074432109;0.000128164551;
2020;10;12;8;1;0.000057968086;0.000089835720;0.000075699959;0.000124312271;
2020;10;12;9;1;0.000067732236;0.000071616861;0.000070008464;0.000085265623;
2020;10;12;10;1;0.000087119096;0.000071489791;0.000073216278;0.000066406127;
2020;10;12;11;1;0.000105066236;0.000082844579;0.000078424651;0.000072183019;
2020;10;12;12;1;0.000113416697;0.000087631204;0.000082562632;0.000075022941;
2020;10;12;13;1;0.000116462747;0.000087024966;0.000085184566;0.000074714777;
2020;10;12;14;1;0.000122227690;0.000086523436;0.000085677356;0.000073316290;
2020;10;12;15;1;0.000121342307;0.000084745131;0.000084155337;0.000072139118;
2020;10;12;16;1;0.000107385219;0.000075415530;0.000081971788;0.000065683686;
2020;10;12;17;1;0.000098099541;0.000069185849;0.000079183792;0.000062119204;
2020;10;12;18;1;0.000094820202;0.000066784258;0.000077329107;0.000061039029;
2020;10;12;19;1;0.000096636336;0.000067823926;0.000079015623;0.000062183945;
2020;10;12;20;1;0.000106782558;0.000087279561;0.000086959972;0.000079533115;
2020;10;12;21;1;0.000126872978;0.000129968567;0.000098155935;0.000152564614;
2020;10;12;22;1;0.000131835210;0.000136498395;0.000094683838;0.000160382082;
2020;10;12;23;1;0.000117430537;0.000128682903;0.000088061071;0.000153829675;
2020;10;12;24;1;0.000097666802;0.000122455512;0.000081266663;0.000146298614;
2020;10;13;1;1;0.000071832518;0.000098158681;0.000075241541;0.000139552815;
2020;10;13;2;1;0.000059068277;0.000087670159;0.000071511267;0.000154805426;
2020;10;13;3;1;0.000052940628;0.000081866202;0.000069713002;0.000153234949;
2020;10;13;4;1;0.000050236702;0.000079051027;0.000068896436;0.000147587417;
2020;10;13;5;1;0.000049199015;0.000077948701;0.000068879525;0.000140546621;
2020;10;13;6;1;0.000050323100;0.000078694924;0.000071219214;0.000134744164;
2020;10;13;7;1;0.000058304844;0.000084587944;0.000079247193;0.000134014151;
2020;10;13;8;1;0.000079832039;0.000098908338;0.000097650952;0.000138117715;
2020;10;13;9;1;0.000094198728;0.000087993577;0.000120354700;0.000100700215;
2020;10;13;10;1;0.000098570025;0.000078312096;0.000137704881;0.000076381358;
2020;10;13;11;1;0.000103981756;0.000079502883;0.000144138428;0.000077085642;
2020;10;13;12;1;0.000105554290;0.000078406768;0.000145479083;0.000076005013;
2020;10;13;13;1;0.000109676278;0.000078242742;0.000147747322;0.000075990697;
2020;10;13;14;1;0.000116256800;0.000079872367;0.000141839826;0.000074797225;
2020;10;13;15;1;0.000113113527;0.000077741451;0.000127011268;0.000072077946;
2020;10;13;16;1;0.000103774696;0.000071005368;0.000122486508;0.000068435932;
2020;10;13;17;1;0.000099422289;0.000067423516;0.000123454181;0.000066646543;
2020;10;13;18;1;0.000101371666;0.000068170029;0.000123504185;0.000068070617;
2020;10;13;19;1;0.000104849774;0.000071432128;0.000120215364;0.000073201930;
2020;10;13;20;1;0.000115554205;0.000091031469;0.000121989332;0.000095043322;
2020;10;13;21;1;0.000134319515;0.000129271141;0.000123685934;0.000164696976;
2020;10;13;22;1;0.000136054224;0.000133986659;0.000108409992;0.000170044917;
2020;10;13;23;1;0.000117215027;0.000124318680;0.000093438495;0.000162239292;
2020;10;13;24;1;0.000094128502;0.000115054920;0.000083319257;0.000153399637;
2020;10;14;1;1;0.000075745867;0.000102673428;0.000079251854;0.000144163936;
2020;10;14;2;1;0.000062306201;0.000091735414;0.000075334363;0.000159993811;
2020;10;14;3;1;0.000055843663;0.000085664280;0.000073440222;0.000158376554;
2020;10;14;4;1;0.000052917506;0.000082590275;0.000072529252;0.000152244276;
2020;10;14;5;1;0.000051862408;0.000081505126;0.000072537570;0.000145130738;
2020;10;14;6;1;0.000052958234;0.000082132203;0.000074937805;0.000138817318;
2020;10;14;7;1;0.000061119363;0.000087900780;0.000083223679;0.000137316625;
2020;10;14;8;1;0.000083480769;0.000102501683;0.000102426605;0.000141036038;
2020;10;14;9;1;0.000098227148;0.000090905416;0.000126063530;0.000102425878;
2020;10;14;10;1;0.000102698096;0.000080827248;0.000144175343;0.000077598759;
2020;10;14;11;1;0.000108380786;0.000082093589;0.000150942012;0.000078358815;
2020;10;14;12;1;0.000109981184;0.000080930127;0.000152319237;0.000077222564;
2020;10;14;13;1;0.000114294099;0.000080775024;0.000154706243;0.000077225066;
2020;10;14;14;1;0.000121011998;0.000082351878;0.000148434419;0.000075890988;
2020;10;14;15;1;0.000117695100;0.000080120721;0.000132891027;0.000073093044;
2020;10;14;16;1;0.000107820277;0.000073059633;0.000128063462;0.000069258631;
2020;10;14;17;1;0.000103279978;0.000069360468;0.000129064161;0.000067430817;
2020;10;14;18;1;0.000105523956;0.000070290498;0.000129250493;0.000069070758;
2020;10;14;19;1;0.000109042615;0.000073577506;0.000125750407;0.000074180502;
2020;10;14;20;1;0.000120202124;0.000093788887;0.000127620468;0.000096343829;
2020;10;14;21;1;0.000139646708;0.000133107691;0.000129358827;0.000166829674;
2020;10;14;22;1;0.000141327759;0.000137831246;0.000113331825;0.000172044089;
2020;10;14;23;1;0.000121640061;0.000127747868;0.000097633093;0.000163925518;
2020;10;14;24;1;0.000097730782;0.000118293813;0.000087081916;0.000155099316;
2020;10;15;1;1;0.000076305999;0.000103337784;0.000079811522;0.000144893604;
2020;10;15;2;1;0.000062770955;0.000092335586;0.000075868719;0.000160818170;
2020;10;15;3;1;0.000056182925;0.000086093201;0.000073910202;0.000158889494;
2020;10;15;4;1;0.000053274891;0.000083066008;0.000073017988;0.000152880511;
2020;10;15;5;1;0.000052199044;0.000081950859;0.000073016807;0.000145684554;
2020;10;15;6;1;0.000053230910;0.000082458964;0.000075382704;0.000139088595;
2020;10;15;7;1;0.000061376030;0.000088157718;0.000083678515;0.000137403442;
2020;10;15;8;1;0.000083834477;0.000102805703;0.000102988056;0.000141133322;
2020;10;15;9;1;0.000098708081;0.000091241608;0.000126795934;0.000102590333;
2020;10;15;10;1;0.000103305539;0.000081217568;0.000145086405;0.000077832868;
2020;10;15;11;1;0.000109030873;0.000082497612;0.000151902147;0.000078604237;
2020;10;15;12;1;0.000110626610;0.000081316783;0.000153278228;0.000077450587;
2020;10;15;13;1;0.000114891116;0.000081103118;0.000155630330;0.000077384139;
2020;10;15;14;1;0.000121616423;0.000082665488;0.000149303983;0.000076023352;
2020;10;15;15;1;0.000118319428;0.000080453374;0.000133690190;0.000073251827;
2020;10;15;16;1;0.000108466766;0.000073419026;0.000128877895;0.000069475378;
2020;10;15;17;1;0.000103858745;0.000069671476;0.000129859651;0.000067605219;
2020;10;15;18;1;0.000105991044;0.000070513792;0.000129971079;0.000069136682;
2020;10;15;19;1;0.000109605407;0.000073871249;0.000126497716;0.000074326776;
2020;10;15;20;1;0.000120813209;0.000094155251;0.000128373980;0.000096523429;
2020;10;15;21;1;0.000140356196;0.000133627272;0.000130122193;0.000167140488;
2020;10;15;22;1;0.000142079105;0.000138405338;0.000114013960;0.000172420835;
2020;10;15;23;1;0.000122371403;0.000128378515;0.000098254935;0.000164441756;
2020;10;15;24;1;0.000098312494;0.000118869920;0.000087633889;0.000155575011;
2020;10;16;1;1;0.000078857868;0.000111910059;0.000082613723;0.000139180891;
2020;10;16;2;1;0.000065152519;0.000100484521;0.000078430415;0.000154593823;
2020;10;16;3;1;0.000057986273;0.000093707441;0.000075797309;0.000152344209;
2020;10;16;4;1;0.000054695774;0.000090312539;0.000075052629;0.000146340729;
2020;10;16;5;1;0.000053396823;0.000088837490;0.000074790281;0.000138446470;
2020;10;16;6;1;0.000054256545;0.000089094084;0.000076671607;0.000132222616;
2020;10;16;7;1;0.000062077133;0.000094685120;0.000084474225;0.000130644714;
2020;10;16;8;1;0.000084197409;0.000110157604;0.000104036811;0.000136395080;
2020;10;16;9;1;0.000100092031;0.000097101904;0.000127386027;0.000103858293;
2020;10;16;10;1;0.000106144859;0.000085493140;0.000145486705;0.000076330044;
2020;10;16;11;1;0.000112609342;0.000087273327;0.000151832642;0.000077358316;
2020;10;16;12;1;0.000114194194;0.000086053083;0.000153458813;0.000076647912;
2020;10;16;13;1;0.000117825765;0.000085434766;0.000155478402;0.000076480143;
2020;10;16;14;1;0.000124368490;0.000086354564;0.000149698778;0.000075751504;
2020;10;16;15;1;0.000121631226;0.000084363395;0.000132661317;0.000073173689;
2020;10;16;16;1;0.000111676578;0.000077164664;0.000124165985;0.000069085341;
2020;10;16;17;1;0.000106836864;0.000073192402;0.000122963447;0.000067773908;
2020;10;16;18;1;0.000107971416;0.000073391423;0.000122998951;0.000068419861;
2020;10;16;19;1;0.000109496420;0.000074641175;0.000121367012;0.000069798160;
2020;10;16;20;1;0.000118213879;0.000096693690;0.000127815058;0.000089570797;
2020;10;16;21;1;0.000133166572;0.000136827385;0.000134125671;0.000158019485;
2020;10;16;22;1;0.000136043476;0.000142149472;0.000119924420;0.000163082503;
2020;10;16;23;1;0.000120831487;0.000134428442;0.000105246777;0.000157165812;
2020;10;16;24;1;0.000101522841;0.000128731148;0.000095362744;0.000149825459;
2020;10;17;1;1;0.000085357354;0.000118313487;0.000088728137;0.000145741457;
2020;10;17;2;1;0.000071335395;0.000107069103;0.000082173650;0.000159289665;
2020;10;17;3;1;0.000062673033;0.000099381751;0.000078930432;0.000157488263;
2020;10;17;4;1;0.000058121690;0.000095079603;0.000077496576;0.000151507044;
2020;10;17;5;1;0.000055987059;0.000092907426;0.000077152851;0.000143901576;
2020;10;17;6;1;0.000055659780;0.000092562586;0.000078090244;0.000137934233;
2020;10;17;7;1;0.000057937905;0.000094541028;0.000080854616;0.000133776837;
2020;10;17;8;1;0.000065310795;0.000098588284;0.000086485761;0.000131593932;
2020;10;17;9;1;0.000080676030;0.000082227134;0.000086279329;0.000093047547;
2020;10;17;10;1;0.000103236909;0.000083447153;0.000093921941;0.000072818885;
2020;10;17;11;1;0.000119157286;0.000092821464;0.000104351189;0.000079394296;
2020;10;17;12;1;0.000123032977;0.000093663974;0.000109081150;0.000079863384;
2020;10;17;13;1;0.000125192299;0.000091818624;0.000111261447;0.000079421310;
2020;10;17;14;1;0.000132634659;0.000092321224;0.000108227841;0.000078385019;
2020;10;17;15;1;0.000130684970;0.000090625468;0.000101345092;0.000076194210;
2020;10;17;16;1;0.000114507181;0.000080147111;0.000098094529;0.000069060918;
2020;10;17;17;1;0.000104758075;0.000073737686;0.000096743207;0.000065319972;
2020;10;17;18;1;0.000102105469;0.000071751377;0.000097888655;0.000064546367;
2020;10;17;19;1;0.000103091991;0.000072459923;0.000098407669;0.000065591366;
2020;10;17;20;1;0.000110838427;0.000093126363;0.000109330567;0.000084372502;
2020;10;17;21;1;0.000126197058;0.000134049642;0.000121495260;0.000157311992;
2020;10;17;22;1;0.000131656445;0.000140948927;0.000113250868;0.000165896791;
2020;10;17;23;1;0.000118758949;0.000134418794;0.000103302007;0.000160308820;
2020;10;17;24;1;0.000102198152;0.000130102936;0.000095077708;0.000153674059;
2020;10;18;1;1;0.000083501807;0.000113664090;0.000085944490;0.000140242926;
2020;10;18;2;1;0.000070310955;0.000103009393;0.000079084249;0.000150050249;
2020;10;18;3;1;0.000062057565;0.000095726213;0.000075866193;0.000146956790;
2020;10;18;4;1;0.000057247482;0.000091225540;0.000074413499;0.000141516768;
2020;10;18;5;1;0.000054534555;0.000088576096;0.000074013186;0.000135605114;
2020;10;18;6;1;0.000053726561;0.000087953507;0.000074886719;0.000130917177;
2020;10;18;7;1;0.000055282654;0.000089869299;0.000076350823;0.000129207826;
2020;10;18;8;1;0.000059134778;0.000091173010;0.000077582066;0.000125013744;
2020;10;18;9;1;0.000069163178;0.000072762011;0.000071784434;0.000085862979;
2020;10;18;10;1;0.000088950116;0.000072624389;0.000075069417;0.000066861828;
2020;10;18;11;1;0.000107566080;0.000084413806;0.000080518491;0.000072953593;
2020;10;18;12;1;0.000116156728;0.000089326562;0.000084782099;0.000075861477;
2020;10;18;13;1;0.000119506130;0.000088898439;0.000087558817;0.000075751907;
2020;10;18;14;1;0.000125161234;0.000088182229;0.000087973724;0.000074119888;
2020;10;18;15;1;0.000124351696;0.000086444754;0.000086444811;0.000073008714;
2020;10;18;16;1;0.000109825126;0.000076754708;0.000084116119;0.000066288599;
2020;10;18;17;1;0.000100366010;0.000070443638;0.000081270496;0.000062723702;
2020;10;18;18;1;0.000096952641;0.000067952963;0.000079343209;0.000061581422;
2020;10;18;19;1;0.000098850777;0.000069042706;0.000081090675;0.000062772573;
2020;10;18;20;1;0.000109586778;0.000089171241;0.000089388828;0.000080652226;
2020;10;18;21;1;0.000129883630;0.000132421325;0.000100773420;0.000154180149;
2020;10;18;22;1;0.000134966243;0.000139077449;0.000097209603;0.000162085064;
2020;10;18;23;1;0.000120438692;0.000131379723;0.000090492920;0.000155855656;
2020;10;18;24;1;0.000100081755;0.000124901408;0.000083474468;0.000148047436;
2020;10;19;1;1;0.000080594045;0.000110571928;0.000077784977;0.000145338027;
2020;10;19;2;1;0.000062789490;0.000095210731;0.000074342144;0.000149520254;
2020;10;19;3;1;0.000056408208;0.000089212275;0.000072261974;0.000146710199;
2020;10;19;4;1;0.000053488567;0.000086258598;0.000071522672;0.000141566552;
2020;10;19;5;1;0.000052417382;0.000085135636;0.000071778288;0.000136783165;
2020;10;19;6;1;0.000053366815;0.000085544530;0.000073914261;0.000132229347;
2020;10;19;7;1;0.000061522282;0.000091440696;0.000082316387;0.000133300132;
2020;10;19;8;1;0.000083381730;0.000103172597;0.000100055779;0.000135073763;
2020;10;19;9;1;0.000098348578;0.000089919562;0.000123828637;0.000095990894;
2020;10;19;10;1;0.000104048328;0.000083007199;0.000143596250;0.000076905930;
2020;10;19;11;1;0.000110206574;0.000084574442;0.000150443253;0.000077712935;
2020;10;19;12;1;0.000111843244;0.000083204041;0.000151761504;0.000076962220;
2020;10;19;13;1;0.000115967390;0.000082512645;0.000154007086;0.000076416281;
2020;10;19;14;1;0.000122894746;0.000084216761;0.000147575004;0.000074711061;
2020;10;19;15;1;0.000119754906;0.000082100965;0.000132155585;0.000072529725;
2020;10;19;16;1;0.000109409376;0.000074700005;0.000127377844;0.000068639773;
2020;10;19;17;1;0.000104696298;0.000070768006;0.000128399176;0.000066988049;
2020;10;19;18;1;0.000106703688;0.000071454364;0.000128947168;0.000068189339;
2020;10;19;19;1;0.000111665032;0.000079841133;0.000127049803;0.000077967180;
2020;10;19;20;1;0.000123951368;0.000100811043;0.000128094886;0.000101478893;
2020;10;19;21;1;0.000143137883;0.000138441257;0.000128627233;0.000163862572;
2020;10;19;22;1;0.000144621127;0.000143464573;0.000112418715;0.000169882891;
2020;10;19;23;1;0.000123609977;0.000133728017;0.000096797642;0.000162019951;
2020;10;19;24;1;0.000098312544;0.000122916963;0.000086543876;0.000152303978;
2020;10;20;1;1;0.000076745796;0.000103783905;0.000080453016;0.000145081655;
2020;10;20;2;1;0.000063124384;0.000092720506;0.000076473564;0.000160996813;
2020;10;20;3;1;0.000056568109;0.000086569068;0.000074544972;0.000159334532;
2020;10;20;4;1;0.000053633998;0.000083514498;0.000073640919;0.000153284169;
2020;10;20;5;1;0.000052571936;0.000082429958;0.000073654504;0.000146150278;
2020;10;20;6;1;0.000053668886;0.000083040250;0.000076081973;0.000139741927;
2020;10;20;7;1;0.000061848709;0.000088727570;0.000084432871;0.000137948083;
2020;10;20;8;1;0.000084517111;0.000103520703;0.000103938998;0.000141779641;
2020;10;20;9;1;0.000099664297;0.000092032664;0.000128064549;0.000103279799;
2020;10;20;10;1;0.000104156005;0.000081790554;0.000146432498;0.000078199095;
2020;10;20;11;1;0.000109952379;0.000083099705;0.000153328141;0.000078997952;
2020;10;20;12;1;0.000111806539;0.000082110078;0.000154886971;0.000078075893;
2020;10;20;13;1;0.000116152809;0.000081922724;0.000157288463;0.000078042612;
2020;10;20;14;1;0.000123044526;0.000083570609;0.000150951931;0.000076749945;
2020;10;20;15;1;0.000119550568;0.000081214916;0.000135076095;0.000073816582;
2020;10;20;16;1;0.000109384059;0.000073955276;0.000130088082;0.000069823855;
2020;10;20;17;1;0.000104679914;0.000070137783;0.000131043362;0.000067892740;
2020;10;20;18;1;0.000106911129;0.000071046348;0.000131206073;0.000069504907;
2020;10;20;19;1;0.000110757269;0.000074579194;0.000127815003;0.000074911323;
2020;10;20;20;1;0.000122343267;0.000095283067;0.000129848637;0.000097571583;
2020;10;20;21;1;0.000141470957;0.000134527019;0.000131310464;0.000167860054;
2020;10;20;22;1;0.000143060977;0.000139179105;0.000114995737;0.000172918630;
2020;10;20;23;1;0.000123089949;0.000128948338;0.000099049718;0.000164680792;
2020;10;20;24;1;0.000098822369;0.000119307026;0.000088312790;0.000155653155;
2020;10;21;1;1;0.000076273187;0.000103282600;0.000079805716;0.000144775677;
2020;10;21;2;1;0.000062756030;0.000092305968;0.000075870544;0.000160729980;
2020;10;21;3;1;0.000056226806;0.000086163003;0.000073949695;0.000159026864;
2020;10;21;4;1;0.000053286304;0.000083081048;0.000073036305;0.000152892377;
2020;10;21;5;1;0.000052193873;0.000081937159;0.000073023705;0.000145632391;
2020;10;21;6;1;0.000053309129;0.000082588998;0.000075448733;0.000139342611;
2020;10;21;7;1;0.000061523024;0.000088387586;0.000083790174;0.000137832292;
2020;10;21;8;1;0.000084010075;0.000103039243;0.000103110430;0.000141513675;
2020;10;21;9;1;0.000099031763;0.000091568931;0.000127021810;0.000103035392;
2020;10;21;10;1;0.000103402757;0.000081297864;0.000145175528;0.000077917475;
2020;10;21;11;1;0.000109009566;0.000082475008;0.000151909106;0.000078565657;
2020;10;21;12;1;0.000110762999;0.000081423544;0.000153394738;0.000077566173;
2020;10;21;13;1;0.000115067819;0.000081237082;0.000155772416;0.000077532367;
2020;10;21;14;1;0.000121861197;0.000082845583;0.000149475899;0.000076218901;
2020;10;21;15;1;0.000118362626;0.000080481429;0.000133733801;0.000073272870;
2020;10;21;16;1;0.000108490704;0.000073432845;0.000128910649;0.000069481387;
2020;10;21;17;1;0.000103772668;0.000069603308;0.000129824661;0.000067512364;
2020;10;21;18;1;0.000105867322;0.000070418271;0.000129914092;0.000069009187;
2020;10;21;19;1;0.000109622048;0.000073879480;0.000126525576;0.000074326008;
2020;10;21;20;1;0.000121188763;0.000094475351;0.000128591232;0.000096920085;
2020;10;21;21;1;0.000140216873;0.000133472394;0.000130076090;0.000166873947;
2020;10;21;22;1;0.000141901479;0.000138205582;0.000113958436;0.000172085642;
2020;10;21;23;1;0.000122137408;0.000128098868;0.000098174468;0.000163971248;
2020;10;21;24;1;0.000098075630;0.000118545256;0.000087540448;0.000155022054;
2020;10;22;1;1;0.000076557598;0.000103582094;0.000080195102;0.000144958804;
2020;10;22;2;1;0.000062942674;0.000092496295;0.000076212059;0.000160765253;
2020;10;22;3;1;0.000056400598;0.000086351790;0.000074286967;0.000159087125;
2020;10;22;4;1;0.000053530430;0.000083400545;0.000073423925;0.000153265941;
2020;10;22;5;1;0.000052382528;0.000082164268;0.000073375980;0.000145792849;
2020;10;22;6;1;0.000053503588;0.000082820889;0.000075814096;0.000139502017;
2020;10;22;7;1;0.000061671979;0.000088515177;0.000084144893;0.000137754258;
2020;10;22;8;1;0.000084365874;0.000103395853;0.000103639867;0.000141791340;
2020;10;22;9;1;0.000099392326;0.000091825450;0.000127636162;0.000103152842;
2020;10;22;10;1;0.000103787385;0.000081532729;0.000145883395;0.000078014822;
2020;10;22;11;1;0.000109535151;0.000082814158;0.000152733568;0.000078783757;
2020;10;22;12;1;0.000111254655;0.000081723778;0.000154197887;0.000077740372;
2020;10;22;13;1;0.000115674779;0.000081612021;0.000156653220;0.000077796271;
2020;10;22;14;1;0.000122524740;0.000083243583;0.000150333930;0.000076496216;
2020;10;22;15;1;0.000119042154;0.000080894530;0.000134521242;0.000073569565;
2020;10;22;16;1;0.000108961235;0.000073695314;0.000129579060;0.000069627607;
2020;10;22;17;1;0.000104356886;0.000069952034;0.000130581626;0.000067775578;
2020;10;22;18;1;0.000106578171;0.000070855942;0.000130741905;0.000069382199;
2020;10;22;19;1;0.000110344673;0.000074328649;0.000127323899;0.000074715310;
2020;10;22;20;1;0.000121782473;0.000094871999;0.000129294102;0.000097199613;
2020;10;22;21;1;0.000140882240;0.000134009963;0.000130777097;0.000167319577;
2020;10;22;22;1;0.000142688376;0.000138884835;0.000114618466;0.000172735173;
2020;10;22;23;1;0.000122876844;0.000128800771;0.000098768128;0.000164705562;
2020;10;22;24;1;0.000098709519;0.000119248712;0.000088087646;0.000155804489;
2020;10;23;1;1;0.000078073496;0.000111034415;0.000081657398;0.000138608662;
2020;10;23;2;1;0.000064512628;0.000099712302;0.000077527397;0.000153985365;
2020;10;23;3;1;0.000057390429;0.000092939962;0.000074907347;0.000151648276;
2020;10;23;4;1;0.000054140151;0.000089584652;0.000074175794;0.000145696204;
2020;10;23;5;1;0.000052819517;0.000088056886;0.000073892109;0.000137710434;
2020;10;23;6;1;0.000053703248;0.000088372182;0.000075774229;0.000131633459;
2020;10;23;7;1;0.000061433400;0.000093899771;0.000083478269;0.000130031172;
2020;10;23;8;1;0.000083360874;0.000109297199;0.000102832804;0.000135837240;
2020;10;23;9;1;0.000099160157;0.000096411022;0.000125951695;0.000103524000;
2020;10;23;10;1;0.000104874388;0.000084631759;0.000143655332;0.000075800939;
2020;10;23;11;1;0.000111337158;0.000086459285;0.000149972376;0.000076894627;
2020;10;23;12;1;0.000112955121;0.000085293215;0.000151612901;0.000076236260;
2020;10;23;13;1;0.000116587551;0.000084712863;0.000153634734;0.000076105888;
2020;10;23;14;1;0.000123067662;0.000085629626;0.000147927374;0.000075385998;
2020;10;23;15;1;0.000120466748;0.000083738338;0.000131150258;0.000072911050;
2020;10;23;16;1;0.000110522238;0.000076527457;0.000122704296;0.000068763924;
2020;10;23;17;1;0.000105720441;0.000072578766;0.000121508935;0.000067447887;
2020;10;23;18;1;0.000106850079;0.000072781376;0.000121547955;0.000068096894;
2020;10;23;19;1;0.000108292726;0.000073970220;0.000119898557;0.000069409329;
2020;10;23;20;1;0.000117083906;0.000095979071;0.000126359720;0.000089251877;
2020;10;23;21;1;0.000131701996;0.000135596711;0.000132502408;0.000157138323;
2020;10;23;22;1;0.000134374204;0.000140669949;0.000118396249;0.000161885120;
2020;10;23;23;1;0.000119198547;0.000132843274;0.000103839951;0.000155739777;
2020;10;23;24;1;0.000100114477;0.000127161702;0.000094071160;0.000148390468;
2020;10;24;1;1;0.000083202431;0.000115815704;0.000086392988;0.000143669455;
2020;10;24;2;1;0.000069571956;0.000104871421;0.000080032675;0.000157142180;
2020;10;24;3;1;0.000061147008;0.000097382985;0.000076888692;0.000155446815;
2020;10;24;4;1;0.000056711957;0.000093177319;0.000075495619;0.000149562950;
2020;10;24;5;1;0.000054599235;0.000090993284;0.000075140241;0.000141947139;
2020;10;24;6;1;0.000054374390;0.000090830592;0.000076119243;0.000136389283;
2020;10;24;7;1;0.000056624454;0.000092816753;0.000078830884;0.000132358319;
2020;10;24;8;1;0.000063776149;0.000096699062;0.000084285493;0.000130045066;
2020;10;24;9;1;0.000078758667;0.000080626749;0.000084072825;0.000091917058;
2020;10;24;10;1;0.000100735658;0.000081779991;0.000091498330;0.000071886874;
2020;10;24;11;1;0.000116180603;0.000090889117;0.000101619043;0.000078294461;
2020;10;24;12;1;0.000120101205;0.000091834505;0.000106287871;0.000078886357;
2020;10;24;13;1;0.000122516802;0.000090277106;0.000108548756;0.000078724171;
2020;10;24;14;1;0.000129869561;0.000090825160;0.000105617531;0.000077754447;
2020;10;24;15;1;0.000128006687;0.000089192526;0.000098918854;0.000075618767;
2020;10;24;16;1;0.000112078276;0.000078815763;0.000095710730;0.000068470075;
2020;10;24;17;1;0.000102310307;0.000072335534;0.000094288265;0.000064563352;
2020;10;24;18;1;0.000099873692;0.000070507830;0.000095478185;0.000063935751;
2020;10;24;19;1;0.000100824420;0.000071192972;0.000095977531;0.000064958299;
2020;10;24;20;1;0.000108652345;0.000091734535;0.000106753996;0.000083828812;
2020;10;24;21;1;0.000123347277;0.000131617923;0.000118459716;0.000155663202;
2020;10;24;22;1;0.000128628079;0.000138326000;0.000110397536;0.000164060190;
2020;10;24;23;1;0.000116038719;0.000131931855;0.000100704339;0.000158555752;
2020;10;24;24;1;0.000099933407;0.000127803968;0.000092722312;0.000152154110;
2020;10;25;1;1;0.000082900104;0.000113113802;0.000085291185;0.000140038529;
2020;10;25;2;1;0.000069751258;0.000102424157;0.000078453238;0.000149673564;
2020;10;25;2;0;0.000065345439;0.000098286808;0.000076677330;0.000147172829;
2020;10;25;3;0;0.000061138408;0.000094451805;0.000075001274;0.000145180615;
2020;10;25;4;0;0.000056483224;0.000090159342;0.000073619781;0.000140094012;
2020;10;25;5;0;0.000053876426;0.000087667310;0.000073271196;0.000134484485;
2020;10;25;6;0;0.000053168840;0.000087216434;0.000074199074;0.000130144087;
2020;10;25;7;0;0.000054766629;0.000089220965;0.000075689572;0.000128634045;
2020;10;25;8;0;0.000058478007;0.000090335260;0.000076841563;0.000124148700;
2020;10;25;9;0;0.000068856100;0.000072634146;0.000071337511;0.000086070892;
2020;10;25;10;0;0.000088925666;0.000072833834;0.000074757945;0.000067413464;
2020;10;25;11;0;0.000106943389;0.000084138338;0.000079963473;0.000072991635;
2020;10;25;12;0;0.000115330354;0.000088903206;0.000084141521;0.000075760596;
2020;10;25;13;0;0.000118489022;0.000088338874;0.000086836052;0.000075503547;
2020;10;25;14;0;0.000124496310;0.000087941146;0.000087388473;0.000074207478;
2020;10;25;15;0;0.000123383443;0.000085970421;0.000085762478;0.000072843358;
2020;10;25;16;0;0.000109090170;0.000076427016;0.000083498357;0.000066239492;
2020;10;25;17;0;0.000099863896;0.000070275418;0.000080742258;0.000062825230;
2020;10;25;18;0;0.000096608455;0.000067900751;0.000078884852;0.000061806513;
2020;10;25;19;0;0.000099702176;0.000069926028;0.000081112646;0.000064072878;
2020;10;25;20;0;0.000110166864;0.000089982126;0.000089265292;0.000081947805;
2020;10;25;21;0;0.000128742775;0.000131547593;0.000099927819;0.000153615965;
2020;10;25;22;0;0.000133348618;0.000137664533;0.000096237389;0.000160770460;
2020;10;25;23;0;0.000119063435;0.000130127828;0.000089613650;0.000154714435;
2020;10;25;24;0;0.000098880547;0.000123629938;0.000082639221;0.000146842042;
2020;10;26;1;0;0.000079867381;0.000109664876;0.000077253997;0.000144219088;
2020;10;26;2;0;0.000062328497;0.000094606818;0.000073897300;0.000148716206;
2020;10;26;3;0;0.000056019543;0.000088691162;0.000071846020;0.000146013027;
2020;10;26;4;0;0.000053097041;0.000085713438;0.000071095733;0.000140808572;
2020;10;26;5;0;0.000052067114;0.000084657929;0.000071372751;0.000136172076;
2020;10;26;6;0;0.000053098412;0.000085221846;0.000073557730;0.000131943120;
2020;10;26;7;0;0.000061172876;0.000091029526;0.000081892805;0.000132890082;
2020;10;26;8;0;0.000082734116;0.000102469128;0.000099436341;0.000134265870;
2020;10;26;9;0;0.000097590297;0.000089312353;0.000123064920;0.000095425382;
2020;10;26;10;0;0.000103498140;0.000082670391;0.000142884472;0.000076712452;
2020;10;26;11;0;0.000109622972;0.000084230550;0.000149696948;0.000077516600;
2020;10;26;12;0;0.000111299513;0.000082905865;0.000151041698;0.000076814193;
2020;10;26;13;0;0.000115391472;0.000082207347;0.000153268543;0.000076258192;
2020;10;26;14;0;0.000122396132;0.000083990320;0.000146934389;0.000074651091;
2020;10;26;15;0;0.000119359011;0.000081948832;0.000131631600;0.000072547372;
2020;10;26;16;0;0.000109117809;0.000074614899;0.000126913471;0.000068717943;
2020;10;26;17;0;0.000104317229;0.000070612116;0.000127869776;0.000066975086;
2020;10;26;18;0;0.000106485145;0.000071422047;0.000128516632;0.000068325829;
2020;10;26;19;0;0.000112608754;0.000080738702;0.000127289302;0.000079268065;
2020;10;26;20;0;0.000124654681;0.000101632088;0.000128160448;0.000102776029;
2020;10;26;21;0;0.000142531856;0.000138041832;0.000128057478;0.000163690809;
2020;10;26;22;0;0.000143925421;0.000142958770;0.000111888083;0.000169569172;
2020;10;26;23;0;0.000123069635;0.000133321775;0.000096362163;0.000161819300;
2020;10;26;24;0;0.000097746616;0.000122354305;0.000086094373;0.000151822314;
2020;10;27;1;0;0.000076468997;0.000103430133;0.000080264250;0.000144586945;
2020;10;27;2;0;0.000062819061;0.000092277620;0.000076247154;0.000160172188;
2020;10;27;3;0;0.000056327699;0.000086211962;0.000074346295;0.000158647780;
2020;10;27;4;0;0.000053443543;0.000083234850;0.000073470440;0.000152772227;
2020;10;27;5;0;0.000052409078;0.000082195446;0.000073500722;0.000145754092;
2020;10;27;6;0;0.000053571514;0.000082922477;0.000075971961;0.000139612468;
2020;10;27;7;0;0.000061840178;0.000088767318;0.000084381095;0.000138143490;
2020;10;27;8;0;0.000084363272;0.000103373230;0.000103788349;0.000141647283;
2020;10;27;9;0;0.000099566826;0.000091987774;0.000127932710;0.000103304599;
2020;10;27;10;0;0.000104257081;0.000081927813;0.000146424412;0.000078429732;
2020;10;27;11;0;0.000109766087;0.000082993007;0.000153115358;0.000078938258;
2020;10;27;12;0;0.000111310017;0.000081754011;0.000154459083;0.000077718962;
2020;10;27;13;0;0.000115466133;0.000081433615;0.000156737863;0.000077526634;
2020;10;27;14;0;0.000122342571;0.000083091039;0.000150438573;0.000076265208;
2020;10;27;15;0;0.000119074481;0.000080904201;0.000134733684;0.000073526461;
2020;10;27;16;0;0.000109193980;0.000073856740;0.000129904765;0.000069766833;
2020;10;27;17;0;0.000104698283;0.000070193553;0.000130983861;0.000068018132;
2020;10;27;18;0;0.000106945739;0.000071114542;0.000131156250;0.000069647573;
2020;10;27;19;0;0.000111785272;0.000075393907;0.000128337308;0.000076000276;
2020;10;27;20;0;0.000123239966;0.000096116935;0.000130253156;0.000098724006;
2020;10;27;21;0;0.000141583389;0.000134726358;0.000131291968;0.000168313324;
2020;10;27;22;0;0.000142960381;0.000139153639;0.000114893325;0.000173025684;
2020;10;27;23;0;0.000123089987;0.000129025509;0.000098996463;0.000164943420;
2020;10;27;24;0;0.000098591743;0.000119069097;0.000088161903;0.000155397499;
2020;10;28;1;0;0.000077118943;0.000104134280;0.000081015965;0.000145151777;
2020;10;28;2;0;0.000063478233;0.000093109958;0.000077037248;0.000161239734;
2020;10;28;3;0;0.000056905979;0.000086967924;0.000075108203;0.000159655638;
2020;10;28;4;0;0.000053974756;0.000083934545;0.000074211365;0.000153673750;
2020;10;28;5;0;0.000052853461;0.000082753179;0.000074188332;0.000146319432;
2020;10;28;6;0;0.000054023771;0.000083481742;0.000076681281;0.000140146857;
2020;10;28;7;0;0.000062366667;0.000089373064;0.000085171926;0.000138686014;
2020;10;28;8;0;0.000084989459;0.000103953406;0.000104704627;0.000141989176;
2020;10;28;9;0;0.000100115445;0.000092308958;0.000128939572;0.000103281036;
2020;10;28;10;0;0.000104826184;0.000082209294;0.000147572699;0.000078406662;
2020;10;28;11;0;0.000110526752;0.000083413539;0.000154429028;0.000079075402;
2020;10;28;12;0;0.000112226288;0.000082286305;0.000155884972;0.000077993802;
2020;10;28;13;0;0.000116518611;0.000082043625;0.000158254035;0.000077895516;
2020;10;28;14;0;0.000123507676;0.000083751056;0.000151924684;0.000076670985;
2020;10;28;15;0;0.000120096487;0.000081462478;0.000136001165;0.000073822167;
2020;10;28;16;0;0.000110117569;0.000074356177;0.000131118699;0.000070035413;
2020;10;28;17;0;0.000105533077;0.000070630452;0.000132176133;0.000068234334;
2020;10;28;18;0;0.000107913342;0.000071641935;0.000132420530;0.000069972481;
2020;10;28;19;0;0.000112643082;0.000075838163;0.000129486096;0.000076210563;
2020;10;28;20;0;0.000124222330;0.000096714988;0.000131438541;0.000099037666;
2020;10;28;21;0;0.000142641171;0.000135489981;0.000132453817;0.000168732081;
2020;10;28;22;0;0.000144136851;0.000140059329;0.000115953766;0.000173637188;
2020;10;28;23;0;0.000124301493;0.000130095888;0.000099990502;0.000165892770;
2020;10;28;24;0;0.000099719443;0.000120267691;0.000089117448;0.000156635094;
2020;10;29;1;0;0.000077519114;0.000104647938;0.000081301565;0.000145873202;
2020;10;29;2;0;0.000063734864;0.000093450792;0.000077264569;0.000161785289;
2020;10;29;3;0;0.000057101028;0.000087226895;0.000075306666;0.000160059887;
2020;10;29;4;0;0.000054175880;0.000084212346;0.000074418501;0.000154126695;
2020;10;29;5;0;0.000053075052;0.000083069989;0.000074412569;0.000146845876;
2020;10;29;6;0;0.000054203224;0.000083720665;0.000076879575;0.000140482205;
2020;10;29;7;0;0.000062514451;0.000089534262;0.000085351811;0.000138834100;
2020;10;29;8;0;0.000085232453;0.000104197424;0.000104951358;0.000142237276;
2020;10;29;9;0;0.000100374692;0.000092497936;0.000129226220;0.000103422545;
2020;10;29;10;0;0.000105069498;0.000082353070;0.000147881072;0.000078484794;
2020;10;29;11;0;0.000110741829;0.000083524667;0.000154722772;0.000079113040;
2020;10;29;12;0;0.000112383363;0.000082346008;0.000156138929;0.000077971811;
2020;10;29;13;0;0.000116663228;0.000082088716;0.000158499300;0.000077856444;
2020;10;29;14;0;0.000123579746;0.000083735975;0.000152110011;0.000076562794;
2020;10;29;15;0;0.000120181632;0.000081459137;0.000136175665;0.000073730761;
2020;10;29;16;0;0.000110225804;0.000074375714;0.000131305003;0.000069975174;
2020;10;29;17;0;0.000105583938;0.000070609692;0.000132330937;0.000068128124;
2020;10;29;18;0;0.000107895905;0.000071569703;0.000132532939;0.000069801201;
2020;10;29;19;0;0.000112699529;0.000075817579;0.000129638675;0.000076094364;
2020;10;29;20;0;0.000124324069;0.000096722855;0.000131614373;0.000098930223;
2020;10;29;21;0;0.000142706251;0.000135446484;0.000132606865;0.000168464468;
2020;10;29;22;0;0.000144186825;0.000139997504;0.000116081101;0.000173336361;
2020;10;29;23;0;0.000124468860;0.000130182687;0.000100150601;0.000165834262;
2020;10;29;24;0;0.000099888892;0.000120394982;0.000089275958;0.000156656111;
2020;10;30;1;0;0.000079372400;0.000112528135;0.000083252240;0.000139643778;
2020;10;30;2;0;0.000065526633;0.000100952216;0.000079005840;0.000154940587;
2020;10;30;3;0;0.000058330681;0.000094164062;0.000076360996;0.000152727149;
2020;10;30;4;0;0.000055020998;0.000090753261;0.000075611054;0.000146709792;
2020;10;30;5;0;0.000053689928;0.000089225909;0.000075329738;0.000138707698;
2020;10;30;6;0;0.000054632634;0.000089626291;0.000077279981;0.000132736225;
2020;10;30;7;0;0.000062538747;0.000095303820;0.000085165706;0.000131243899;
2020;10;30;8;0;0.000084617574;0.000110578086;0.000104761512;0.000136557430;
2020;10;30;9;0;0.000100688701;0.000097577368;0.000128334864;0.000104122287;
2020;10;30;10;0;0.000106770381;0.000085905334;0.000146565274;0.000076517014;
2020;10;30;11;0;0.000113149002;0.000087587487;0.000152874521;0.000077429986;
2020;10;30;12;0;0.000114843206;0.000086447931;0.000154580438;0.000076813343;
2020;10;30;13;0;0.000118486542;0.000085819625;0.000156608962;0.000076637198;
2020;10;30;14;0;0.000125089273;0.000086761589;0.000150801164;0.000075926931;
2020;10;30;15;0;0.000122424915;0.000084829350;0.000133686802;0.000073416973;
2020;10;30;16;0;0.000112497841;0.000077661816;0.000125177341;0.000069394235;
2020;10;30;17;0;0.000107726185;0.000073742820;0.000124024591;0.000068168129;
2020;10;30;18;0;0.000108973095;0.000074021034;0.000124118928;0.000068908324;
2020;10;30;19;0;0.000111618985;0.000076119881;0.000123083128;0.000071277050;
2020;10;30;20;0;0.000120292864;0.000098416163;0.000129507609;0.000091245173;
2020;10;30;21;0;0.000134090331;0.000137645595;0.000135190124;0.000158634836;
2020;10;30;22;0;0.000136652197;0.000142611584;0.000120727284;0.000163164651;
2020;10;30;23;0;0.000121524082;0.000135052769;0.000106018133;0.000157516987;
2020;10;30;24;0;0.000101919901;0.000129068943;0.000095974561;0.000149783121;
2020;10;31;1;0;0.000084359208;0.000117191725;0.000087641744;0.000144868830;
2020;10;31;2;0;0.000070452211;0.000105972058;0.000081139271;0.000158183172;
2020;10;31;3;0;0.000061885684;0.000098343272;0.000077929777;0.000156353882;
2020;10;31;4;0;0.000057410233;0.000094120126;0.000076526640;0.000150483584;
2020;10;31;5;0;0.000055306408;0.000091978503;0.000076190452;0.000142946223;
2020;10;31;6;0;0.000055154962;0.000091955459;0.000077236494;0.000137613985;
2020;10;31;7;0;0.000057403644;0.000093905015;0.000079964437;0.000133438214;
2020;10;31;8;0;0.000064460567;0.000097507837;0.000085370109;0.000130560802;
2020;10;31;9;0;0.000079705678;0.000081416722;0.000085208956;0.000092445975;
2020;10;31;10;0;0.000102233414;0.000082839335;0.000092864615;0.000072583558;
2020;10;31;11;0;0.000117556071;0.000091761031;0.000102982757;0.000078725163;
2020;10;31;12;0;0.000121281139;0.000092510378;0.000107607024;0.000079100955;
2020;10;31;13;0;0.000123666159;0.000090897172;0.000109871821;0.000078890243;
2020;10;31;14;0;0.000131183616;0.000091523303;0.000106943623;0.000077997930;
2020;10;31;15;0;0.000129342853;0.000089909832;0.000100176528;0.000075889222;
2020;10;31;16;0;0.000113354297;0.000079532228;0.000096973300;0.000068803981;
2020;10;31;17;0;0.000103600677;0.000073091486;0.000095590075;0.000064987479;
2020;10;31;18;0;0.000101143072;0.000071252309;0.000096801080;0.000064364374;
2020;10;31;19;0;0.000103406746;0.000072964106;0.000097924544;0.000066554810;
2020;10;31;20;0;0.000110924622;0.000093538151;0.000108670007;0.000085342765;
2020;10;31;21;0;0.000124833183;0.000132910862;0.000120061677;0.000156564256;
2020;10;31;22;0;0.000129686339;0.000139099887;0.000111678100;0.000164148905;
2020;10;31;23;0;0.000117254709;0.000132998912;0.000101986706;0.000159132032;
2020;10;31;24;0;0.000100754696;0.000128517493;0.000093797781;0.000152233321;
