AŃO;MES;DIA;HORA;VERANO(1)/INVIERNO(0);COEF. PERFIL A;COEF. PERFIL B;COEF. PERFIL C;COEF. PERFIL D;
2016;01;01;1;0;0.000100538995;0.000210423265;0.000072873211;0.000161937435;
2016;01;01;2;0;0.000084422805;0.000198536075;0.000069269925;0.000164531231;
2016;01;01;3;0;0.000072164903;0.000184358935;0.000067289877;0.000158192709;
2016;01;01;4;0;0.000064326853;0.000172812127;0.000066619969;0.000150935264;
2016;01;01;5;0;0.000060033992;0.000168553192;0.000066410285;0.000145417956;
2016;01;01;6;0;0.000058649694;0.000175487018;0.000067882897;0.000143330228;
2016;01;01;7;0;0.000060533905;0.000177793570;0.000068930536;0.000145993160;
2016;01;01;8;0;0.000064780168;0.000172843939;0.000070447629;0.000152116321;
2016;01;01;9;0;0.000074009305;0.000127644108;0.000066691506;0.000094001222;
2016;01;01;10;0;0.000092270658;0.000105807067;0.000065195060;0.000051617884;
2016;01;01;11;0;0.000111546945;0.000108868853;0.000069107161;0.000055895073;
2016;01;01;12;0;0.000123083522;0.000099658069;0.000072980050;0.000059153815;
2016;01;01;13;0;0.000127466035;0.000075159038;0.000075957352;0.000058832528;
2016;01;01;14;0;0.000131133653;0.000074387566;0.000075508729;0.000057310244;
2016;01;01;15;0;0.000131248896;0.000073280166;0.000073393126;0.000057799548;
2016;01;01;16;0;0.000119164932;0.000066034258;0.000069996501;0.000055347644;
2016;01;01;17;0;0.000113584962;0.000063428928;0.000068878821;0.000050604144;
2016;01;01;18;0;0.000116318084;0.000067981000;0.000069610887;0.000050185421;
2016;01;01;19;0;0.000132499363;0.000127090938;0.000081988151;0.000146646051;
2016;01;01;20;0;0.000143026473;0.000158865276;0.000087603613;0.000222576723;
2016;01;01;21;0;0.000151847231;0.000162958964;0.000086908799;0.000224962236;
2016;01;01;22;0;0.000153957224;0.000167187108;0.000083185500;0.000221484187;
2016;01;01;23;0;0.000136549587;0.000205221841;0.000077390343;0.000192305430;
2016;01;01;24;0;0.000113295595;0.000214369082;0.000071439436;0.000175558497;
2016;01;02;1;0;0.000097212790;0.000208860611;0.000072077587;0.000162161171;
2016;01;02;2;0;0.000077774905;0.000194291168;0.000068248270;0.000167052034;
2016;01;02;3;0;0.000066460658;0.000179898111;0.000066450637;0.000162400450;
2016;01;02;4;0;0.000060454340;0.000169605972;0.000065581785;0.000155325813;
2016;01;02;5;0;0.000058025589;0.000167155528;0.000066035875;0.000148830262;
2016;01;02;6;0;0.000058154070;0.000175338797;0.000067316084;0.000148202080;
2016;01;02;7;0;0.000061936718;0.000178632024;0.000071011975;0.000148836319;
2016;01;02;8;0;0.000070053942;0.000175224518;0.000076760974;0.000156901731;
2016;01;02;9;0;0.000087703732;0.000133489337;0.000080007336;0.000095740765;
2016;01;02;10;0;0.000113778058;0.000114807609;0.000086141698;0.000058828987;
2016;01;02;11;0;0.000135368821;0.000115465316;0.000098364634;0.000065767910;
2016;01;02;12;0;0.000140814587;0.000102493700;0.000102665335;0.000064554035;
2016;01;02;13;0;0.000142157358;0.000076037457;0.000103256608;0.000059497108;
2016;01;02;14;0;0.000145204962;0.000075713638;0.000099069015;0.000058657167;
2016;01;02;15;0;0.000140845367;0.000075757735;0.000088171989;0.000060358933;
2016;01;02;16;0;0.000128377936;0.000069784776;0.000084133032;0.000054775518;
2016;01;02;17;0;0.000121914249;0.000066154256;0.000084427788;0.000047986782;
2016;01;02;18;0;0.000123356837;0.000068408834;0.000088635160;0.000046940426;
2016;01;02;19;0;0.000137231867;0.000122089345;0.000101206321;0.000131429466;
2016;01;02;20;0;0.000145481212;0.000159268263;0.000109241352;0.000220940051;
2016;01;02;21;0;0.000150920972;0.000162283006;0.000107729532;0.000228429229;
2016;01;02;22;0;0.000152207636;0.000166490772;0.000097293853;0.000224222862;
2016;01;02;23;0;0.000139045267;0.000206723114;0.000087889104;0.000192687556;
2016;01;02;24;0;0.000119327295;0.000217434986;0.000081091133;0.000175295112;
2016;01;03;1;0;0.000111148953;0.000222065305;0.000083825970;0.000166968223;
2016;01;03;2;0;0.000092883401;0.000208513358;0.000079298121;0.000168827197;
2016;01;03;3;0;0.000079342195;0.000193489984;0.000076978202;0.000162211028;
2016;01;03;4;0;0.000070832852;0.000181648894;0.000076328495;0.000155006131;
2016;01;03;5;0;0.000066309888;0.000177719126;0.000076323146;0.000149801043;
2016;01;03;6;0;0.000064830744;0.000185172447;0.000078075625;0.000147764047;
2016;01;03;7;0;0.000066991881;0.000187825974;0.000079373401;0.000150685590;
2016;01;03;8;0;0.000071789008;0.000182846289;0.000081231058;0.000157219866;
2016;01;03;9;0;0.000082293479;0.000135486489;0.000077159511;0.000097482875;
2016;01;03;10;0;0.000103121586;0.000112879938;0.000075812445;0.000053802430;
2016;01;03;11;0;0.000124856570;0.000116325113;0.000080485310;0.000058350284;
2016;01;03;12;0;0.000137700015;0.000106429655;0.000084952874;0.000061720944;
2016;01;03;13;0;0.000142311199;0.000080101737;0.000088237717;0.000061260119;
2016;01;03;14;0;0.000146367939;0.000079258941;0.000087693783;0.000059659525;
2016;01;03;15;0;0.000146410017;0.000078032891;0.000085186420;0.000060133337;
2016;01;03;16;0;0.000133005526;0.000070356891;0.000081290051;0.000057615069;
2016;01;03;17;0;0.000126889423;0.000067640697;0.000080062682;0.000052723763;
2016;01;03;18;0;0.000129904987;0.000072474003;0.000080890143;0.000052272333;
2016;01;03;19;0;0.000147492791;0.000135047860;0.000094961582;0.000152245025;
2016;01;03;20;0;0.000159018816;0.000168607616;0.000101343046;0.000230795620;
2016;01;03;21;0;0.000168786366;0.000172911891;0.000100515743;0.000233214656;
2016;01;03;22;0;0.000171067274;0.000177331452;0.000096173261;0.000229522530;
2016;01;03;23;0;0.000151441744;0.000217267571;0.000089306245;0.000198912690;
2016;01;03;24;0;0.000125514494;0.000226703969;0.000082349074;0.000181392131;
2016;01;04;1;0;0.000089507197;0.000209293741;0.000072117962;0.000160075050;
2016;01;04;2;0;0.000071288816;0.000194056795;0.000070145877;0.000164971468;
2016;01;04;3;0;0.000062398922;0.000180157433;0.000068931691;0.000157936876;
2016;01;04;4;0;0.000058572756;0.000171244755;0.000069942700;0.000151740848;
2016;01;04;5;0;0.000057414440;0.000168494349;0.000069239969;0.000147324120;
2016;01;04;6;0;0.000059207250;0.000177751993;0.000072216912;0.000147333820;
2016;01;04;7;0;0.000069935549;0.000184658813;0.000081247860;0.000153894294;
2016;01;04;8;0;0.000098362725;0.000189914293;0.000103536810;0.000165560724;
2016;01;04;9;0;0.000122508380;0.000148153695;0.000138979521;0.000113012643;
2016;01;04;10;0;0.000138488013;0.000120442463;0.000160208346;0.000073285010;
2016;01;04;11;0;0.000152405424;0.000114193842;0.000168987901;0.000070020661;
2016;01;04;12;0;0.000155001861;0.000098505914;0.000168776245;0.000067149733;
2016;01;04;13;0;0.000155157410;0.000073439874;0.000165260548;0.000064100654;
2016;01;04;14;0;0.000156587793;0.000074868855;0.000153144801;0.000064088179;
2016;01;04;15;0;0.000147244770;0.000074377916;0.000133414503;0.000060635477;
2016;01;04;16;0;0.000140671185;0.000070980846;0.000125503615;0.000052703832;
2016;01;04;17;0;0.000142443733;0.000069732862;0.000126544407;0.000051577590;
2016;01;04;18;0;0.000152145407;0.000072430192;0.000131702676;0.000058084898;
2016;01;04;19;0;0.000167297181;0.000125057029;0.000139955706;0.000135621856;
2016;01;04;20;0;0.000176080815;0.000166852325;0.000137148972;0.000230106952;
2016;01;04;21;0;0.000177123144;0.000172950636;0.000122406694;0.000232746854;
2016;01;04;22;0;0.000171742585;0.000176267335;0.000103969600;0.000227325348;
2016;01;04;23;0;0.000150571573;0.000213801333;0.000090160690;0.000196320513;
2016;01;04;24;0;0.000122410932;0.000220624804;0.000082144321;0.000178428357;
2016;01;05;1;0;0.000089833998;0.000209034309;0.000073548263;0.000164687009;
2016;01;05;2;0;0.000070692198;0.000193262003;0.000071422166;0.000169553230;
2016;01;05;3;0;0.000062608091;0.000178939096;0.000070792221;0.000162874675;
2016;01;05;4;0;0.000058857574;0.000169672991;0.000069960099;0.000155400998;
2016;01;05;5;0;0.000057946515;0.000167906768;0.000069799028;0.000151067160;
2016;01;05;6;0;0.000059669274;0.000176319421;0.000072208645;0.000151239382;
2016;01;05;7;0;0.000070508860;0.000182920129;0.000081642084;0.000154777499;
2016;01;05;8;0;0.000098573573;0.000189111856;0.000103364580;0.000167819289;
2016;01;05;9;0;0.000122459462;0.000147507520;0.000138211452;0.000110084558;
2016;01;05;10;0;0.000137236306;0.000119714717;0.000158655806;0.000068051414;
2016;01;05;11;0;0.000150022884;0.000112425471;0.000166168164;0.000069168217;
2016;01;05;12;0;0.000150876879;0.000096601874;0.000164306144;0.000066125352;
2016;01;05;13;0;0.000151436523;0.000072346855;0.000160724588;0.000062367345;
2016;01;05;14;0;0.000152158575;0.000073236348;0.000148863275;0.000061250494;
2016;01;05;15;0;0.000142719909;0.000071897694;0.000129542849;0.000057088288;
2016;01;05;16;0;0.000136216301;0.000068565039;0.000123622529;0.000054212667;
2016;01;05;17;0;0.000138196995;0.000067356830;0.000125237615;0.000051434097;
2016;01;05;18;0;0.000148733985;0.000070777812;0.000130607453;0.000057081492;
2016;01;05;19;0;0.000164824227;0.000123677752;0.000139569901;0.000134896042;
2016;01;05;20;0;0.000174901073;0.000164825738;0.000136746663;0.000228700397;
2016;01;05;21;0;0.000176119298;0.000171274663;0.000120900732;0.000234336239;
2016;01;05;22;0;0.000169418009;0.000173867729;0.000101980270;0.000225469016;
2016;01;05;23;0;0.000148158029;0.000211493453;0.000087421699;0.000194994477;
2016;01;05;24;0;0.000120046602;0.000218616716;0.000079018463;0.000179928307;
2016;01;06;1;0;0.000112206163;0.000223353594;0.000084696465;0.000167813070;
2016;01;06;2;0;0.000093740944;0.000209665027;0.000080099438;0.000169634524;
2016;01;06;3;0;0.000080019317;0.000194424063;0.000077702277;0.000162873948;
2016;01;06;4;0;0.000071467106;0.000182601829;0.000077078548;0.000155704429;
2016;01;06;5;0;0.000066863341;0.000178543828;0.000077026719;0.000150385248;
2016;01;06;6;0;0.000065404304;0.000186124091;0.000078834470;0.000148413950;
2016;01;06;7;0;0.000067574022;0.000188761815;0.000080132361;0.000151324741;
2016;01;06;8;0;0.000072435447;0.000183814701;0.000082033390;0.000157936038;
2016;01;06;9;0;0.000082937825;0.000136045476;0.000077830899;0.000097812907;
2016;01;06;10;0;0.000103808509;0.000113214232;0.000076383443;0.000053921986;
2016;01;06;11;0;0.000125425366;0.000116425566;0.000080921878;0.000058357620;
2016;01;06;12;0;0.000138130716;0.000106370165;0.000085292277;0.000061640969;
2016;01;06;13;0;0.000142624508;0.000079983041;0.000088508443;0.000061124250;
2016;01;06;14;0;0.000146598259;0.000079091901;0.000087907720;0.000059489903;
2016;01;06;15;0;0.000146457640;0.000077771385;0.000085287810;0.000059887636;
2016;01;06;16;0;0.000132988999;0.000070089597;0.000081350229;0.000057353871;
2016;01;06;17;0;0.000126858563;0.000067375707;0.000080112421;0.000052478496;
2016;01;06;18;0;0.000129898131;0.000072203829;0.000080955813;0.000052039077;
2016;01;06;19;0;0.000147602601;0.000134651694;0.000095114453;0.000151686505;
2016;01;06;20;0;0.000159420493;0.000168412265;0.000101686885;0.000230358274;
2016;01;06;21;0;0.000169385949;0.000172888368;0.000100960028;0.000233011029;
2016;01;06;22;0;0.000171899084;0.000177538805;0.000096724463;0.000229621509;
2016;01;06;23;0;0.000152409477;0.000217852313;0.000089954637;0.000199301001;
2016;01;06;24;0;0.000126387163;0.000227441183;0.000082993325;0.000181847840;
2016;01;07;1;0;0.000094913237;0.000214725214;0.000079667246;0.000166613481;
2016;01;07;2;0;0.000074674592;0.000198484807;0.000077349183;0.000171503183;
2016;01;07;3;0;0.000066199875;0.000183954902;0.000076742083;0.000164909248;
2016;01;07;4;0;0.000062258496;0.000174497174;0.000075869639;0.000157403654;
2016;01;07;5;0;0.000061252040;0.000172560289;0.000075642165;0.000152907239;
2016;01;07;6;0;0.000063184012;0.000181524817;0.000078391138;0.000153350810;
2016;01;07;7;0;0.000074942793;0.000189028418;0.000088965495;0.000157528360;
2016;01;07;8;0;0.000105210162;0.000196243538;0.000113107204;0.000171515671;
2016;01;07;9;0;0.000130858356;0.000153250778;0.000151416944;0.000112641975;
2016;01;07;10;0;0.000146498394;0.000124248400;0.000173636549;0.000069560987;
2016;01;07;11;0;0.000160082411;0.000116635361;0.000181783835;0.000070673635;
2016;01;07;12;0;0.000161149666;0.000100316342;0.000179921000;0.000067630011;
2016;01;07;13;0;0.000161857506;0.000075179822;0.000176118863;0.000063829908;
2016;01;07;14;0;0.000162632451;0.000076105645;0.000163124682;0.000062688100;
2016;01;07;15;0;0.000152595237;0.000074739605;0.000142000932;0.000058447801;
2016;01;07;16;0;0.000145752369;0.000071329418;0.000135614303;0.000055545905;
2016;01;07;17;0;0.000147905457;0.000070088483;0.000137417399;0.000052711025;
2016;01;07;18;0;0.000159355858;0.000073728325;0.000143465379;0.000058562266;
2016;01;07;19;0;0.000176848951;0.000129018634;0.000153530458;0.000138594306;
2016;01;07;20;0;0.000187951329;0.000172209605;0.000150657584;0.000235333950;
2016;01;07;21;0;0.000189356819;0.000179038546;0.000133267505;0.000241256043;
2016;01;07;22;0;0.000182012398;0.000181610016;0.000112325637;0.000231949270;
2016;01;07;23;0;0.000158778021;0.000220364452;0.000096051858;0.000200102375;
2016;01;07;24;0;0.000128240685;0.000227059010;0.000086541789;0.000184051852;
2016;01;08;1;0;0.000100562584;0.000221357734;0.000082799759;0.000167929119;
2016;01;08;2;0;0.000079443121;0.000204694894;0.000079797053;0.000172911790;
2016;01;08;3;0;0.000069654862;0.000190248803;0.000078970928;0.000167393391;
2016;01;08;4;0;0.000064791728;0.000180635795;0.000078351879;0.000160131673;
2016;01;08;5;0;0.000063529196;0.000177980443;0.000078797044;0.000155493851;
2016;01;08;6;0;0.000065115107;0.000186669419;0.000081219790;0.000153914809;
2016;01;08;7;0;0.000076634749;0.000193741531;0.000092507595;0.000159568135;
2016;01;08;8;0;0.000105000730;0.000199325428;0.000115172507;0.000173299447;
2016;01;08;9;0;0.000131646153;0.000155024240;0.000150618331;0.000112776065;
2016;01;08;10;0;0.000149018238;0.000125774236;0.000170375712;0.000064944461;
2016;01;08;11;0;0.000163614591;0.000118767120;0.000178655101;0.000068695392;
2016;01;08;12;0;0.000164947997;0.000102928469;0.000177255030;0.000066377033;
2016;01;08;13;0;0.000164779113;0.000076959772;0.000174014607;0.000064223977;
2016;01;08;14;0;0.000164993704;0.000077165625;0.000163286068;0.000063681602;
2016;01;08;15;0;0.000156304685;0.000076503618;0.000141366397;0.000060885555;
2016;01;08;16;0;0.000149780793;0.000072260673;0.000130096726;0.000057530299;
2016;01;08;17;0;0.000150405246;0.000070590090;0.000128768714;0.000054048254;
2016;01;08;18;0;0.000159157426;0.000074372582;0.000133311725;0.000059138273;
2016;01;08;19;0;0.000174301169;0.000130123913;0.000147179077;0.000142187942;
2016;01;08;20;0;0.000182351210;0.000170375222;0.000147911072;0.000234329403;
2016;01;08;21;0;0.000181569078;0.000175167237;0.000135946537;0.000236618901;
2016;01;08;22;0;0.000176736835;0.000179223838;0.000117583789;0.000230510740;
2016;01;08;23;0;0.000159532750;0.000220124018;0.000101473419;0.000196301682;
2016;01;08;24;0;0.000135347307;0.000230135279;0.000092069577;0.000180455345;
2016;01;09;1;0;0.000108232498;0.000221740472;0.000083134925;0.000168532562;
2016;01;09;2;0;0.000086578941;0.000206243365;0.000078707012;0.000173591008;
2016;01;09;3;0;0.000074004043;0.000191016798;0.000076654729;0.000168803216;
2016;01;09;4;0;0.000067376451;0.000180250272;0.000075720395;0.000161594643;
2016;01;09;5;0;0.000064691627;0.000177706538;0.000076270650;0.000154889665;
2016;01;09;6;0;0.000064740309;0.000186134477;0.000077635882;0.000154010961;
2016;01;09;7;0;0.000068711986;0.000188972140;0.000081614045;0.000154133100;
2016;01;09;8;0;0.000077626693;0.000185151625;0.000088118679;0.000162296412;
2016;01;09;9;0;0.000097201101;0.000141076226;0.000091861158;0.000099049590;
2016;01;09;10;0;0.000126058480;0.000121293734;0.000098872604;0.000060842577;
2016;01;09;11;0;0.000149681589;0.000121746205;0.000112677633;0.000067883849;
2016;01;09;12;0;0.000155546539;0.000107960286;0.000117485840;0.000066563903;
2016;01;09;13;0;0.000156998427;0.000080076981;0.000118138868;0.000061337277;
2016;01;09;14;0;0.000160242177;0.000079675288;0.000113261477;0.000060425345;
2016;01;09;15;0;0.000155274642;0.000079641440;0.000100701886;0.000062115817;
2016;01;09;16;0;0.000141468973;0.000073330669;0.000096047563;0.000056345597;
2016;01;09;17;0;0.000134351354;0.000069518359;0.000096387782;0.000049364175;
2016;01;09;18;0;0.000135854876;0.000071841988;0.000101126979;0.000048257155;
2016;01;09;19;0;0.000150972967;0.000128078470;0.000115345551;0.000134970743;
2016;01;09;20;0;0.000160077726;0.000167111905;0.000124526006;0.000226934814;
2016;01;09;21;0;0.000165840869;0.000170047073;0.000122638192;0.000234312968;
2016;01;09;22;0;0.000167134477;0.000174330719;0.000110678689;0.000229832889;
2016;01;09;23;0;0.000152752911;0.000216559117;0.000100027018;0.000197601225;
2016;01;09;24;0;0.000131179241;0.000227933884;0.000092352293;0.000179886181;
2016;01;10;1;0;0.000117048867;0.000228567790;0.000089741244;0.000169944445;
2016;01;10;2;0;0.000097836897;0.000214669786;0.000084913964;0.000171877205;
2016;01;10;3;0;0.000083565873;0.000199184579;0.000082422192;0.000165126368;
2016;01;10;4;0;0.000074650075;0.000187111618;0.000081777508;0.000157890392;
2016;01;10;5;0;0.000069834335;0.000182935231;0.000081714405;0.000152481393;
2016;01;10;6;0;0.000068330559;0.000190758022;0.000083656769;0.000150526877;
2016;01;10;7;0;0.000070610145;0.000193496475;0.000085049462;0.000153506921;
2016;01;10;8;0;0.000075620946;0.000188253379;0.000086987714;0.000160067397;
2016;01;10;9;0;0.000086593951;0.000139344746;0.000082539770;0.000099142934;
2016;01;10;10;0;0.000108485888;0.000116068108;0.000081080389;0.000054706240;
2016;01;10;11;0;0.000131324316;0.000119585826;0.000086060134;0.000059318209;
2016;01;10;12;0;0.000144722059;0.000109329127;0.000090767521;0.000062696690;
2016;01;10;13;0;0.000149522575;0.000082258749;0.000094248318;0.000062209518;
2016;01;10;14;0;0.000153973858;0.000081493276;0.000093782433;0.000060658565;
2016;01;10;15;0;0.000153949777;0.000080197060;0.000091060555;0.000061113181;
2016;01;10;16;0;0.000139900984;0.000072331954;0.000086924086;0.000058573136;
2016;01;10;17;0;0.000133306519;0.000069455480;0.000085508198;0.000053535723;
2016;01;10;18;0;0.000136409031;0.000074382716;0.000086350440;0.000053051845;
2016;01;10;19;0;0.000154978456;0.000138694973;0.000101437873;0.000154616184;
2016;01;10;20;0;0.000167179019;0.000173253861;0.000108312571;0.000234515810;
2016;01;10;21;0;0.000177528661;0.000177757712;0.000107477326;0.000237081823;
2016;01;10;22;0;0.000179896455;0.000182269464;0.000102816228;0.000233287946;
2016;01;10;23;0;0.000159342976;0.000223436802;0.000095525826;0.000202283806;
2016;01;10;24;0;0.000132005388;0.000233039414;0.000088045700;0.000184385823;
2016;01;11;1;0;0.000095706482;0.000216837627;0.000079021066;0.000163300033;
2016;01;11;2;0;0.000076206028;0.000200998025;0.000076839781;0.000168250357;
2016;01;11;3;0;0.000066769686;0.000186788202;0.000075585280;0.000161237115;
2016;01;11;4;0;0.000062642891;0.000177455075;0.000076653956;0.000154830984;
2016;01;11;5;0;0.000061441430;0.000174711115;0.000075929947;0.000150415736;
2016;01;11;6;0;0.000063404234;0.000184439043;0.000079249828;0.000150530689;
2016;01;11;7;0;0.000075126135;0.000192202092;0.000089437785;0.000157722919;
2016;01;11;8;0;0.000106091695;0.000198473945;0.000114435735;0.000170367749;
2016;01;11;9;0;0.000132064409;0.000154748873;0.000153527738;0.000116232147;
2016;01;11;10;0;0.000148556544;0.000125185561;0.000176108689;0.000075002197;
2016;01;11;11;0;0.000163150502;0.000118447443;0.000185378621;0.000071514388;
2016;01;11;12;0;0.000165855918;0.000102129541;0.000185063779;0.000068551597;
2016;01;11;13;0;0.000166156769;0.000076203067;0.000181355509;0.000065491842;
2016;01;11;14;0;0.000167545040;0.000077619327;0.000167915960;0.000065423058;
2016;01;11;15;0;0.000157364291;0.000077020322;0.000146111837;0.000061826169;
2016;01;11;16;0;0.000150631679;0.000073645693;0.000137715699;0.000053843414;
2016;01;11;17;0;0.000152683079;0.000072423592;0.000138997364;0.000052745794;
2016;01;11;18;0;0.000162851706;0.000075118709;0.000144458836;0.000059316557;
2016;01;11;19;0;0.000179387416;0.000129929111;0.000153783593;0.000138743378;
2016;01;11;20;0;0.000189091629;0.000173615117;0.000150927670;0.000235759518;
2016;01;11;21;0;0.000190287280;0.000180032794;0.000134758343;0.000238559930;
2016;01;11;22;0;0.000184192928;0.000183173148;0.000114266093;0.000232606611;
2016;01;11;23;0;0.000161240501;0.000221838322;0.000098938295;0.000200574659;
2016;01;11;24;0;0.000130963229;0.000228706505;0.000090058095;0.000182126138;
2016;01;12;1;0;0.000098842452;0.000219588117;0.000083929168;0.000169102735;
2016;01;12;2;0;0.000077840962;0.000203175654;0.000081565677;0.000174233349;
2016;01;12;3;0;0.000069178634;0.000188770985;0.000081126881;0.000167951385;
2016;01;12;4;0;0.000065137675;0.000179279691;0.000080300460;0.000160498955;
2016;01;12;5;0;0.000063967239;0.000176964832;0.000079912990;0.000155628402;
2016;01;12;6;0;0.000065916094;0.000185964198;0.000082730876;0.000155917229;
2016;01;12;7;0;0.000078026212;0.000193262151;0.000093701950;0.000159842830;
2016;01;12;8;0;0.000109572150;0.000200699793;0.000119165118;0.000174088494;
2016;01;12;9;0;0.000136092394;0.000156510740;0.000159302743;0.000114171160;
2016;01;12;10;0;0.000151784209;0.000126413541;0.000181991565;0.000070239794;
2016;01;12;11;0;0.000165396419;0.000118337336;0.000190000232;0.000071164545;
2016;01;12;12;0;0.000166220709;0.000101610005;0.000187738767;0.000067985915;
2016;01;12;13;0;0.000166855344;0.000076105778;0.000183666324;0.000064129117;
2016;01;12;14;0;0.000167514910;0.000076978988;0.000169973933;0.000062929624;
2016;01;12;15;0;0.000157158886;0.000075588865;0.000147946789;0.000058666463;
2016;01;12;16;0;0.000150291619;0.000072226552;0.000141462400;0.000055820658;
2016;01;12;17;0;0.000152566320;0.000070995398;0.000143394528;0.000052990705;
2016;01;12;18;0;0.000164402248;0.000074693559;0.000149728066;0.000058881838;
2016;01;12;19;0;0.000182628571;0.000130836144;0.000160389953;0.000139487530;
2016;01;12;20;0;0.000194510944;0.000175010892;0.000157726993;0.000237359705;
2016;01;12;21;0;0.000196046150;0.000182025811;0.000139578338;0.000243432935;
2016;01;12;22;0;0.000188419092;0.000184617471;0.000117630302;0.000234013391;
2016;01;12;23;0;0.000164279817;0.000223895017;0.000100534699;0.000201776152;
2016;01;12;24;0;0.000132636063;0.000230612901;0.000090547830;0.000185523852;
2016;01;13;1;0;0.000100512689;0.000221735566;0.000085827505;0.000170119434;
2016;01;13;2;0;0.000079141134;0.000205123250;0.000083394559;0.000175247279;
2016;01;13;3;0;0.000070210379;0.000190245207;0.000082799994;0.000168631555;
2016;01;13;4;0;0.000066029641;0.000180462480;0.000081857958;0.000160955125;
2016;01;13;5;0;0.000064990770;0.000178537805;0.000081648394;0.000156425969;
2016;01;13;6;0;0.000066972608;0.000187622205;0.000084529745;0.000156720489;
2016;01;13;7;0;0.000079303102;0.000195049845;0.000095771100;0.000160719560;
2016;01;13;8;0;0.000111391347;0.000202603685;0.000121825052;0.000175084322;
2016;01;13;9;0;0.000138345966;0.000157988669;0.000162851623;0.000114819323;
2016;01;13;10;0;0.000154370559;0.000127667580;0.000186133839;0.000070671943;
2016;01;13;11;0;0.000168361749;0.000119615720;0.000194494644;0.000071664970;
2016;01;13;12;0;0.000169256050;0.000102741213;0.000192242419;0.000068486337;
2016;01;13;13;0;0.000169897387;0.000076950838;0.000188066871;0.000064599292;
2016;01;13;14;0;0.000170596877;0.000077846474;0.000174074886;0.000063401373;
2016;01;13;15;0;0.000159999628;0.000076416475;0.000151468305;0.000059087533;
2016;01;13;16;0;0.000152979732;0.000073003749;0.000144802595;0.000056210831;
2016;01;13;17;0;0.000155303529;0.000071763233;0.000146788294;0.000053363987;
2016;01;13;18;0;0.000167344916;0.000075498282;0.000153265418;0.000059294177;
2016;01;13;19;0;0.000185830253;0.000132197907;0.000164119826;0.000140413544;
2016;01;13;20;0;0.000197770994;0.000176698465;0.000161272667;0.000238754445;
2016;01;13;21;0;0.000199322580;0.000183772406;0.000142709339;0.000244851876;
2016;01;13;22;0;0.000191500084;0.000186322801;0.000120226294;0.000235293913;
2016;01;13;23;0;0.000167004215;0.000226014756;0.000102776871;0.000202926599;
2016;01;13;24;0;0.000134808994;0.000232750160;0.000092548947;0.000186544701;
2016;01;14;1;0;0.000101330390;0.000222830579;0.000086712085;0.000170708961;
2016;01;14;2;0;0.000079811744;0.000206205396;0.000084282336;0.000175913585;
2016;01;14;3;0;0.000070797255;0.000191227097;0.000083671919;0.000169253445;
2016;01;14;4;0;0.000066615739;0.000181486966;0.000082762412;0.000161631607;
2016;01;14;5;0;0.000065547756;0.000179496897;0.000082525490;0.000157035763;
2016;01;14;6;0;0.000067500603;0.000188501704;0.000085379640;0.000157224341;
2016;01;14;7;0;0.000079871311;0.000195824420;0.000096665039;0.000161121292;
2016;01;14;8;0;0.000112103409;0.000203252227;0.000122867860;0.000175387321;
2016;01;14;9;0;0.000139234531;0.000158499173;0.000164250563;0.000115021494;
2016;01;14;10;0;0.000155260050;0.000127996024;0.000187609532;0.000070749903;
2016;01;14;11;0;0.000169328304;0.000119920932;0.000196032508;0.000071742519;
2016;01;14;12;0;0.000170408537;0.000103112767;0.000193968268;0.000068633263;
2016;01;14;13;0;0.000171196670;0.000077293429;0.000189913237;0.000064791784;
2016;01;14;14;0;0.000171947335;0.000078213897;0.000175830744;0.000063607247;
2016;01;14;15;0;0.000161267728;0.000076777878;0.000152997586;0.000059279962;
2016;01;14;16;0;0.000154173057;0.000073339907;0.000146246423;0.000056386893;
2016;01;14;17;0;0.000156506798;0.000072089910;0.000148244171;0.000053528333;
2016;01;14;18;0;0.000168634835;0.000075838973;0.000154779438;0.000059474443;
2016;01;14;19;0;0.000187079115;0.000132664302;0.000165578620;0.000140702385;
2016;01;14;20;0;0.000199011820;0.000177243231;0.000162634007;0.000239139496;
2016;01;14;21;0;0.000200467693;0.000184242069;0.000143838321;0.000245117826;
2016;01;14;22;0;0.000192565303;0.000186765080;0.000121155421;0.000235506734;
2016;01;14;23;0;0.000167948811;0.000226572346;0.000103580789;0.000203129054;
2016;01;14;24;0;0.000135602551;0.000233377825;0.000093294232;0.000186773594;
2016;01;15;1;0;0.000105137673;0.000226705189;0.000087942277;0.000170152129;
2016;01;15;2;0;0.000083028557;0.000209567064;0.000084723668;0.000175139959;
2016;01;15;3;0;0.000072793510;0.000194763684;0.000083840752;0.000169538748;
2016;01;15;4;0;0.000067788731;0.000185134171;0.000083278724;0.000162369566;
2016;01;15;5;0;0.000066524845;0.000182569248;0.000083823762;0.000157802247;
2016;01;15;6;0;0.000068211317;0.000191554641;0.000086433728;0.000156258816;
2016;01;15;7;0;0.000080337148;0.000198956540;0.000098517812;0.000162116149;
2016;01;15;8;0;0.000110246053;0.000205011519;0.000122847481;0.000176342646;
2016;01;15;9;0;0.000138296293;0.000159531629;0.000160741086;0.000114817675;
2016;01;15;10;0;0.000156457887;0.000129358376;0.000181724057;0.000066082977;
2016;01;15;11;0;0.000171755409;0.000122131993;0.000190524362;0.000069888456;
2016;01;15;12;0;0.000173219531;0.000105883954;0.000189101547;0.000067554937;
2016;01;15;13;0;0.000172979112;0.000079140740;0.000185576899;0.000065339851;
2016;01;15;14;0;0.000173115777;0.000079311832;0.000174046426;0.000064754910;
2016;01;15;15;0;0.000163920925;0.000078593965;0.000150610514;0.000061882253;
2016;01;15;16;0;0.000157088807;0.000074239654;0.000138612433;0.000058475668;
2016;01;15;17;0;0.000157828039;0.000072562082;0.000137270823;0.000054965767;
2016;01;15;18;0;0.000166826841;0.000076365413;0.000141956103;0.000060075459;
2016;01;15;19;0;0.000182695347;0.000133606974;0.000156718391;0.000144437313;
2016;01;15;20;0;0.000191452929;0.000175228454;0.000157761401;0.000238434775;
2016;01;15;21;0;0.000190622624;0.000180148339;0.000144993124;0.000240752848;
2016;01;15;22;0;0.000185606368;0.000184376854;0.000125446906;0.000234609940;
2016;01;15;23;0;0.000167574850;0.000226501585;0.000108282428;0.000199835413;
2016;01;15;24;0;0.000142189082;0.000236834333;0.000098260616;0.000183728203;
2016;01;16;1;0;0.000114268739;0.000228586080;0.000089321878;0.000171679895;
2016;01;16;2;0;0.000091432111;0.000212667694;0.000084587167;0.000176880340;
2016;01;16;3;0;0.000078146493;0.000196952124;0.000082375409;0.000171988983;
2016;01;16;4;0;0.000071075273;0.000185661305;0.000081288266;0.000164476263;
2016;01;16;5;0;0.000068206425;0.000182942950;0.000081835029;0.000157567090;
2016;01;16;6;0;0.000068243141;0.000191578215;0.000083282032;0.000156639661;
2016;01;16;7;0;0.000072449534;0.000194552105;0.000087573474;0.000156806791;
2016;01;16;8;0;0.000081972959;0.000190907114;0.000094696098;0.000165361463;
2016;01;16;9;0;0.000102634492;0.000145449103;0.000098709431;0.000100911508;
2016;01;16;10;0;0.000133190107;0.000125133424;0.000106311551;0.000062025941;
2016;01;16;11;0;0.000158224807;0.000125659892;0.000121212801;0.000069237043;
2016;01;16;12;0;0.000164215086;0.000111288883;0.000126224252;0.000067804316;
2016;01;16;13;0;0.000165520144;0.000082432468;0.000126751451;0.000062394443;
2016;01;16;14;0;0.000168858424;0.000081979373;0.000121459837;0.000061437127;
2016;01;16;15;0;0.000163484447;0.000081874765;0.000107899166;0.000063102123;
2016;01;16;16;0;0.000148997422;0.000075411618;0.000102945764;0.000057258952;
2016;01;16;17;0;0.000141574744;0.000071528367;0.000103364238;0.000050190496;
2016;01;16;18;0;0.000143105817;0.000073891665;0.000108406087;0.000049046682;
2016;01;16;19;0;0.000158894504;0.000131619694;0.000123542139;0.000137061407;
2016;01;16;20;0;0.000168796521;0.000172058064;0.000133627925;0.000230887048;
2016;01;16;21;0;0.000175115956;0.000175322791;0.000131784543;0.000238724141;
2016;01;16;22;0;0.000176594907;0.000179854416;0.000119009249;0.000234309644;
2016;01;16;23;0;0.000161418467;0.000223447372;0.000107568626;0.000201474095;
2016;01;16;24;0;0.000138473576;0.000234933931;0.000099209682;0.000183216869;
2016;01;17;1;0;0.000123178235;0.000235266951;0.000095940246;0.000172926387;
2016;01;17;2;0;0.000102881050;0.000220791716;0.000090709717;0.000174758591;
2016;01;17;3;0;0.000087899366;0.000204923438;0.000088073028;0.000167942553;
2016;01;17;4;0;0.000078545555;0.000192562295;0.000087411228;0.000160632938;
2016;01;17;5;0;0.000073489828;0.000188293234;0.000087357226;0.000155153870;
2016;01;17;6;0;0.000071887545;0.000196291109;0.000089409107;0.000153122944;
2016;01;17;7;0;0.000074280123;0.000199093786;0.000090890620;0.000156142457;
2016;01;17;8;0;0.000079610047;0.000193841917;0.000093030569;0.000162935681;
2016;01;17;9;0;0.000091250371;0.000143620626;0.000088359311;0.000101017446;
2016;01;17;10;0;0.000114393586;0.000119707253;0.000086853281;0.000055776701;
2016;01;17;11;0;0.000138485195;0.000123343720;0.000092193903;0.000060483062;
2016;01;17;12;0;0.000152459636;0.000112651028;0.000097138771;0.000063863438;
2016;01;17;13;0;0.000157296100;0.000084639370;0.000100722565;0.000063278410;
2016;01;17;14;0;0.000161569096;0.000083639651;0.000099971171;0.000061544744;
2016;01;17;15;0;0.000161647814;0.000082362279;0.000097132160;0.000062045915;
2016;01;17;16;0;0.000147000062;0.000074337180;0.000092785233;0.000059509015;
2016;01;17;17;0;0.000140119448;0.000071405667;0.000091305464;0.000054409939;
2016;01;17;18;0;0.000143287274;0.000076421518;0.000092144843;0.000053883094;
2016;01;17;19;0;0.000162859359;0.000142554604;0.000108288792;0.000157102784;
2016;01;17;20;0;0.000176121454;0.000178522330;0.000115918122;0.000238885699;
2016;01;17;21;0;0.000187185694;0.000183320809;0.000115123243;0.000241707415;
2016;01;17;22;0;0.000189710030;0.000188001251;0.000110146661;0.000237874299;
2016;01;17;23;0;0.000167968358;0.000230371311;0.000102295691;0.000206178419;
2016;01;17;24;0;0.000139036985;0.000240075143;0.000094208224;0.000187781907;
2016;01;18;1;0;0.000101500933;0.000223996842;0.000085431251;0.000166474782;
2016;01;18;2;0;0.000080921194;0.000207894650;0.000083177196;0.000171736438;
2016;01;18;3;0;0.000070889385;0.000193165643;0.000081805839;0.000164550951;
2016;01;18;4;0;0.000066543824;0.000183612800;0.000083007195;0.000158098349;
2016;01;18;5;0;0.000065216943;0.000180633470;0.000082159430;0.000153470848;
2016;01;18;6;0;0.000067362658;0.000190867675;0.000085831062;0.000153730311;
2016;01;18;7;0;0.000079823499;0.000198919057;0.000096873715;0.000161089792;
2016;01;18;8;0;0.000112735863;0.000205429482;0.000123961713;0.000174020971;
2016;01;18;9;0;0.000140534957;0.000160400101;0.000166544627;0.000118893560;
2016;01;18;10;0;0.000158174374;0.000129830625;0.000191148249;0.000076762980;
2016;01;18;11;0;0.000173758832;0.000122874773;0.000201262714;0.000073212528;
2016;01;18;12;0;0.000176551177;0.000105893570;0.000200819681;0.000070144032;
2016;01;18;13;0;0.000176577113;0.000078880089;0.000196468227;0.000066901689;
2016;01;18;14;0;0.000177921384;0.000080286960;0.000181774832;0.000066782229;
2016;01;18;15;0;0.000167067901;0.000079647238;0.000158131150;0.000063094669;
2016;01;18;16;0;0.000159758922;0.000076080740;0.000148894090;0.000054892738;
2016;01;18;17;0;0.000161936960;0.000074819310;0.000150281955;0.000053774503;
2016;01;18;18;0;0.000172816684;0.000077646170;0.000156272540;0.000060506605;
2016;01;18;19;0;0.000190150319;0.000134149827;0.000166172935;0.000141367913;
2016;01;18;20;0;0.000200634254;0.000179431580;0.000163247616;0.000240455941;
2016;01;18;21;0;0.000201883440;0.000186046338;0.000145744376;0.000243288699;
2016;01;18;22;0;0.000195397023;0.000189271562;0.000123568441;0.000237192276;
2016;01;18;23;0;0.000170996103;0.000229153878;0.000106960076;0.000204466252;
2016;01;18;24;0;0.000138865511;0.000236212082;0.000097344851;0.000185631127;
2016;01;19;1;0;0.000102836394;0.000224558823;0.000088483625;0.000171374943;
2016;01;19;2;0;0.000080954166;0.000207692416;0.000085957766;0.000176504451;
2016;01;19;3;0;0.000071797799;0.000192571649;0.000085319949;0.000169791561;
2016;01;19;4;0;0.000067598751;0.000182875478;0.000084444450;0.000162245250;
2016;01;19;5;0;0.000066517721;0.000180877558;0.000084206147;0.000157638386;
2016;01;19;6;0;0.000068536310;0.000190053800;0.000087165282;0.000157912580;
2016;01;19;7;0;0.000081172907;0.000197622025;0.000098779282;0.000161978399;
2016;01;19;8;0;0.000114049445;0.000205332586;0.000125686548;0.000176504762;
2016;01;19;9;0;0.000141718112;0.000160196717;0.000168097564;0.000115808726;
2016;01;19;10;0;0.000158066231;0.000129396957;0.000192048282;0.000071250694;
2016;01;19;11;0;0.000172371008;0.000121221001;0.000200649883;0.000072242899;
2016;01;19;12;0;0.000173282049;0.000104117296;0.000198321166;0.000069036816;
2016;01;19;13;0;0.000173891095;0.000077960176;0.000193960553;0.000065100728;
2016;01;19;14;0;0.000174571962;0.000078851722;0.000179494030;0.000063880679;
2016;01;19;15;0;0.000163790964;0.000077433124;0.000156243947;0.000059557199;
2016;01;19;16;0;0.000156624128;0.000073984160;0.000149386580;0.000056664652;
2016;01;19;17;0;0.000159010179;0.000072730138;0.000151441707;0.000053797156;
2016;01;19;18;0;0.000171347685;0.000076519408;0.000158132219;0.000059778527;
2016;01;19;19;0;0.000190278356;0.000133988142;0.000169334126;0.000141562890;
2016;01;19;20;0;0.000202625202;0.000179197711;0.000166495348;0.000240851734;
2016;01;19;21;0;0.000204183646;0.000186343209;0.000147308334;0.000246964958;
2016;01;19;22;0;0.000196155759;0.000188915204;0.000124091498;0.000237306827;
2016;01;19;23;0;0.000171037207;0.000229123046;0.000106064250;0.000204630133;
2016;01;19;24;0;0.000137986719;0.000235818148;0.000095455372;0.000188004733;
2016;01;20;1;0;0.000102596779;0.000224356840;0.000088156040;0.000171391217;
2016;01;20;2;0;0.000080733224;0.000207422581;0.000085605267;0.000176450585;
2016;01;20;3;0;0.000071630727;0.000192399032;0.000085004339;0.000169808210;
2016;01;20;4;0;0.000067416383;0.000182643638;0.000084100807;0.000162200846;
2016;01;20;5;0;0.000066333710;0.000180635837;0.000083857710;0.000157584413;
2016;01;20;6;0;0.000068330106;0.000189753693;0.000086783506;0.000157820151;
2016;01;20;7;0;0.000080888412;0.000197211783;0.000098297700;0.000161803034;
2016;01;20;8;0;0.000113687709;0.000204974823;0.000125115587;0.000176372599;
2016;01;20;9;0;0.000141275955;0.000159925901;0.000167342630;0.000115728021;
2016;01;20;10;0;0.000157702582;0.000129284384;0.000191342924;0.000071259563;
2016;01;20;11;0;0.000171981991;0.000121120853;0.000199921701;0.000072255059;
2016;01;20;12;0;0.000172760300;0.000103952648;0.000197452082;0.000068996249;
2016;01;20;13;0;0.000173352146;0.000077829994;0.000193093463;0.000065056707;
2016;01;20;14;0;0.000173979709;0.000078696894;0.000178639047;0.000063818704;
2016;01;20;15;0;0.000163150981;0.000077241169;0.000155419399;0.000059468689;
2016;01;20;16;0;0.000155929959;0.000073761875;0.000148519938;0.000056550633;
2016;01;20;17;0;0.000158324514;0.000072520360;0.000150581289;0.000053695378;
2016;01;20;18;0;0.000170556198;0.000076275167;0.000157185291;0.000059647030;
2016;01;20;19;0;0.000189336280;0.000133515941;0.000168264003;0.000141204397;
2016;01;20;20;0;0.000201623003;0.000178567072;0.000165443991;0.000240243001;
2016;01;20;21;0;0.000203229719;0.000185738586;0.000146418467;0.000246408648;
2016;01;20;22;0;0.000195141749;0.000188208115;0.000123280229;0.000236653925;
2016;01;20;23;0;0.000170189862;0.000228314853;0.000105393637;0.000204111288;
2016;01;20;24;0;0.000137364595;0.000235091566;0.000094894310;0.000187612017;
2016;01;21;1;0;0.000102105930;0.000223753503;0.000087621247;0.000171083193;
2016;01;21;2;0;0.000080359157;0.000206896145;0.000085098848;0.000176160172;
2016;01;21;3;0;0.000071251546;0.000191783442;0.000084445430;0.000169416289;
2016;01;21;4;0;0.000067060095;0.000182060847;0.000083548567;0.000161827894;
2016;01;21;5;0;0.000065975197;0.000180037763;0.000083297031;0.000157203136;
2016;01;21;6;0;0.000067991015;0.000189209505;0.000086241586;0.000157508294;
2016;01;21;7;0;0.000080536889;0.000196768099;0.000097744429;0.000161583403;
2016;01;21;8;0;0.000113145826;0.000204427271;0.000124358810;0.000176058779;
2016;01;21;9;0;0.000140481265;0.000159361077;0.000166186931;0.000115422435;
2016;01;21;10;0;0.000156720961;0.000128750120;0.000189906928;0.000071028556;
2016;01;21;11;0;0.000170992077;0.000120677200;0.000198514883;0.000072054785;
2016;01;21;12;0;0.000171849497;0.000103622284;0.000196158058;0.000068838491;
2016;01;21;13;0;0.000172536686;0.000077626949;0.000191937539;0.000064945020;
2016;01;21;14;0;0.000173243569;0.000078528879;0.000177654018;0.000063739411;
2016;01;21;15;0;0.000162452673;0.000077072474;0.000154554808;0.000059391882;
2016;01;21;16;0;0.000155355345;0.000073644764;0.000147781992;0.000056511346;
2016;01;21;17;0;0.000157846569;0.000072453643;0.000149933305;0.000053693960;
2016;01;21;18;0;0.000170071270;0.000076218414;0.000156536448;0.000059655958;
2016;01;21;19;0;0.000188663060;0.000133321270;0.000167449699;0.000141124625;
2016;01;21;20;0;0.000200875906;0.000178279922;0.000164618594;0.000240071199;
2016;01;21;21;0;0.000202388525;0.000185359178;0.000145624566;0.000246125246;
2016;01;21;22;0;0.000194383161;0.000187871145;0.000122642784;0.000236441501;
2016;01;21;23;0;0.000169499011;0.000227866739;0.000104830582;0.000203892877;
2016;01;21;24;0;0.000136835459;0.000234678974;0.000094406986;0.000187450258;
2016;01;22;1;0;0.000105121348;0.000226746691;0.000087860325;0.000170281840;
2016;01;22;2;0;0.000083043227;0.000209675020;0.000084672817;0.000175331665;
2016;01;22;3;0;0.000072781213;0.000194796678;0.000083761477;0.000169665675;
2016;01;22;4;0;0.000067765354;0.000185132952;0.000083185340;0.000162462532;
2016;01;22;5;0;0.000066525190;0.000182631973;0.000083759086;0.000157947885;
2016;01;22;6;0;0.000068213289;0.000191624999;0.000086369087;0.000156406740;
2016;01;22;7;0;0.000080320535;0.000198982709;0.000098420933;0.000162231375;
2016;01;22;8;0;0.000110271409;0.000205128059;0.000122780292;0.000176545076;
2016;01;22;9;0;0.000138275119;0.000159561179;0.000160591640;0.000114905451;
2016;01;22;10;0;0.000156408603;0.000129361387;0.000181525705;0.000066122789;
2016;01;22;11;0;0.000171607673;0.000122068233;0.000190212619;0.000069892424;
2016;01;22;12;0;0.000172883124;0.000105714078;0.000188587697;0.000067485617;
2016;01;22;13;0;0.000172581240;0.000078985425;0.000185006235;0.000065249389;
2016;01;22;14;0;0.000172737230;0.000079165183;0.000173530950;0.000064672610;
2016;01;22;15;0;0.000163526403;0.000078431337;0.000150131322;0.000061789970;
2016;01;22;16;0;0.000156736465;0.000074098204;0.000138194107;0.000058398055;
2016;01;22;17;0;0.000157481711;0.000072427356;0.000136863213;0.000054895487;
2016;01;22;18;0;0.000166451648;0.000076219450;0.000141526828;0.000059995359;
2016;01;22;19;0;0.000182132974;0.000133240776;0.000156114624;0.000144124853;
2016;01;22;20;0;0.000190865622;0.000174750030;0.000157155282;0.000237921492;
2016;01;22;21;0;0.000190025444;0.000179644741;0.000144426621;0.000240218875;
2016;01;22;22;0;0.000185046117;0.000183882515;0.000124971099;0.000234116431;
2016;01;22;23;0;0.000167053713;0.000225873599;0.000107861836;0.000199396774;
2016;01;22;24;0;0.000141691983;0.000236086210;0.000097841036;0.000183253905;
2016;01;23;1;0;0.000110568752;0.000224514460;0.000085453282;0.000169961215;
2016;01;23;2;0;0.000088396230;0.000208701746;0.000080854726;0.000174960486;
2016;01;23;3;0;0.000075582396;0.000193357665;0.000078772508;0.000170191240;
2016;01;23;4;0;0.000068767542;0.000182337472;0.000077760448;0.000162814699;
2016;01;23;5;0;0.000065973239;0.000179617133;0.000078261413;0.000155931353;
2016;01;23;6;0;0.000066008248;0.000188093975;0.000079644619;0.000155012366;
2016;01;23;7;0;0.000070035985;0.000190902293;0.000083699748;0.000155087191;
2016;01;23;8;0;0.000079309582;0.000187485087;0.000090584327;0.000163687220;
2016;01;23;9;0;0.000099302843;0.000142846287;0.000094426290;0.000099892862;
2016;01;23;10;0;0.000128902113;0.000122928041;0.000101726582;0.000061416752;
2016;01;23;11;0;0.000153011652;0.000123349154;0.000115894905;0.000068503672;
2016;01;23;12;0;0.000158775154;0.000109222180;0.000120664142;0.000067073698;
2016;01;23;13;0;0.000160004179;0.000080885065;0.000121143284;0.000061709467;
2016;01;23;14;0;0.000163194394;0.000080422332;0.000116059615;0.000060748955;
2016;01;23;15;0;0.000157872577;0.000080254591;0.000103018275;0.000062344715;
2016;01;23;16;0;0.000143859673;0.000073907437;0.000098273116;0.000056562569;
2016;01;23;17;0;0.000136657130;0.000070083275;0.000098646742;0.000049567089;
2016;01;23;18;0;0.000138081480;0.000072370765;0.000103418383;0.000048418707;
2016;01;23;19;0;0.000153226946;0.000128835845;0.000117789700;0.000135228077;
2016;01;23;20;0;0.000162884134;0.000168531035;0.000127490682;0.000227950359;
2016;01;23;21;0;0.000168874163;0.000171619025;0.000125651562;0.000235537058;
2016;01;23;22;0;0.000170363378;0.000176120026;0.000113512768;0.000231266991;
2016;01;23;23;0;0.000155578399;0.000218605406;0.000102505610;0.000198673852;
2016;01;23;24;0;0.000133497186;0.000229900817;0.000094563860;0.000180715781;
2016;01;24;1;0;0.000116101024;0.000227403068;0.000088715920;0.000169443989;
2016;01;24;2;0;0.000097047948;0.000213583188;0.000083946664;0.000171376918;
2016;01;24;3;0;0.000082949332;0.000198313421;0.000081539630;0.000164759600;
2016;01;24;4;0;0.000074134942;0.000186382835;0.000080940748;0.000157615443;
2016;01;24;5;0;0.000069403484;0.000182356849;0.000080937826;0.000152327910;
2016;01;24;6;0;0.000067885334;0.000190088680;0.000082832872;0.000150322988;
2016;01;24;7;0;0.000070096752;0.000192670979;0.000084147846;0.000153182486;
2016;01;24;8;0;0.000075078087;0.000187467648;0.000086073537;0.000159743920;
2016;01;24;9;0;0.000086041257;0.000138874416;0.000081737827;0.000099021915;
2016;01;24;10;0;0.000107930591;0.000115823496;0.000080394765;0.000054708969;
2016;01;24;11;0;0.000130491742;0.000119187318;0.000085227655;0.000059248352;
2016;01;24;12;0;0.000143468401;0.000108710092;0.000089679389;0.000062476472;
2016;01;24;13;0;0.000147924506;0.000081625887;0.000092928218;0.000061864365;
2016;01;24;14;0;0.000151931392;0.000080655643;0.000092227972;0.000060164875;
2016;01;24;15;0;0.000151891661;0.000079364406;0.000089541796;0.000060609418;
2016;01;24;16;0;0.000138002556;0.000071566374;0.000085456899;0.000058078474;
2016;01;24;17;0;0.000131559339;0.000068752622;0.000084104395;0.000053108536;
2016;01;24;18;0;0.000134509892;0.000073569124;0.000084862593;0.000052585009;
2016;01;24;19;0;0.000152802548;0.000137161569;0.000099678166;0.000153237332;
2016;01;24;20;0;0.000165773599;0.000172317336;0.000107041725;0.000233752402;
2016;01;24;21;0;0.000176167039;0.000176928211;0.000106295204;0.000236485653;
2016;01;24;22;0;0.000178557211;0.000181460107;0.000101708464;0.000232754158;
2016;01;24;23;0;0.000158155206;0.000222442482;0.000094495693;0.000201818999;
2016;01;24;24;0;0.000130939021;0.000231856495;0.000087041471;0.000183846480;
2016;01;25;1;0;0.000095926217;0.000216894935;0.000079271902;0.000163241084;
2016;01;25;2;0;0.000076453380;0.000201241690;0.000077156748;0.000168349020;
2016;01;25;3;0;0.000067033529;0.000187146188;0.000075950459;0.000161445148;
2016;01;25;4;0;0.000063016036;0.000178150279;0.000077178137;0.000155340389;
2016;01;25;5;0;0.000061887489;0.000175622793;0.000076548215;0.000151106118;
2016;01;25;6;0;0.000063769194;0.000185124682;0.000079775847;0.000150995828;
2016;01;25;7;0;0.000075503703;0.000192776510;0.000089966053;0.000158095403;
2016;01;25;8;0;0.000106646942;0.000199108279;0.000115135463;0.000170805415;
2016;01;25;9;0;0.000132749068;0.000155235835;0.000154458911;0.000116525018;
2016;01;25;10;0;0.000149419644;0.000125657655;0.000177287094;0.000075237980;
2016;01;25;11;0;0.000163970123;0.000118801191;0.000186473182;0.000071683131;
2016;01;25;12;0;0.000166673059;0.000102424679;0.000186138533;0.000068706724;
2016;01;25;13;0;0.000166652785;0.000076275627;0.000182056301;0.000065513224;
2016;01;25;14;0;0.000167963474;0.000077655451;0.000168482841;0.000065412590;
2016;01;25;15;0;0.000157741837;0.000077048614;0.000146590738;0.000061810218;
2016;01;25;16;0;0.000150724930;0.000073541914;0.000137921717;0.000053733929;
2016;01;25;17;0;0.000152688917;0.000072279554;0.000139124493;0.000052607986;
2016;01;25;18;0;0.000162994435;0.000075032148;0.000144712152;0.000059211168;
2016;01;25;19;0;0.000179403660;0.000129677488;0.000153932299;0.000138388123;
2016;01;25;20;0;0.000189654134;0.000173778621;0.000151509304;0.000235834032;
2016;01;25;21;0;0.000190922651;0.000180267782;0.000135326792;0.000238721990;
2016;01;25;22;0;0.000184825704;0.000183429855;0.000114759123;0.000232786988;
2016;01;25;23;0;0.000161737743;0.000222071388;0.000099330378;0.000200659872;
2016;01;25;24;0;0.000131332259;0.000228886066;0.000090391007;0.000182155190;
2016;01;26;1;0;0.000098811655;0.000219612983;0.000083878297;0.000169157639;
2016;01;26;2;0;0.000077810496;0.000203182438;0.000081509731;0.000174276005;
2016;01;26;3;0;0.000069053155;0.000188508657;0.000080955870;0.000167753448;
2016;01;26;4;0;0.000064994733;0.000178962284;0.000080100636;0.000160248671;
2016;01;26;5;0;0.000063923054;0.000176917743;0.000079834261;0.000155619885;
2016;01;26;6;0;0.000065881461;0.000185945473;0.000082663045;0.000155934491;
2016;01;26;7;0;0.000078021546;0.000193332716;0.000093668741;0.000159934999;
2016;01;26;8;0;0.000109537911;0.000200722338;0.000119092782;0.000174144860;
2016;01;26;9;0;0.000136004482;0.000156476104;0.000159152932;0.000114170027;
2016;01;26;10;0;0.000151716537;0.000126410876;0.000181856828;0.000070253163;
2016;01;26;11;0;0.000165464549;0.000118436389;0.000190022492;0.000071239171;
2016;01;26;12;0;0.000166300690;0.000101702097;0.000187773761;0.000068061919;
2016;01;26;13;0;0.000166961285;0.000076186461;0.000183728789;0.000064210675;
2016;01;26;14;0;0.000167644401;0.000077071230;0.000170055206;0.000063018352;
2016;01;26;15;0;0.000157148285;0.000075615885;0.000147893222;0.000058699842;
2016;01;26;16;0;0.000150226693;0.000072226030;0.000141359626;0.000055832056;
2016;01;26;17;0;0.000152462575;0.000070977269;0.000143254799;0.000052988375;
2016;01;26;18;0;0.000164125378;0.000074599454;0.000149431867;0.000058820087;
2016;01;26;19;0;0.000182108694;0.000130519141;0.000159886260;0.000139178986;
2016;01;26;20;0;0.000194259781;0.000174859182;0.000157476916;0.000237204087;
2016;01;26;21;0;0.000195898184;0.000181965719;0.000139431897;0.000243404021;
2016;01;26;22;0;0.000188266181;0.000184546033;0.000117500209;0.000233972297;
2016;01;26;23;0;0.000164075900;0.000223712126;0.000100380323;0.000201653954;
2016;01;26;24;0;0.000132425181;0.000230344084;0.000090377229;0.000185346772;
2016;01;27;1;0;0.000098987800;0.000219868997;0.000084053830;0.000169322585;
2016;01;27;2;0;0.000077973709;0.000203483249;0.000081705986;0.000174500784;
2016;01;27;3;0;0.000069140798;0.000188631686;0.000081083710;0.000167830966;
2016;01;27;4;0;0.000065084111;0.000179098033;0.000080235615;0.000160339686;
2016;01;27;5;0;0.000064049317;0.000177158040;0.000080016713;0.000155801579;
2016;01;27;6;0;0.000065974399;0.000186093121;0.000082805280;0.000156028591;
2016;01;27;7;0;0.000078123543;0.000193466251;0.000093820224;0.000160014989;
2016;01;27;8;0;0.000109753381;0.000200993331;0.000119363983;0.000174346764;
2016;01;27;9;0;0.000136137532;0.000156532732;0.000159357939;0.000114189595;
2016;01;27;10;0;0.000151942997;0.000126521605;0.000182184650;0.000070301311;
2016;01;27;11;0;0.000165620533;0.000118475039;0.000190260500;0.000071248849;
2016;01;27;12;0;0.000166502973;0.000101763101;0.000188060355;0.000068089776;
2016;01;27;13;0;0.000167115558;0.000076209900;0.000183955477;0.000064218198;
2016;01;27;14;0;0.000167770492;0.000077081703;0.000170235786;0.000063014913;
2016;01;27;15;0;0.000157354774;0.000075668618;0.000148133387;0.000058729592;
2016;01;27;16;0;0.000150406923;0.000072268152;0.000141573026;0.000055853979;
2016;01;27;17;0;0.000152610546;0.000071002407;0.000143438219;0.000052997047;
2016;01;27;18;0;0.000164312280;0.000074638417;0.000149648343;0.000058839602;
2016;01;27;19;0;0.000182330301;0.000130597499;0.000160130373;0.000139236023;
2016;01;27;20;0;0.000194432353;0.000174906748;0.000157665598;0.000237223429;
2016;01;27;21;0;0.000196010299;0.000181957745;0.000139554878;0.000243347005;
2016;01;27;22;0;0.000188308355;0.000184473708;0.000117562908;0.000233836064;
2016;01;27;23;0;0.000164168984;0.000223701206;0.000100468359;0.000201605712;
2016;01;27;24;0;0.000132551673;0.000230422130;0.000090491558;0.000185374264;
2016;01;28;1;0;0.000098883362;0.000219807892;0.000083950483;0.000169296395;
2016;01;28;2;0;0.000077839217;0.000203290303;0.000081550809;0.000174356810;
2016;01;28;3;0;0.000069017792;0.000188442585;0.000080925320;0.000167683386;
2016;01;28;4;0;0.000064959066;0.000178892998;0.000080067472;0.000160175869;
2016;01;28;5;0;0.000063920915;0.000176940430;0.000079842352;0.000155629384;
2016;01;28;6;0;0.000065846266;0.000185876188;0.000082630022;0.000155865917;
2016;01;28;7;0;0.000077950819;0.000193188692;0.000093596446;0.000159805119;
2016;01;28;8;0;0.000109456579;0.000200605734;0.000119020398;0.000174032004;
2016;01;28;9;0;0.000135857236;0.000156331971;0.000159002057;0.000114057199;
2016;01;28;10;0;0.000151568538;0.000126307982;0.000181703919;0.000070191264;
2016;01;28;11;0;0.000165284228;0.000118326449;0.000189840998;0.000071168261;
2016;01;28;12;0;0.000166240544;0.000101681754;0.000187731153;0.000068043733;
2016;01;28;13;0;0.000166916319;0.000076178259;0.000183704069;0.000064199449;
2016;01;28;14;0;0.000167724286;0.000077120424;0.000170159175;0.000063054340;
2016;01;28;15;0;0.000157362327;0.000075731121;0.000148114623;0.000058785349;
2016;01;28;16;0;0.000150504678;0.000072371380;0.000141640295;0.000055940656;
2016;01;28;17;0;0.000152773981;0.000071133742;0.000143566750;0.000053101622;
2016;01;28;18;0;0.000164492459;0.000074778392;0.000149786275;0.000058957215;
2016;01;28;19;0;0.000182371358;0.000130728531;0.000160138456;0.000139392902;
2016;01;28;20;0;0.000194368226;0.000174985087;0.000157586067;0.000237358936;
2016;01;28;21;0;0.000195856243;0.000181956179;0.000139420838;0.000243374909;
2016;01;28;22;0;0.000188152935;0.000184464849;0.000117445361;0.000233853658;
2016;01;28;23;0;0.000164037262;0.000223695610;0.000100370213;0.000201625521;
2016;01;28;24;0;0.000132458940;0.000230440062;0.000090412456;0.000185411544;
2016;01;29;1;0;0.000102641216;0.000223745566;0.000085140125;0.000168902804;
2016;01;29;2;0;0.000081045975;0.000206802859;0.000082012840;0.000173830207;
2016;01;29;3;0;0.000071048601;0.000192176553;0.000081150496;0.000168254964;
2016;01;29;4;0;0.000066157222;0.000182656818;0.000080598500;0.000161124071;
2016;01;29;5;0;0.000064921342;0.000180119524;0.000081122982;0.000156585967;
2016;01;29;6;0;0.000066563809;0.000188974828;0.000083644640;0.000155046620;
2016;01;29;7;0;0.000078369513;0.000196208812;0.000095305649;0.000160802599;
2016;01;29;8;0;0.000107547680;0.000202183545;0.000118844037;0.000174916747;
2016;01;29;9;0;0.000134809954;0.000157212753;0.000155385849;0.000113803656;
2016;01;29;10;0;0.000152534624;0.000127495564;0.000175693843;0.000065508343;
2016;01;29;11;0;0.000167472098;0.000120390171;0.000184228026;0.000069290473;
2016;01;29;12;0;0.000168799376;0.000104311856;0.000182743611;0.000066937134;
2016;01;29;13;0;0.000168541989;0.000077955023;0.000179312888;0.000064733432;
2016;01;29;14;0;0.000168671648;0.000078121931;0.000168168129;0.000064152588;
2016;01;29;15;0;0.000159727301;0.000077421842;0.000145536923;0.000061312202;
2016;01;29;16;0;0.000153126030;0.000073159255;0.000133992075;0.000057958217;
2016;01;29;17;0;0.000153820857;0.000071494124;0.000132672968;0.000054470254;
2016;01;29;18;0;0.000162524283;0.000075210519;0.000137144863;0.000059509387;
2016;01;29;19;0;0.000177689455;0.000131368985;0.000151156656;0.000142839925;
2016;01;29;20;0;0.000186537134;0.000172598676;0.000152432363;0.000236215788;
2016;01;29;21;0;0.000185779025;0.000177493333;0.000140133764;0.000238577625;
2016;01;29;22;0;0.000180890750;0.000181660052;0.000121242975;0.000232490889;
2016;01;29;23;0;0.000163309381;0.000223153183;0.000104648599;0.000198020789;
2016;01;29;24;0;0.000138461630;0.000233151062;0.000094888988;0.000181917743;
2016;01;30;1;0;0.000110296263;0.000224130040;0.000085201834;0.000169710606;
2016;01;30;2;0;0.000088248818;0.000208510823;0.000080681204;0.000174842054;
2016;01;30;3;0;0.000075410812;0.000193064187;0.000078556015;0.000169973390;
2016;01;30;4;0;0.000068592737;0.000182011118;0.000077525609;0.000162561989;
2016;01;30;5;0;0.000065830083;0.000179362530;0.000078054166;0.000155747402;
2016;01;30;6;0;0.000065894079;0.000187910235;0.000079468759;0.000154897819;
2016;01;30;7;0;0.000069879286;0.000190618797;0.000083472453;0.000154893758;
2016;01;30;8;0;0.000079063955;0.000187045371;0.000090260502;0.000163342205;
2016;01;30;9;0;0.000099051531;0.000142592220;0.000094142178;0.000099738937;
2016;01;30;10;0;0.000128628537;0.000122759643;0.000101462031;0.000061347223;
2016;01;30;11;0;0.000152702008;0.000123192362;0.000115604940;0.000068432888;
2016;01;30;12;0;0.000158365441;0.000109022484;0.000120295091;0.000066967006;
2016;01;30;13;0;0.000159601283;0.000080742233;0.000120780326;0.000061615165;
2016;01;30;14;0;0.000162782746;0.000080279963;0.000115711379;0.000060655853;
2016;01;30;15;0;0.000157585131;0.000080168875;0.000102781421;0.000062292957;
2016;01;30;16;0;0.000143595078;0.000073827130;0.000098045353;0.000056514564;
2016;01;30;17;0;0.000136394964;0.000070001571;0.000098410308;0.000049521093;
2016;01;30;18;0;0.000137814533;0.000072285321;0.000103168979;0.000048373058;
2016;01;30;19;0;0.000152918304;0.000128673288;0.000117496099;0.000135089616;
2016;01;30;20;0;0.000162699457;0.000168466895;0.000127285101;0.000227917865;
2016;01;30;21;0;0.000168879575;0.000171753940;0.000125595366;0.000235778353;
2016;01;30;22;0;0.000170372255;0.000176262015;0.000113464276;0.000231508555;
2016;01;30;23;0;0.000155576705;0.000218767867;0.000102455366;0.000198868845;
2016;01;30;24;0;0.000133497714;0.000230075086;0.000094518912;0.000180895833;
2016;01;31;1;0;0.000116745422;0.000228062764;0.000089327978;0.000169775674;
2016;01;31;2;0;0.000097564098;0.000214153412;0.000084506333;0.000171672800;
2016;01;31;3;0;0.000083551738;0.000199227350;0.000082241964;0.000165363178;
2016;01;31;4;0;0.000074673982;0.000187243405;0.000081638631;0.000158194222;
2016;01;31;5;0;0.000069872393;0.000183105201;0.000081593961;0.000152809134;
2016;01;31;6;0;0.000068349014;0.000190882802;0.000083510512;0.000150808972;
2016;01;31;7;0;0.000070593102;0.000193524044;0.000084857359;0.000153715963;
2016;01;31;8;0;0.000075598386;0.000188269477;0.000086786289;0.000160276243;
2016;01;31;9;0;0.000086614535;0.000139431382;0.000082392799;0.000099325518;
2016;01;31;10;0;0.000108546753;0.000116177815;0.000080962179;0.000054824704;
2016;01;31;11;0;0.000131130219;0.000119454924;0.000085759538;0.000059325515;
2016;01;31;12;0;0.000144181925;0.000108962906;0.000090246286;0.000062562853;
2016;01;31;13;0;0.000148674080;0.000081823359;0.000093524389;0.000061955687;
2016;01;31;14;0;0.000152707909;0.000080854282;0.000092823686;0.000060256308;
2016;01;31;15;0;0.000152638448;0.000079544478;0.000090102729;0.000060689787;
2016;01;31;16;0;0.000138619673;0.000071697005;0.000085954182;0.000058129746;
2016;01;31;17;0;0.000132111437;0.000068859245;0.000084570629;0.000053140856;
2016;01;31;18;0;0.000135070234;0.000073680959;0.000085330416;0.000052615400;
2016;01;31;19;0;0.000153233684;0.000137186174;0.000100093488;0.000153120631;
2016;01;31;20;0;0.000166423537;0.000172537146;0.000107605537;0.000233830388;
2016;01;31;21;0;0.000176892557;0.000177188791;0.000106876129;0.000236611141;
2016;01;31;22;0;0.000179191459;0.000181624875;0.000102206648;0.000232746332;
2016;01;31;23;0;0.000158854398;0.000222837223;0.000095040760;0.000201986938;
2016;01;31;24;0;0.000131572050;0.000232363588;0.000087579591;0.000184075232;
