AŃO;MES;DIA;HORA;VERANO(1)/INVIERNO(0);COEF. PERFIL A;COEF. PERFIL B;COEF. PERFIL C;COEF. PERFIL D;
2019;04;01;1;1;0.000087310212;0.000150292260;0.000082829497;0.000153684284;
2019;04;01;2;1;0.000070397136;0.000136404477;0.000079125257;0.000150364526;
2019;04;01;3;1;0.000061810143;0.000125162759;0.000077098823;0.000147821645;
2019;04;01;4;1;0.000058037458;0.000118974575;0.000076310665;0.000144107820;
2019;04;01;5;1;0.000056588493;0.000115482174;0.000076513784;0.000139922366;
2019;04;01;6;1;0.000058099181;0.000115421521;0.000078832148;0.000136452047;
2019;04;01;7;1;0.000067874491;0.000123528329;0.000088063985;0.000137339055;
2019;04;01;8;1;0.000089746026;0.000112964710;0.000100938719;0.000103391822;
2019;04;01;9;1;0.000108214819;0.000096398844;0.000127708220;0.000070160144;
2019;04;01;10;1;0.000120144020;0.000095907814;0.000149082314;0.000071874877;
2019;04;01;11;1;0.000129237288;0.000096252771;0.000156301439;0.000071384061;
2019;04;01;12;1;0.000131177746;0.000092833443;0.000156941831;0.000074316609;
2019;04;01;13;1;0.000133861929;0.000086707943;0.000157051650;0.000071075991;
2019;04;01;14;1;0.000138948428;0.000081382039;0.000149463468;0.000070895748;
2019;04;01;15;1;0.000134187377;0.000078960161;0.000132606230;0.000067448062;
2019;04;01;16;1;0.000123846865;0.000072740905;0.000128035236;0.000062399562;
2019;04;01;17;1;0.000118491437;0.000068473810;0.000128395473;0.000058419559;
2019;04;01;18;1;0.000119625569;0.000067392553;0.000128282839;0.000058452716;
2019;04;01;19;1;0.000121573504;0.000067861300;0.000122773014;0.000060150386;
2019;04;01;20;1;0.000126991062;0.000071552780;0.000116603700;0.000063187516;
2019;04;01;21;1;0.000143560131;0.000090049893;0.000114602687;0.000073913683;
2019;04;01;22;1;0.000160990289;0.000149562804;0.000117781078;0.000180764630;
2019;04;01;23;1;0.000143319985;0.000152829713;0.000103757158;0.000191788170;
2019;04;01;24;1;0.000113526241;0.000159206685;0.000092734402;0.000180209931;
2019;04;02;1;1;0.000085767164;0.000152277917;0.000083696188;0.000157064710;
2019;04;02;2;1;0.000068603430;0.000138187529;0.000079852937;0.000158042182;
2019;04;02;3;1;0.000060818521;0.000127508759;0.000077790174;0.000157416347;
2019;04;02;4;1;0.000057455571;0.000121175281;0.000076811902;0.000151537698;
2019;04;02;5;1;0.000056191285;0.000117936509;0.000076930861;0.000145514530;
2019;04;02;6;1;0.000057799908;0.000117819240;0.000079149306;0.000139653736;
2019;04;02;7;1;0.000068244791;0.000126122193;0.000088399625;0.000138280378;
2019;04;02;8;1;0.000092267038;0.000114492499;0.000102133202;0.000102419298;
2019;04;02;9;1;0.000110547123;0.000098472011;0.000130302816;0.000070824467;
2019;04;02;10;1;0.000120068362;0.000096849421;0.000152591729;0.000071085779;
2019;04;02;11;1;0.000127488375;0.000095704239;0.000160279863;0.000069205743;
2019;04;02;12;1;0.000128920884;0.000091579655;0.000161085872;0.000070702316;
2019;04;02;13;1;0.000131587487;0.000086242975;0.000161452210;0.000069201126;
2019;04;02;14;1;0.000136608855;0.000081114887;0.000153436310;0.000067836652;
2019;04;02;15;1;0.000131555176;0.000078818497;0.000135450492;0.000065761522;
2019;04;02;16;1;0.000121790795;0.000072690138;0.000130694401;0.000060065541;
2019;04;02;17;1;0.000117511439;0.000068771885;0.000131284676;0.000056659570;
2019;04;02;18;1;0.000118947507;0.000068408077;0.000131500531;0.000056988510;
2019;04;02;19;1;0.000121112768;0.000068887699;0.000125938131;0.000059302706;
2019;04;02;20;1;0.000126602998;0.000072654703;0.000119725501;0.000062960348;
2019;04;02;21;1;0.000142565279;0.000090242223;0.000116737310;0.000072848192;
2019;04;02;22;1;0.000158070785;0.000151657589;0.000117808075;0.000181066036;
2019;04;02;23;1;0.000140637985;0.000155463915;0.000103379905;0.000193526559;
2019;04;02;24;1;0.000112948340;0.000162337472;0.000092029295;0.000182363789;
2019;04;03;1;1;0.000086127447;0.000152861367;0.000084053290;0.000157648636;
2019;04;03;2;1;0.000068894886;0.000138732371;0.000080197452;0.000158662543;
2019;04;03;3;1;0.000061072548;0.000127991084;0.000078120218;0.000157990007;
2019;04;03;4;1;0.000057712488;0.000121715478;0.000077160439;0.000152276109;
2019;04;03;5;1;0.000056434744;0.000118425280;0.000077269251;0.000146142315;
2019;04;03;6;1;0.000058044277;0.000118280285;0.000079489157;0.000140200850;
2019;04;03;7;1;0.000068510531;0.000126518839;0.000088749675;0.000138627650;
2019;04;03;8;1;0.000092594376;0.000114761222;0.000102502273;0.000102526545;
2019;04;03;9;1;0.000110938898;0.000098702317;0.000130773191;0.000070897626;
2019;04;03;10;1;0.000120499914;0.000097087071;0.000153150234;0.000071174052;
2019;04;03;11;1;0.000127883136;0.000095830312;0.000160786719;0.000069149298;
2019;04;03;12;1;0.000129312376;0.000091687775;0.000161585650;0.000070627102;
2019;04;03;13;1;0.000132023391;0.000086399195;0.000161997683;0.000069206660;
2019;04;03;14;1;0.000137090108;0.000081300752;0.000153986956;0.000067901032;
2019;04;03;15;1;0.000132030643;0.000079015494;0.000135948964;0.000065848603;
2019;04;03;16;1;0.000122164912;0.000072781897;0.000131104477;0.000060010772;
2019;04;03;17;1;0.000117891626;0.000068884314;0.000131718073;0.000056645985;
2019;04;03;18;1;0.000119362636;0.000068559674;0.000131968136;0.000057034780;
2019;04;03;19;1;0.000121587238;0.000069107649;0.000126439808;0.000059455815;
2019;04;03;20;1;0.000127126111;0.000072922514;0.000120228092;0.000063179754;
2019;04;03;21;1;0.000143069418;0.000090451658;0.000117157809;0.000072921014;
2019;04;03;22;1;0.000158584407;0.000151911241;0.000118198632;0.000181037664;
2019;04;03;23;1;0.000141029035;0.000155559070;0.000103674165;0.000193129565;
2019;04;03;24;1;0.000113296198;0.000162546354;0.000092318788;0.000182208430;
2019;04;04;1;1;0.000086479436;0.000153233194;0.000084406380;0.000157755547;
2019;04;04;2;1;0.000069175376;0.000139064685;0.000080533096;0.000158758854;
2019;04;04;3;1;0.000061320392;0.000128293579;0.000078446145;0.000158075936;
2019;04;04;4;1;0.000057936447;0.000121953691;0.000077468657;0.000152246591;
2019;04;04;5;1;0.000056666933;0.000118719969;0.000077595963;0.000146253693;
2019;04;04;6;1;0.000058288624;0.000118599966;0.000079832838;0.000140360821;
2019;04;04;7;1;0.000068802614;0.000126876301;0.000089138158;0.000138816635;
2019;04;04;8;1;0.000093036425;0.000115220189;0.000103003310;0.000102886420;
2019;04;04;9;1;0.000111494515;0.000099149778;0.000131443059;0.000071214903;
2019;04;04;10;1;0.000121176631;0.000097661846;0.000154027788;0.000071671196;
2019;04;04;11;1;0.000128604186;0.000096402530;0.000161711640;0.000069638627;
2019;04;04;12;1;0.000129996651;0.000092162681;0.000162459136;0.000071025670;
2019;04;04;13;1;0.000132655110;0.000086746583;0.000162791297;0.000069451645;
2019;04;04;14;1;0.000137670439;0.000081525373;0.000154656362;0.000067987044;
2019;04;04;15;1;0.000132534302;0.000079158389;0.000136483056;0.000065818407;
2019;04;04;16;1;0.000122651899;0.000072941879;0.000131642037;0.000060025264;
2019;04;04;17;1;0.000118356699;0.000069029193;0.000132252697;0.000056649873;
2019;04;04;18;1;0.000119817474;0.000068682894;0.000132486041;0.000057007219;
2019;04;04;19;1;0.000122067040;0.000069253134;0.000126953163;0.000059459979;
2019;04;04;20;1;0.000127615986;0.000073060332;0.000120705081;0.000063158946;
2019;04;04;21;1;0.000143759693;0.000090823855;0.000117736426;0.000073192181;
2019;04;04;22;1;0.000159352363;0.000152541146;0.000118784495;0.000181717030;
2019;04;04;23;1;0.000141690247;0.000156149751;0.000104172059;0.000193733339;
2019;04;04;24;1;0.000113850884;0.000163240264;0.000092781298;0.000182932923;
2019;04;05;1;1;0.000091076342;0.000164029131;0.000086832873;0.000168377604;
2019;04;05;2;1;0.000072895281;0.000149598266;0.000082437666;0.000167357515;
2019;04;05;3;1;0.000063764683;0.000137642181;0.000080335619;0.000167183821;
2019;04;05;4;1;0.000059867836;0.000130088889;0.000079185972;0.000160797069;
2019;04;05;5;1;0.000058283500;0.000126349867;0.000079148148;0.000154541764;
2019;04;05;6;1;0.000060013341;0.000125979181;0.000081472381;0.000149574003;
2019;04;05;7;1;0.000070918287;0.000134669021;0.000091065212;0.000147399597;
2019;04;05;8;1;0.000095833981;0.000122598767;0.000105305533;0.000104373205;
2019;04;05;9;1;0.000115776368;0.000105600917;0.000135131782;0.000070151692;
2019;04;05;10;1;0.000126067865;0.000103181684;0.000158697014;0.000072374209;
2019;04;05;11;1;0.000133868710;0.000101679653;0.000166587583;0.000071864119;
2019;04;05;12;1;0.000135499359;0.000096817697;0.000167089273;0.000071023426;
2019;04;05;13;1;0.000138372949;0.000090705973;0.000167630669;0.000069730384;
2019;04;05;14;1;0.000143817041;0.000084499791;0.000158947581;0.000068568050;
2019;04;05;15;1;0.000139143711;0.000082534101;0.000138644353;0.000068013525;
2019;04;05;16;1;0.000129724191;0.000076390368;0.000130123007;0.000063727073;
2019;04;05;17;1;0.000124924113;0.000072570394;0.000128710741;0.000060659955;
2019;04;05;18;1;0.000125822302;0.000071757881;0.000128116407;0.000061880768;
2019;04;05;19;1;0.000126353555;0.000071638650;0.000124826235;0.000062622052;
2019;04;05;20;1;0.000129071419;0.000073667400;0.000121016228;0.000062643173;
2019;04;05;21;1;0.000139837410;0.000088423544;0.000121208131;0.000071347655;
2019;04;05;22;1;0.000155919785;0.000151919238;0.000125032159;0.000191934578;
2019;04;05;23;1;0.000144209712;0.000161629795;0.000111674486;0.000211218386;
2019;04;05;24;1;0.000121305023;0.000174490874;0.000100836856;0.000200354093;
2019;04;06;1;1;0.000097838751;0.000166924772;0.000092213468;0.000166165671;
2019;04;06;2;1;0.000079566101;0.000153104553;0.000085806824;0.000165391312;
2019;04;06;3;1;0.000068658372;0.000140532338;0.000082494385;0.000164947971;
2019;04;06;4;1;0.000063305438;0.000132585402;0.000080906992;0.000158603847;
2019;04;06;5;1;0.000060883077;0.000128395460;0.000080432253;0.000152186151;
2019;04;06;6;1;0.000060908430;0.000127840522;0.000081410379;0.000147042721;
2019;04;06;7;1;0.000064558423;0.000132518143;0.000084794127;0.000144587659;
2019;04;06;8;1;0.000072768334;0.000108301124;0.000083007112;0.000093607267;
2019;04;06;9;1;0.000091854609;0.000088044306;0.000087655414;0.000055899141;
2019;04;06;10;1;0.000117766858;0.000097787138;0.000099843274;0.000064815490;
2019;04;06;11;1;0.000135779277;0.000104850192;0.000111372364;0.000071700430;
2019;04;06;12;1;0.000139657428;0.000102542920;0.000115641557;0.000073179279;
2019;04;06;13;1;0.000140759072;0.000095362330;0.000117047544;0.000070591785;
2019;04;06;14;1;0.000146571319;0.000088802875;0.000113491185;0.000070467804;
2019;04;06;15;1;0.000143624178;0.000086862348;0.000104833093;0.000069521849;
2019;04;06;16;1;0.000127712742;0.000078210853;0.000101097901;0.000062277948;
2019;04;06;17;1;0.000117861850;0.000071787307;0.000098982711;0.000056317956;
2019;04;06;18;1;0.000114197788;0.000068839811;0.000100146123;0.000055225300;
2019;04;06;19;1;0.000114783236;0.000068959041;0.000100262716;0.000055474947;
2019;04;06;20;1;0.000117100729;0.000071090915;0.000102789469;0.000056312634;
2019;04;06;21;1;0.000128967798;0.000086231011;0.000108669906;0.000064860848;
2019;04;06;22;1;0.000148218323;0.000149308779;0.000117748424;0.000178873760;
2019;04;06;23;1;0.000139617044;0.000158862777;0.000109419466;0.000197608249;
2019;04;06;24;1;0.000120073467;0.000172748779;0.000100658941;0.000190027478;
2019;04;07;1;1;0.000098790481;0.000157555763;0.000093528892;0.000154127469;
2019;04;07;2;1;0.000081447875;0.000144611126;0.000086283419;0.000151170939;
2019;04;07;3;1;0.000069937903;0.000132405735;0.000082871564;0.000147979986;
2019;04;07;4;1;0.000063712433;0.000124661553;0.000080987876;0.000143552486;
2019;04;07;5;1;0.000060880170;0.000120049368;0.000080439502;0.000139834059;
2019;04;07;6;1;0.000060290660;0.000119219586;0.000080965042;0.000135700301;
2019;04;07;7;1;0.000062107859;0.000123160494;0.000082962829;0.000133314773;
2019;04;07;8;1;0.000067066960;0.000100014243;0.000077761170;0.000093818446;
2019;04;07;9;1;0.000080677646;0.000077418002;0.000075478279;0.000053589778;
2019;04;07;10;1;0.000103452251;0.000085879899;0.000081292340;0.000060909670;
2019;04;07;11;1;0.000123353665;0.000095858603;0.000087069300;0.000068060523;
2019;04;07;12;1;0.000131212823;0.000097676931;0.000091395005;0.000072710625;
2019;04;07;13;1;0.000133105435;0.000092552981;0.000094148665;0.000070452065;
2019;04;07;14;1;0.000137720422;0.000085529080;0.000094512211;0.000068503794;
2019;04;07;15;1;0.000136241590;0.000083743146;0.000092076587;0.000068234320;
2019;04;07;16;1;0.000120642337;0.000074023925;0.000089088358;0.000061259264;
2019;04;07;17;1;0.000110963108;0.000067945675;0.000086085205;0.000056426990;
2019;04;07;18;1;0.000107950026;0.000065556009;0.000083725163;0.000054729100;
2019;04;07;19;1;0.000110053606;0.000066052896;0.000083021175;0.000056574507;
2019;04;07;20;1;0.000116088164;0.000069346843;0.000085273301;0.000058748195;
2019;04;07;21;1;0.000133896277;0.000087111189;0.000092071956;0.000070065658;
2019;04;07;22;1;0.000154538253;0.000147659180;0.000106157010;0.000172391647;
2019;04;07;23;1;0.000140508534;0.000153390075;0.000100904878;0.000182721406;
2019;04;07;24;1;0.000115669198;0.000162860753;0.000093002771;0.000174773086;
2019;04;08;1;1;0.000089482380;0.000153028888;0.000084941695;0.000155435855;
2019;04;08;2;1;0.000072117597;0.000138752222;0.000081108208;0.000151808614;
2019;04;08;3;1;0.000063331236;0.000127364817;0.000079044085;0.000149341589;
2019;04;08;4;1;0.000059465125;0.000121064859;0.000078235274;0.000145582653;
2019;04;08;5;1;0.000057989214;0.000117551273;0.000078455282;0.000141441573;
2019;04;08;6;1;0.000059546580;0.000117531328;0.000080845078;0.000138022234;
2019;04;08;7;1;0.000069563547;0.000125778526;0.000090310217;0.000138903646;
2019;04;08;8;1;0.000092003527;0.000115092216;0.000103540547;0.000104686168;
2019;04;08;9;1;0.000110976460;0.000098294530;0.000131046793;0.000071143755;
2019;04;08;10;1;0.000123244107;0.000097855385;0.000153021883;0.000072965335;
2019;04;08;11;1;0.000132596713;0.000098248961;0.000160461672;0.000072522315;
2019;04;08;12;1;0.000134578766;0.000094744494;0.000161108520;0.000075481102;
2019;04;08;13;1;0.000137251211;0.000088373288;0.000161125778;0.000072013232;
2019;04;08;14;1;0.000142467632;0.000082946516;0.000153341970;0.000071832655;
2019;04;08;15;1;0.000137517643;0.000080387029;0.000135979706;0.000068200007;
2019;04;08;16;1;0.000126905557;0.000074035467;0.000131276971;0.000063064484;
2019;04;08;17;1;0.000121441595;0.000069723474;0.000131672058;0.000059089537;
2019;04;08;18;1;0.000122580092;0.000068591976;0.000131530934;0.000059075505;
2019;04;08;19;1;0.000124622414;0.000069127655;0.000125928362;0.000060884605;
2019;04;08;20;1;0.000130186586;0.000072901830;0.000119610368;0.000063980886;
2019;04;08;21;1;0.000147127758;0.000091683560;0.000117521950;0.000074746388;
2019;04;08;22;1;0.000165038494;0.000152376369;0.000120816016;0.000183019820;
2019;04;08;23;1;0.000146824844;0.000155466793;0.000106359008;0.000193649126;
2019;04;08;24;1;0.000116381831;0.000162204558;0.000095124682;0.000182464141;
2019;04;09;1;1;0.000088126090;0.000155316274;0.000086060738;0.000158982199;
2019;04;09;2;1;0.000070471282;0.000140857818;0.000082086772;0.000159792598;
2019;04;09;3;1;0.000062461140;0.000129909111;0.000079949313;0.000159017230;
2019;04;09;4;1;0.000059021397;0.000123523243;0.000078962665;0.000153228107;
2019;04;09;5;1;0.000057718355;0.000120200746;0.000079079062;0.000147089636;
2019;04;09;6;1;0.000059382393;0.000120134547;0.000081375488;0.000141276570;
2019;04;09;7;1;0.000070099417;0.000128541828;0.000090868062;0.000139768693;
2019;04;09;8;1;0.000094750289;0.000116621678;0.000104958315;0.000103415256;
2019;04;09;9;1;0.000113585234;0.000100431284;0.000133981296;0.000071680602;
2019;04;09;10;1;0.000123424524;0.000098879864;0.000156971139;0.000072082158;
2019;04;09;11;1;0.000131068225;0.000097738425;0.000164900410;0.000070211904;
2019;04;09;12;1;0.000132579888;0.000093588971;0.000165778332;0.000071817550;
2019;04;09;13;1;0.000135364583;0.000088198190;0.000166207413;0.000070383433;
2019;04;09;14;1;0.000140531941;0.000082956054;0.000157957511;0.000068998343;
2019;04;09;15;1;0.000135324708;0.000080596249;0.000139433037;0.000066871078;
2019;04;09;16;1;0.000125245829;0.000074282747;0.000134499829;0.000061009451;
2019;04;09;17;1;0.000120791234;0.000070207186;0.000135047097;0.000057444120;
2019;04;09;18;1;0.000122374883;0.000069976045;0.000135388069;0.000057987757;
2019;04;09;19;1;0.000124687351;0.000070576533;0.000129749489;0.000060513591;
2019;04;09;20;1;0.000130303609;0.000074389490;0.000123314759;0.000064174724;
2019;04;09;21;1;0.000146552962;0.000092138010;0.000120089892;0.000073874901;
2019;04;09;22;1;0.000162460078;0.000154774194;0.000121167472;0.000183470414;
2019;04;09;23;1;0.000144496738;0.000158543182;0.000106293688;0.000195840778;
2019;04;09;24;1;0.000116044465;0.000165543048;0.000094620799;0.000184523530;
2019;04;10;1;1;0.000087853486;0.000155048511;0.000085779769;0.000158985742;
2019;04;10;2;1;0.000070288260;0.000140774965;0.000081859503;0.000160125660;
2019;04;10;3;1;0.000062289518;0.000129788791;0.000079715928;0.000159253829;
2019;04;10;4;1;0.000058855135;0.000123389560;0.000078726687;0.000153413718;
2019;04;10;5;1;0.000057571565;0.000120146781;0.000078864383;0.000147439535;
2019;04;10;6;1;0.000059205404;0.000119961246;0.000081118995;0.000141360587;
2019;04;10;7;1;0.000069885120;0.000128334012;0.000090574696;0.000139808021;
2019;04;10;8;1;0.000094471005;0.000116461533;0.000104630945;0.000103488093;
2019;04;10;9;1;0.000113245607;0.000100282973;0.000133557711;0.000071716406;
2019;04;10;10;1;0.000123028312;0.000098683738;0.000156440329;0.000072051274;
2019;04;10;11;1;0.000130611965;0.000097483905;0.000164298119;0.000070102607;
2019;04;10;12;1;0.000132043235;0.000093223993;0.000165078906;0.000071537053;
2019;04;10;13;1;0.000134766498;0.000087779689;0.000165444599;0.000070001063;
2019;04;10;14;1;0.000139942006;0.000082604370;0.000157267375;0.000068687020;
2019;04;10;15;1;0.000134727094;0.000080214336;0.000138793407;0.000066508817;
2019;04;10;16;1;0.000124742326;0.000073997816;0.000133936087;0.000060778377;
2019;04;10;17;1;0.000120353172;0.000070000993;0.000134534195;0.000057320021;
2019;04;10;18;1;0.000121825251;0.000069632355;0.000134756812;0.000057655300;
2019;04;10;19;1;0.000124064634;0.000070148693;0.000129079289;0.000060040305;
2019;04;10;20;1;0.000129696514;0.000073995020;0.000122719118;0.000063759965;
2019;04;10;21;1;0.000145908106;0.000091703912;0.000119540916;0.000073476524;
2019;04;10;22;1;0.000161703497;0.000153957340;0.000120582452;0.000182302647;
2019;04;10;23;1;0.000143842016;0.000157751903;0.000105793869;0.000194695450;
2019;04;10;24;1;0.000115643835;0.000165122238;0.000094277916;0.000184255392;
2019;04;11;1;1;0.000087398551;0.000154584570;0.000085323327;0.000158905734;
2019;04;11;2;1;0.000069876676;0.000140136649;0.000081368485;0.000159600333;
2019;04;11;3;1;0.000061947186;0.000129307043;0.000079266447;0.000158968648;
2019;04;11;4;1;0.000058522523;0.000122887743;0.000078270541;0.000153040458;
2019;04;11;5;1;0.000057232163;0.000119591010;0.000078388203;0.000146931093;
2019;04;11;6;1;0.000058878133;0.000119508003;0.000080659016;0.000141092868;
2019;04;11;7;1;0.000069498059;0.000127846075;0.000090060120;0.000139537544;
2019;04;11;8;1;0.000093927941;0.000115962090;0.000104014550;0.000103194889;
2019;04;11;9;1;0.000112572038;0.000099807017;0.000132744278;0.000071453412;
2019;04;11;10;1;0.000122302445;0.000098226228;0.000155495016;0.000071801520;
2019;04;11;11;1;0.000129808899;0.000096976547;0.000163264502;0.000069787358;
2019;04;11;12;1;0.000131240619;0.000092753717;0.000164051940;0.000071236041;
2019;04;11;13;1;0.000133920017;0.000087296229;0.000164381834;0.000069647831;
2019;04;11;14;1;0.000139064403;0.000082151489;0.000156258696;0.000068343990;
2019;04;11;15;1;0.000133934086;0.000079845037;0.000137956666;0.000066282211;
2019;04;11;16;1;0.000124014762;0.000073666182;0.000133135792;0.000060584744;
2019;04;11;17;1;0.000119674479;0.000069718232;0.000133756336;0.000057183379;
2019;04;11;18;1;0.000121150155;0.000069366632;0.000133990825;0.000057541183;
2019;04;11;19;1;0.000123373039;0.000069875773;0.000128341321;0.000059913493;
2019;04;11;20;1;0.000128901528;0.000073612907;0.000121949399;0.000063477458;
2019;04;11;21;1;0.000144985434;0.000091189366;0.000118767936;0.000073090833;
2019;04;11;22;1;0.000160741547;0.000153226645;0.000119847924;0.000181635221;
2019;04;11;23;1;0.000143074105;0.000157222066;0.000105213982;0.000194468163;
2019;04;11;24;1;0.000115017746;0.000164539510;0.000093754046;0.000183984302;
2019;04;12;1;1;0.000088342086;0.000160958900;0.000084139784;0.000167431063;
2019;04;12;2;1;0.000070692803;0.000146733951;0.000079865026;0.000166291944;
2019;04;12;3;1;0.000061806275;0.000134850701;0.000077788548;0.000165779626;
2019;04;12;4;1;0.000058030740;0.000127459508;0.000076677502;0.000159469150;
2019;04;12;5;1;0.000056504214;0.000123843787;0.000076653347;0.000153378106;
2019;04;12;6;1;0.000058162356;0.000123392491;0.000078878701;0.000148267979;
2019;04;12;7;1;0.000068700312;0.000131769265;0.000088126827;0.000145841724;
2019;04;12;8;1;0.000092783885;0.000119799467;0.000101849611;0.000103013694;
2019;04;12;9;1;0.000112024026;0.000103046452;0.000130618267;0.000069061629;
2019;04;12;10;1;0.000121952668;0.000100630140;0.000153359547;0.000071177721;
2019;04;12;11;1;0.000129431994;0.000099048171;0.000160901594;0.000070524776;
2019;04;12;12;1;0.000130974762;0.000094256382;0.000161344478;0.000069625225;
2019;04;12;13;1;0.000133674322;0.000088188782;0.000161772773;0.000068193216;
2019;04;12;14;1;0.000138910254;0.000082123866;0.000153367394;0.000067011815;
2019;04;12;15;1;0.000134450254;0.000080286639;0.000133830589;0.000066579128;
2019;04;12;16;1;0.000125340127;0.000074298806;0.000125596751;0.000062365519;
2019;04;12;17;1;0.000120666511;0.000070535632;0.000124196807;0.000059291085;
2019;04;12;18;1;0.000121460906;0.000069650137;0.000123548875;0.000060334350;
2019;04;12;19;1;0.000121913849;0.000069456100;0.000120316892;0.000060931878;
2019;04;12;20;1;0.000124482831;0.000071351996;0.000116594522;0.000060840146;
2019;04;12;21;1;0.000134880609;0.000085664463;0.000116791990;0.000069321508;
2019;04;12;22;1;0.000150556663;0.000147551583;0.000120607868;0.000187361176;
2019;04;12;23;1;0.000139376435;0.000157308884;0.000107821151;0.000206956328;
2019;04;12;24;1;0.000117292028;0.000169999428;0.000097401168;0.000196671553;
2019;04;13;1;1;0.000094059747;0.000162303635;0.000088541389;0.000163517596;
2019;04;13;2;1;0.000076531917;0.000149039460;0.000082431919;0.000163098615;
2019;04;13;3;1;0.000066040008;0.000136801620;0.000079249599;0.000162666376;
2019;04;13;4;1;0.000060906299;0.000129139463;0.000077743900;0.000156574418;
2019;04;13;5;1;0.000058582681;0.000125092812;0.000077296877;0.000150315383;
2019;04;13;6;1;0.000058608075;0.000124558460;0.000078238208;0.000145253023;
2019;04;13;7;1;0.000062103581;0.000129036985;0.000081468285;0.000142669506;
2019;04;13;8;1;0.000069964759;0.000105330332;0.000079709720;0.000092165885;
2019;04;13;9;1;0.000088349007;0.000085704363;0.000084205127;0.000055128320;
2019;04;13;10;1;0.000113204897;0.000095057071;0.000095856155;0.000063759020;
2019;04;13;11;1;0.000130352128;0.000101623161;0.000106787677;0.000070154069;
2019;04;13;12;1;0.000133978098;0.000099222487;0.000110800767;0.000071386760;
2019;04;13;13;1;0.000135066087;0.000092323004;0.000112173765;0.000068928272;
2019;04;13;14;1;0.000140602278;0.000085915737;0.000108733799;0.000068725525;
2019;04;13;15;1;0.000137724078;0.000083967836;0.000100401404;0.000067701482;
2019;04;13;16;1;0.000122469483;0.000075608814;0.000096826640;0.000060652644;
2019;04;13;17;1;0.000113072136;0.000069467483;0.000094842011;0.000054945451;
2019;04;13;18;1;0.000109558237;0.000066616837;0.000095957860;0.000053881451;
2019;04;13;19;1;0.000110088549;0.000066688565;0.000096042226;0.000054060368;
2019;04;13;20;1;0.000112239881;0.000068649465;0.000098400043;0.000054728957;
2019;04;13;21;1;0.000123585153;0.000083223129;0.000104004798;0.000062969886;
2019;04;13;22;1;0.000142228587;0.000144562191;0.000112849379;0.000174686950;
2019;04;13;23;1;0.000134067352;0.000154054454;0.000104939321;0.000193531207;
2019;04;13;24;1;0.000115217236;0.000167244987;0.000096467678;0.000185557703;
2019;04;14;1;1;0.000093595250;0.000151551307;0.000088453746;0.000150691230;
2019;04;14;2;1;0.000077191386;0.000139210263;0.000081629693;0.000148013430;
2019;04;14;3;1;0.000066331487;0.000127674989;0.000078459294;0.000145333087;
2019;04;14;4;1;0.000060452387;0.000120323589;0.000076708061;0.000141234115;
2019;04;14;5;1;0.000057737841;0.000115747926;0.000076152784;0.000137311325;
2019;04;14;6;1;0.000057183173;0.000114969311;0.000076656237;0.000133300689;
2019;04;14;7;1;0.000058916535;0.000118814507;0.000078560805;0.000131045411;
2019;04;14;8;1;0.000063547653;0.000096231345;0.000073550464;0.000091781812;
2019;04;14;9;1;0.000076472662;0.000074555057;0.000071417840;0.000052512974;
2019;04;14;10;1;0.000098086144;0.000082753542;0.000076939449;0.000059749692;
2019;04;14;11;1;0.000116831407;0.000092143541;0.000082319806;0.000066465456;
2019;04;14;12;1;0.000124153425;0.000093681118;0.000086325006;0.000070717736;
2019;04;14;13;1;0.000125854010;0.000088621564;0.000088862222;0.000068318105;
2019;04;14;14;1;0.000130187174;0.000081852592;0.000089184527;0.000066365582;
2019;04;14;15;1;0.000128748554;0.000080086600;0.000086858756;0.000066021761;
2019;04;14;16;1;0.000114083328;0.000070899033;0.000084095959;0.000059434106;
2019;04;14;17;1;0.000104940696;0.000065091896;0.000081269124;0.000054767576;
2019;04;14;18;1;0.000102037590;0.000062727316;0.000078999652;0.000053004260;
2019;04;14;19;1;0.000103936230;0.000063077893;0.000078267830;0.000054594702;
2019;04;14;20;1;0.000109531679;0.000066078577;0.000080314991;0.000056463489;
2019;04;14;21;1;0.000126255180;0.000082884565;0.000086664215;0.000067156717;
2019;04;14;22;1;0.000145850464;0.000140795059;0.000100012027;0.000165908861;
2019;04;14;23;1;0.000132784671;0.000146701944;0.000095189520;0.000176816412;
2019;04;14;24;1;0.000109440952;0.000156181899;0.000087839481;0.000169950905;
2019;04;15;1;1;0.000084094496;0.000146485873;0.000079691219;0.000151695949;
2019;04;15;2;1;0.000067827747;0.000133055436;0.000076153602;0.000148634918;
2019;04;15;3;1;0.000059557056;0.000122104678;0.000074206873;0.000146158106;
2019;04;15;4;1;0.000055945987;0.000116182689;0.000073479926;0.000142744174;
2019;04;15;5;1;0.000054518752;0.000112629584;0.000073634336;0.000138285064;
2019;04;15;6;1;0.000055949420;0.000112458721;0.000075831885;0.000134619767;
2019;04;15;7;1;0.000065331120;0.000120221775;0.000084671015;0.000135213942;
2019;04;15;8;1;0.000086146312;0.000109248460;0.000096783688;0.000100620953;
2019;04;15;9;1;0.000103815708;0.000093107793;0.000122382156;0.000068121795;
2019;04;15;10;1;0.000115368108;0.000092833631;0.000142998884;0.000070062842;
2019;04;15;11;1;0.000124188806;0.000093320558;0.000150030827;0.000069792480;
2019;04;15;12;1;0.000126094499;0.000090072394;0.000150694571;0.000072757730;
2019;04;15;13;1;0.000128700246;0.000084167329;0.000150829995;0.000069642484;
2019;04;15;14;1;0.000133667398;0.000079101002;0.000143624929;0.000069630272;
2019;04;15;15;1;0.000129061465;0.000076712040;0.000127400687;0.000066189742;
2019;04;15;16;1;0.000119077140;0.000070617381;0.000122969045;0.000061153384;
2019;04;15;17;1;0.000113959688;0.000066517083;0.000123349363;0.000057318607;
2019;04;15;18;1;0.000115102439;0.000065534248;0.000123296851;0.000057458122;
2019;04;15;19;1;0.000116979475;0.000065993798;0.000118003955;0.000059133380;
2019;04;15;20;1;0.000122135716;0.000069510096;0.000112022374;0.000062000248;
2019;04;15;21;1;0.000137844447;0.000087149397;0.000109919095;0.000072026619;
2019;04;15;22;1;0.000154634838;0.000144866230;0.000113007197;0.000176431515;
2019;04;15;23;1;0.000137668844;0.000148047466;0.000099556563;0.000187230718;
2019;04;15;24;1;0.000109192898;0.000154684390;0.000089096762;0.000176869292;
2019;04;16;1;1;0.000081928403;0.000147608344;0.000079836012;0.000154610142;
2019;04;16;2;1;0.000065548985;0.000134025923;0.000076188733;0.000155734019;
2019;04;16;3;1;0.000058106046;0.000123647491;0.000074214699;0.000155073197;
2019;04;16;4;1;0.000054891267;0.000117497701;0.000073278968;0.000149265970;
2019;04;16;5;1;0.000053689751;0.000114389196;0.000073401128;0.000143409294;
2019;04;16;6;1;0.000055217680;0.000114235430;0.000075505369;0.000137555356;
2019;04;16;7;1;0.000065125413;0.000121981818;0.000084238597;0.000135583998;
2019;04;16;8;1;0.000087824218;0.000110082508;0.000097076559;0.000099343245;
2019;04;16;9;1;0.000105162284;0.000094552497;0.000123778748;0.000068531834;
2019;04;16;10;1;0.000114445342;0.000093416563;0.000145237995;0.000069354895;
2019;04;16;11;1;0.000121579090;0.000092418414;0.000152632489;0.000067661997;
2019;04;16;12;1;0.000122960483;0.000088460572;0.000153419109;0.000069160806;
2019;04;16;13;1;0.000125496489;0.000083294537;0.000153759053;0.000067675925;
2019;04;16;14;1;0.000130343231;0.000078420927;0.000146189942;0.000066462393;
2019;04;16;15;1;0.000125557891;0.000076251511;0.000129091122;0.000064506989;
2019;04;16;16;1;0.000116155294;0.000070207819;0.000124469013;0.000058745878;
2019;04;16;17;1;0.000112060085;0.000066404613;0.000125015700;0.000055386430;
2019;04;16;18;1;0.000113417509;0.000066037333;0.000125207973;0.000055683554;
2019;04;16;19;1;0.000115477616;0.000066494399;0.000119907084;0.000057935326;
2019;04;16;20;1;0.000120629721;0.000070020261;0.000113913898;0.000061332223;
2019;04;16;21;1;0.000135627716;0.000086659634;0.000110898093;0.000070502238;
2019;04;16;22;1;0.000150393957;0.000145679344;0.000111926662;0.000175355236;
2019;04;16;23;1;0.000133920004;0.000149620894;0.000098301165;0.000188068479;
2019;04;16;24;1;0.000107724432;0.000156801508;0.000087647628;0.000178372151;
2019;04;17;1;1;0.000081239074;0.000146924362;0.000079140416;0.000154560575;
2019;04;17;2;1;0.000064962312;0.000133241503;0.000075484064;0.000155343180;
2019;04;17;3;1;0.000057588484;0.000122936151;0.000073531474;0.000154712687;
2019;04;17;4;1;0.000054421563;0.000116916026;0.000072630013;0.000149136565;
2019;04;17;5;1;0.000053201410;0.000113682065;0.000072711568;0.000142965232;
2019;04;17;6;1;0.000054704335;0.000113476555;0.000074780860;0.000137013978;
2019;04;17;7;1;0.000064507171;0.000121116066;0.000083413752;0.000134936865;
2019;04;17;8;1;0.000086971786;0.000109247216;0.000096105335;0.000098779930;
2019;04;17;9;1;0.000104169643;0.000093893369;0.000122573412;0.000068220976;
2019;04;17;10;1;0.000113359579;0.000092755183;0.000143816718;0.000069026806;
2019;04;17;11;1;0.000120417443;0.000091749868;0.000151128551;0.000067323100;
2019;04;17;12;1;0.000121839785;0.000087909933;0.000151974962;0.000068941247;
2019;04;17;13;1;0.000124365985;0.000082796255;0.000152328005;0.000067490820;
2019;04;17;14;1;0.000129160287;0.000077939609;0.000144819498;0.000066261636;
2019;04;17;15;1;0.000124405206;0.000075765253;0.000127867432;0.000064284240;
2019;04;17;16;1;0.000115059999;0.000069720097;0.000123258144;0.000058482347;
2019;04;17;17;1;0.000111018023;0.000065963137;0.000123815816;0.000055167965;
2019;04;17;18;1;0.000112363222;0.000065598828;0.000124006682;0.000055464728;
2019;04;17;19;1;0.000114473511;0.000066144464;0.000118828621;0.000057852957;
2019;04;17;20;1;0.000119626190;0.000069712766;0.000112932173;0.000061343602;
2019;04;17;21;1;0.000134414868;0.000086154776;0.000109873248;0.000070330509;
2019;04;17;22;1;0.000148907547;0.000144516712;0.000110787025;0.000174241935;
2019;04;17;23;1;0.000132517635;0.000148226848;0.000097242454;0.000186423353;
2019;04;17;24;1;0.000106553215;0.000155197372;0.000086668551;0.000176518150;
2019;04;18;1;1;0.000071925908;0.000135750908;0.000069810682;0.000148963474;
2019;04;18;2;1;0.000057497918;0.000123029563;0.000066565483;0.000149558618;
2019;04;18;3;1;0.000050930956;0.000113313767;0.000064792184;0.000148493307;
2019;04;18;4;1;0.000048067826;0.000107450004;0.000063914995;0.000142397276;
2019;04;18;5;1;0.000046985116;0.000104454809;0.000063979940;0.000136458247;
2019;04;18;6;1;0.000048241740;0.000103921879;0.000065704457;0.000130010760;
2019;04;18;7;1;0.000056707861;0.000110117963;0.000073059397;0.000126353218;
2019;04;18;8;1;0.000076210450;0.000098590540;0.000083904797;0.000091238277;
2019;04;18;9;1;0.000091143796;0.000084443411;0.000106852668;0.000062617773;
2019;04;18;10;1;0.000099308399;0.000083664205;0.000125527908;0.000063707050;
2019;04;18;11;1;0.000105730822;0.000083190578;0.000132209264;0.000062731884;
2019;04;18;12;1;0.000107119997;0.000079948722;0.000133124084;0.000064591963;
2019;04;18;13;1;0.000109407664;0.000075403270;0.000133514688;0.000063393476;
2019;04;18;14;1;0.000113674520;0.000071050497;0.000126988480;0.000062350446;
2019;04;18;15;1;0.000109543992;0.000069146599;0.000112179400;0.000060613485;
2019;04;18;16;1;0.000101215753;0.000063487213;0.000108029540;0.000054920155;
2019;04;18;17;1;0.000097522942;0.000059873207;0.000108365886;0.000051505916;
2019;04;18;18;1;0.000098686532;0.000059517560;0.000108513045;0.000051743546;
2019;04;18;19;1;0.000100566858;0.000060049130;0.000104009761;0.000054030638;
2019;04;18;20;1;0.000105184444;0.000063413602;0.000098934119;0.000057495520;
2019;04;18;21;1;0.000118298486;0.000078538529;0.000096344516;0.000066177488;
2019;04;18;22;1;0.000131226223;0.000132136572;0.000097273822;0.000164840097;
2019;04;18;23;1;0.000117020871;0.000136156508;0.000085555655;0.000177828490;
2019;04;18;24;1;0.000094178270;0.000142853880;0.000076321843;0.000169005295;
2019;04;19;1;1;0.000089356565;0.000146659447;0.000084338951;0.000147865376;
2019;04;19;2;1;0.000073719311;0.000134815514;0.000077857400;0.000145429777;
2019;04;19;3;1;0.000063322952;0.000123533954;0.000074804052;0.000142567466;
2019;04;19;4;1;0.000057683720;0.000116297877;0.000073100461;0.000138282160;
2019;04;19;5;1;0.000055114594;0.000111973164;0.000072599088;0.000134654326;
2019;04;19;6;1;0.000054567339;0.000111137152;0.000073055233;0.000130545092;
2019;04;19;7;1;0.000056226452;0.000114877747;0.000074877049;0.000128384211;
2019;04;19;8;1;0.000060654960;0.000093073937;0.000070111867;0.000089972618;
2019;04;19;9;1;0.000072908840;0.000071920869;0.000068001736;0.000051232572;
2019;04;19;10;1;0.000093476281;0.000079753957;0.000073228839;0.000058192573;
2019;04;19;11;1;0.000111400761;0.000088914515;0.000078392081;0.000064882121;
2019;04;19;12;1;0.000118488404;0.000090583627;0.000082279771;0.000069290651;
2019;04;19;13;1;0.000120179407;0.000085802297;0.000084746052;0.000067096559;
2019;04;19;14;1;0.000124361461;0.000079312893;0.000085083713;0.000065274121;
2019;04;19;15;1;0.000122974792;0.000077583218;0.000082856513;0.000064906727;
2019;04;19;16;1;0.000108951920;0.000068661068;0.000080209747;0.000058397388;
2019;04;19;17;1;0.000100192391;0.000062997070;0.000077491789;0.000053750713;
2019;04;19;18;1;0.000097416655;0.000060703017;0.000075324716;0.000052011727;
2019;04;19;19;1;0.000099237893;0.000061054505;0.000074633392;0.000053592202;
2019;04;19;20;1;0.000104579633;0.000063958222;0.000076584925;0.000055426399;
2019;04;19;21;1;0.000120502826;0.000080157394;0.000082608958;0.000065822037;
2019;04;19;22;1;0.000139035954;0.000135783466;0.000095216200;0.000161790238;
2019;04;19;23;1;0.000126519198;0.000141324897;0.000090580963;0.000172089690;
2019;04;19;24;1;0.000104260996;0.000150406104;0.000083573979;0.000165309372;
2019;04;20;1;1;0.000083661924;0.000148549856;0.000078534825;0.000153563946;
2019;04;20;2;1;0.000068028261;0.000136209826;0.000073069156;0.000152761154;
2019;04;20;3;1;0.000058730740;0.000125162137;0.000070282522;0.000152650096;
2019;04;20;4;1;0.000054155459;0.000118101611;0.000068934758;0.000146814750;
2019;04;20;5;1;0.000052101074;0.000114458839;0.000068553762;0.000141073257;
2019;04;20;6;1;0.000052143350;0.000114066487;0.000069414831;0.000136525693;
2019;04;20;7;1;0.000055271202;0.000118255346;0.000072304070;0.000134277519;
2019;04;20;8;1;0.000062208130;0.000096316113;0.000070675842;0.000086390024;
2019;04;20;9;1;0.000078535461;0.000078324428;0.000074643942;0.000051614794;
2019;04;20;10;1;0.000100752463;0.000087117267;0.000085075081;0.000060009918;
2019;04;20;11;1;0.000116230481;0.000093537138;0.000094954369;0.000066553552;
2019;04;20;12;1;0.000119642438;0.000091640558;0.000098670224;0.000068145002;
2019;04;20;13;1;0.000120684119;0.000085381547;0.000099950968;0.000065956513;
2019;04;20;14;1;0.000125777589;0.000079667408;0.000096999026;0.000066077896;
2019;04;20;15;1;0.000123318410;0.000078026387;0.000089649884;0.000065339987;
2019;04;20;16;1;0.000109684176;0.000070295504;0.000086477447;0.000058593254;
2019;04;20;17;1;0.000101213472;0.000064507455;0.000084659439;0.000052965359;
2019;04;20;18;1;0.000098092437;0.000061895721;0.000085676743;0.000051994156;
2019;04;20;19;1;0.000098598157;0.000062007319;0.000085778960;0.000052236598;
2019;04;20;20;1;0.000100578538;0.000063910005;0.000087931669;0.000053005518;
2019;04;20;21;1;0.000110767357;0.000077515664;0.000092958857;0.000061046638;
2019;04;20;22;1;0.000127397974;0.000134444651;0.000100801432;0.000168847434;
2019;04;20;23;1;0.000120067434;0.000143215643;0.000093720015;0.000186921838;
2019;04;20;24;1;0.000103153753;0.000155368075;0.000086127396;0.000178990980;
2019;04;21;1;1;0.000087866611;0.000144692675;0.000082922547;0.000146219690;
2019;04;21;2;1;0.000072428168;0.000132748577;0.000076484452;0.000143305670;
2019;04;21;3;1;0.000062209904;0.000121620772;0.000073480233;0.000140440863;
2019;04;21;4;1;0.000056681999;0.000114552243;0.000071822256;0.000136336388;
2019;04;21;5;1;0.000054133416;0.000110179672;0.000071297945;0.000132511302;
2019;04;21;6;1;0.000053622950;0.000109482414;0.000071782121;0.000128731978;
2019;04;21;7;1;0.000055251302;0.000113158284;0.000073569461;0.000126584445;
2019;04;21;8;1;0.000059569736;0.000091562756;0.000068849044;0.000088501428;
2019;04;21;9;1;0.000071703866;0.000070977746;0.000066869705;0.000050684572;
2019;04;21;10;1;0.000091956316;0.000078757679;0.000072029320;0.000057637364;
2019;04;21;11;1;0.000109661914;0.000087937889;0.000077159052;0.000064443245;
2019;04;21;12;1;0.000116693018;0.000089683792;0.000081023150;0.000068954726;
2019;04;21;13;1;0.000118381777;0.000084988260;0.000083468249;0.000066825729;
2019;04;21;14;1;0.000122475589;0.000078522749;0.000083783246;0.000064954094;
2019;04;21;15;1;0.000121140631;0.000076854388;0.000081610758;0.000064654829;
2019;04;21;16;1;0.000107356977;0.000068059498;0.000079025919;0.000058237849;
2019;04;21;17;1;0.000098772709;0.000062513058;0.000076384447;0.000053709425;
2019;04;21;18;1;0.000096011170;0.000060200950;0.000074228910;0.000051916766;
2019;04;21;19;1;0.000097832677;0.000060587373;0.000073567603;0.000053555597;
2019;04;21;20;1;0.000103128357;0.000063511504;0.000075512926;0.000055458312;
2019;04;21;21;1;0.000118870452;0.000079660247;0.000081479968;0.000065957715;
2019;04;21;22;1;0.000137260599;0.000135178798;0.000093988916;0.000162622963;
2019;04;21;23;1;0.000124934138;0.000140770873;0.000089435235;0.000173133329;
2019;04;21;24;1;0.000102843905;0.000149448655;0.000082428006;0.000165574685;
2019;04;22;1;1;0.000073158470;0.000133258338;0.000069055053;0.000144272792;
2019;04;22;2;1;0.000058947552;0.000120766393;0.000065922972;0.000140795922;
2019;04;22;3;1;0.000051742277;0.000110744519;0.000064216170;0.000138271316;
2019;04;22;4;1;0.000048579965;0.000105250461;0.000063554297;0.000134759796;
2019;04;22;5;1;0.000047345972;0.000102059763;0.000063695017;0.000130621331;
2019;04;22;6;1;0.000048533169;0.000101642675;0.000065521354;0.000126574577;
2019;04;22;7;1;0.000056489856;0.000107857799;0.000072924437;0.000125414871;
2019;04;22;8;1;0.000074324153;0.000097516571;0.000083173197;0.000092463769;
2019;04;22;9;1;0.000089572831;0.000083119388;0.000105176637;0.000062616154;
2019;04;22;10;1;0.000099668110;0.000083121726;0.000123052673;0.000064756459;
2019;04;22;11;1;0.000107409753;0.000083775454;0.000129249753;0.000064814890;
2019;04;22;12;1;0.000109106714;0.000080942423;0.000129879585;0.000067694862;
2019;04;22;13;1;0.000111367269;0.000075645226;0.000130003146;0.000064811340;
2019;04;22;14;1;0.000115766798;0.000071234319;0.000123901425;0.000065035489;
2019;04;22;15;1;0.000111787747;0.000069097096;0.000109915094;0.000061844815;
2019;04;22;16;1;0.000103038595;0.000063465157;0.000105987655;0.000056908095;
2019;04;22;17;1;0.000098553246;0.000059700859;0.000106253818;0.000053211153;
2019;04;22;18;1;0.000099490253;0.000058749616;0.000106153898;0.000053227291;
2019;04;22;19;1;0.000101219086;0.000059303662;0.000101703818;0.000055017103;
2019;04;22;20;1;0.000105765039;0.000062577504;0.000096625593;0.000057875200;
2019;04;22;21;1;0.000119522808;0.000078691137;0.000094934181;0.000067600373;
2019;04;22;22;1;0.000134298092;0.000131282815;0.000097758955;0.000166661459;
2019;04;22;23;1;0.000119712974;0.000134544713;0.000086230995;0.000177752099;
2019;04;22;24;1;0.000094956785;0.000140596621;0.000077175861;0.000167962275;
2019;04;23;1;1;0.000078103106;0.000141870318;0.000076037910;0.000149461247;
2019;04;23;2;1;0.000062453441;0.000128648763;0.000072523487;0.000150187234;
2019;04;23;3;1;0.000055339227;0.000118571761;0.000070615367;0.000149276301;
2019;04;23;4;1;0.000052291495;0.000112741465;0.000069743649;0.000143835169;
2019;04;23;5;1;0.000051161939;0.000109830512;0.000069880477;0.000138348194;
2019;04;23;6;1;0.000052652488;0.000109841963;0.000071931001;0.000133031464;
2019;04;23;7;1;0.000062192675;0.000117693517;0.000080370635;0.000131949937;
2019;04;23;8;1;0.000083970182;0.000106509071;0.000092730522;0.000097180973;
2019;04;23;9;1;0.000100728380;0.000091862769;0.000118450103;0.000067550621;
2019;04;23;10;1;0.000109632817;0.000090783072;0.000139001735;0.000068394048;
2019;04;23;11;1;0.000116472403;0.000089823173;0.000146086019;0.000066737938;
2019;04;23;12;1;0.000117871956;0.000086103483;0.000146933867;0.000068398751;
2019;04;23;13;1;0.000120358986;0.000081160945;0.000147327956;0.000067057876;
2019;04;23;14;1;0.000125029423;0.000076442131;0.000140100202;0.000065900151;
2019;04;23;15;1;0.000120409196;0.000074285612;0.000123682867;0.000063896997;
2019;04;23;16;1;0.000111361905;0.000068355772;0.000119222002;0.000058126768;
2019;04;23;17;1;0.000107389147;0.000064589146;0.000119693764;0.000054705400;
2019;04;23;18;1;0.000108690128;0.000064232084;0.000119878004;0.000054999127;
2019;04;23;19;1;0.000110683827;0.000064702885;0.000114822956;0.000057265823;
2019;04;23;20;1;0.000115714492;0.000068259280;0.000109171095;0.000060828313;
2019;04;23;21;1;0.000130213394;0.000084647801;0.000106372364;0.000070177445;
2019;04;23;22;1;0.000144552322;0.000142649548;0.000107479531;0.000175288632;
2019;04;23;23;1;0.000128705114;0.000146472901;0.000094385773;0.000187906239;
2019;04;23;24;1;0.000103427138;0.000153159427;0.000084073279;0.000177509043;
2019;04;24;1;1;0.000084100040;0.000149769305;0.000082038342;0.000154802262;
2019;04;24;2;1;0.000067268569;0.000135903429;0.000078269634;0.000155745921;
2019;04;24;3;1;0.000059602898;0.000125244585;0.000076206552;0.000154772814;
2019;04;24;4;1;0.000056334296;0.000119154073;0.000075284451;0.000149287080;
2019;04;24;5;1;0.000055108540;0.000116035072;0.000075420009;0.000143497636;
2019;04;24;6;1;0.000056703517;0.000115998503;0.000077618637;0.000137880373;
2019;04;24;7;1;0.000066962743;0.000124226010;0.000086706210;0.000136629777;
2019;04;24;8;1;0.000090432768;0.000112484043;0.000100065008;0.000100730529;
2019;04;24;9;1;0.000108502890;0.000097060961;0.000127844990;0.000070075686;
2019;04;24;10;1;0.000117999897;0.000095743689;0.000149906369;0.000070712745;
2019;04;24;11;1;0.000125345324;0.000094703446;0.000157526116;0.000068963671;
2019;04;24;12;1;0.000126787061;0.000090676421;0.000158359879;0.000070531701;
2019;04;24;13;1;0.000129448472;0.000085450880;0.000158767782;0.000069119363;
2019;04;24;14;1;0.000134417701;0.000080409604;0.000150918266;0.000067815892;
2019;04;24;15;1;0.000129475482;0.000078175244;0.000133258903;0.000065805804;
2019;04;24;16;1;0.000119810353;0.000072021519;0.000128520651;0.000059992911;
2019;04;24;17;1;0.000115611594;0.000068154209;0.000129113404;0.000056613639;
2019;04;24;18;1;0.000117040237;0.000067814498;0.000129343142;0.000056973843;
2019;04;24;19;1;0.000119242204;0.000068383816;0.000123946241;0.000059435826;
2019;04;24;20;1;0.000124647902;0.000072124481;0.000117832120;0.000063105601;
2019;04;24;21;1;0.000140166200;0.000089295163;0.000114729543;0.000072589213;
2019;04;24;22;1;0.000155436068;0.000150119336;0.000115800731;0.000180530898;
2019;04;24;23;1;0.000138265795;0.000153816196;0.000101597798;0.000192795067;
2019;04;24;24;1;0.000111050568;0.000160641497;0.000090448855;0.000181725586;
2019;04;25;1;1;0.000084381329;0.000150654041;0.000082302118;0.000156331142;
2019;04;25;2;1;0.000067474121;0.000136618453;0.000078498674;0.000157107571;
2019;04;25;3;1;0.000059803864;0.000125996312;0.000076453638;0.000156341301;
2019;04;25;4;1;0.000056488854;0.000119698489;0.000075481263;0.000150413174;
2019;04;25;5;1;0.000055241636;0.000116478929;0.000075592408;0.000144389185;
2019;04;25;6;1;0.000056821572;0.000116356057;0.000077770204;0.000138558398;
2019;04;25;7;1;0.000067093705;0.000124573224;0.000086864578;0.000137230919;
2019;04;25;8;1;0.000090515823;0.000112528260;0.000100143990;0.000100726635;
2019;04;25;9;1;0.000108582250;0.000097057033;0.000127921993;0.000070016749;
2019;04;25;10;1;0.000118098836;0.000095763044;0.000150012708;0.000070683983;
2019;04;25;11;1;0.000125390671;0.000094619477;0.000157562778;0.000068799622;
2019;04;25;12;1;0.000126818837;0.000090573033;0.000158379136;0.000070331597;
2019;04;25;13;1;0.000129409637;0.000085246292;0.000158699677;0.000068766935;
2019;04;25;14;1;0.000134376606;0.000080216356;0.000150852665;0.000067469691;
2019;04;25;15;1;0.000129401700;0.000077940292;0.000133165785;0.000065398290;
2019;04;25;16;1;0.000119734188;0.000071794066;0.000128422381;0.000059604460;
2019;04;25;17;1;0.000115535341;0.000067935193;0.000129011602;0.000056241250;
2019;04;25;18;1;0.000116964263;0.000067598246;0.000129242508;0.000056601755;
2019;04;25;19;1;0.000119107654;0.000068090866;0.000123790412;0.000058929720;
2019;04;25;20;1;0.000124491427;0.000071793879;0.000117669021;0.000062532342;
2019;04;25;21;1;0.000139918316;0.000088780375;0.000114511870;0.000071772755;
2019;04;25;22;1;0.000155227595;0.000149407719;0.000115630499;0.000178858085;
2019;04;25;23;1;0.000138212055;0.000153418874;0.000101545210;0.000191752772;
2019;04;25;24;1;0.000111118624;0.000160590647;0.000090492611;0.000181479390;
2019;04;26;1;1;0.000085210471;0.000156645362;0.000081081292;0.000164318918;
2019;04;26;2;1;0.000068214423;0.000142932765;0.000076993063;0.000163469864;
2019;04;26;3;1;0.000059664906;0.000131485256;0.000075023274;0.000163252906;
2019;04;26;4;1;0.000055994725;0.000124149795;0.000073918120;0.000156744938;
2019;04;26;5;1;0.000054542959;0.000120735271;0.000073923570;0.000151001317;
2019;04;26;6;1;0.000056148367;0.000120319693;0.000076076206;0.000146026553;
2019;04;26;7;1;0.000066314248;0.000128456064;0.000084986555;0.000143572516;
2019;04;26;8;1;0.000089492113;0.000116579533;0.000098144402;0.000101080971;
2019;04;26;9;1;0.000108088341;0.000100359346;0.000125911542;0.000067867878;
2019;04;26;10;1;0.000117662882;0.000097996014;0.000147826722;0.000069934467;
2019;04;26;11;1;0.000124838977;0.000096384604;0.000155046818;0.000069200702;
2019;04;26;12;1;0.000126341711;0.000091746086;0.000155491693;0.000068350987;
2019;04;26;13;1;0.000128946903;0.000085841835;0.000155905813;0.000066947748;
2019;04;26;14;1;0.000134026539;0.000079977733;0.000147837118;0.000065846791;
2019;04;26;15;1;0.000129680081;0.000078129047;0.000128961770;0.000065331710;
2019;04;26;16;1;0.000120893994;0.000072303177;0.000121028306;0.000061198491;
2019;04;26;17;1;0.000116356543;0.000068601102;0.000119648824;0.000058120066;
2019;04;26;18;1;0.000117158896;0.000067787929;0.000119061542;0.000059218751;
2019;04;26;19;1;0.000117638409;0.000067655066;0.000115988961;0.000059894999;
2019;04;26;20;1;0.000120170807;0.000069572838;0.000112450558;0.000059916233;
2019;04;26;21;1;0.000130089835;0.000083353795;0.000112538431;0.000068008449;
2019;04;26;22;1;0.000145342590;0.000143873787;0.000116322173;0.000184515229;
2019;04;26;23;1;0.000134710072;0.000153803631;0.000104113880;0.000204805376;
2019;04;26;24;1;0.000113325106;0.000166078727;0.000094019028;0.000194349572;
2019;04;27;1;1;0.000090380355;0.000157936476;0.000084975672;0.000161230921;
2019;04;27;2;1;0.000073501274;0.000144864523;0.000079072547;0.000160491491;
2019;04;27;3;1;0.000063425750;0.000132974505;0.000076021005;0.000160079126;
2019;04;27;4;1;0.000058483110;0.000125467648;0.000074561153;0.000153954456;
2019;04;27;5;1;0.000056264533;0.000121598318;0.000074149029;0.000147937594;
2019;04;27;6;1;0.000056285922;0.000121064820;0.000075048024;0.000142927282;
2019;04;27;7;1;0.000059640412;0.000125405784;0.000078143095;0.000140361357;
2019;04;27;8;1;0.000067116542;0.000102110802;0.000076372948;0.000090263861;
2019;04;27;9;1;0.000084749349;0.000083077778;0.000080677285;0.000053982196;
2019;04;27;10;1;0.000108550064;0.000092061287;0.000091804278;0.000062331671;
2019;04;27;11;1;0.000124952632;0.000098349572;0.000102241324;0.000068494760;
2019;04;27;12;1;0.000128516201;0.000096176571;0.000106156081;0.000069896641;
2019;04;27;13;1;0.000129566836;0.000089499939;0.000107477331;0.000067504582;
2019;04;27;14;1;0.000134884179;0.000083297903;0.000104186454;0.000067319761;
2019;04;27;15;1;0.000132120250;0.000081405506;0.000096200502;0.000066311125;
2019;04;27;16;1;0.000117469628;0.000073277728;0.000092762108;0.000059372049;
2019;04;27;17;1;0.000108407245;0.000067256621;0.000090820002;0.000053685190;
2019;04;27;18;1;0.000105035151;0.000064492134;0.000091885762;0.000052638573;
2019;04;27;19;1;0.000105578173;0.000064609914;0.000091996701;0.000052884944;
2019;04;27;20;1;0.000107674782;0.000066556925;0.000094284463;0.000053607977;
2019;04;27;21;1;0.000118515652;0.000080618832;0.000099618691;0.000061585105;
2019;04;27;22;1;0.000136348948;0.000139934009;0.000108054314;0.000170621283;
2019;04;27;23;1;0.000128685807;0.000149547701;0.000100606006;0.000190001220;
2019;04;27;24;1;0.000110588295;0.000162338718;0.000092480800;0.000182145291;
2019;04;28;1;1;0.000087602115;0.000144795017;0.000082620051;0.000147037535;
2019;04;28;2;1;0.000072216941;0.000132872527;0.000076212614;0.000144170393;
2019;04;28;3;1;0.000062054130;0.000121850930;0.000073249354;0.000141538124;
2019;04;28;4;1;0.000056514965;0.000114654200;0.000071564799;0.000137157517;
2019;04;28;5;1;0.000053999579;0.000110398731;0.000071076178;0.000133577755;
2019;04;28;6;1;0.000053468689;0.000109599851;0.000071529835;0.000129557532;
2019;04;28;7;1;0.000055063737;0.000113144432;0.000073272811;0.000127118415;
2019;04;28;8;1;0.000059333085;0.000091431178;0.000068531664;0.000088665474;
2019;04;28;9;1;0.000071464783;0.000070981825;0.000066604109;0.000050920597;
2019;04;28;10;1;0.000091524218;0.000078513677;0.000071645000;0.000057570601;
2019;04;28;11;1;0.000108968319;0.000087336535;0.000076621990;0.000063927800;
2019;04;28;12;1;0.000115778948;0.000088761674;0.000080337065;0.000067973728;
2019;04;28;13;1;0.000117342877;0.000083931767;0.000082682821;0.000065615802;
2019;04;28;14;1;0.000121346306;0.000077467755;0.000082957626;0.000063661842;
2019;04;28;15;1;0.000120030340;0.000075833624;0.000080811046;0.000063391112;
2019;04;28;16;1;0.000106356383;0.000067131020;0.000078239299;0.000057060619;
2019;04;28;17;1;0.000097839064;0.000061640908;0.000075614028;0.000052592653;
2019;04;28;18;1;0.000095134400;0.000059404160;0.000073504007;0.000050902391;
2019;04;28;19;1;0.000097026822;0.000059908540;0.000072914951;0.000052704331;
2019;04;28;20;1;0.000102357726;0.000062909910;0.000074900711;0.000054748556;
2019;04;28;21;1;0.000118038084;0.000078990933;0.000080857665;0.000065240611;
2019;04;28;22;1;0.000136322585;0.000134098071;0.000093286903;0.000160984481;
2019;04;28;23;1;0.000124305352;0.000140222332;0.000088928192;0.000172666270;
2019;04;28;24;1;0.000102395864;0.000149095655;0.000082016411;0.000165583513;
2019;04;29;1;1;0.000079960342;0.000141127392;0.000075667707;0.000148038529;
2019;04;29;2;1;0.000064508667;0.000128257701;0.000072325950;0.000145192462;
2019;04;29;3;1;0.000056653602;0.000117753505;0.000070490642;0.000142886304;
2019;04;29;4;1;0.000053219685;0.000112047916;0.000069801556;0.000139561012;
2019;04;29;5;1;0.000051867200;0.000108646346;0.000069955247;0.000135258593;
2019;04;29;6;1;0.000053266357;0.000108660981;0.000072094526;0.000132075162;
2019;04;29;7;1;0.000062188167;0.000116118945;0.000080485093;0.000132568366;
2019;04;29;8;1;0.000082014618;0.000105556897;0.000092013123;0.000098713540;
2019;04;29;9;1;0.000098894001;0.000090081195;0.000116417430;0.000066991558;
2019;04;29;10;1;0.000109779547;0.000089592406;0.000135881816;0.000068587734;
2019;04;29;11;1;0.000118058488;0.000089862806;0.000142425680;0.000068048488;
2019;04;29;12;1;0.000119845256;0.000086693920;0.000143026115;0.000070878822;
2019;04;29;13;1;0.000122303021;0.000080981980;0.000143132598;0.000067801310;
2019;04;29;14;1;0.000127007548;0.000076086290;0.000136278358;0.000067756366;
2019;04;29;15;1;0.000122712335;0.000073899778;0.000120964081;0.000064583944;
2019;04;29;16;1;0.000113245632;0.000068064745;0.000116783609;0.000059727027;
2019;04;29;17;1;0.000108371071;0.000064102230;0.000117136449;0.000055965207;
2019;04;29;18;1;0.000109425718;0.000063112881;0.000117052284;0.000056033701;
2019;04;29;19;1;0.000111227390;0.000063577814;0.000112044792;0.000057703928;
2019;04;29;20;1;0.000116072893;0.000066889538;0.000106312891;0.000060376201;
2019;04;29;21;1;0.000130995026;0.000083853439;0.000104311384;0.000070123251;
2019;04;29;22;1;0.000147045882;0.000139595003;0.000107311102;0.000172239583;
2019;04;29;23;1;0.000131076040;0.000143065277;0.000094656529;0.000183713961;
2019;04;29;24;1;0.000103882307;0.000149213328;0.000084645163;0.000172994998;
2019;04;30;1;1;0.000079124310;0.000143837704;0.000077025094;0.000151970848;
2019;04;30;2;1;0.000063288336;0.000130521282;0.000073486306;0.000152903435;
2019;04;30;3;1;0.000056111538;0.000120459804;0.000071594347;0.000152356499;
2019;04;30;4;1;0.000053023838;0.000114550712;0.000070713968;0.000146840335;
2019;04;30;5;1;0.000051871414;0.000111560267;0.000070843073;0.000141169823;
2019;04;30;6;1;0.000053341817;0.000111381770;0.000072866086;0.000135341373;
2019;04;30;7;1;0.000062977740;0.000119216919;0.000081377747;0.000133982686;
2019;04;30;8;1;0.000084941078;0.000107625196;0.000093794163;0.000098232541;
2019;04;30;9;1;0.000101854489;0.000092743128;0.000119763424;0.000068167900;
2019;04;30;10;1;0.000110690157;0.000091334119;0.000140329534;0.000068581914;
2019;04;30;11;1;0.000117447369;0.000090108043;0.000147295455;0.000066572201;
2019;04;30;12;1;0.000118769316;0.000086228376;0.000148038989;0.000068017129;
2019;04;30;13;1;0.000121295198;0.000081309646;0.000148460419;0.000066730793;
2019;04;30;14;1;0.000126019678;0.000076607564;0.000141196957;0.000065619796;
2019;04;30;15;1;0.000121438547;0.000074551928;0.000124728840;0.000063787401;
2019;04;30;16;1;0.000112381260;0.000068694420;0.000120302345;0.000058169605;
2019;04;30;17;1;0.000108416030;0.000064969088;0.000120827300;0.000054837070;
2019;04;30;18;1;0.000109761612;0.000064653132;0.000121048752;0.000055198153;
2019;04;30;19;1;0.000111734430;0.000065073149;0.000115902287;0.000057387156;
2019;04;30;20;1;0.000116627244;0.000068399964;0.000110022209;0.000060553516;
2019;04;30;21;1;0.000130976121;0.000084429422;0.000106985695;0.000069269051;
2019;04;30;22;1;0.000145159666;0.000141763936;0.000107921279;0.000171934992;
2019;04;30;23;1;0.000129359331;0.000145857332;0.000094856900;0.000184990819;
2019;04;30;24;1;0.000103997820;0.000152663485;0.000084529471;0.000175052934;
