AŃO;MES;DIA;HORA;VERANO(1)/INVIERNO(0);COEF. PERFIL A;COEF. PERFIL B;COEF. PERFIL C;COEF. PERFIL D;
2019;12;01;1;0;0.000106255664;0.000183355331;0.000084716371;0.000166069614;
2019;12;01;2;0;0.000087451325;0.000167001969;0.000079279679;0.000174306792;
2019;12;01;3;0;0.000074649727;0.000153158716;0.000076722036;0.000163761364;
2019;12;01;4;0;0.000067070365;0.000143793179;0.000075199150;0.000156898965;
2019;12;01;5;0;0.000063501516;0.000138970105;0.000074494948;0.000150654493;
2019;12;01;6;0;0.000062580355;0.000144546585;0.000075396716;0.000145979148;
2019;12;01;7;0;0.000064603798;0.000148618811;0.000078569997;0.000143410888;
2019;12;01;8;0;0.000070381105;0.000146646909;0.000081365992;0.000139262830;
2019;12;01;9;0;0.000083977777;0.000118307860;0.000076890674;0.000085177678;
2019;12;01;10;0;0.000108767512;0.000107287347;0.000078815623;0.000070477259;
2019;12;01;11;0;0.000131092014;0.000114434384;0.000085856443;0.000077407295;
2019;12;01;12;0;0.000142213593;0.000110920385;0.000091009463;0.000080372823;
2019;12;01;13;0;0.000145628890;0.000090739193;0.000093794594;0.000078784928;
2019;12;01;14;0;0.000150456779;0.000089863378;0.000093384227;0.000075508248;
2019;12;01;15;0;0.000149901869;0.000088215302;0.000088793249;0.000073751531;
2019;12;01;16;0;0.000136199100;0.000079930903;0.000084982459;0.000067398717;
2019;12;01;17;0;0.000129471641;0.000075092676;0.000082573863;0.000063956496;
2019;12;01;18;0;0.000132885560;0.000082806100;0.000085931552;0.000067146470;
2019;12;01;19;0;0.000148918365;0.000135199970;0.000101070957;0.000165402859;
2019;12;01;20;0;0.000158319435;0.000148707305;0.000103548660;0.000187069249;
2019;12;01;21;0;0.000167675441;0.000155280821;0.000101778390;0.000193138089;
2019;12;01;22;0;0.000168122221;0.000159575482;0.000097153529;0.000195281735;
2019;12;01;23;0;0.000149456420;0.000191916292;0.000089946249;0.000189862559;
2019;12;01;24;0;0.000124489295;0.000193479589;0.000083649278;0.000175996476;
2019;12;02;1;0;0.000100393480;0.000197756196;0.000080426361;0.000168949937;
2019;12;02;2;0;0.000079929926;0.000178992244;0.000077222914;0.000176814861;
2019;12;02;3;0;0.000069665328;0.000164494382;0.000075853934;0.000166628338;
2019;12;02;4;0;0.000064660010;0.000155434007;0.000075345541;0.000161450056;
2019;12;02;5;0;0.000062983033;0.000151138020;0.000075499055;0.000155084654;
2019;12;02;6;0;0.000064858005;0.000158748081;0.000078027411;0.000151041925;
2019;12;02;7;0;0.000075000126;0.000167296187;0.000088746164;0.000151667791;
2019;12;02;8;0;0.000099808702;0.000177959598;0.000110930945;0.000157428358;
2019;12;02;9;0;0.000122376045;0.000152771639;0.000142158635;0.000100173255;
2019;12;02;10;0;0.000139044767;0.000129802788;0.000163455433;0.000079916015;
2019;12;02;11;0;0.000151758916;0.000126072277;0.000171981118;0.000080139499;
2019;12;02;12;0;0.000154588325;0.000115215024;0.000172307289;0.000078808551;
2019;12;02;13;0;0.000156925796;0.000092313213;0.000170450015;0.000076751027;
2019;12;02;14;0;0.000161694468;0.000092754622;0.000160866133;0.000076175922;
2019;12;02;15;0;0.000158360992;0.000091419101;0.000141254631;0.000074679634;
2019;12;02;16;0;0.000150374224;0.000086036426;0.000135007633;0.000067690908;
2019;12;02;17;0;0.000148005520;0.000082262481;0.000136684753;0.000066891388;
2019;12;02;18;0;0.000155878728;0.000092017960;0.000144561675;0.000073635455;
2019;12;02;19;0;0.000172153565;0.000150298658;0.000156754673;0.000181823473;
2019;12;02;20;0;0.000181497023;0.000166276066;0.000149157091;0.000207185792;
2019;12;02;21;0;0.000189093880;0.000173897288;0.000134472496;0.000214328750;
2019;12;02;22;0;0.000188614087;0.000179842201;0.000115922097;0.000217391661;
2019;12;02;23;0;0.000166702729;0.000216011386;0.000099886329;0.000210327107;
2019;12;02;24;0;0.000135240792;0.000216047315;0.000090428780;0.000190512496;
2019;12;03;1;0;0.000106168389;0.000202110907;0.000085541658;0.000174431481;
2019;12;03;2;0;0.000083308481;0.000182420466;0.000081635866;0.000186307507;
2019;12;03;3;0;0.000071821483;0.000167669808;0.000079916975;0.000176720157;
2019;12;03;4;0;0.000066571473;0.000158554124;0.000078929081;0.000170288446;
2019;12;03;5;0;0.000065037452;0.000154223972;0.000078920366;0.000162885724;
2019;12;03;6;0;0.000067028135;0.000161750623;0.000081784932;0.000157996473;
2019;12;03;7;0;0.000077704815;0.000170286930;0.000092934748;0.000157400967;
2019;12;03;8;0;0.000104448001;0.000181157111;0.000116748052;0.000162762046;
2019;12;03;9;0;0.000129607057;0.000157648741;0.000150171119;0.000106749955;
2019;12;03;10;0;0.000146508242;0.000134497219;0.000171029668;0.000085067431;
2019;12;03;11;0;0.000158230385;0.000129594182;0.000179756365;0.000084294963;
2019;12;03;12;0;0.000159807268;0.000117497901;0.000179573170;0.000080497496;
2019;12;03;13;0;0.000160702895;0.000093694066;0.000177063648;0.000078796089;
2019;12;03;14;0;0.000164811575;0.000093632187;0.000165963334;0.000076521782;
2019;12;03;15;0;0.000161249095;0.000092332365;0.000144563667;0.000074637819;
2019;12;03;16;0;0.000153558882;0.000086972795;0.000137897582;0.000071075032;
2019;12;03;17;0;0.000152006114;0.000084139528;0.000139915807;0.000068919931;
2019;12;03;18;0;0.000160728043;0.000093317805;0.000148789034;0.000072887563;
2019;12;03;19;0;0.000177851168;0.000152448197;0.000162134954;0.000187095745;
2019;12;03;20;0;0.000187362205;0.000169113317;0.000154719936;0.000212742588;
2019;12;03;21;0;0.000194218688;0.000177028821;0.000139138056;0.000219170336;
2019;12;03;22;0;0.000192688466;0.000182521638;0.000119687210;0.000222582159;
2019;12;03;23;0;0.000170517595;0.000219717200;0.000103553698;0.000216322466;
2019;12;03;24;0;0.000139464341;0.000220041432;0.000093258868;0.000194028526;
2019;12;04;1;0;0.000107867147;0.000204919486;0.000086935239;0.000176640866;
2019;12;04;2;0;0.000084633073;0.000184913798;0.000082957590;0.000188591146;
2019;12;04;3;0;0.000072941587;0.000169845876;0.000081186552;0.000178667496;
2019;12;04;4;0;0.000067588452;0.000160496584;0.000080157766;0.000171941089;
2019;12;04;5;0;0.000065981013;0.000155842975;0.000080088245;0.000163949363;
2019;12;04;6;0;0.000068001422;0.000163453142;0.000082996232;0.000159035764;
2019;12;04;7;0;0.000078855332;0.000172190861;0.000094337743;0.000158624487;
2019;12;04;8;0;0.000105968610;0.000183079736;0.000118481616;0.000163858834;
2019;12;04;9;0;0.000131497537;0.000159331892;0.000152405138;0.000107481679;
2019;12;04;10;0;0.000148667387;0.000135979530;0.000173599843;0.000085703555;
2019;12;04;11;0;0.000160579812;0.000131055129;0.000182477600;0.000084963658;
2019;12;04;12;0;0.000162198254;0.000118852806;0.000182312026;0.000081173482;
2019;12;04;13;0;0.000163126521;0.000094799973;0.000179785434;0.000079496388;
2019;12;04;14;0;0.000167295739;0.000094735327;0.000168513052;0.000077198457;
2019;12;04;15;0;0.000163612547;0.000093333081;0.000146724520;0.000075171237;
2019;12;04;16;0;0.000155858949;0.000087978892;0.000140003107;0.000071676327;
2019;12;04;17;0;0.000154264690;0.000085089982;0.000142035361;0.000069469410;
2019;12;04;18;0;0.000163090562;0.000094338089;0.000151019253;0.000073421061;
2019;12;04;19;0;0.000180396430;0.000153980281;0.000164502345;0.000188166258;
2019;12;04;20;0;0.000189938692;0.000170597324;0.000156892417;0.000213470220;
2019;12;04;21;0;0.000196935555;0.000178678456;0.000141124776;0.000220136558;
2019;12;04;22;0;0.000195304372;0.000184052313;0.000121346767;0.000223193284;
2019;12;04;23;0;0.000172817884;0.000221517345;0.000104980665;0.000216842071;
2019;12;04;24;0;0.000141364040;0.000221908874;0.000094556226;0.000194594855;
2019;12;05;1;0;0.000106681780;0.000203424649;0.000085943416;0.000176219470;
2019;12;05;2;0;0.000083660839;0.000183354208;0.000081969810;0.000187751959;
2019;12;05;3;0;0.000072147081;0.000168645374;0.000080268169;0.000178317117;
2019;12;05;4;0;0.000066848049;0.000159339556;0.000079246036;0.000171560629;
2019;12;05;5;0;0.000065297264;0.000154932126;0.000079224678;0.000163996971;
2019;12;05;6;0;0.000067285945;0.000162439966;0.000082088145;0.000158983746;
2019;12;05;7;0;0.000078008681;0.000171038685;0.000093285266;0.000158430769;
2019;12;05;8;0;0.000104837846;0.000181880515;0.000117167597;0.000163696187;
2019;12;05;9;0;0.000130037325;0.000158128765;0.000150648815;0.000107177425;
2019;12;05;10;0;0.000146969839;0.000134854562;0.000171544793;0.000085347849;
2019;12;05;11;0;0.000158763442;0.000130002923;0.000180336992;0.000084648531;
2019;12;05;12;0;0.000160286509;0.000117769148;0.000180086772;0.000080711663;
2019;12;05;13;0;0.000161146796;0.000093859761;0.000177528182;0.000078928660;
2019;12;05;14;0;0.000165155161;0.000093653305;0.000166286317;0.000076437373;
2019;12;05;15;0;0.000161533649;0.000092285938;0.000144798745;0.000074457431;
2019;12;05;16;0;0.000153862682;0.000086971292;0.000138151286;0.000070965347;
2019;12;05;17;0;0.000152320561;0.000084155238;0.000140185850;0.000068838680;
2019;12;05;18;0;0.000161003345;0.000093259074;0.000149023270;0.000072693143;
2019;12;05;19;0;0.000178127640;0.000152297271;0.000162364534;0.000186474824;
2019;12;05;20;0;0.000187479602;0.000168587788;0.000154795466;0.000211220866;
2019;12;05;21;0;0.000194203441;0.000176195583;0.000139107889;0.000216973559;
2019;12;05;22;0;0.000192701266;0.000181725605;0.000119678604;0.000220498900;
2019;12;05;23;0;0.000170710878;0.000219292261;0.000103656737;0.000215244164;
2019;12;05;24;0;0.000139839626;0.000220394624;0.000093496884;0.000194297295;
2019;12;06;1;0;0.000115256807;0.000195740355;0.000092031170;0.000175001354;
2019;12;06;2;0;0.000094835703;0.000178181820;0.000086103432;0.000183498336;
2019;12;06;3;0;0.000080875036;0.000163053894;0.000083245256;0.000171718955;
2019;12;06;4;0;0.000072648603;0.000153011612;0.000081576043;0.000164385093;
2019;12;06;5;0;0.000068764810;0.000147791352;0.000080790832;0.000157675447;
2019;12;06;6;0;0.000067758243;0.000153676208;0.000081757885;0.000152703609;
2019;12;06;7;0;0.000069920001;0.000157856133;0.000085163443;0.000149761676;
2019;12;06;8;0;0.000076265067;0.000156193745;0.000088300997;0.000146162211;
2019;12;06;9;0;0.000091016009;0.000126068130;0.000083460348;0.000089477689;
2019;12;06;10;0;0.000117774579;0.000114082463;0.000085470803;0.000073748930;
2019;12;06;11;0;0.000141808290;0.000121407154;0.000093014656;0.000080665884;
2019;12;06;12;0;0.000153734154;0.000117495278;0.000098530098;0.000083518428;
2019;12;06;13;0;0.000157304156;0.000095947831;0.000101466709;0.000081606409;
2019;12;06;14;0;0.000162390302;0.000094849952;0.000100942711;0.000077956829;
2019;12;06;15;0;0.000161676196;0.000092959985;0.000095911811;0.000075922437;
2019;12;06;16;0;0.000146866977;0.000084190035;0.000091776674;0.000069321950;
2019;12;06;17;0;0.000139670391;0.000079168055;0.000089212438;0.000065891393;
2019;12;06;18;0;0.000143240234;0.000087140921;0.000092766890;0.000068945295;
2019;12;06;19;0;0.000160482705;0.000142198077;0.000109083600;0.000169664598;
2019;12;06;20;0;0.000170502118;0.000156169990;0.000111684560;0.000191365914;
2019;12;06;21;0;0.000180328571;0.000162559828;0.000109623527;0.000196450963;
2019;12;06;22;0;0.000180911483;0.000167275396;0.000104701452;0.000199114950;
2019;12;06;23;0;0.000161005780;0.000201694542;0.000097042741;0.000194500287;
2019;12;06;24;0;0.000134258482;0.000203854379;0.000090349348;0.000181125932;
2019;12;07;1;0;0.000104953731;0.000186798413;0.000086337876;0.000166515481;
2019;12;07;2;0;0.000084678122;0.000169428214;0.000080843731;0.000176015673;
2019;12;07;3;0;0.000071931031;0.000154986056;0.000077926357;0.000167003915;
2019;12;07;4;0;0.000065461374;0.000145734913;0.000076255868;0.000160678105;
2019;12;07;5;0;0.000062595130;0.000141280224;0.000075518203;0.000153208007;
2019;12;07;6;0;0.000062560141;0.000147357959;0.000076472139;0.000148462377;
2019;12;07;7;0;0.000066084997;0.000151892695;0.000080124150;0.000144668607;
2019;12;07;8;0;0.000075049713;0.000152666027;0.000086379677;0.000141437879;
2019;12;07;9;0;0.000094615038;0.000127536309;0.000087826212;0.000091091795;
2019;12;07;10;0;0.000122987937;0.000118554627;0.000096263488;0.000076785170;
2019;12;07;11;0;0.000143291679;0.000122984253;0.000108889656;0.000082993488;
2019;12;07;12;0;0.000148638904;0.000114584328;0.000113120013;0.000083503199;
2019;12;07;13;0;0.000149245705;0.000092131040;0.000114210481;0.000080138718;
2019;12;07;14;0;0.000154470844;0.000091401585;0.000109818151;0.000078657956;
2019;12;07;15;0;0.000153542058;0.000090898069;0.000100115122;0.000076814709;
2019;12;07;16;0;0.000142489793;0.000084206972;0.000095791657;0.000070213894;
2019;12;07;17;0;0.000135146648;0.000079389864;0.000094499916;0.000066331142;
2019;12;07;18;0;0.000137816564;0.000085770544;0.000100810962;0.000068888645;
2019;12;07;19;0;0.000152698340;0.000138500701;0.000116476339;0.000163581263;
2019;12;07;20;0;0.000158893813;0.000150758388;0.000119005377;0.000186298832;
2019;12;07;21;0;0.000163868538;0.000155352497;0.000116646284;0.000191070571;
2019;12;07;22;0;0.000163476672;0.000159661983;0.000107954504;0.000193784875;
2019;12;07;23;0;0.000147722785;0.000193966155;0.000098816542;0.000189724807;
2019;12;07;24;0;0.000128374546;0.000198707266;0.000092121621;0.000178186577;
2019;12;08;1;0;0.000107382286;0.000185415287;0.000085627453;0.000168297148;
2019;12;08;2;0;0.000088335941;0.000168693424;0.000080093644;0.000176298283;
2019;12;08;3;0;0.000075324084;0.000154332640;0.000077426724;0.000164904171;
2019;12;08;4;0;0.000067636868;0.000144702984;0.000075845684;0.000157614916;
2019;12;08;5;0;0.000063998657;0.000139653745;0.000075089413;0.000150958521;
2019;12;08;6;0;0.000063078273;0.000145299682;0.000076008003;0.000146350370;
2019;12;08;7;0;0.000065101641;0.000149308023;0.000079187337;0.000143626412;
2019;12;08;8;0;0.000070950995;0.000147458105;0.000082037130;0.000139698189;
2019;12;08;9;0;0.000084680911;0.000119037109;0.000077546097;0.000085542230;
2019;12;08;10;0;0.000109634842;0.000107850590;0.000079456026;0.000070661438;
2019;12;08;11;0;0.000132149653;0.000115059729;0.000086562104;0.000077639872;
2019;12;08;12;0;0.000143367531;0.000111538211;0.000091761684;0.000080629617;
2019;12;08;13;0;0.000146780161;0.000091201460;0.000094550266;0.000078968916;
2019;12;08;14;0;0.000151530329;0.000090163755;0.000094064653;0.000075446226;
2019;12;08;15;0;0.000150952865;0.000088485884;0.000089429208;0.000073655661;
2019;12;08;16;0;0.000137217178;0.000080259978;0.000085630536;0.000067437733;
2019;12;08;17;0;0.000130493962;0.000075473620;0.000083238356;0.000064103373;
2019;12;08;18;0;0.000133875234;0.000083141051;0.000086584517;0.000067174907;
2019;12;08;19;0;0.000150010531;0.000135712111;0.000101827479;0.000165396920;
2019;12;08;20;0;0.000159519000;0.000149353227;0.000104348881;0.000187251343;
2019;12;08;21;0;0.000168938539;0.000155940228;0.000102560465;0.000193293716;
2019;12;08;22;0;0.000169465450;0.000160419105;0.000097944434;0.000195805903;
2019;12;08;23;0;0.000150771325;0.000193283125;0.000090751196;0.000190998580;
2019;12;08;24;0;0.000125523425;0.000194641877;0.000084356799;0.000176696859;
2019;12;09;1;0;0.000095569067;0.000191898856;0.000076470619;0.000167487498;
2019;12;09;2;0;0.000076007626;0.000173269921;0.000073346314;0.000174523210;
2019;12;09;3;0;0.000066253577;0.000159274299;0.000072053504;0.000164544260;
2019;12;09;4;0;0.000061412596;0.000150051390;0.000071476552;0.000158571845;
2019;12;09;5;0;0.000059793668;0.000145759767;0.000071590846;0.000152050803;
2019;12;09;6;0;0.000061533736;0.000152873635;0.000073940306;0.000147696422;
2019;12;09;7;0;0.000071042103;0.000160513064;0.000083962963;0.000147313271;
2019;12;09;8;0;0.000094248641;0.000169532714;0.000104626994;0.000150935750;
2019;12;09;9;0;0.000115372962;0.000145002843;0.000133864439;0.000095403168;
2019;12;09;10;0;0.000131307469;0.000123677149;0.000154176609;0.000076647885;
2019;12;09;11;0;0.000143506254;0.000120492233;0.000162435791;0.000077293280;
2019;12;09;12;0;0.000146314000;0.000110343684;0.000162891038;0.000076296018;
2019;12;09;13;0;0.000148529061;0.000088413849;0.000161138193;0.000074309693;
2019;12;09;14;0;0.000153103757;0.000088917987;0.000152138686;0.000073875750;
2019;12;09;15;0;0.000150034794;0.000087754274;0.000133669036;0.000072598817;
2019;12;09;16;0;0.000142345556;0.000082425522;0.000127647756;0.000065571710;
2019;12;09;17;0;0.000139990394;0.000078664464;0.000129129284;0.000064579727;
2019;12;09;18;0;0.000147417451;0.000087965428;0.000136552472;0.000071048187;
2019;12;09;19;0;0.000162952199;0.000143970076;0.000148200289;0.000176083208;
2019;12;09;20;0;0.000171957036;0.000159615982;0.000141149291;0.000201425842;
2019;12;09;21;0;0.000179285953;0.000167211335;0.000127346381;0.000209001030;
2019;12;09;22;0;0.000179000242;0.000173299336;0.000109882889;0.000212806248;
2019;12;09;23;0;0.000158440423;0.000208855080;0.000094822999;0.000207141409;
2019;12;09;24;0;0.000128564643;0.000208991187;0.000085862763;0.000187796078;
2019;12;10;1;0;0.000106178937;0.000202055557;0.000085554212;0.000174304909;
2019;12;10;2;0;0.000083292981;0.000182251495;0.000081624546;0.000185951967;
2019;12;10;3;0;0.000071817717;0.000167565541;0.000079916572;0.000176479959;
2019;12;10;4;0;0.000066546032;0.000158335804;0.000078902658;0.000169823271;
2019;12;10;5;0;0.000064999437;0.000153939867;0.000078877976;0.000162302249;
2019;12;10;6;0;0.000067001375;0.000161520506;0.000081756156;0.000157548958;
2019;12;10;7;0;0.000077704364;0.000170198534;0.000092938614;0.000157214728;
2019;12;10;8;0;0.000104523626;0.000181366774;0.000116838120;0.000163067639;
2019;12;10;9;0;0.000129775873;0.000158039699;0.000150373848;0.000107206391;
2019;12;10;10;0;0.000146683963;0.000134798749;0.000171242917;0.000085393943;
2019;12;10;11;0;0.000158353625;0.000129759940;0.000179904897;0.000084471027;
2019;12;10;12;0;0.000159845623;0.000117503477;0.000179624782;0.000080485935;
2019;12;10;13;0;0.000160703148;0.000093647511;0.000177072320;0.000078707155;
2019;12;10;14;0;0.000164716237;0.000093462044;0.000165875192;0.000076253389;
2019;12;10;15;0;0.000161154367;0.000092162689;0.000144485590;0.000074373264;
2019;12;10;16;0;0.000153523458;0.000086883602;0.000137872306;0.000070927120;
2019;12;10;17;0;0.000151947862;0.000084023808;0.000139868818;0.000068732598;
2019;12;10;18;0;0.000160671766;0.000093196190;0.000148743986;0.000072698300;
2019;12;10;19;0;0.000177892867;0.000152453489;0.000162180656;0.000187064514;
2019;12;10;20;0;0.000187450635;0.000169211010;0.000154800297;0.000212916509;
2019;12;10;21;0;0.000194419326;0.000177357582;0.000139288395;0.000219856065;
2019;12;10;22;0;0.000192865010;0.000182811210;0.000119802547;0.000223167353;
2019;12;10;23;0;0.000170699094;0.000220139685;0.000103668835;0.000217021772;
2019;12;10;24;0;0.000139619820;0.000220490504;0.000093367261;0.000194698621;
2019;12;11;1;0;0.000108417031;0.000205687543;0.000087392033;0.000177092872;
2019;12;11;2;0;0.000085012859;0.000185349877;0.000083342842;0.000188600903;
2019;12;11;3;0;0.000073313286;0.000170482074;0.000081612982;0.000179124907;
2019;12;11;4;0;0.000067941528;0.000161144817;0.000080589060;0.000172472921;
2019;12;11;5;0;0.000066350573;0.000156607260;0.000080549369;0.000164715251;
2019;12;11;6;0;0.000068363087;0.000164149885;0.000083450650;0.000159595402;
2019;12;11;7;0;0.000079264066;0.000172871688;0.000094841505;0.000159093933;
2019;12;11;8;0;0.000106595834;0.000184111165;0.000119201478;0.000164842349;
2019;12;11;9;0;0.000132280331;0.000160241105;0.000153336285;0.000108139556;
2019;12;11;10;0;0.000149453693;0.000136548938;0.000174545214;0.000085991663;
2019;12;11;11;0;0.000161328723;0.000131416832;0.000183357207;0.000085029631;
2019;12;11;12;0;0.000162875094;0.000119047861;0.000183101329;0.000081072466;
2019;12;11;13;0;0.000163694222;0.000094806005;0.000180439225;0.000079171230;
2019;12;11;14;0;0.000167760878;0.000094591201;0.000169007909;0.000076663659;
2019;12;11;15;0;0.000164089171;0.000093219058;0.000147174879;0.000074690598;
2019;12;11;16;0;0.000156430428;0.000088022143;0.000140538347;0.000071439100;
2019;12;11;17;0;0.000154751473;0.000085032411;0.000142505759;0.000069092311;
2019;12;11;18;0;0.000163625763;0.000094300568;0.000151538452;0.000073057850;
2019;12;11;19;0;0.000181191053;0.000154314173;0.000165252706;0.000188110616;
2019;12;11;20;0;0.000190931468;0.000171287591;0.000157737044;0.000214133640;
2019;12;11;21;0;0.000197984891;0.000179442303;0.000141898845;0.000220910222;
2019;12;11;22;0;0.000196424087;0.000185008064;0.000122061489;0.000224344905;
2019;12;11;23;0;0.000173834375;0.000222742342;0.000105614604;0.000218092073;
2019;12;11;24;0;0.000142156681;0.000222998093;0.000095101229;0.000195500434;
2019;12;12;1;0;0.000110506844;0.000208433454;0.000089125928;0.000178216431;
2019;12;12;2;0;0.000086687577;0.000188002231;0.000085031749;0.000190121822;
2019;12;12;3;0;0.000074732480;0.000172788928;0.000083238936;0.000180317313;
2019;12;12;4;0;0.000069243254;0.000163252309;0.000082178613;0.000173479407;
2019;12;12;5;0;0.000067613009;0.000158607357;0.000082127442;0.000165583259;
2019;12;12;6;0;0.000069693182;0.000166405760;0.000085121430;0.000160713406;
2019;12;12;7;0;0.000080822465;0.000175327879;0.000096759751;0.000160341948;
2019;12;12;8;0;0.000108630791;0.000186489064;0.000121544387;0.000165753598;
2019;12;12;9;0;0.000134834913;0.000162392346;0.000156384096;0.000108838262;
2019;12;12;10;0;0.000152351305;0.000138405849;0.000178027885;0.000086574357;
2019;12;12;11;0;0.000164520684;0.000133322824;0.000187088612;0.000085744563;
2019;12;12;12;0;0.000166177117;0.000120906630;0.000186916911;0.000081916453;
2019;12;12;13;0;0.000167085466;0.000096381967;0.000184279420;0.000080139545;
2019;12;12;14;0;0.000171354742;0.000096315206;0.000172724134;0.000077822366;
2019;12;12;15;0;0.000167723625;0.000095072169;0.000150518044;0.000076042101;
2019;12;12;16;0;0.000159807718;0.000089659782;0.000143652079;0.000072567411;
2019;12;12;17;0;0.000158213519;0.000086766340;0.000145774571;0.000070407475;
2019;12;12;18;0;0.000167335853;0.000096289690;0.000155060336;0.000074543585;
2019;12;12;19;0;0.000185105316;0.000157191163;0.000168916191;0.000191099111;
2019;12;12;20;0;0.000194922753;0.000174208066;0.000161123647;0.000216918035;
2019;12;12;21;0;0.000201989054;0.000182224227;0.000144848901;0.000223166231;
2019;12;12;22;0;0.000200329415;0.000187732884;0.000124557305;0.000226324854;
2019;12;12;23;0;0.000177311249;0.000226083068;0.000107786696;0.000220122699;
2019;12;12;24;0;0.000145054970;0.000226538062;0.000097093918;0.000197627576;
2019;12;13;1;0;0.000103276469;0.000190484734;0.000088048438;0.000160802492;
2019;12;13;2;0;0.000081654771;0.000171693883;0.000083707173;0.000174283554;
2019;12;13;3;0;0.000070656160;0.000157559802;0.000081955616;0.000170582748;
2019;12;13;4;0;0.000065607212;0.000148615971;0.000080775721;0.000163380130;
2019;12;13;5;0;0.000064063793;0.000145076293;0.000080639416;0.000154740250;
2019;12;13;6;0;0.000066021892;0.000151857974;0.000083230212;0.000148603578;
2019;12;13;7;0;0.000077169387;0.000159988957;0.000094552459;0.000147801433;
2019;12;13;8;0;0.000104660703;0.000171540570;0.000118790029;0.000152563009;
2019;12;13;9;0;0.000129184870;0.000149844327;0.000151781646;0.000106270239;
2019;12;13;10;0;0.000143482318;0.000130206955;0.000172901769;0.000087664211;
2019;12;13;11;0;0.000153977996;0.000126087424;0.000181666420;0.000087811910;
2019;12;13;12;0;0.000154325358;0.000114194500;0.000181479257;0.000084436052;
2019;12;13;13;0;0.000155215399;0.000092393474;0.000179091370;0.000081047562;
2019;12;13;14;0;0.000159267903;0.000092347287;0.000167822424;0.000079267168;
2019;12;13;15;0;0.000156582827;0.000090951263;0.000144434109;0.000075938563;
2019;12;13;16;0;0.000149494063;0.000086109171;0.000134559169;0.000072024374;
2019;12;13;17;0;0.000148204431;0.000083416118;0.000134483393;0.000070843127;
2019;12;13;18;0;0.000156069304;0.000092465699;0.000142624501;0.000075789019;
2019;12;13;19;0;0.000171207354;0.000146809757;0.000158231639;0.000167996436;
2019;12;13;20;0;0.000177412618;0.000159287923;0.000153514345;0.000188174719;
2019;12;13;21;0;0.000181145438;0.000164592514;0.000142466438;0.000193201757;
2019;12;13;22;0;0.000180173872;0.000169872878;0.000125120048;0.000195434295;
2019;12;13;23;0;0.000162957170;0.000205305258;0.000109613124;0.000191816932;
2019;12;13;24;0;0.000137704607;0.000206798150;0.000100014840;0.000178569341;
2019;12;14;1;0;0.000108827951;0.000192133308;0.000089594005;0.000170020440;
2019;12;14;2;0;0.000087865211;0.000174544601;0.000083951239;0.000180237889;
2019;12;14;3;0;0.000074652714;0.000159737314;0.000080937299;0.000171149873;
2019;12;14;4;0;0.000067936471;0.000150194267;0.000079200177;0.000164652664;
2019;12;14;5;0;0.000064958872;0.000145588678;0.000078430429;0.000156971200;
2019;12;14;6;0;0.000064857531;0.000151505059;0.000079341599;0.000151482087;
2019;12;14;7;0;0.000068432969;0.000155756187;0.000083034957;0.000146905738;
2019;12;14;8;0;0.000077752319;0.000156716081;0.000089559346;0.000143903974;
2019;12;14;9;0;0.000098062991;0.000131045101;0.000091097013;0.000092842658;
2019;12;14;10;0;0.000127408410;0.000121681325;0.000099800379;0.000078102538;
2019;12;14;11;0;0.000148388304;0.000126123287;0.000112849683;0.000084290211;
2019;12;14;12;0;0.000153943884;0.000117540691;0.000117247721;0.000084849447;
2019;12;14;13;0;0.000154624120;0.000094580494;0.000118417634;0.000081543889;
2019;12;14;14;0;0.000160051251;0.000093849871;0.000113873246;0.000080065069;
2019;12;14;15;0;0.000159006565;0.000093222630;0.000103758192;0.000078021865;
2019;12;14;16;0;0.000147515689;0.000086299971;0.000099246948;0.000071227061;
2019;12;14;17;0;0.000139923879;0.000081376680;0.000097915850;0.000067308160;
2019;12;14;18;0;0.000142724336;0.000087967978;0.000104481498;0.000069976746;
2019;12;14;19;0;0.000158040076;0.000141851623;0.000120643976;0.000165745267;
2019;12;14;20;0;0.000164420090;0.000154336797;0.000123239379;0.000188610305;
2019;12;14;21;0;0.000169465795;0.000158822028;0.000120723662;0.000192963470;
2019;12;14;22;0;0.000169014916;0.000163128844;0.000111697905;0.000195495252;
2019;12;14;23;0;0.000152710906;0.000198130783;0.000102232090;0.000191320817;
2019;12;14;24;0;0.000132647730;0.000202760056;0.000095261516;0.000179346718;
2019;12;15;1;0;0.000109089073;0.000187193040;0.000087039554;0.000168670287;
2019;12;15;2;0;0.000089737155;0.000170297781;0.000081411908;0.000176662612;
2019;12;15;3;0;0.000076521657;0.000155812336;0.000078703928;0.000165265341;
2019;12;15;4;0;0.000068722654;0.000146140583;0.000077108514;0.000158057236;
2019;12;15;5;0;0.000065047419;0.000141146698;0.000076364752;0.000151586072;
2019;12;15;6;0;0.000064093861;0.000146757461;0.000077277130;0.000146783351;
2019;12;15;7;0;0.000066212695;0.000151134813;0.000080586092;0.000144623319;
2019;12;15;8;0;0.000072218736;0.000149532067;0.000083552005;0.000141131152;
2019;12;15;9;0;0.000086210282;0.000120764071;0.000078992982;0.000086489138;
2019;12;15;10;0;0.000111572855;0.000109320587;0.000080908065;0.000071330741;
2019;12;15;11;0;0.000134483477;0.000116623486;0.000088142575;0.000078369477;
2019;12;15;12;0;0.000145875877;0.000113012247;0.000093421982;0.000081332552;
2019;12;15;13;0;0.000149325238;0.000092374237;0.000096246209;0.000079606589;
2019;12;15;14;0;0.000154241294;0.000091436244;0.000095803765;0.000076226025;
2019;12;15;15;0;0.000153666919;0.000089752309;0.000091090573;0.000074442788;
2019;12;15;16;0;0.000139682541;0.000081406478;0.000087220250;0.000068155323;
2019;12;15;17;0;0.000132802707;0.000076504796;0.000084760796;0.000064713975;
2019;12;15;18;0;0.000136204709;0.000084221653;0.000088142860;0.000067733945;
2019;12;15;19;0;0.000152727651;0.000137696774;0.000103732762;0.000167261122;
2019;12;15;20;0;0.000162403039;0.000151525845;0.000106297868;0.000189335029;
2019;12;15;21;0;0.000172030793;0.000158287753;0.000104499079;0.000195619684;
2019;12;15;22;0;0.000172590208;0.000162882531;0.000099809014;0.000198266415;
2019;12;15;23;0;0.000153510334;0.000196130978;0.000092454115;0.000193183125;
2019;12;15;24;0;0.000127808683;0.000197527107;0.000085943037;0.000178746251;
2019;12;16;1;0;0.000102501799;0.000201164574;0.000082155805;0.000171342390;
2019;12;16;2;0;0.000081539305;0.000181725002;0.000078816590;0.000178691633;
2019;12;16;3;0;0.000071056019;0.000166941321;0.000077406272;0.000168279274;
2019;12;16;4;0;0.000065902552;0.000157482217;0.000076831246;0.000162554466;
2019;12;16;5;0;0.000064194316;0.000153134507;0.000076988947;0.000156153512;
2019;12;16;6;0;0.000066104439;0.000160839159;0.000079566103;0.000152070518;
2019;12;16;7;0;0.000076465770;0.000169623785;0.000090524997;0.000152904818;
2019;12;16;8;0;0.000101809327;0.000180640197;0.000113210244;0.000159041631;
2019;12;16;9;0;0.000124860078;0.000155160856;0.000145115663;0.000101303645;
2019;12;16;10;0;0.000141797157;0.000131684227;0.000166773135;0.000080652898;
2019;12;16;11;0;0.000154789776;0.000127950238;0.000175502247;0.000080936403;
2019;12;16;12;0;0.000157742176;0.000117043823;0.000175909237;0.000079730867;
2019;12;16;13;0;0.000160166398;0.000093830700;0.000174055587;0.000077727433;
2019;12;16;14;0;0.000165028980;0.000094273184;0.000164264431;0.000077135378;
2019;12;16;15;0;0.000161546013;0.000092810072;0.000144166576;0.000075465083;
2019;12;16;16;0;0.000153362481;0.000087298581;0.000137758341;0.000068336476;
2019;12;16;17;0;0.000150938060;0.000083458346;0.000139461644;0.000067513311;
2019;12;16;18;0;0.000158941936;0.000093321546;0.000147475092;0.000074270680;
2019;12;16;19;0;0.000175468777;0.000152293281;0.000159852040;0.000183098463;
2019;12;16;20;0;0.000185003425;0.000168506242;0.000152113594;0.000208691656;
2019;12;16;21;0;0.000192784636;0.000176308542;0.000137164673;0.000216062606;
2019;12;16;22;0;0.000192275769;0.000182293621;0.000118230770;0.000219059628;
2019;12;16;23;0;0.000170035327;0.000219238621;0.000101933365;0.000212435021;
2019;12;16;24;0;0.000137956905;0.000219320435;0.000092290344;0.000192493964;
2019;12;17;1;0;0.000106795574;0.000203283698;0.000086049573;0.000175620951;
2019;12;17;2;0;0.000083786665;0.000183409495;0.000082106913;0.000187450090;
2019;12;17;3;0;0.000072273159;0.000168789752;0.000080421975;0.000178208675;
2019;12;17;4;0;0.000066973484;0.000159522791;0.000079408099;0.000171547319;
2019;12;17;5;0;0.000065397233;0.000154987877;0.000079359327;0.000163749177;
2019;12;17;6;0;0.000067420227;0.000162671010;0.000082265815;0.000159049769;
2019;12;17;7;0;0.000078144344;0.000171181080;0.000093463227;0.000158325868;
2019;12;17;8;0;0.000104996840;0.000181939742;0.000117365044;0.000163438168;
2019;12;17;9;0;0.000130329446;0.000158444329;0.000151012656;0.000107333323;
2019;12;17;10;0;0.000147192365;0.000134897988;0.000171833450;0.000085213224;
2019;12;17;11;0;0.000158960395;0.000129963774;0.000180591104;0.000084419879;
2019;12;17;12;0;0.000160561890;0.000117862051;0.000180426541;0.000080652761;
2019;12;17;13;0;0.000161423780;0.000093933975;0.000177863261;0.000078871333;
2019;12;17;14;0;0.000165513932;0.000093824210;0.000166675599;0.000076524636;
2019;12;17;15;0;0.000161843341;0.000092400689;0.000145100776;0.000074464311;
2019;12;17;16;0;0.000154143974;0.000087061776;0.000138427153;0.000070945866;
2019;12;17;17;0;0.000152528465;0.000084153723;0.000140400823;0.000068687849;
2019;12;17;18;0;0.000161188617;0.000093211259;0.000149219871;0.000072467713;
2019;12;17;19;0;0.000178412175;0.000152375014;0.000162651267;0.000186243429;
2019;12;17;20;0;0.000187977409;0.000169082288;0.000155232616;0.000211888715;
2019;12;17;21;0;0.000194948566;0.000177188621;0.000139665129;0.000218723515;
2019;12;17;22;0;0.000193465480;0.000182801096;0.000120173452;0.000222382791;
2019;12;17;23;0;0.000171322563;0.000220397127;0.000104045669;0.000216737007;
2019;12;17;24;0;0.000140098412;0.000220635282;0.000093685677;0.000194262300;
2019;12;18;1;0;0.000106987152;0.000203757066;0.000086203360;0.000176194540;
2019;12;18;2;0;0.000083914440;0.000183724236;0.000082231579;0.000187855131;
2019;12;18;3;0;0.000072359941;0.000168954537;0.000080518005;0.000178355400;
2019;12;18;4;0;0.000067054043;0.000159679308;0.000079503086;0.000171690110;
2019;12;18;5;0;0.000065480327;0.000155163998;0.000079459631;0.000163931704;
2019;12;18;6;0;0.000067475175;0.000162685891;0.000082332313;0.000158924304;
2019;12;18;7;0;0.000078231621;0.000171315312;0.000093566990;0.000158400907;
2019;12;18;8;0;0.000105152813;0.000182236128;0.000117538607;0.000163766945;
2019;12;18;9;0;0.000130515834;0.000158682126;0.000151227616;0.000107523828;
2019;12;18;10;0;0.000147380441;0.000135053465;0.000172051864;0.000085310670;
2019;12;18;11;0;0.000159086886;0.000129970381;0.000180733602;0.000084347826;
2019;12;18;12;0;0.000160705605;0.000117894856;0.000180586832;0.000080617279;
2019;12;18;13;0;0.000161576538;0.000093971115;0.000178030389;0.000078853355;
2019;12;18;14;0;0.000165621626;0.000093798174;0.000166782937;0.000076414423;
2019;12;18;15;0;0.000162024544;0.000092473790;0.000145262265;0.000074500687;
2019;12;18;16;0;0.000154342732;0.000087164384;0.000138604722;0.000071030217;
2019;12;18;17;0;0.000152743974;0.000084276704;0.000140598259;0.000068804841;
2019;12;18;18;0;0.000161508847;0.000093470301;0.000149515327;0.000072765440;
2019;12;18;19;0;0.000178758985;0.000152783258;0.000162966353;0.000186973871;
2019;12;18;20;0;0.000188299531;0.000169445937;0.000155497589;0.000212515503;
2019;12;18;21;0;0.000195125563;0.000177243109;0.000139791002;0.000218638760;
2019;12;18;22;0;0.000193413006;0.000182366823;0.000120140056;0.000221221871;
2019;12;18;23;0;0.000171397872;0.000220230734;0.000104090710;0.000216240065;
2019;12;18;24;0;0.000140216672;0.000220671372;0.000093764134;0.000194137277;
2019;12;19;1;0;0.000106868624;0.000203767434;0.000086102093;0.000176455463;
2019;12;19;2;0;0.000083827797;0.000183765338;0.000082141172;0.000188192449;
2019;12;19;3;0;0.000072282455;0.000168977722;0.000080426397;0.000178648226;
2019;12;19;4;0;0.000066951531;0.000159534111;0.000079376227;0.000171646496;
2019;12;19;5;0;0.000065361069;0.000154918945;0.000079309602;0.000163690392;
2019;12;19;6;0;0.000067377051;0.000162565767;0.000082207078;0.000158933361;
2019;12;19;7;0;0.000078102282;0.000171110338;0.000093406043;0.000158277135;
2019;12;19;8;0;0.000104933298;0.000181836958;0.000117285382;0.000163343498;
2019;12;19;9;0;0.000130183559;0.000158168642;0.000150832512;0.000107042658;
2019;12;19;10;0;0.000147095009;0.000134804571;0.000171707153;0.000085144390;
2019;12;19;11;0;0.000158809847;0.000129788947;0.000180406788;0.000084251874;
2019;12;19;12;0;0.000160478718;0.000117819186;0.000180319802;0.000080635889;
2019;12;19;13;0;0.000161435877;0.000094027063;0.000177863494;0.000079048348;
2019;12;19;14;0;0.000165617337;0.000094034664;0.000166767451;0.000076869113;
2019;12;19;15;0;0.000161942655;0.000092605759;0.000145179126;0.000074796639;
2019;12;19;16;0;0.000154240293;0.000087257319;0.000138503454;0.000071266106;
2019;12;19;17;0;0.000152665738;0.000084396042;0.000140516836;0.000069077584;
2019;12;19;18;0;0.000161359645;0.000093514953;0.000149367203;0.000072930638;
2019;12;19;19;0;0.000178432691;0.000152540514;0.000162657994;0.000186695303;
2019;12;19;20;0;0.000187869238;0.000168998360;0.000155131866;0.000211792649;
2019;12;19;21;0;0.000194693694;0.000176804505;0.000139472265;0.000217962651;
2019;12;19;22;0;0.000193105371;0.000182175302;0.000119940935;0.000221109359;
2019;12;19;23;0;0.000170984419;0.000219587321;0.000103832666;0.000215400610;
2019;12;19;24;0;0.000139883464;0.000220044070;0.000093535051;0.000193409804;
2019;12;20;1;0;0.000097277986;0.000182609514;0.000082802103;0.000157032228;
2019;12;20;2;0;0.000076897245;0.000164523721;0.000078704291;0.000170065065;
2019;12;20;3;0;0.000066475312;0.000150649103;0.000076983134;0.000165798177;
2019;12;20;4;0;0.000061758518;0.000142273098;0.000075915882;0.000159152552;
2019;12;20;5;0;0.000060282869;0.000138764863;0.000075759161;0.000150501574;
2019;12;20;6;0;0.000062102191;0.000145126992;0.000078163945;0.000144307212;
2019;12;20;7;0;0.000072561274;0.000152768416;0.000088764477;0.000143305612;
2019;12;20;8;0;0.000098364294;0.000163621470;0.000111465467;0.000147633138;
2019;12;20;9;0;0.000121496188;0.000143151633;0.000142520315;0.000103131702;
2019;12;20;10;0;0.000134954745;0.000124416836;0.000162366238;0.000085106945;
2019;12;20;11;0;0.000144857939;0.000120540119;0.000170633703;0.000085326990;
2019;12;20;12;0;0.000145231605;0.000109250977;0.000170512944;0.000082156327;
2019;12;20;13;0;0.000146088361;0.000088420208;0.000168291424;0.000078902096;
2019;12;20;14;0;0.000149882007;0.000088348235;0.000157680411;0.000077124731;
2019;12;20;15;0;0.000147412708;0.000087090152;0.000135758515;0.000074004959;
2019;12;20;16;0;0.000140740405;0.000082455512;0.000126477905;0.000070193649;
2019;12;20;17;0;0.000139480155;0.000079816559;0.000126364886;0.000068948609;
2019;12;20;18;0;0.000146868443;0.000088456991;0.000134002116;0.000073734270;
2019;12;20;19;0;0.000161079753;0.000140376505;0.000148634075;0.000163296604;
2019;12;20;20;0;0.000166912925;0.000152297376;0.000144198567;0.000182887488;
2019;12;20;21;0;0.000170422121;0.000157363486;0.000133818960;0.000187761085;
2019;12;20;22;0;0.000169445575;0.000162275406;0.000117482138;0.000189642393;
2019;12;20;23;0;0.000153292264;0.000196234844;0.000102947508;0.000186324233;
2019;12;20;24;0;0.000129521026;0.000197604612;0.000093921013;0.000173365069;
2019;12;21;1;0;0.000101923045;0.000183105553;0.000083771932;0.000164860804;
2019;12;21;2;0;0.000082242215;0.000166121772;0.000078449937;0.000174348743;
2019;12;21;3;0;0.000069863485;0.000151970101;0.000075620753;0.000165440366;
2019;12;21;4;0;0.000063568416;0.000142840866;0.000073986452;0.000159057339;
2019;12;21;5;0;0.000060777645;0.000138436221;0.000073261809;0.000151586800;
2019;12;21;6;0;0.000060717741;0.000144250674;0.000074155572;0.000146631405;
2019;12;21;7;0;0.000064124368;0.000148613146;0.000077679482;0.000142750363;
2019;12;21;8;0;0.000072844136;0.000149468664;0.000083768320;0.000139730756;
2019;12;21;9;0;0.000091880111;0.000125007954;0.000085213452;0.000090180408;
2019;12;21;10;0;0.000119422764;0.000116181518;0.000093391824;0.000075989278;
2019;12;21;11;0;0.000139122656;0.000120491775;0.000105629732;0.000082094537;
2019;12;21;12;0;0.000144341068;0.000112309533;0.000109753791;0.000082661725;
2019;12;21;13;0;0.000145047784;0.000090469352;0.000110901618;0.000079597776;
2019;12;21;14;0;0.000150173676;0.000089817713;0.000106670440;0.000078227764;
2019;12;21;15;0;0.000149206485;0.000089234846;0.000097203675;0.000076257612;
2019;12;21;16;0;0.000138390255;0.000082562928;0.000092954860;0.000069548008;
2019;12;21;17;0;0.000131303703;0.000077901681;0.000091733039;0.000065797467;
2019;12;21;18;0;0.000133822681;0.000084055432;0.000097804476;0.000068177439;
2019;12;21;19;0;0.000148058242;0.000135280272;0.000112838849;0.000160914063;
2019;12;21;20;0;0.000154052222;0.000147224184;0.000115279008;0.000183196813;
2019;12;21;21;0;0.000158787971;0.000151520744;0.000112931629;0.000187465859;
2019;12;21;22;0;0.000158383255;0.000155669483;0.000104500148;0.000190013911;
2019;12;21;23;0;0.000143007813;0.000188778915;0.000095579465;0.000185438557;
2019;12;21;24;0;0.000124197088;0.000193110600;0.000089046474;0.000173704416;
2019;12;22;1;0;0.000100490679;0.000176419475;0.000079991206;0.000162774150;
2019;12;22;2;0;0.000082671959;0.000160531626;0.000074826413;0.000170554694;
2019;12;22;3;0;0.000070528820;0.000147028804;0.000072370192;0.000159850939;
2019;12;22;4;0;0.000063339352;0.000137896265;0.000070901772;0.000152867515;
2019;12;22;5;0;0.000059956106;0.000133205212;0.000070222673;0.000146651866;
2019;12;22;6;0;0.000059075958;0.000138494165;0.000071060193;0.000141995292;
2019;12;22;7;0;0.000060977686;0.000142350678;0.000074040754;0.000139415971;
2019;12;22;8;0;0.000066517583;0.000140883383;0.000076775830;0.000136123884;
2019;12;22;9;0;0.000079494745;0.000114075989;0.000072668957;0.000083817664;
2019;12;22;10;0;0.000102948263;0.000103419554;0.000074478917;0.000069314273;
2019;12;22;11;0;0.000124139703;0.000110431928;0.000081172434;0.000076280794;
2019;12;22;12;0;0.000134596748;0.000106904291;0.000085996588;0.000079018491;
2019;12;22;13;0;0.000137733836;0.000087316056;0.000088567038;0.000077237272;
2019;12;22;14;0;0.000142240287;0.000086390176;0.000088142547;0.000073895618;
2019;12;22;15;0;0.000141587551;0.000084631107;0.000083733488;0.000071908199;
2019;12;22;16;0;0.000128603308;0.000076626909;0.000080113998;0.000065626899;
2019;12;22;17;0;0.000122194766;0.000071912697;0.000077807554;0.000062155514;
2019;12;22;18;0;0.000125289595;0.000079114130;0.000080889301;0.000064975954;
2019;12;22;19;0;0.000140468030;0.000129304105;0.000095182437;0.000160358056;
2019;12;22;20;0;0.000149303675;0.000142152889;0.000097494914;0.000181203157;
2019;12;22;21;0;0.000158081128;0.000148339810;0.000095800408;0.000186864809;
2019;12;22;22;0;0.000158675978;0.000152825189;0.000091547367;0.000189801695;
2019;12;22;23;0;0.000141083553;0.000183871516;0.000084770761;0.000184669294;
2019;12;22;24;0;0.000117498613;0.000185310017;0.000078825029;0.000171084054;
2019;12;23;1;0;0.000086841971;0.000179415200;0.000069275942;0.000161224934;
2019;12;23;2;0;0.000069068966;0.000162010055;0.000066447644;0.000168021127;
2019;12;23;3;0;0.000060175848;0.000148758153;0.000065244438;0.000158097224;
2019;12;23;4;0;0.000055759190;0.000140031194;0.000064699079;0.000152137523;
2019;12;23;5;0;0.000054294109;0.000136053723;0.000064808283;0.000145934649;
2019;12;23;6;0;0.000055897603;0.000142831611;0.000066963270;0.000142005308;
2019;12;23;7;0;0.000064515405;0.000149864612;0.000076017027;0.000141457339;
2019;12;23;8;0;0.000085615531;0.000158394687;0.000094753817;0.000145117846;
2019;12;23;9;0;0.000105018715;0.000136111704;0.000121479609;0.000092511743;
2019;12;23;10;0;0.000119575740;0.000116208751;0.000139974088;0.000074455712;
2019;12;23;11;0;0.000130609106;0.000113065487;0.000147387233;0.000074899543;
2019;12;23;12;0;0.000132996450;0.000103243700;0.000147613768;0.000073546385;
2019;12;23;13;0;0.000134913908;0.000082590641;0.000145921498;0.000071421237;
2019;12;23;14;0;0.000139053316;0.000083039703;0.000137756046;0.000070970034;
2019;12;23;15;0;0.000136217200;0.000081885992;0.000120989111;0.000069640408;
2019;12;23;16;0;0.000129181802;0.000076839748;0.000115490461;0.000062790303;
2019;12;23;17;0;0.000127096385;0.000073402061;0.000116878657;0.000061944990;
2019;12;23;18;0;0.000133766474;0.000081978188;0.000123530287;0.000067994095;
2019;12;23;19;0;0.000147815224;0.000134072732;0.000134024285;0.000168291191;
2019;12;23;20;0;0.000155803970;0.000148251715;0.000127500760;0.000191593380;
2019;12;23;21;0;0.000162301219;0.000154995076;0.000114931118;0.000198082554;
2019;12;23;22;0;0.000162115473;0.000160806840;0.000099214792;0.000202083504;
2019;12;23;23;0;0.000143646793;0.000194267841;0.000085707560;0.000197565183;
2019;12;23;24;0;0.000116626137;0.000194642738;0.000077652369;0.000179524526;
2019;12;24;1;0;0.000080707050;0.000168836428;0.000064444381;0.000160609966;
2019;12;24;2;0;0.000063211441;0.000151749034;0.000061387314;0.000170270779;
2019;12;24;3;0;0.000054413505;0.000139007037;0.000060004319;0.000160543965;
2019;12;24;4;0;0.000050362490;0.000131015958;0.000059176221;0.000153788298;
2019;12;24;5;0;0.000049140151;0.000127075303;0.000059095336;0.000146354574;
2019;12;24;6;0;0.000050594264;0.000132980940;0.000061179876;0.000141402770;
2019;12;24;7;0;0.000058511360;0.000139224332;0.000069352407;0.000139455806;
2019;12;24;8;0;0.000078360835;0.000146867694;0.000086803994;0.000141999711;
2019;12;24;9;0;0.000097272198;0.000127919240;0.000111696007;0.000093281824;
2019;12;24;10;0;0.000110301687;0.000109919390;0.000127609410;0.000075310982;
2019;12;24;11;0;0.000119309868;0.000106283458;0.000134326563;0.000075099961;
2019;12;24;12;0;0.000120505322;0.000096374338;0.000134196842;0.000071731196;
2019;12;24;13;0;0.000120975000;0.000076552853;0.000132096857;0.000069725718;
2019;12;24;14;0;0.000123955931;0.000076344742;0.000123703760;0.000067461234;
2019;12;24;15;0;0.000121174824;0.000075140984;0.000107662737;0.000065573338;
2019;12;24;16;0;0.000115204426;0.000070511262;0.000102527890;0.000062015236;
2019;12;24;17;0;0.000113883742;0.000068000285;0.000103886377;0.000059790602;
2019;12;24;18;0;0.000120440464;0.000075448373;0.000110495052;0.000063275561;
2019;12;24;19;0;0.000133690354;0.000124146791;0.000120784485;0.000164570133;
2019;12;24;20;0;0.000140795643;0.000137619454;0.000115224452;0.000186886284;
2019;12;24;21;0;0.000145493390;0.000143036046;0.000103297384;0.000190053602;
2019;12;24;22;0;0.000143917913;0.000146474654;0.000088592717;0.000190650271;
2019;12;24;23;0;0.000127279666;0.000176074772;0.000076603143;0.000184814135;
2019;12;24;24;0;0.000104554938;0.000178100591;0.000069288738;0.000168793185;
2019;12;25;1;0;0.000086058706;0.000158480114;0.000068159285;0.000153011947;
2019;12;25;2;0;0.000070955311;0.000144932877;0.000063899191;0.000161779428;
2019;12;25;3;0;0.000060506590;0.000132611137;0.000061774542;0.000151361578;
2019;12;25;4;0;0.000054254276;0.000123935358;0.000060427023;0.000143833021;
2019;12;25;5;0;0.000051310602;0.000119476933;0.000059794991;0.000137482197;
2019;12;25;6;0;0.000050564393;0.000124260993;0.000060516550;0.000133196958;
2019;12;25;7;0;0.000052172963;0.000127614302;0.000063031718;0.000130579945;
2019;12;25;8;0;0.000056844375;0.000125950340;0.000065281377;0.000126856687;
2019;12;25;9;0;0.000067748811;0.000101345725;0.000061620602;0.000077220695;
2019;12;25;10;0;0.000087627422;0.000091615444;0.000063076577;0.000063525593;
2019;12;25;11;0;0.000105718820;0.000097944768;0.000068780277;0.000070069362;
2019;12;25;12;0;0.000114863569;0.000095270467;0.000073020149;0.000073218301;
2019;12;25;13;0;0.000117715673;0.000078078388;0.000075314660;0.000072008111;
2019;12;25;14;0;0.000121435011;0.000077059100;0.000074872209;0.000068584713;
2019;12;25;15;0;0.000120705943;0.000075245922;0.000071025862;0.000066351581;
2019;12;25;16;0;0.000109478803;0.000067904255;0.000067857843;0.000060190947;
2019;12;25;17;0;0.000104104384;0.000063838889;0.000065955639;0.000057185811;
2019;12;25;18;0;0.000106860416;0.000070410624;0.000068644649;0.000060054964;
2019;12;25;19;0;0.000120008037;0.000115526247;0.000080910226;0.000149270990;
2019;12;25;20;0;0.000127682518;0.000127293378;0.000082957690;0.000169370764;
2019;12;25;21;0;0.000135236511;0.000132940105;0.000081544569;0.000174915089;
2019;12;25;22;0;0.000135806876;0.000137100181;0.000077959704;0.000177989277;
2019;12;25;23;0;0.000120913466;0.000165458824;0.000072286652;0.000174130635;
2019;12;25;24;0;0.000100695588;0.000166735153;0.000067213357;0.000161288751;
2019;12;26;1;0;0.000081156446;0.000166918651;0.000064897940;0.000155010347;
2019;12;26;2;0;0.000063621103;0.000150327103;0.000061875461;0.000164907055;
2019;12;26;3;0;0.000054846518;0.000138158428;0.000060570225;0.000156392461;
2019;12;26;4;0;0.000050795434;0.000130400051;0.000059772169;0.000150180995;
2019;12;26;5;0;0.000049579984;0.000126574094;0.000059711422;0.000143102904;
2019;12;26;6;0;0.000051103684;0.000132785148;0.000061886202;0.000138863977;
2019;12;26;7;0;0.000059205164;0.000139580383;0.000070277328;0.000137948880;
2019;12;26;8;0;0.000079391701;0.000147679772;0.000088074477;0.000141232395;
2019;12;26;9;0;0.000098648203;0.000128918794;0.000113441616;0.000093169193;
2019;12;26;10;0;0.000111844648;0.000110741896;0.000129583605;0.000075180490;
2019;12;26;11;0;0.000121128250;0.000107382789;0.000136573139;0.000075358891;
2019;12;26;12;0;0.000122443544;0.000097555859;0.000136554580;0.000072225603;
2019;12;26;13;0;0.000123112345;0.000077766850;0.000134627185;0.000070657352;
2019;12;26;14;0;0.000126286367;0.000077751718;0.000126213662;0.000068673789;
2019;12;26;15;0;0.000123531994;0.000076637622;0.000109917484;0.000066928522;
2019;12;26;16;0;0.000117405357;0.000071861002;0.000104639361;0.000063212925;
2019;12;26;17;0;0.000116066265;0.000069312527;0.000106032058;0.000060965074;
2019;12;26;18;0;0.000122741246;0.000076894721;0.000112770433;0.000064506019;
2019;12;26;19;0;0.000136056173;0.000126124790;0.000123101584;0.000166795112;
2019;12;26;20;0;0.000143388154;0.000140037194;0.000117517628;0.000189965414;
2019;12;26;21;0;0.000148719898;0.000146781135;0.000105742470;0.000196159465;
2019;12;26;22;0;0.000147729727;0.000151757123;0.000091072105;0.000200205670;
2019;12;26;23;0;0.000130996213;0.000183520270;0.000078955177;0.000196170811;
2019;12;26;24;0;0.000107261962;0.000184267306;0.000071186583;0.000176777636;
2019;12;27;1;0;0.000085630600;0.000165926967;0.000072653485;0.000146732445;
2019;12;27;2;0;0.000067653138;0.000149305488;0.000069020205;0.000158544776;
2019;12;27;3;0;0.000058550281;0.000137065068;0.000067587262;0.000155277038;
2019;12;27;4;0;0.000054379267;0.000129353303;0.000066629997;0.000148860040;
2019;12;27;5;0;0.000053090065;0.000126217112;0.000066505133;0.000140872050;
2019;12;27;6;0;0.000054727493;0.000132195690;0.000068660311;0.000135423159;
2019;12;27;7;0;0.000063912995;0.000138995784;0.000077933492;0.000134193022;
2019;12;27;8;0;0.000086480864;0.000148241092;0.000097684025;0.000137182020;
2019;12;27;9;0;0.000106874835;0.000129857186;0.000124965532;0.000096056599;
2019;12;27;10;0;0.000119126503;0.000113765666;0.000142861968;0.000080430392;
2019;12;27;11;0;0.000128074567;0.000110627933;0.000150378613;0.000081179140;
2019;12;27;12;0;0.000128414362;0.000100283545;0.000150283216;0.000078185042;
2019;12;27;13;0;0.000129120596;0.000081089081;0.000148266337;0.000074965309;
2019;12;27;14;0;0.000132488089;0.000081042852;0.000138933106;0.000073307993;
2019;12;27;15;0;0.000130326880;0.000079918907;0.000119637359;0.000070390531;
2019;12;27;16;0;0.000124301657;0.000075491186;0.000111345700;0.000066487788;
2019;12;27;17;0;0.000123133088;0.000072999845;0.000111196066;0.000065186537;
2019;12;27;18;0;0.000129671923;0.000080925655;0.000117931488;0.000069747129;
2019;12;27;19;0;0.000142496768;0.000128999160;0.000131063906;0.000155724221;
2019;12;27;20;0;0.000147769236;0.000140196860;0.000127249379;0.000174954953;
2019;12;27;21;0;0.000150976388;0.000145079484;0.000118168407;0.000180104938;
2019;12;27;22;0;0.000150281579;0.000149991608;0.000103859930;0.000182741317;
2019;12;27;23;0;0.000136047750;0.000181659287;0.000091072578;0.000180035571;
2019;12;27;24;0;0.000114954579;0.000182943305;0.000083090129;0.000167544247;
2019;12;28;1;0;0.000098706434;0.000178481270;0.000081075584;0.000161486957;
2019;12;28;2;0;0.000079612892;0.000161768794;0.000075892644;0.000170478237;
2019;12;28;3;0;0.000067638842;0.000148031588;0.000073165340;0.000161851233;
2019;12;28;4;0;0.000061551419;0.000139175391;0.000071592473;0.000155678412;
2019;12;28;5;0;0.000058838215;0.000134825422;0.000070878047;0.000148247875;
2019;12;28;6;0;0.000058798355;0.000140586618;0.000071764860;0.000143581900;
2019;12;28;7;0;0.000062120584;0.000144962410;0.000075203359;0.000139998586;
2019;12;28;8;0;0.000070587338;0.000145889282;0.000081120477;0.000137195666;
2019;12;28;9;0;0.000089096326;0.000122211703;0.000082578107;0.000088805303;
2019;12;28;10;0;0.000115805812;0.000113585848;0.000090504584;0.000074834646;
2019;12;28;11;0;0.000134985389;0.000117952618;0.000102422073;0.000081038056;
2019;12;28;12;0;0.000140098327;0.000110031842;0.000106458673;0.000081717405;
2019;12;28;13;0;0.000140701735;0.000088516016;0.000107508975;0.000078498114;
2019;12;28;14;0;0.000145621048;0.000087805608;0.000103369617;0.000077031662;
2019;12;28;15;0;0.000144681298;0.000087233325;0.000094194570;0.000075088032;
2019;12;28;16;0;0.000134187575;0.000080703366;0.000090073572;0.000068469315;
2019;12;28;17;0;0.000127282957;0.000076101402;0.000088866392;0.000064706005;
2019;12;28;18;0;0.000129723242;0.000082109980;0.000094746959;0.000067040579;
2019;12;28;19;0;0.000143736245;0.000132600840;0.000109473961;0.000159218003;
2019;12;28;20;0;0.000149715693;0.000144662554;0.000111961336;0.000182074384;
2019;12;28;21;0;0.000154411379;0.000149088529;0.000109747788;0.000186775584;
2019;12;28;22;0;0.000154088598;0.000153328555;0.000101600682;0.000189658285;
2019;12;28;23;0;0.000139187653;0.000186113959;0.000092965974;0.000185399967;
2019;12;28;24;0;0.000120843300;0.000190255170;0.000086585739;0.000173456103;
2019;12;29;1;0;0.000100705740;0.000176776398;0.000080171179;0.000163037834;
2019;12;29;2;0;0.000082821581;0.000160735780;0.000074970050;0.000170600303;
2019;12;29;3;0;0.000070629038;0.000147085394;0.000072480967;0.000159637642;
2019;12;29;4;0;0.000063395109;0.000137779036;0.000070971961;0.000152321740;
2019;12;29;5;0;0.000060012388;0.000133109510;0.000070296294;0.000146162546;
2019;12;29;6;0;0.000059171695;0.000138610559;0.000071183150;0.000141922762;
2019;12;29;7;0;0.000061081736;0.000142498315;0.000074175220;0.000139394679;
2019;12;29;8;0;0.000066601030;0.000140883717;0.000076880568;0.000135847153;
2019;12;29;9;0;0.000079532925;0.000113873818;0.000072711824;0.000083376634;
2019;12;29;10;0;0.000102920566;0.000103059119;0.000074467037;0.000068734372;
2019;12;29;11;0;0.000124064013;0.000109963002;0.000081131830;0.000075540911;
2019;12;29;12;0;0.000134573644;0.000106557754;0.000085991247;0.000078396614;
2019;12;29;13;0;0.000137753174;0.000087094733;0.000088589179;0.000076727056;
2019;12;29;14;0;0.000142278824;0.000086197277;0.000088176087;0.000073448563;
2019;12;29;15;0;0.000141717635;0.000084567206;0.000083819600;0.000071665186;
2019;12;29;16;0;0.000128772829;0.000076638513;0.000080228390;0.000065511820;
2019;12;29;17;0;0.000122414115;0.000072001824;0.000077955765;0.000062168713;
2019;12;29;18;0;0.000125539777;0.000079249036;0.000081059704;0.000065045406;
2019;12;29;19;0;0.000140819480;0.000129674095;0.000095431038;0.000160866070;
2019;12;29;20;0;0.000149766904;0.000142755230;0.000097808116;0.000182230457;
2019;12;29;21;0;0.000158624896;0.000149081665;0.000096140475;0.000188179383;
2019;12;29;22;0;0.000159210089;0.000153561872;0.000091865584;0.000191068847;
2019;12;29;23;0;0.000141623304;0.000184948973;0.000085104396;0.000186244580;
2019;12;29;24;0;0.000117952562;0.000186411634;0.000079138234;0.000172569220;
2019;12;30;1;0;0.000089318759;0.000183035813;0.000071323771;0.000163106839;
2019;12;30;2;0;0.000070974581;0.000164939375;0.000068349969;0.000169353143;
2019;12;30;3;0;0.000061833113;0.000151430635;0.000067109072;0.000159316376;
2019;12;30;4;0;0.000057310681;0.000142636182;0.000066566551;0.000153482226;
2019;12;30;5;0;0.000055817193;0.000138654352;0.000066693675;0.000147357154;
2019;12;30;6;0;0.000057416153;0.000145272888;0.000068851975;0.000142867888;
2019;12;30;7;0;0.000066228598;0.000152214719;0.000078114537;0.000141949218;
2019;12;30;8;0;0.000087880971;0.000160845740;0.000097359392;0.000145570872;
2019;12;30;9;0;0.000107840403;0.000138346278;0.000124869691;0.000092961806;
2019;12;30;10;0;0.000122952417;0.000118479182;0.000144072298;0.000075238125;
2019;12;30;11;0;0.000134426425;0.000115527739;0.000151848290;0.000075987972;
2019;12;30;12;0;0.000136916725;0.000105550412;0.000152118546;0.000074689777;
2019;12;30;13;0;0.000138861145;0.000084395016;0.000150342632;0.000072468302;
2019;12;30;14;0;0.000143141694;0.000084880775;0.000141949647;0.000072051265;
2019;12;30;15;0;0.000140200893;0.000083672526;0.000124653354;0.000070657261;
2019;12;30;16;0;0.000132898919;0.000078434313;0.000118933740;0.000063587211;
2019;12;30;17;0;0.000130724682;0.000074887499;0.000120336800;0.000062673716;
2019;12;30;18;0;0.000137595859;0.000083651982;0.000127195101;0.000068815983;
2019;12;30;19;0;0.000152126191;0.000136974021;0.000138072494;0.000170696973;
2019;12;30;20;0;0.000160482908;0.000151751966;0.000131462501;0.000195014010;
2019;12;30;21;0;0.000167197448;0.000158701995;0.000118518008;0.000201726199;
2019;12;30;22;0;0.000167015656;0.000164672127;0.000102317045;0.000205837590;
2019;12;30;23;0;0.000147978770;0.000198905161;0.000088381519;0.000201171910;
2019;12;30;24;0;0.000120146336;0.000199300993;0.000080077075;0.000182822480;
2019;12;31;1;0;0.000087106976;0.000177424408;0.000069756377;0.000164395058;
2019;12;31;2;0;0.000068221208;0.000159450791;0.000066444608;0.000174243903;
2019;12;31;3;0;0.000058732582;0.000146096824;0.000064954958;0.000164353267;
2019;12;31;4;0;0.000054363811;0.000137718515;0.000064063008;0.000157474718;
2019;12;31;5;0;0.000053072634;0.000133737237;0.000064009549;0.000150184953;
2019;12;31;6;0;0.000054629695;0.000139871233;0.000066251160;0.000144943564;
2019;12;31;7;0;0.000063161937;0.000146347790;0.000075081715;0.000142777999;
2019;12;31;8;0;0.000084567365;0.000154290400;0.000093950880;0.000145222637;
2019;12;31;9;0;0.000104980660;0.000134397931;0.000120897025;0.000095419915;
2019;12;31;10;0;0.000119123782;0.000115669847;0.000138215395;0.000077265272;
2019;12;31;11;0;0.000129024903;0.000112186699;0.000145685550;0.000077478596;
2019;12;31;12;0;0.000130408197;0.000101888180;0.000145645932;0.000074214454;
2019;12;31;13;0;0.000130974434;0.000081014462;0.000143430259;0.000072271500;
2019;12;31;14;0;0.000134150873;0.000080724341;0.000134266137;0.000069815044;
2019;12;31;15;0;0.000131172137;0.000079494581;0.000116883178;0.000067927868;
2019;12;31;16;0;0.000124741022;0.000074640484;0.000111337010;0.000064311167;
2019;12;31;17;0;0.000123331944;0.000072010944;0.000112831367;0.000062049900;
2019;12;31;18;0;0.000130376519;0.000079819811;0.000119957441;0.000065549735;
2019;12;31;19;0;0.000144700787;0.000131300051;0.000131111073;0.000170388207;
2019;12;31;20;0;0.000152608775;0.000146024187;0.000125254213;0.000194639374;
2019;12;31;21;0;0.000157797645;0.000151986631;0.000112357994;0.000198452407;
2019;12;31;22;0;0.000156129938;0.000155735049;0.000096388840;0.000199298835;
2019;12;31;23;0;0.000138104350;0.000187282895;0.000083358966;0.000193342094;
2019;12;31;24;0;0.000113376850;0.000189165712;0.000075352886;0.000176111752;
