AŃO;MES;DIA;HORA;VERANO(1)/INVIERNO(0);COEF. PERFIL A;COEF. PERFIL B;COEF. PERFIL C;COEF. PERFIL D;
2019;07;01;1;1;0.000113626532;0.000139604596;0.000101838242;0.000158887790;
2019;07;01;2;1;0.000094789941;0.000127582762;0.000094407242;0.000160284915;
2019;07;01;3;1;0.000083044201;0.000118639327;0.000090419478;0.000153921506;
2019;07;01;4;1;0.000077093357;0.000114513547;0.000088280089;0.000148617443;
2019;07;01;5;1;0.000073794242;0.000112099515;0.000087755066;0.000143864016;
2019;07;01;6;1;0.000072717396;0.000110765898;0.000089512969;0.000140173627;
2019;07;01;7;1;0.000076573768;0.000100417731;0.000095963264;0.000124317523;
2019;07;01;8;1;0.000087083341;0.000065107740;0.000106756794;0.000059811178;
2019;07;01;9;1;0.000103745889;0.000072159851;0.000143063856;0.000062531659;
2019;07;01;10;1;0.000122012353;0.000079777280;0.000167449568;0.000069656978;
2019;07;01;11;1;0.000137172234;0.000085176360;0.000183813683;0.000073371925;
2019;07;01;12;1;0.000144443703;0.000087231791;0.000190421135;0.000075308388;
2019;07;01;13;1;0.000151982491;0.000088910510;0.000194414555;0.000075634305;
2019;07;01;14;1;0.000162450170;0.000091687453;0.000190504312;0.000075579870;
2019;07;01;15;1;0.000163727970;0.000092718472;0.000173321294;0.000075544397;
2019;07;01;16;1;0.000158717911;0.000088399787;0.000165022964;0.000072486858;
2019;07;01;17;1;0.000157429509;0.000086188194;0.000164030392;0.000071140479;
2019;07;01;18;1;0.000159988230;0.000085903947;0.000166106393;0.000074208839;
2019;07;01;19;1;0.000160054867;0.000085329911;0.000162441906;0.000073050988;
2019;07;01;20;1;0.000156203388;0.000084342151;0.000154854768;0.000072291644;
2019;07;01;21;1;0.000153752878;0.000085207610;0.000142571303;0.000073704621;
2019;07;01;22;1;0.000159119054;0.000105916726;0.000132445214;0.000095351977;
2019;07;01;23;1;0.000160089410;0.000153112431;0.000128394335;0.000194224504;
2019;07;01;24;1;0.000139995349;0.000152410360;0.000116061129;0.000174496835;
2019;07;02;1;1;0.000115680165;0.000144271557;0.000103750267;0.000163787376;
2019;07;02;2;1;0.000096217245;0.000132531535;0.000096332578;0.000169062254;
2019;07;02;3;1;0.000084970254;0.000123874290;0.000092194118;0.000162791518;
2019;07;02;4;1;0.000078961776;0.000119846880;0.000089848073;0.000156359756;
2019;07;02;5;1;0.000075755371;0.000117578442;0.000089072718;0.000151129262;
2019;07;02;6;1;0.000074578576;0.000116387999;0.000091111421;0.000147208306;
2019;07;02;7;1;0.000078758785;0.000105508564;0.000097185018;0.000129964856;
2019;07;02;8;1;0.000089777766;0.000068280386;0.000107787250;0.000060941974;
2019;07;02;9;1;0.000106452459;0.000074706662;0.000142968647;0.000063025160;
2019;07;02;10;1;0.000125711780;0.000082413434;0.000167269846;0.000070395523;
2019;07;02;11;1;0.000140580928;0.000087364828;0.000183536812;0.000073751323;
2019;07;02;12;1;0.000147938037;0.000088573535;0.000189884359;0.000075921232;
2019;07;02;13;1;0.000155752707;0.000090408426;0.000193772002;0.000076178540;
2019;07;02;14;1;0.000165618206;0.000093148271;0.000189566065;0.000075565042;
2019;07;02;15;1;0.000165765914;0.000093818047;0.000173176848;0.000075093467;
2019;07;02;16;1;0.000160624272;0.000089821529;0.000164776791;0.000072923533;
2019;07;02;17;1;0.000159849478;0.000087516809;0.000164122052;0.000071258272;
2019;07;02;18;1;0.000162789215;0.000087172732;0.000166158059;0.000073776461;
2019;07;02;19;1;0.000162842370;0.000086548390;0.000162595866;0.000073389875;
2019;07;02;20;1;0.000158832211;0.000085781594;0.000154936427;0.000072641520;
2019;07;02;21;1;0.000155374610;0.000086642814;0.000142896570;0.000073914511;
2019;07;02;22;1;0.000159489826;0.000108682825;0.000132656145;0.000095687863;
2019;07;02;23;1;0.000160172060;0.000158666390;0.000128619350;0.000202729219;
2019;07;02;24;1;0.000140496911;0.000158369092;0.000116115842;0.000182630843;
2019;07;03;1;1;0.000115583946;0.000144395824;0.000103654322;0.000164280619;
2019;07;03;2;1;0.000096130471;0.000132624593;0.000096236742;0.000169523065;
2019;07;03;3;1;0.000084864652;0.000123864973;0.000092070968;0.000163006768;
2019;07;03;4;1;0.000078857642;0.000119817127;0.000089721231;0.000156517726;
2019;07;03;5;1;0.000075656000;0.000117551289;0.000088947599;0.000151287170;
2019;07;03;6;1;0.000074478181;0.000116352343;0.000090980302;0.000147343274;
2019;07;03;7;1;0.000078653324;0.000105477964;0.000097045852;0.000130087871;
2019;07;03;8;1;0.000089649122;0.000068245800;0.000107622783;0.000060975440;
2019;07;03;9;1;0.000106312852;0.000074689597;0.000142767862;0.000063091608;
2019;07;03;10;1;0.000125486151;0.000082303260;0.000166954088;0.000070327689;
2019;07;03;11;1;0.000140293741;0.000087198431;0.000183144826;0.000073604223;
2019;07;03;12;1;0.000147652388;0.000088427534;0.000189500079;0.000075805114;
2019;07;03;13;1;0.000155493952;0.000090315169;0.000193432081;0.000076147320;
2019;07;03;14;1;0.000165340053;0.000093048218;0.000189230079;0.000075528025;
2019;07;03;15;1;0.000165394666;0.000093597280;0.000172772921;0.000074882891;
2019;07;03;16;1;0.000160247674;0.000089588569;0.000164375157;0.000072687182;
2019;07;03;17;1;0.000159406987;0.000087205142;0.000163652501;0.000070902482;
2019;07;03;18;1;0.000162339470;0.000086863454;0.000165683586;0.000073410059;
2019;07;03;19;1;0.000162392804;0.000086241645;0.000162131890;0.000073025714;
2019;07;03;20;1;0.000158426245;0.000085517757;0.000154526035;0.000072342818;
2019;07;03;21;1;0.000155014884;0.000086423936;0.000142552465;0.000073684015;
2019;07;03;22;1;0.000159135202;0.000108431074;0.000132348866;0.000095425899;
2019;07;03;23;1;0.000159792144;0.000158245431;0.000128302332;0.000202051845;
2019;07;03;24;1;0.000140133425;0.000157870857;0.000115804654;0.000181857047;
2019;07;04;1;1;0.000115344256;0.000144086559;0.000103439657;0.000163874192;
2019;07;04;2;1;0.000095915188;0.000132290330;0.000096021487;0.000168987495;
2019;07;04;3;1;0.000084712761;0.000123679829;0.000091906434;0.000162793807;
2019;07;04;4;1;0.000078718759;0.000119645851;0.000089563462;0.000156331692;
2019;07;04;5;1;0.000075535647;0.000117429064;0.000088806347;0.000151214280;
2019;07;04;6;1;0.000074350213;0.000116197424;0.000090824231;0.000147194205;
2019;07;04;7;1;0.000078487372;0.000105242750;0.000096841361;0.000129743378;
2019;07;04;8;1;0.000089463535;0.000068099887;0.000107400285;0.000060824288;
2019;07;04;9;1;0.000106085656;0.000074518490;0.000142463154;0.000062917744;
2019;07;04;10;1;0.000125269091;0.000082191512;0.000166665760;0.000070253207;
2019;07;04;11;1;0.000140036095;0.000087058738;0.000182808991;0.000073493634;
2019;07;04;12;1;0.000147340440;0.000088229941;0.000189100242;0.000075604117;
2019;07;04;13;1;0.000155172479;0.000090122770;0.000193032706;0.000075959940;
2019;07;04;14;1;0.000164977697;0.000092823763;0.000188815888;0.000075303940;
2019;07;04;15;1;0.000165040233;0.000093381884;0.000172403154;0.000074675732;
2019;07;04;16;1;0.000159935552;0.000089422291;0.000164055449;0.000072544583;
2019;07;04;17;1;0.000159145352;0.000087104391;0.000163384351;0.000070853448;
2019;07;04;18;1;0.000162112128;0.000086810931;0.000165452018;0.000073432560;
2019;07;04;19;1;0.000162233866;0.000086272707;0.000161973656;0.000073175952;
2019;07;04;20;1;0.000158287322;0.000085568362;0.000154390959;0.000072521788;
2019;07;04;21;1;0.000154858391;0.000086448868;0.000142408947;0.000073825799;
2019;07;04;22;1;0.000158932775;0.000108397239;0.000132180878;0.000095505543;
2019;07;04;23;1;0.000159613595;0.000158251565;0.000128159324;0.000202347505;
2019;07;04;24;1;0.000140048263;0.000158061188;0.000115734598;0.000182508571;
2019;07;05;1;1;0.000116612914;0.000147576390;0.000106943710;0.000165098768;
2019;07;05;2;1;0.000097694922;0.000135711259;0.000098665233;0.000172395890;
2019;07;05;3;1;0.000085977936;0.000126840066;0.000094332590;0.000166371454;
2019;07;05;4;1;0.000079851962;0.000122772166;0.000091644356;0.000159678726;
2019;07;05;5;1;0.000076509020;0.000120036788;0.000090972659;0.000152702365;
2019;07;05;6;1;0.000075466261;0.000119153887;0.000092932894;0.000148944949;
2019;07;05;7;1;0.000079755170;0.000108087520;0.000098848655;0.000132200399;
2019;07;05;8;1;0.000091164229;0.000070233583;0.000109603270;0.000062363704;
2019;07;05;9;1;0.000108428018;0.000076808160;0.000145094147;0.000063328153;
2019;07;05;10;1;0.000128035685;0.000085077643;0.000169067146;0.000070056025;
2019;07;05;11;1;0.000143298993;0.000090187601;0.000185156365;0.000074028743;
2019;07;05;12;1;0.000150485915;0.000091610794;0.000191695156;0.000075650475;
2019;07;05;13;1;0.000157862238;0.000092880814;0.000195837126;0.000077277246;
2019;07;05;14;1;0.000166954653;0.000095405850;0.000191615446;0.000076013263;
2019;07;05;15;1;0.000166574718;0.000095596235;0.000173348064;0.000076940086;
2019;07;05;16;1;0.000160910969;0.000091003399;0.000161211907;0.000074963243;
2019;07;05;17;1;0.000159711601;0.000088211207;0.000158227101;0.000073034256;
2019;07;05;18;1;0.000162014355;0.000087945261;0.000158858870;0.000073481816;
2019;07;05;19;1;0.000161539079;0.000087800521;0.000156426793;0.000073122226;
2019;07;05;20;1;0.000157006335;0.000086953081;0.000151846318;0.000072776301;
2019;07;05;21;1;0.000151586002;0.000087111251;0.000143460719;0.000073625416;
2019;07;05;22;1;0.000152761094;0.000108090793;0.000136170365;0.000094507693;
2019;07;05;23;1;0.000152159788;0.000158461826;0.000134132016;0.000200748943;
2019;07;05;24;1;0.000136001727;0.000159348508;0.000123020421;0.000182103729;
2019;07;06;1;1;0.000115014576;0.000141892557;0.000113164366;0.000159440068;
2019;07;06;2;1;0.000098972273;0.000131930274;0.000103334596;0.000165217540;
2019;07;06;3;1;0.000086940044;0.000123140586;0.000097279923;0.000159231712;
2019;07;06;4;1;0.000079801919;0.000118302983;0.000094153249;0.000152517320;
2019;07;06;5;1;0.000075880519;0.000115333194;0.000092565203;0.000146295859;
2019;07;06;6;1;0.000074006639;0.000114091582;0.000093234370;0.000141446667;
2019;07;06;7;1;0.000074750872;0.000101015954;0.000093033860;0.000123374967;
2019;07;06;8;1;0.000078994795;0.000061347990;0.000088437163;0.000056123722;
2019;07;06;9;1;0.000092069882;0.000065049934;0.000100262970;0.000056910743;
2019;07;06;10;1;0.000111830458;0.000075310272;0.000117013134;0.000065410187;
2019;07;06;11;1;0.000129389018;0.000083065963;0.000133847979;0.000072493988;
2019;07;06;12;1;0.000137548829;0.000085973847;0.000140083988;0.000074937845;
2019;07;06;13;1;0.000143450286;0.000086965023;0.000143839701;0.000073811384;
2019;07;06;14;1;0.000152123015;0.000088109943;0.000142106632;0.000072702142;
2019;07;06;15;1;0.000153483439;0.000088808312;0.000133605556;0.000073642578;
2019;07;06;16;1;0.000145860813;0.000084349681;0.000129363374;0.000070347437;
2019;07;06;17;1;0.000139897677;0.000080740326;0.000126044505;0.000066454834;
2019;07;06;18;1;0.000138025983;0.000079204617;0.000126091926;0.000066007052;
2019;07;06;19;1;0.000137367377;0.000078788822;0.000127249350;0.000066219003;
2019;07;06;20;1;0.000135904452;0.000078745834;0.000130119002;0.000067076307;
2019;07;06;21;1;0.000136476746;0.000080181801;0.000131785480;0.000069576470;
2019;07;06;22;1;0.000142456888;0.000099919999;0.000131540692;0.000088962313;
2019;07;06;23;1;0.000144198073;0.000148160469;0.000133677876;0.000188392241;
2019;07;06;24;1;0.000130292753;0.000150038236;0.000124012807;0.000171256137;
2019;07;07;1;1;0.000113465033;0.000140368532;0.000112932006;0.000158233033;
2019;07;07;2;1;0.000098554849;0.000130664724;0.000102294200;0.000160117800;
2019;07;07;3;1;0.000087339948;0.000122330601;0.000096249121;0.000153201851;
2019;07;07;4;1;0.000080067726;0.000117537172;0.000092880421;0.000147116244;
2019;07;07;5;1;0.000075882361;0.000114758813;0.000091394161;0.000143270811;
2019;07;07;6;1;0.000073737122;0.000113265140;0.000091634417;0.000139453255;
2019;07;07;7;1;0.000073361707;0.000099983505;0.000089681488;0.000123998396;
2019;07;07;8;1;0.000075311486;0.000058334866;0.000080658592;0.000055920412;
2019;07;07;9;1;0.000084916979;0.000060257663;0.000086100090;0.000054632118;
2019;07;07;10;1;0.000100520085;0.000068813653;0.000094794483;0.000060395649;
2019;07;07;11;1;0.000115619017;0.000077058836;0.000103576672;0.000065158333;
2019;07;07;12;1;0.000125301295;0.000081534277;0.000109414819;0.000069295260;
2019;07;07;13;1;0.000132034494;0.000082847012;0.000113817404;0.000070678645;
2019;07;07;14;1;0.000141041733;0.000083670573;0.000116491311;0.000070017921;
2019;07;07;15;1;0.000146175675;0.000084966377;0.000115570247;0.000070021393;
2019;07;07;16;1;0.000140496138;0.000081156957;0.000113230503;0.000067320139;
2019;07;07;17;1;0.000135650851;0.000078186941;0.000109351264;0.000065308759;
2019;07;07;18;1;0.000133927428;0.000076814731;0.000106458471;0.000064562466;
2019;07;07;19;1;0.000134849579;0.000076762351;0.000106393839;0.000064733319;
2019;07;07;20;1;0.000136398154;0.000077453428;0.000108899451;0.000066088750;
2019;07;07;21;1;0.000139974331;0.000080249439;0.000110981558;0.000069481795;
2019;07;07;22;1;0.000150470072;0.000102053694;0.000116973521;0.000091187710;
2019;07;07;23;1;0.000154579949;0.000151586623;0.000122309611;0.000190922206;
2019;07;07;24;1;0.000138056608;0.000153045421;0.000113028202;0.000173378481;
2019;07;08;1;1;0.000109828099;0.000136210743;0.000098317187;0.000156476178;
2019;07;08;2;1;0.000091666597;0.000124621663;0.000091188275;0.000158173423;
2019;07;08;3;1;0.000080392035;0.000116162983;0.000087428000;0.000152551020;
2019;07;08;4;1;0.000074603572;0.000112029013;0.000085327744;0.000147072047;
2019;07;08;5;1;0.000071397309;0.000109619923;0.000084804012;0.000142258599;
2019;07;08;6;1;0.000070385913;0.000108424537;0.000086540267;0.000138866662;
2019;07;08;7;1;0.000074167227;0.000098442546;0.000092837164;0.000123493742;
2019;07;08;8;1;0.000084358127;0.000063846961;0.000103293313;0.000059447809;
2019;07;08;9;1;0.000100531469;0.000070814475;0.000138466876;0.000062234673;
2019;07;08;10;1;0.000118302255;0.000078396187;0.000162165359;0.000069496606;
2019;07;08;11;1;0.000132833847;0.000083460825;0.000177789132;0.000072820333;
2019;07;08;12;1;0.000139852974;0.000085443805;0.000184150574;0.000074693449;
2019;07;08;13;1;0.000146999114;0.000086880827;0.000187816944;0.000074692501;
2019;07;08;14;1;0.000156957950;0.000089378558;0.000183845410;0.000074312949;
2019;07;08;15;1;0.000158001811;0.000090134892;0.000167061335;0.000073908391;
2019;07;08;16;1;0.000153003380;0.000085726567;0.000158892831;0.000070602601;
2019;07;08;17;1;0.000151673773;0.000083471251;0.000157845973;0.000069124302;
2019;07;08;18;1;0.000154097673;0.000083145412;0.000159800904;0.000072027117;
2019;07;08;19;1;0.000154201849;0.000082638656;0.000156316063;0.000070979035;
2019;07;08;20;1;0.000150554487;0.000081760878;0.000149077695;0.000070364841;
2019;07;08;21;1;0.000148273570;0.000082702943;0.000137327477;0.000071902295;
2019;07;08;22;1;0.000153552199;0.000102962273;0.000127660034;0.000093281408;
2019;07;08;23;1;0.000154539188;0.000148953427;0.000123796031;0.000190267702;
2019;07;08;24;1;0.000135053528;0.000148048610;0.000111831449;0.000170476904;
2019;07;09;1;1;0.000109293258;0.000138535159;0.000097855165;0.000159776267;
2019;07;09;2;1;0.000090934556;0.000127356666;0.000090888571;0.000165144147;
2019;07;09;3;1;0.000080356034;0.000119210166;0.000087039192;0.000159437026;
2019;07;09;4;1;0.000074676243;0.000115343065;0.000084827052;0.000153159300;
2019;07;09;5;1;0.000071661097;0.000113222408;0.000084115259;0.000148185194;
2019;07;09;6;1;0.000070569367;0.000112155335;0.000086066674;0.000144530141;
2019;07;09;7;1;0.000074507322;0.000101616805;0.000091782383;0.000127475637;
2019;07;09;8;1;0.000084902502;0.000065710225;0.000101760479;0.000059689073;
2019;07;09;9;1;0.000100584601;0.000071752278;0.000134857985;0.000061507572;
2019;07;09;10;1;0.000118757927;0.000079116956;0.000157748178;0.000068641355;
2019;07;09;11;1;0.000132784240;0.000083840880;0.000173062660;0.000071867669;
2019;07;09;12;1;0.000139714954;0.000084975301;0.000179024427;0.000073941896;
2019;07;09;13;1;0.000147092587;0.000086732050;0.000182686421;0.000074186879;
2019;07;09;14;1;0.000156351046;0.000089284096;0.000178654257;0.000073475433;
2019;07;09;15;1;0.000156365865;0.000089762633;0.000163078463;0.000072776844;
2019;07;09;16;1;0.000151374192;0.000085755056;0.000155023224;0.000070399347;
2019;07;09;17;1;0.000150583981;0.000083478465;0.000154345706;0.000068677781;
2019;07;09;18;1;0.000153370843;0.000083172232;0.000156278289;0.000071139385;
2019;07;09;19;1;0.000153506910;0.000082682347;0.000153013615;0.000070931006;
2019;07;09;20;1;0.000149768552;0.000082002410;0.000145846377;0.000070289819;
2019;07;09;21;1;0.000146603850;0.000082949233;0.000134600660;0.000071715009;
2019;07;09;22;1;0.000150528674;0.000104115950;0.000124989544;0.000092947711;
2019;07;09;23;1;0.000151242232;0.000152159080;0.000121241887;0.000197298553;
2019;07;09;24;1;0.000132670310;0.000151890481;0.000109460771;0.000177773585;
2019;07;10;1;1;0.000111594675;0.000140551982;0.000099988339;0.000161091197;
2019;07;10;2;1;0.000092850008;0.000129212727;0.000092870497;0.000166507891;
2019;07;10;3;1;0.000082018579;0.000120846270;0.000088904573;0.000160510181;
2019;07;10;4;1;0.000076213922;0.000116900218;0.000086636665;0.000154128032;
2019;07;10;5;1;0.000073099097;0.000114615943;0.000085865528;0.000148803930;
2019;07;10;6;1;0.000071973769;0.000113492621;0.000087843280;0.000145030464;
2019;07;10;7;1;0.000076021771;0.000102926647;0.000093716025;0.000128139133;
2019;07;10;8;1;0.000086633513;0.000066566595;0.000103910655;0.000060015317;
2019;07;10;9;1;0.000102668829;0.000072741610;0.000137752432;0.000061927390;
2019;07;10;10;1;0.000121162916;0.000080123417;0.000161059728;0.000068978012;
2019;07;10;11;1;0.000135493673;0.000084936817;0.000176722301;0.000072265820;
2019;07;10;12;1;0.000142618716;0.000086159147;0.000182877984;0.000074466064;
2019;07;10;13;1;0.000150214529;0.000088027367;0.000186699401;0.000074847165;
2019;07;10;14;1;0.000159772797;0.000090751613;0.000182696791;0.000074328362;
2019;07;10;15;1;0.000159861260;0.000091333670;0.000166845075;0.000073761482;
2019;07;10;16;1;0.000154884404;0.000087419263;0.000158733326;0.000071594761;
2019;07;10;17;1;0.000154083953;0.000085108832;0.000158047885;0.000069859639;
2019;07;10;18;1;0.000156936790;0.000084797905;0.000160028048;0.000072365151;
2019;07;10;19;1;0.000157076372;0.000084298796;0.000156685392;0.000072153548;
2019;07;10;20;1;0.000153234085;0.000083584150;0.000149329598;0.000071467629;
2019;07;10;21;1;0.000149907806;0.000084435475;0.000137734127;0.000072739025;
2019;07;10;22;1;0.000153880879;0.000105918122;0.000127865861;0.000094172695;
2019;07;10;23;1;0.000154567317;0.000154694255;0.000123997457;0.000199667505;
2019;07;10;24;1;0.000135617344;0.000154499963;0.000111973562;0.000180074514;
2019;07;11;1;1;0.000116642308;0.000144980583;0.000104646378;0.000163978451;
2019;07;11;2;1;0.000097024300;0.000133204080;0.000097171421;0.000169308049;
2019;07;11;3;1;0.000085696922;0.000124549073;0.000093012067;0.000163137215;
2019;07;11;4;1;0.000079647699;0.000120536488;0.000090657317;0.000156778322;
2019;07;11;5;1;0.000076385172;0.000118154692;0.000089841731;0.000151299817;
2019;07;11;6;1;0.000075197546;0.000116954087;0.000091896755;0.000147362521;
2019;07;11;7;1;0.000079390908;0.000105955682;0.000097996115;0.000129953047;
2019;07;11;8;1;0.000090462839;0.000068508169;0.000108644210;0.000060837011;
2019;07;11;9;1;0.000107267263;0.000074959957;0.000144108661;0.000062923022;
2019;07;11;10;1;0.000126735033;0.000082784587;0.000168684872;0.000070424224;
2019;07;11;11;1;0.000141797441;0.000087860858;0.000185183781;0.000073938474;
2019;07;11;12;1;0.000149325599;0.000089223185;0.000191726163;0.000076341703;
2019;07;11;13;1;0.000157358335;0.000091263334;0.000195831679;0.000076893087;
2019;07;11;14;1;0.000167295157;0.000093989722;0.000191546252;0.000076215233;
2019;07;11;15;1;0.000167342619;0.000094534310;0.000174879512;0.000075549778;
2019;07;11;16;1;0.000162176595;0.000090538585;0.000166422031;0.000073412688;
2019;07;11;17;1;0.000161354009;0.000088165178;0.000165719361;0.000071662272;
2019;07;11;18;1;0.000164377379;0.000087886786;0.000167832324;0.000074298943;
2019;07;11;19;1;0.000164478927;0.000087315361;0.000164282053;0.000073998627;
2019;07;11;20;1;0.000160468689;0.000086591169;0.000156582431;0.000073319414;
2019;07;11;21;1;0.000156932761;0.000087406324;0.000144375381;0.000074520916;
2019;07;11;22;1;0.000161023099;0.000109537812;0.000133973944;0.000096309415;
2019;07;11;23;1;0.000161748714;0.000159997148;0.000129926625;0.000204234793;
2019;07;11;24;1;0.000141932135;0.000159831812;0.000117339223;0.000184268062;
2019;07;12;1;1;0.000119413205;0.000150181980;0.000109586360;0.000166987672;
2019;07;12;2;1;0.000100020548;0.000138043136;0.000101082723;0.000174221561;
2019;07;12;3;1;0.000087993738;0.000128915824;0.000096609995;0.000167887846;
2019;07;12;4;1;0.000081710308;0.000124732966;0.000093840978;0.000161020471;
2019;07;12;5;1;0.000078295140;0.000121973518;0.000093159812;0.000154029631;
2019;07;12;6;1;0.000077193107;0.000120950065;0.000095124129;0.000149951753;
2019;07;12;7;1;0.000081593346;0.000109757546;0.000101195736;0.000133183817;
2019;07;12;8;1;0.000093266954;0.000071321628;0.000112207629;0.000062832465;
2019;07;12;9;1;0.000110933861;0.000078006056;0.000148548424;0.000063816207;
2019;07;12;10;1;0.000130987158;0.000086393414;0.000173082220;0.000070580013;
2019;07;12;11;1;0.000146727986;0.000091762488;0.000189716022;0.000074849648;
2019;07;12;12;1;0.000154129004;0.000093268861;0.000196469529;0.000076576308;
2019;07;12;13;1;0.000161769764;0.000094676697;0.000200821252;0.000078395249;
2019;07;12;14;1;0.000171194693;0.000097389577;0.000196615535;0.000077311573;
2019;07;12;15;1;0.000170850260;0.000097642646;0.000177918497;0.000078339086;
2019;07;12;16;1;0.000165072495;0.000092992097;0.000165493800;0.000076387239;
2019;07;12;17;1;0.000163823111;0.000090115114;0.000162410881;0.000074386286;
2019;07;12;18;1;0.000166084108;0.000089718732;0.000162960219;0.000074654196;
2019;07;12;19;1;0.000165409262;0.000089339654;0.000160283533;0.000073942187;
2019;07;12;20;1;0.000160802129;0.000088520353;0.000155623232;0.000073657121;
2019;07;12;21;1;0.000155280932;0.000088720717;0.000147057636;0.000074576308;
2019;07;12;22;1;0.000156482644;0.000110084638;0.000139582690;0.000095723211;
2019;07;12;23;1;0.000155818300;0.000161270559;0.000137450577;0.000203070832;
2019;07;12;24;1;0.000139196017;0.000161971752;0.000125995531;0.000183796694;
2019;07;13;1;1;0.000115637000;0.000142643564;0.000113789317;0.000160346546;
2019;07;13;2;1;0.000099459693;0.000132482171;0.000103854943;0.000165825852;
2019;07;13;3;1;0.000087361349;0.000123633622;0.000097762106;0.000159766568;
2019;07;13;4;1;0.000080165792;0.000118699436;0.000094592984;0.000152849697;
2019;07;13;5;1;0.000076232086;0.000115739021;0.000093004321;0.000146659016;
2019;07;13;6;1;0.000074333765;0.000114437552;0.000093656808;0.000141673156;
2019;07;13;7;1;0.000075105351;0.000101396568;0.000093485341;0.000123736973;
2019;07;13;8;1;0.000079335218;0.000061518345;0.000088828064;0.000056187248;
2019;07;13;9;1;0.000092521734;0.000065319830;0.000100766135;0.000057117491;
2019;07;13;10;1;0.000112424450;0.000075692468;0.000117647617;0.000065758140;
2019;07;13;11;1;0.000130084331;0.000083499092;0.000134582084;0.000072897352;
2019;07;13;12;1;0.000138268981;0.000086394784;0.000140832932;0.000075311118;
2019;07;13;13;1;0.000144209453;0.000087401971;0.000144616864;0.000074196028;
2019;07;13;14;1;0.000152839607;0.000088435533;0.000142791775;0.000072905797;
2019;07;13;15;1;0.000154241631;0.000089182848;0.000134280351;0.000073918208;
2019;07;13;16;1;0.000146614381;0.000084748961;0.000130046041;0.000070676351;
2019;07;13;17;1;0.000140579785;0.000081069085;0.000126673027;0.000066686198;
2019;07;13;18;1;0.000138662005;0.000079478769;0.000126686916;0.000066164050;
2019;07;13;19;1;0.000138024949;0.000079093713;0.000127872579;0.000066425434;
2019;07;13;20;1;0.000136467502;0.000078934836;0.000130672481;0.000067107064;
2019;07;13;21;1;0.000136975307;0.000080284484;0.000132281480;0.000069467156;
2019;07;13;22;1;0.000142883600;0.000099897936;0.000131949246;0.000088580745;
2019;07;13;23;1;0.000144704401;0.000148303064;0.000134162047;0.000187990383;
2019;07;13;24;1;0.000130734005;0.000150140033;0.000124446503;0.000170803134;
2019;07;14;1;1;0.000110934156;0.000138175125;0.000110334094;0.000156851448;
2019;07;14;2;1;0.000096325283;0.000128527936;0.000099908574;0.000158508481;
2019;07;14;3;1;0.000085427363;0.000120533850;0.000094074148;0.000152127130;
2019;07;14;4;1;0.000078314008;0.000115809756;0.000090781130;0.000146082489;
2019;07;14;5;1;0.000074212527;0.000113045241;0.000089319090;0.000142202956;
2019;07;14;6;1;0.000072098734;0.000111518254;0.000089534318;0.000138289186;
2019;07;14;7;1;0.000071721982;0.000098410992;0.000087614324;0.000122893990;
2019;07;14;8;1;0.000073606401;0.000057378764;0.000078776096;0.000055355266;
2019;07;14;9;1;0.000082996595;0.000059273665;0.000084092797;0.000054086152;
2019;07;14;10;1;0.000098269650;0.000067725868;0.000092605989;0.000059849625;
2019;07;14;11;1;0.000113007603;0.000075805326;0.000101164885;0.000064514204;
2019;07;14;12;1;0.000122392665;0.000080090394;0.000106798568;0.000068427905;
2019;07;14;13;1;0.000128928319;0.000081320403;0.000111060351;0.000069701541;
2019;07;14;14;1;0.000137694333;0.000082088898;0.000113645283;0.000068989345;
2019;07;14;15;1;0.000142668726;0.000083310235;0.000112716934;0.000068918592;
2019;07;14;16;1;0.000137067404;0.000079498080;0.000110388210;0.000066143703;
2019;07;14;17;1;0.000132365096;0.000076621229;0.000106626269;0.000064216193;
2019;07;14;18;1;0.000130727539;0.000075334505;0.000103840611;0.000063570864;
2019;07;14;19;1;0.000131679141;0.000075350407;0.000103818158;0.000063842264;
2019;07;14;20;1;0.000133209470;0.000076052447;0.000106277602;0.000065215768;
2019;07;14;21;1;0.000136668358;0.000078753306;0.000108282892;0.000068493244;
2019;07;14;22;1;0.000146951251;0.000100205701;0.000114156375;0.000089979343;
2019;07;14;23;1;0.000151070083;0.000149078880;0.000119447027;0.000188937770;
2019;07;14;24;1;0.000134955136;0.000150598060;0.000110410020;0.000171750462;
2019;07;15;1;1;0.000111954203;0.000137698307;0.000100305184;0.000156743659;
2019;07;15;2;1;0.000093447988;0.000126003542;0.000093038960;0.000158490490;
2019;07;15;3;1;0.000081892645;0.000117248907;0.000089135235;0.000152379568;
2019;07;15;4;1;0.000076008370;0.000113116905;0.000087007975;0.000146998999;
2019;07;15;5;1;0.000072744929;0.000110694221;0.000086477730;0.000142206337;
2019;07;15;6;1;0.000071728818;0.000109535196;0.000088265940;0.000138919113;
2019;07;15;7;1;0.000075580998;0.000099447788;0.000094686802;0.000123535506;
2019;07;15;8;1;0.000085943413;0.000064460131;0.000105323401;0.000059403566;
2019;07;15;9;1;0.000102448886;0.000071539840;0.000141227121;0.000062260420;
2019;07;15;10;1;0.000120584700;0.000079238916;0.000165433810;0.000069589750;
2019;07;15;11;1;0.000135543835;0.000084567980;0.000181569638;0.000073247785;
2019;07;15;12;1;0.000142748892;0.000086636447;0.000188122662;0.000075224820;
2019;07;15;13;1;0.000150158476;0.000088248711;0.000192015771;0.000075464548;
2019;07;15;14;1;0.000160488693;0.000090989416;0.000188139903;0.000075386347;
2019;07;15;15;1;0.000161713957;0.000091964368;0.000171130880;0.000075279467;
2019;07;15;16;1;0.000156721759;0.000087624963;0.000162891932;0.000072149495;
2019;07;15;17;1;0.000155471532;0.000085460328;0.000161935062;0.000070850750;
2019;07;15;18;1;0.000157970501;0.000085144110;0.000163955558;0.000073852657;
2019;07;15;19;1;0.000158076501;0.000084624262;0.000160379310;0.000072776728;
2019;07;15;20;1;0.000154297669;0.000083675629;0.000152913325;0.000072068385;
2019;07;15;21;1;0.000151764734;0.000084391617;0.000140679742;0.000073252895;
2019;07;15;22;1;0.000157200249;0.000105114100;0.000130803433;0.000095113962;
2019;07;15;23;1;0.000158310584;0.000152284032;0.000126924378;0.000194502564;
2019;07;15;24;1;0.000138378058;0.000151432359;0.000114681206;0.000174429470;
2019;07;16;1;1;0.000115023413;0.000143932715;0.000103137632;0.000164041663;
2019;07;16;2;1;0.000095678416;0.000132243803;0.000095771176;0.000169379626;
2019;07;16;3;1;0.000084458516;0.000123485900;0.000091617899;0.000162813371;
2019;07;16;4;1;0.000078479992;0.000119449568;0.000089279426;0.000156330087;
2019;07;16;5;1;0.000075271956;0.000117113425;0.000088484064;0.000150925377;
2019;07;16;6;1;0.000074094919;0.000115900269;0.000090499826;0.000146947682;
2019;07;16;7;1;0.000078251993;0.000105078660;0.000096537557;0.000129762261;
2019;07;16;8;1;0.000089113526;0.000067850953;0.000106965274;0.000060600754;
2019;07;16;9;1;0.000105672022;0.000074248393;0.000141888014;0.000062690130;
2019;07;16;10;1;0.000124786902;0.000081903101;0.000166001216;0.000070014070;
2019;07;16;11;1;0.000139586691;0.000086880896;0.000182197064;0.000073439346;
2019;07;16;12;1;0.000146913882;0.000088113249;0.000188526653;0.000075647346;
2019;07;16;13;1;0.000154731047;0.000090013887;0.000192456892;0.000076019024;
2019;07;16;14;1;0.000164547116;0.000092761286;0.000188296988;0.000075435185;
2019;07;16;15;1;0.000164668685;0.000093395633;0.000171991188;0.000074916959;
2019;07;16;16;1;0.000159562880;0.000089419471;0.000163650492;0.000072755716;
2019;07;16;17;1;0.000158717161;0.000087029813;0.000162922170;0.000070953647;
2019;07;16;18;1;0.000161608629;0.000086654058;0.000164915286;0.000073409585;
2019;07;16;19;1;0.000161647682;0.000086016724;0.000161366043;0.000072999173;
2019;07;16;20;1;0.000157624635;0.000085202423;0.000153723276;0.000072174760;
2019;07;16;21;1;0.000154187638;0.000086050546;0.000141772465;0.000073428234;
2019;07;16;22;1;0.000158215490;0.000107852858;0.000131566090;0.000094919736;
2019;07;16;23;1;0.000158858611;0.000157379439;0.000127535442;0.000200930755;
2019;07;16;24;1;0.000139425869;0.000157292589;0.000115204287;0.000181442650;
2019;07;17;1;1;0.000113469019;0.000142502962;0.000101697828;0.000162989966;
2019;07;17;2;1;0.000094385600;0.000130930646;0.000094434364;0.000168294805;
2019;07;17;3;1;0.000083331438;0.000122307021;0.000090354384;0.000161883770;
2019;07;17;4;1;0.000077454650;0.000118385853;0.000088073126;0.000155619834;
2019;07;17;5;1;0.000074282712;0.000116049859;0.000087281678;0.000150191603;
2019;07;17;6;1;0.000073135387;0.000114899201;0.000089287437;0.000146353217;
2019;07;17;7;1;0.000077250997;0.000104209282;0.000095259537;0.000129323545;
2019;07;17;8;1;0.000088028936;0.000067386637;0.000105615608;0.000060554457;
2019;07;17;9;1;0.000104370254;0.000073714915;0.000140076701;0.000062602887;
2019;07;17;10;1;0.000123224740;0.000081276784;0.000163848946;0.000069857067;
2019;07;17;11;1;0.000137771812;0.000086119934;0.000179746817;0.000073125537;
2019;07;17;12;1;0.000144993835;0.000087327866;0.000185978583;0.000075302813;
2019;07;17;13;1;0.000152695926;0.000089194272;0.000189839652;0.000075646097;
2019;07;17;14;1;0.000162371811;0.000091902241;0.000185723650;0.000075043609;
2019;07;17;15;1;0.000162417804;0.000092434630;0.000169563468;0.000074388214;
2019;07;17;16;1;0.000157326171;0.000088427912;0.000161283485;0.000072136527;
2019;07;17;17;1;0.000156488565;0.000086059982;0.000160561857;0.000070342584;
2019;07;17;18;1;0.000159347474;0.000085698330;0.000162534299;0.000072792708;
2019;07;17;19;1;0.000159405830;0.000085092188;0.000159056106;0.000072422891;
2019;07;17;20;1;0.000155412818;0.000084254717;0.000151497633;0.000071555842;
2019;07;17;21;1;0.000152010229;0.000085075675;0.000139707147;0.000072770965;
2019;07;17;22;1;0.000156010956;0.000106677526;0.000129674190;0.000094144607;
2019;07;17;23;1;0.000156658059;0.000155694086;0.000125711887;0.000199359835;
2019;07;17;24;1;0.000137429493;0.000155439912;0.000113503355;0.000179671039;
2019;07;18;1;1;0.000114275124;0.000142866823;0.000102461053;0.000162528844;
2019;07;18;2;1;0.000095079594;0.000131338852;0.000095166560;0.000167989374;
2019;07;18;3;1;0.000083970221;0.000122774937;0.000091083221;0.000161795027;
2019;07;18;4;1;0.000078034710;0.000118791082;0.000088768007;0.000155421080;
2019;07;18;5;1;0.000074856504;0.000116508917;0.000087990869;0.000150142891;
2019;07;18;6;1;0.000073712308;0.000115396033;0.000090027571;0.000146401121;
2019;07;18;7;1;0.000077847286;0.000104619576;0.000096033019;0.000129275316;
2019;07;18;8;1;0.000088698440;0.000067634585;0.000106461203;0.000060503771;
2019;07;18;9;1;0.000105155528;0.000073972453;0.000141186772;0.000062529488;
2019;07;18;10;1;0.000124181684;0.000081605851;0.000165187058;0.000069845902;
2019;07;18;11;1;0.000138893532;0.000086542574;0.000181282380;0.000073227690;
2019;07;18;12;1;0.000146188725;0.000087776147;0.000187585822;0.000075438702;
2019;07;18;13;1;0.000153997881;0.000089710296;0.000191534476;0.000075872025;
2019;07;18;14;1;0.000163785257;0.000092471435;0.000187414900;0.000075323304;
2019;07;18;15;1;0.000163898656;0.000093093942;0.000171177540;0.000074791532;
2019;07;18;16;1;0.000158831077;0.000089149004;0.000162891018;0.000072660995;
2019;07;18;17;1;0.000158033520;0.000086822130;0.000162211530;0.000070943437;
2019;07;18;18;1;0.000160916231;0.000086451790;0.000164199725;0.000073405924;
2019;07;18;19;1;0.000160998605;0.000085868940;0.000160709293;0.000073077235;
2019;07;18;20;1;0.000157055179;0.000085134523;0.000153159524;0.000072372539;
2019;07;18;21;1;0.000153619628;0.000085968016;0.000141242453;0.000073607970;
2019;07;18;22;1;0.000157675748;0.000107816663;0.000131110079;0.000095259469;
2019;07;18;23;1;0.000158384057;0.000157478331;0.000127147493;0.000201997875;
2019;07;18;24;1;0.000138994724;0.000157354240;0.000114841751;0.000182330275;
2019;07;19;1;1;0.000117462368;0.000148195009;0.000107756689;0.000165227933;
2019;07;19;2;1;0.000098383412;0.000136206751;0.000099391883;0.000172362093;
2019;07;19;3;1;0.000086609480;0.000127388934;0.000095055458;0.000166540707;
2019;07;19;4;1;0.000080422521;0.000123247257;0.000092328270;0.000159708664;
2019;07;19;5;1;0.000077048441;0.000120474975;0.000091642935;0.000152669199;
2019;07;19;6;1;0.000075989611;0.000119556552;0.000093606872;0.000148836587;
2019;07;19;7;1;0.000080334376;0.000108533743;0.000099597912;0.000132284079;
2019;07;19;8;1;0.000091795718;0.000070469676;0.000110397275;0.000062316375;
2019;07;19;9;1;0.000109182254;0.000077071537;0.000146149493;0.000063287986;
2019;07;19;10;1;0.000128946634;0.000085400573;0.000170323702;0.000070058924;
2019;07;19;11;1;0.000144367697;0.000090600775;0.000186596039;0.000074137604;
2019;07;19;12;1;0.000151675045;0.000092123392;0.000193270826;0.000075900733;
2019;07;19;13;1;0.000159148109;0.000093452224;0.000197494560;0.000077610920;
2019;07;19;14;1;0.000168418922;0.000096128638;0.000193356934;0.000076536950;
2019;07;19;15;1;0.000168127892;0.000096441004;0.000175019549;0.000077645225;
2019;07;19;16;1;0.000162455634;0.000091864956;0.000162810769;0.000075736240;
2019;07;19;17;1;0.000161234636;0.000089033632;0.000159786334;0.000073768452;
2019;07;19;18;1;0.000163512003;0.000088706442;0.000160377891;0.000074131379;
2019;07;19;19;1;0.000163014407;0.000088538277;0.000157905192;0.000073735323;
2019;07;19;20;1;0.000158416999;0.000087654275;0.000153258917;0.000073341816;
2019;07;19;21;1;0.000152972255;0.000087845537;0.000144818304;0.000074246124;
2019;07;19;22;1;0.000154164101;0.000109011644;0.000137464317;0.000095319889;
2019;07;19;23;1;0.000153545583;0.000159783398;0.000135396292;0.000202407010;
2019;07;19;24;1;0.000137223715;0.000160633488;0.000124164900;0.000183518355;
2019;07;20;1;1;0.000116810809;0.000143615824;0.000114983462;0.000160858403;
2019;07;20;2;1;0.000100463749;0.000133368322;0.000104939047;0.000166316992;
2019;07;20;3;1;0.000088201734;0.000124326697;0.000098736111;0.000159927386;
2019;07;20;4;1;0.000080930361;0.000119342393;0.000095527627;0.000152950652;
2019;07;20;5;1;0.000076980776;0.000116440663;0.000093949675;0.000146926469;
2019;07;20;6;1;0.000075068505;0.000115147599;0.000094614710;0.000141967406;
2019;07;20;7;1;0.000075849956;0.000102032562;0.000094444278;0.000124009019;
2019;07;20;8;1;0.000080107912;0.000061879320;0.000089723719;0.000056268693;
2019;07;20;9;1;0.000093382077;0.000065637071;0.000101737729;0.000057094964;
2019;07;20;10;1;0.000113487682;0.000076087791;0.000118800636;0.000065776535;
2019;07;20;11;1;0.000131375750;0.000084025291;0.000135964379;0.000073061310;
2019;07;20;12;1;0.000139629589;0.000086922179;0.000142267137;0.000075453941;
2019;07;20;13;1;0.000145624760;0.000087930435;0.000146085835;0.000074329186;
2019;07;20;14;1;0.000154396426;0.000089045270;0.000144295304;0.000073148625;
2019;07;20;15;1;0.000155879892;0.000089886102;0.000135752747;0.000074296455;
2019;07;20;16;1;0.000148180828;0.000085429339;0.000131480169;0.000071056158;
2019;07;20;17;1;0.000142137069;0.000081792514;0.000128119815;0.000067152251;
2019;07;20;18;1;0.000140232337;0.000080232818;0.000128165204;0.000066693892;
2019;07;20;19;1;0.000139554100;0.000079799835;0.000129333224;0.000066890369;
2019;07;20;20;1;0.000138050664;0.000079733579;0.000132233372;0.000067721439;
2019;07;20;21;1;0.000138623331;0.000081176037;0.000133918559;0.000070227759;
2019;07;20;22;1;0.000144669188;0.000101113701;0.000133643626;0.000089722234;
2019;07;20;23;1;0.000146528262;0.000150142399;0.000135899235;0.000190485985;
2019;07;20;24;1;0.000132341093;0.000151895739;0.000126019144;0.000172852086;
2019;07;21;1;1;0.000115755155;0.000142447519;0.000115276792;0.000159702059;
2019;07;21;2;1;0.000100519454;0.000132526063;0.000104392592;0.000161441538;
2019;07;21;3;1;0.000089122410;0.000124204944;0.000098269175;0.000154765239;
2019;07;21;4;1;0.000081681360;0.000119269998;0.000094806080;0.000148464139;
2019;07;21;5;1;0.000077382878;0.000116351736;0.000093254337;0.000144360739;
2019;07;21;6;1;0.000075204925;0.000114871224;0.000093511553;0.000140589341;
2019;07;21;7;1;0.000074816977;0.000101385619;0.000091512428;0.000124973749;
2019;07;21;8;1;0.000076781086;0.000059109824;0.000082279229;0.000056285251;
2019;07;21;9;1;0.000086537892;0.000060999573;0.000087793412;0.000054892065;
2019;07;21;10;1;0.000102457590;0.000069690348;0.000096676494;0.000060730165;
2019;07;21;11;1;0.000117804237;0.000077975112;0.000105594218;0.000065419832;
2019;07;21;12;1;0.000127665619;0.000082498291;0.000111542683;0.000069565596;
2019;07;21;13;1;0.000134563217;0.000083879852;0.000116063103;0.000071036395;
2019;07;21;14;1;0.000143801035;0.000084792054;0.000118837760;0.000070490650;
2019;07;21;15;1;0.000149119867;0.000086216704;0.000117964950;0.000070659468;
2019;07;21;16;1;0.000143376204;0.000082417080;0.000115617260;0.000068031713;
2019;07;21;17;1;0.000138495804;0.000079485055;0.000111708043;0.000066125616;
2019;07;21;18;1;0.000136754203;0.000078113570;0.000108767194;0.000065405771;
2019;07;21;19;1;0.000137654014;0.000078006322;0.000108668158;0.000065497069;
2019;07;21;20;1;0.000139232413;0.000078705600;0.000111225430;0.000066864043;
2019;07;21;21;1;0.000142828142;0.000081475463;0.000113308567;0.000070185602;
2019;07;21;22;1;0.000153574429;0.000103669474;0.000119454603;0.000092203231;
2019;07;21;23;1;0.000157833976;0.000154130454;0.000124955238;0.000193372162;
2019;07;21;24;1;0.000140985569;0.000155670900;0.000115491714;0.000175719445;
2019;07;22;1;1;0.000118475882;0.000143544579;0.000106315237;0.000160935757;
2019;07;22;2;1;0.000098862319;0.000131264442;0.000098584416;0.000162530196;
2019;07;22;3;1;0.000086640072;0.000122152508;0.000094450858;0.000156282000;
2019;07;22;4;1;0.000080395648;0.000117783743;0.000092174919;0.000150614640;
2019;07;22;5;1;0.000076932793;0.000115222869;0.000091600034;0.000145615083;
2019;07;22;6;1;0.000075778968;0.000113741875;0.000093396533;0.000141620222;
2019;07;22;7;1;0.000079993604;0.000103698957;0.000100372484;0.000126903342;
2019;07;22;8;1;0.000090850199;0.000067027753;0.000111511779;0.000060712021;
2019;07;22;9;1;0.000108233189;0.000074287291;0.000149435543;0.000063472523;
2019;07;22;10;1;0.000127501007;0.000082442695;0.000175197644;0.000071198199;
2019;07;22;11;1;0.000143341821;0.000088020742;0.000192317570;0.000074993189;
2019;07;22;12;1;0.000151040252;0.000090281560;0.000199362586;0.000077184885;
2019;07;22;13;1;0.000158968215;0.000092078244;0.000203601013;0.000077609133;
2019;07;22;14;1;0.000169939829;0.000094982802;0.000199532772;0.000077594778;
2019;07;22;15;1;0.000171320693;0.000096107166;0.000181582206;0.000077640103;
2019;07;22;16;1;0.000166090692;0.000091646322;0.000172901259;0.000074520957;
2019;07;22;17;1;0.000164739562;0.000089350011;0.000171858298;0.000073131768;
2019;07;22;18;1;0.000167355728;0.000088980760;0.000173969580;0.000076170306;
2019;07;22;19;1;0.000167428638;0.000088390101;0.000170134878;0.000074988061;
2019;07;22;20;1;0.000163380289;0.000087343180;0.000162169139;0.000074172062;
2019;07;22;21;1;0.000160790312;0.000088205902;0.000149280527;0.000075570098;
2019;07;22;22;1;0.000166448768;0.000109713926;0.000138716807;0.000097878598;
2019;07;22;23;1;0.000167527853;0.000158739293;0.000134525526;0.000199681565;
2019;07;22;24;1;0.000146471290;0.000157941131;0.000121579432;0.000179257388;
2019;07;23;1;1;0.000122879342;0.000150861653;0.000110389016;0.000168609696;
2019;07;23;2;1;0.000102196237;0.000138557696;0.000102487719;0.000173977031;
2019;07;23;3;1;0.000090231381;0.000129444590;0.000098064217;0.000167378132;
2019;07;23;4;1;0.000083826740;0.000125153599;0.000095541289;0.000160572957;
2019;07;23;5;1;0.000080383961;0.000122648857;0.000094671082;0.000154888995;
2019;07;23;6;1;0.000079139587;0.000121421627;0.000096843210;0.000150901253;
2019;07;23;7;1;0.000083564143;0.000110037481;0.000103284926;0.000133149692;
2019;07;23;8;1;0.000095181581;0.000071084715;0.000114463803;0.000062233329;
2019;07;23;9;1;0.000112839056;0.000077741959;0.000151796310;0.000064311065;
2019;07;23;10;1;0.000133336845;0.000085884937;0.000177708629;0.000072020821;
2019;07;23;11;1;0.000149231760;0.000091218418;0.000195152763;0.000075716123;
2019;07;23;12;1;0.000157115030;0.000092579427;0.000201996449;0.000078095375;
2019;07;23;13;1;0.000165554791;0.000094680730;0.000206306939;0.000078636157;
2019;07;23;14;1;0.000176118579;0.000097647612;0.000201917682;0.000078143241;
2019;07;23;15;1;0.000176290474;0.000098368424;0.000184476099;0.000077681866;
2019;07;23;16;1;0.000170870987;0.000094239384;0.000175577902;0.000075526314;
2019;07;23;17;1;0.000170016750;0.000091784342;0.000174849377;0.000073747935;
2019;07;23;18;1;0.000173137545;0.000091416219;0.000177012404;0.000076342847;
2019;07;23;19;1;0.000173215359;0.000090787038;0.000173238792;0.000075981706;
2019;07;23;20;1;0.000168814295;0.000089818166;0.000164945638;0.000074958524;
2019;07;23;21;1;0.000164964351;0.000090500564;0.000151966729;0.000075938849;
2019;07;23;22;1;0.000169370158;0.000113577978;0.000141106800;0.000098396524;
2019;07;23;23;1;0.000170027000;0.000165662737;0.000136758429;0.000208127989;
2019;07;23;24;1;0.000149098029;0.000165242439;0.000123427878;0.000187267816;
2019;07;24;1;1;0.000123056406;0.000151078005;0.000110552884;0.000168860538;
2019;07;24;2;1;0.000102327500;0.000138706950;0.000102623815;0.000174123697;
2019;07;24;3;1;0.000090369018;0.000129655371;0.000098218069;0.000167686634;
2019;07;24;4;1;0.000083948422;0.000125336374;0.000095684132;0.000160820335;
2019;07;24;5;1;0.000080513139;0.000122871784;0.000094827338;0.000155228700;
2019;07;24;6;1;0.000079227358;0.000121503841;0.000096954827;0.000150919315;
2019;07;24;7;1;0.000083664744;0.000110135948;0.000103413760;0.000133218548;
2019;07;24;8;1;0.000095258733;0.000071084114;0.000114561562;0.000062162899;
2019;07;24;9;1;0.000112933873;0.000077746608;0.000151930462;0.000064246300;
2019;07;24;10;1;0.000133471024;0.000085922859;0.000177895189;0.000071998557;
2019;07;24;11;1;0.000149362185;0.000091231103;0.000195331807;0.000075651206;
2019;07;24;12;1;0.000157266184;0.000092610969;0.000202199566;0.000078057024;
2019;07;24;13;1;0.000165723071;0.000094724795;0.000206525614;0.000078615388;
2019;07;24;14;1;0.000176271184;0.000097659723;0.000202101421;0.000078074540;
2019;07;24;15;1;0.000176462772;0.000098405498;0.000184664419;0.000077649066;
2019;07;24;16;1;0.000171041780;0.000094279656;0.000175761035;0.000075501274;
2019;07;24;17;1;0.000170148748;0.000091776886;0.000174992729;0.000073655790;
2019;07;24;18;1;0.000173291823;0.000091432703;0.000177177831;0.000076283537;
2019;07;24;19;1;0.000173330379;0.000090756430;0.000173361358;0.000075851704;
2019;07;24;20;1;0.000169017096;0.000089897856;0.000165150966;0.000074995902;
2019;07;24;21;1;0.000165217195;0.000090649379;0.000152206264;0.000076080863;
2019;07;24;22;1;0.000169550736;0.000113643745;0.000141263381;0.000098390813;
2019;07;24;23;1;0.000170224670;0.000165795066;0.000136923370;0.000208198468;
2019;07;24;24;1;0.000149338520;0.000165544389;0.000123632335;0.000187679898;
2019;07;25;1;1;0.000119334868;0.000148185363;0.000107116764;0.000167707485;
2019;07;25;2;1;0.000099209078;0.000135977499;0.000099410313;0.000172767746;
2019;07;25;3;1;0.000087552317;0.000126897326;0.000095074424;0.000165894582;
2019;07;25;4;1;0.000081340119;0.000122699098;0.000092631015;0.000159170829;
2019;07;25;5;1;0.000077978556;0.000120170605;0.000091762709;0.000153370536;
2019;07;25;6;1;0.000076717694;0.000118778498;0.000093802419;0.000148992172;
2019;07;25;7;1;0.000080965483;0.000107516084;0.000099990787;0.000131184643;
2019;07;25;8;1;0.000092139392;0.000069313639;0.000110714296;0.000061085767;
2019;07;25;9;1;0.000109189588;0.000075736560;0.000146766216;0.000063021008;
2019;07;25;10;1;0.000129007283;0.000083644258;0.000171797039;0.000070537975;
2019;07;25;11;1;0.000144372963;0.000088820407;0.000188643746;0.000074130256;
2019;07;25;12;1;0.000152058983;0.000090226445;0.000195335502;0.000076584485;
2019;07;25;13;1;0.000160262606;0.000092321225;0.000199548003;0.000077186274;
2019;07;25;14;1;0.000170481346;0.000095204988;0.000195294110;0.000076689494;
2019;07;25;15;1;0.000170649644;0.000095910276;0.000178426661;0.000076240437;
2019;07;25;16;1;0.000165381527;0.000091856457;0.000169797631;0.000074084050;
2019;07;25;17;1;0.000164556482;0.000089465644;0.000169094886;0.000072342739;
2019;07;25;18;1;0.000167530411;0.000089050316;0.000171139083;0.000074802527;
2019;07;25;19;1;0.000167583962;0.000088411189;0.000167468952;0.000074408639;
2019;07;25;20;1;0.000163351403;0.000087498655;0.000159476827;0.000073453471;
2019;07;25;21;1;0.000159694152;0.000088249196;0.000146990927;0.000074544847;
2019;07;25;22;1;0.000163883484;0.000110635775;0.000136423547;0.000096406117;
2019;07;25;23;1;0.000164597283;0.000161546858;0.000132282372;0.000204320524;
2019;07;25;24;1;0.000144460783;0.000161453341;0.000119490788;0.000184494996;
2019;07;26;1;1;0.000116135349;0.000147447393;0.000106483685;0.000165601834;
2019;07;26;2;1;0.000097264148;0.000135495419;0.000098209836;0.000172698220;
2019;07;26;3;1;0.000085621794;0.000126716343;0.000093922385;0.000166850461;
2019;07;26;4;1;0.000079494812;0.000122559694;0.000091215567;0.000159920073;
2019;07;26;5;1;0.000076150484;0.000119770653;0.000090527590;0.000152799261;
2019;07;26;6;1;0.000075061761;0.000118705867;0.000092415628;0.000148622166;
2019;07;26;7;1;0.000079372988;0.000107822232;0.000098354604;0.000132229026;
2019;07;26;8;1;0.000090664545;0.000069949959;0.000108979944;0.000062196885;
2019;07;26;9;1;0.000107781752;0.000076413463;0.000144199467;0.000063031674;
2019;07;26;10;1;0.000127311971;0.000084700622;0.000168076687;0.000069818436;
2019;07;26;11;1;0.000142518808;0.000089830929;0.000184110151;0.000073841857;
2019;07;26;12;1;0.000149712079;0.000091311959;0.000190669914;0.000075554813;
2019;07;26;13;1;0.000157036452;0.000092558862;0.000194772344;0.000077150670;
2019;07;26;14;1;0.000166065328;0.000095054125;0.000190555285;0.000075858108;
2019;07;26;15;1;0.000165711203;0.000095274989;0.000172413721;0.000076828447;
2019;07;26;16;1;0.000160058048;0.000090673400;0.000160324180;0.000074818542;
2019;07;26;17;1;0.000158831179;0.000087848560;0.000157322273;0.000072829078;
2019;07;26;18;1;0.000161052404;0.000087498284;0.000157882949;0.000073146068;
2019;07;26;19;1;0.000160514488;0.000087272920;0.000155402435;0.000072665326;
2019;07;26;20;1;0.000155938552;0.000086339600;0.000150782392;0.000072183869;
2019;07;26;21;1;0.000150532258;0.000086466650;0.000142433953;0.000072980089;
2019;07;26;22;1;0.000151773699;0.000107411419;0.000135262187;0.000093869994;
2019;07;26;23;1;0.000151090636;0.000157263071;0.000133161952;0.000198932609;
2019;07;26;24;1;0.000135014348;0.000158057354;0.000122101993;0.000180276863;
2019;07;27;1;1;0.000109044066;0.000136856073;0.000107113170;0.000156554486;
2019;07;27;2;1;0.000093819187;0.000127200012;0.000097793026;0.000162118471;
2019;07;27;3;1;0.000082380685;0.000118618461;0.000092026474;0.000155992412;
2019;07;27;4;1;0.000075640234;0.000114038831;0.000089096134;0.000149605308;
2019;07;27;5;1;0.000071913141;0.000111140464;0.000087580968;0.000143420633;
2019;07;27;6;1;0.000070127782;0.000109910481;0.000088202214;0.000138591341;
2019;07;27;7;1;0.000070890099;0.000097493357;0.000088083464;0.000121288331;
2019;07;27;8;1;0.000074868757;0.000059126307;0.000083679864;0.000055037472;
2019;07;27;9;1;0.000087235690;0.000062653032;0.000094842108;0.000055743475;
2019;07;27;10;1;0.000105976597;0.000072563185;0.000110705321;0.000064113015;
2019;07;27;11;1;0.000122528999;0.000079905418;0.000126542762;0.000070844617;
2019;07;27;12;1;0.000130142095;0.000082536832;0.000132322414;0.000072966145;
2019;07;27;13;1;0.000135576628;0.000083278568;0.000135720735;0.000071541686;
2019;07;27;14;1;0.000143703622;0.000084281867;0.000134020477;0.000070326559;
2019;07;27;15;1;0.000144975946;0.000084933007;0.000125992001;0.000071211173;
2019;07;27;16;1;0.000137756035;0.000080642332;0.000121974026;0.000067983935;
2019;07;27;17;1;0.000132084010;0.000077137692;0.000118808546;0.000064140366;
2019;07;27;18;1;0.000130288912;0.000075633259;0.000118827759;0.000063650992;
2019;07;27;19;1;0.000129683552;0.000075257654;0.000119933605;0.000063887887;
2019;07;27;20;1;0.000128342209;0.000075269995;0.000122676272;0.000064798596;
2019;07;27;21;1;0.000128912467;0.000076682970;0.000124276165;0.000067277776;
2019;07;27;22;1;0.000134683125;0.000095758305;0.000124157763;0.000086347998;
2019;07;27;23;1;0.000136361361;0.000142066219;0.000126204671;0.000183036094;
2019;07;27;24;1;0.000123161559;0.000143733007;0.000117032229;0.000166107482;
2019;07;28;1;1;0.000105321021;0.000133019879;0.000104595772;0.000153046616;
2019;07;28;2;1;0.000091505361;0.000123899261;0.000094768416;0.000155039608;
2019;07;28;3;1;0.000081117897;0.000116079353;0.000089195840;0.000148535130;
2019;07;28;4;1;0.000074375424;0.000111571065;0.000086087523;0.000142728557;
2019;07;28;5;1;0.000070492837;0.000108952273;0.000084716241;0.000139040963;
2019;07;28;6;1;0.000068500449;0.000107536019;0.000084939545;0.000135340638;
2019;07;28;7;1;0.000068179774;0.000095015164;0.000083163548;0.000120544620;
2019;07;28;8;1;0.000069955890;0.000055371686;0.000074758018;0.000054249959;
2019;07;28;9;1;0.000078845405;0.000057142344;0.000079768152;0.000052908848;
2019;07;28;10;1;0.000093306662;0.000065213873;0.000087798468;0.000058421669;
2019;07;28;11;1;0.000107285485;0.000072970634;0.000095899804;0.000062938949;
2019;07;28;12;1;0.000116198655;0.000077100513;0.000101243175;0.000066765051;
2019;07;28;13;1;0.000122388494;0.000078262570;0.000105270318;0.000067972996;
2019;07;28;14;1;0.000130693265;0.000078979264;0.000107706814;0.000067243148;
2019;07;28;15;1;0.000135402997;0.000080138596;0.000106817715;0.000067150589;
2019;07;28;16;1;0.000130116051;0.000076510598;0.000104634282;0.000064506294;
2019;07;28;17;1;0.000125646506;0.000073734148;0.000101063835;0.000062614532;
2019;07;28;18;1;0.000124067220;0.000072462687;0.000098403789;0.000061933730;
2019;07;28;19;1;0.000124907505;0.000072394565;0.000098333045;0.000062068113;
2019;07;28;20;1;0.000126372373;0.000073086524;0.000100673092;0.000063430821;
2019;07;28;21;1;0.000129720653;0.000075771424;0.000102625577;0.000066761363;
2019;07;28;22;1;0.000139633942;0.000096654451;0.000108310984;0.000088106945;
2019;07;28;23;1;0.000143548828;0.000143797081;0.000113331633;0.000185005794;
2019;07;28;24;1;0.000128219802;0.000145219961;0.000104743913;0.000168086892;
2019;07;29;1;1;0.000106513452;0.000132919514;0.000095292001;0.000153514276;
2019;07;29;2;1;0.000088884584;0.000121561970;0.000088367048;0.000155067021;
2019;07;29;3;1;0.000077911785;0.000113176622;0.000084679188;0.000149233413;
2019;07;29;4;1;0.000072325988;0.000109231227;0.000082672492;0.000144067490;
2019;07;29;5;1;0.000069243145;0.000106971609;0.000082195370;0.000139560638;
2019;07;29;6;1;0.000068263555;0.000105808230;0.000083879801;0.000136235421;
2019;07;29;7;1;0.000071915532;0.000096020642;0.000089963953;0.000121048576;
2019;07;29;8;1;0.000081732110;0.000062163129;0.000100017040;0.000058078854;
2019;07;29;9;1;0.000097380765;0.000068912545;0.000134045753;0.000060746626;
2019;07;29;10;1;0.000114691206;0.000076438525;0.000157119900;0.000068075388;
2019;07;29;11;1;0.000128934729;0.000081601639;0.000172465560;0.000071689361;
2019;07;29;12;1;0.000135809465;0.000083627144;0.000178717640;0.000073671675;
2019;07;29;13;1;0.000142836083;0.000085152277;0.000182387048;0.000073857269;
2019;07;29;14;1;0.000152650479;0.000087780811;0.000178691402;0.000073756061;
2019;07;29;15;1;0.000153761400;0.000088649671;0.000162478992;0.000073543900;
2019;07;29;16;1;0.000148878766;0.000084290756;0.000154515500;0.000070220459;
2019;07;29;17;1;0.000147671441;0.000082183456;0.000153587383;0.000068918359;
2019;07;29;18;1;0.000150063159;0.000081902081;0.000155522506;0.000071874775;
2019;07;29;19;1;0.000150188104;0.000081432044;0.000152154769;0.000070874929;
2019;07;29;20;1;0.000146575328;0.000080491034;0.000145049372;0.000070140844;
2019;07;29;21;1;0.000144297077;0.000081344235;0.000133563331;0.000071555068;
2019;07;29;22;1;0.000149489559;0.000101356228;0.000124206918;0.000092972165;
2019;07;29;23;1;0.000150455736;0.000146640594;0.000120451678;0.000189657712;
2019;07;29;24;1;0.000131517997;0.000145834858;0.000108837665;0.000170114025;
2019;07;30;1;1;0.000109240791;0.000138617728;0.000097805851;0.000160114118;
2019;07;30;2;1;0.000090856379;0.000127322231;0.000090808262;0.000165234614;
2019;07;30;3;1;0.000080244602;0.000119034556;0.000086916415;0.000159177590;
2019;07;30;4;1;0.000074577606;0.000115190445;0.000084712983;0.000152951453;
2019;07;30;5;1;0.000071531920;0.000112947937;0.000083961625;0.000147688452;
2019;07;30;6;1;0.000070429275;0.000111836098;0.000085893763;0.000143933195;
2019;07;30;7;1;0.000074422716;0.000101525200;0.000091675968;0.000127399460;
2019;07;30;8;1;0.000084752805;0.000065556611;0.000101578632;0.000059497748;
2019;07;30;9;1;0.000100434678;0.000071629238;0.000134653757;0.000061379833;
2019;07;30;10;1;0.000118610914;0.000079027120;0.000157549132;0.000068571220;
2019;07;30;11;1;0.000132678075;0.000083829787;0.000172920157;0.000071925122;
2019;07;30;12;1;0.000139628684;0.000084999482;0.000178909608;0.000074057015;
2019;07;30;13;1;0.000147011104;0.000086769320;0.000182580856;0.000074321894;
2019;07;30;14;1;0.000156280488;0.000089343310;0.000178569366;0.000073640015;
2019;07;30;15;1;0.000156305584;0.000089835702;0.000163011698;0.000072959848;
2019;07;30;16;1;0.000151372268;0.000085898312;0.000155017549;0.000070686468;
2019;07;30;17;1;0.000150590803;0.000083629095;0.000154349009;0.000068974782;
2019;07;30;18;1;0.000153348201;0.000083285439;0.000156251483;0.000071389439;
2019;07;30;19;1;0.000153412399;0.000082706238;0.000152915753;0.000071042054;
2019;07;30;20;1;0.000149628487;0.000081966107;0.000145706497;0.000070306418;
2019;07;30;21;1;0.000146378043;0.000082797756;0.000134390128;0.000071552035;
2019;07;30;22;1;0.000150404088;0.000104095443;0.000124883111;0.000093011033;
2019;07;30;23;1;0.000151010502;0.000151884767;0.000121053229;0.000196861034;
2019;07;30;24;1;0.000132457542;0.000151591496;0.000109282612;0.000177325056;
2019;07;31;1;1;0.000107469078;0.000137170114;0.000096177937;0.000159385954;
2019;07;31;2;1;0.000089370431;0.000125952867;0.000089284429;0.000164390027;
2019;07;31;3;1;0.000078899837;0.000117644369;0.000085422841;0.000158097425;
2019;07;31;4;1;0.000073329960;0.000113852799;0.000083259714;0.000151932099;
2019;07;31;5;1;0.000070328699;0.000111612774;0.000082513588;0.000146648474;
2019;07;31;6;1;0.000069237900;0.000110489747;0.000084404233;0.000142863032;
2019;07;31;7;1;0.000073137165;0.000100219407;0.000090053387;0.000126260770;
2019;07;31;8;1;0.000083276357;0.000064691251;0.000099765854;0.000058929181;
2019;07;31;9;1;0.000098634444;0.000070600621;0.000132182913;0.000060663148;
2019;07;31;10;1;0.000116479190;0.000077883739;0.000154650609;0.000067757512;
2019;07;31;11;1;0.000130287807;0.000082608777;0.000169731388;0.000071059264;
2019;07;31;12;1;0.000137126416;0.000083779874;0.000175627321;0.000073194640;
2019;07;31;13;1;0.000144404470;0.000085562240;0.000179265893;0.000073515696;
2019;07;31;14;1;0.000153546322;0.000088148892;0.000175369290;0.000072914210;
2019;07;31;15;1;0.000153586220;0.000088654770;0.000160106314;0.000072270315;
2019;07;31;16;1;0.000148748559;0.000084781860;0.000152264704;0.000070037297;
2019;07;31;17;1;0.000148016460;0.000082587846;0.000151644736;0.000068410008;
2019;07;31;18;1;0.000150748141;0.000082275200;0.000153535695;0.000070846633;
2019;07;31;19;1;0.000150885423;0.000081794942;0.000150331843;0.000070645810;
2019;07;31;20;1;0.000147155872;0.000081052893;0.000143236652;0.000069898429;
2019;07;31;21;1;0.000143953561;0.000081868044;0.000132106983;0.000071125479;
2019;07;31;22;1;0.000147915448;0.000102930367;0.000122763576;0.000092462157;
2019;07;31;23;1;0.000148507597;0.000150174727;0.000118995305;0.000195674461;
2019;07;31;24;1;0.000130263700;0.000149889177;0.000107426078;0.000176266610;
