AŃO;MES;DIA;HORA;VERANO(1)/INVIERNO(0);COEF. PERFIL A;COEF. PERFIL B;COEF. PERFIL C;COEF. PERFIL D;
2019;03;01;1;0;0.000089030319;0.000165834033;0.000081467364;0.000144033455;
2019;03;01;2;0;0.000071006012;0.000149511814;0.000077738239;0.000157506021;
2019;03;01;3;0;0.000061964031;0.000137132051;0.000076145385;0.000154060401;
2019;03;01;4;0;0.000058208202;0.000130163348;0.000075279106;0.000148136863;
2019;03;01;5;0;0.000057072648;0.000127581048;0.000075395424;0.000140960750;
2019;03;01;6;0;0.000059169054;0.000133203367;0.000078010548;0.000135920399;
2019;03;01;7;0;0.000070461673;0.000140751664;0.000088560210;0.000135656939;
2019;03;01;8;0;0.000096286402;0.000127383271;0.000103217222;0.000100516202;
2019;03;01;9;0;0.000115328577;0.000113524844;0.000135806904;0.000079815471;
2019;03;01;10;0;0.000124808073;0.000111394992;0.000158667850;0.000077090515;
2019;03;01;11;0;0.000132364728;0.000108590371;0.000165238565;0.000077564045;
2019;03;01;12;0;0.000132968721;0.000099324734;0.000165430112;0.000075306314;
2019;03;01;13;0;0.000135260400;0.000082966416;0.000164296114;0.000073232331;
2019;03;01;14;0;0.000140205502;0.000083349715;0.000154546777;0.000072160797;
2019;03;01;15;0;0.000136955509;0.000081724373;0.000134198148;0.000069230947;
2019;03;01;16;0;0.000130327079;0.000077099674;0.000125396002;0.000064372951;
2019;03;01;17;0;0.000127455438;0.000074244774;0.000124472250;0.000064059747;
2019;03;01;18;0;0.000129589240;0.000074385991;0.000124665591;0.000065537521;
2019;03;01;19;0;0.000133427272;0.000076568788;0.000124285281;0.000067249575;
2019;03;01;20;0;0.000146290968;0.000113582218;0.000134020731;0.000116104824;
2019;03;01;21;0;0.000157584439;0.000145397982;0.000132289266;0.000170557275;
2019;03;01;22;0;0.000159184495;0.000154498864;0.000117348595;0.000178219804;
2019;03;01;23;0;0.000142403030;0.000180264982;0.000103195082;0.000172975231;
2019;03;01;24;0;0.000119327418;0.000181283110;0.000093443112;0.000155497390;
2019;03;02;1;0;0.000097819562;0.000171493568;0.000085273261;0.000155042152;
2019;03;02;2;0;0.000079290141;0.000155799346;0.000079733173;0.000165245780;
2019;03;02;3;0;0.000068319416;0.000143169450;0.000077286810;0.000160342384;
2019;03;02;4;0;0.000062516542;0.000134721922;0.000075906920;0.000155461275;
2019;03;02;5;0;0.000060211421;0.000131043837;0.000075562928;0.000147753834;
2019;03;02;6;0;0.000060282802;0.000136673851;0.000076550903;0.000143996556;
2019;03;02;7;0;0.000063673120;0.000138887099;0.000080048559;0.000138335422;
2019;03;02;8;0;0.000072535063;0.000111339643;0.000077572534;0.000085305257;
2019;03;02;9;0;0.000092416739;0.000097848829;0.000084154470;0.000064990132;
2019;03;02;10;0;0.000118121315;0.000106796249;0.000095871152;0.000072734355;
2019;03;02;11;0;0.000135887681;0.000110938009;0.000107323963;0.000080609400;
2019;03;02;12;0;0.000140492171;0.000104730943;0.000111369814;0.000078471228;
2019;03;02;13;0;0.000141913798;0.000087006441;0.000112828783;0.000074626762;
2019;03;02;14;0;0.000146919624;0.000086691578;0.000108850067;0.000072752336;
2019;03;02;15;0;0.000144191976;0.000084755779;0.000100086752;0.000071192786;
2019;03;02;16;0;0.000130702998;0.000077245228;0.000096021467;0.000064575542;
2019;03;02;17;0;0.000121784409;0.000072099756;0.000094320166;0.000061385523;
2019;03;02;18;0;0.000119375673;0.000069798374;0.000095464727;0.000060499082;
2019;03;02;19;0;0.000122009351;0.000071490120;0.000097063163;0.000062597967;
2019;03;02;20;0;0.000134071801;0.000107231391;0.000111423882;0.000110259570;
2019;03;02;21;0;0.000147972063;0.000141885277;0.000118400910;0.000174719509;
2019;03;02;22;0;0.000152858753;0.000149599065;0.000110642530;0.000182308565;
2019;03;02;23;0;0.000139791074;0.000178297093;0.000101042734;0.000178692141;
2019;03;02;24;0;0.000119970546;0.000182437089;0.000093104080;0.000162827830;
2019;03;03;1;0;0.000099262221;0.000176439077;0.000085244355;0.000158492428;
2019;03;03;2;0;0.000081638753;0.000161359316;0.000079534758;0.000163381514;
2019;03;03;3;0;0.000070876466;0.000148464094;0.000076950493;0.000158548178;
2019;03;03;4;0;0.000064606353;0.000139802386;0.000075416860;0.000153766910;
2019;03;03;5;0;0.000061281617;0.000135386840;0.000074681452;0.000147472071;
2019;03;03;6;0;0.000060522509;0.000139453182;0.000075424502;0.000142408745;
2019;03;03;7;0;0.000062422920;0.000141871584;0.000077578473;0.000139661779;
2019;03;03;8;0;0.000068024452;0.000114308287;0.000073204262;0.000089552323;
2019;03;03;9;0;0.000082348834;0.000093970232;0.000071908933;0.000058451256;
2019;03;03;10;0;0.000105138813;0.000099911785;0.000076593584;0.000063709426;
2019;03;03;11;0;0.000124431900;0.000106654995;0.000081914238;0.000069574339;
2019;03;03;12;0;0.000133232030;0.000103609955;0.000086373559;0.000072008045;
2019;03;03;13;0;0.000135644795;0.000088203865;0.000088948267;0.000069773202;
2019;03;03;14;0;0.000140329901;0.000084913907;0.000088735716;0.000067408181;
2019;03;03;15;0;0.000137765353;0.000082276309;0.000086220644;0.000066350379;
2019;03;03;16;0;0.000124646248;0.000074324755;0.000083179142;0.000061840863;
2019;03;03;17;0;0.000116732842;0.000069089250;0.000080416399;0.000058292142;
2019;03;03;18;0;0.000114346979;0.000067313376;0.000078119025;0.000057845592;
2019;03;03;19;0;0.000119212460;0.000069495366;0.000078454041;0.000059561248;
2019;03;03;20;0;0.000135763440;0.000104513264;0.000089787614;0.000103480650;
2019;03;03;21;0;0.000154254196;0.000142555971;0.000098006264;0.000168921547;
2019;03;03;22;0;0.000158486532;0.000155147555;0.000097823513;0.000189299191;
2019;03;03;23;0;0.000140370334;0.000179803234;0.000091151168;0.000184524822;
2019;03;03;24;0;0.000115807509;0.000183259730;0.000084188134;0.000168306398;
2019;03;04;1;0;0.000088768685;0.000170560414;0.000077049706;0.000151848692;
2019;03;04;2;0;0.000070824319;0.000154987808;0.000073840196;0.000156115371;
2019;03;04;3;0;0.000061886750;0.000142334800;0.000072622398;0.000151240059;
2019;03;04;4;0;0.000057820521;0.000134379428;0.000072101094;0.000145196454;
2019;03;04;5;0;0.000056540704;0.000131251493;0.000072248219;0.000141131617;
2019;03;04;6;0;0.000058185631;0.000135296536;0.000074903546;0.000137612213;
2019;03;04;7;0;0.000068633824;0.000142981893;0.000085343098;0.000139927040;
2019;03;04;8;0;0.000092024772;0.000131317884;0.000100503731;0.000105231054;
2019;03;04;9;0;0.000111269127;0.000113474075;0.000132533881;0.000074748301;
2019;03;04;10;0;0.000124071629;0.000111161457;0.000156099035;0.000074209988;
2019;03;04;11;0;0.000134684990;0.000109692357;0.000163581803;0.000075671999;
2019;03;04;12;0;0.000137562472;0.000102340746;0.000163447134;0.000073187895;
2019;03;04;13;0;0.000140234477;0.000086639973;0.000161957326;0.000072280723;
2019;03;04;14;0;0.000145107218;0.000084745583;0.000152825178;0.000071682134;
2019;03;04;15;0;0.000140328574;0.000082377775;0.000134160536;0.000068394594;
2019;03;04;16;0;0.000131347577;0.000076404464;0.000128141968;0.000062243420;
2019;03;04;17;0;0.000127808247;0.000072632383;0.000128755630;0.000060799710;
2019;03;04;18;0;0.000129965913;0.000072387804;0.000129105549;0.000061846554;
2019;03;04;19;0;0.000135369379;0.000074747115;0.000124896047;0.000065112942;
2019;03;04;20;0;0.000149955863;0.000107323700;0.000128766139;0.000109253140;
2019;03;04;21;0;0.000166015319;0.000143677916;0.000124677172;0.000168211253;
2019;03;04;22;0;0.000169095827;0.000161144524;0.000110343929;0.000192786629;
2019;03;04;23;0;0.000147781116;0.000182001836;0.000095190165;0.000185777108;
2019;03;04;24;0;0.000117415023;0.000183676621;0.000085381874;0.000166611916;
2019;03;05;1;0;0.000091331551;0.000177005721;0.000080932628;0.000154494782;
2019;03;05;2;0;0.000072586163;0.000160106388;0.000077470579;0.000165196159;
2019;03;05;3;0;0.000063509037;0.000147262817;0.000075820535;0.000161769922;
2019;03;05;4;0;0.000059618055;0.000139359211;0.000074929875;0.000156099563;
2019;03;05;5;0;0.000058488291;0.000136097721;0.000075069305;0.000149625490;
2019;03;05;6;0;0.000060459845;0.000141726215;0.000077709403;0.000145010992;
2019;03;05;7;0;0.000071521525;0.000149488313;0.000088426335;0.000143199959;
2019;03;05;8;0;0.000097048042;0.000136342067;0.000103833009;0.000105293914;
2019;03;05;9;0;0.000116543049;0.000118111053;0.000135059145;0.000075418371;
2019;03;05;10;0;0.000127639716;0.000114950610;0.000157563241;0.000075446867;
2019;03;05;11;0;0.000136375911;0.000111575067;0.000164801497;0.000075180587;
2019;03;05;12;0;0.000137662933;0.000102246804;0.000164706748;0.000072158014;
2019;03;05;13;0;0.000139976594;0.000085873673;0.000163596595;0.000069750351;
2019;03;05;14;0;0.000144110367;0.000084241768;0.000153989335;0.000068937198;
2019;03;05;15;0;0.000139466074;0.000082013795;0.000135200680;0.000066626231;
2019;03;05;16;0;0.000131055074;0.000076616002;0.000129378878;0.000062068878;
2019;03;05;17;0;0.000127339641;0.000073206578;0.000129590812;0.000060125379;
2019;03;05;18;0;0.000129557635;0.000072952238;0.000130446348;0.000060922963;
2019;03;05;19;0;0.000134392885;0.000075338276;0.000127226471;0.000064283233;
2019;03;05;20;0;0.000150388194;0.000111338625;0.000133167690;0.000114267397;
2019;03;05;21;0;0.000167346761;0.000148457963;0.000129132770;0.000174512381;
2019;03;05;22;0;0.000169792485;0.000164338789;0.000114318409;0.000196413091;
2019;03;05;23;0;0.000149096935;0.000187993240;0.000098756898;0.000190744232;
2019;03;05;24;0;0.000120170654;0.000190360781;0.000088329247;0.000171837242;
2019;03;06;1;0;0.000093986922;0.000180691187;0.000083350447;0.000156363718;
2019;03;06;2;0;0.000074682371;0.000163369076;0.000079769845;0.000167062825;
2019;03;06;3;0;0.000065352045;0.000150310305;0.000078081507;0.000163688416;
2019;03;06;4;0;0.000061348356;0.000142244097;0.000077164549;0.000157952309;
2019;03;06;5;0;0.000060174360;0.000138854285;0.000077293440;0.000151280025;
2019;03;06;6;0;0.000062190981;0.000144532437;0.000079996621;0.000146491345;
2019;03;06;7;0;0.000073599772;0.000152592671;0.000091066579;0.000144911574;
2019;03;06;8;0;0.000099879181;0.000139209887;0.000106945207;0.000106605001;
2019;03;06;9;0;0.000119948711;0.000120608991;0.000139114019;0.000076373477;
2019;03;06;10;0;0.000131378378;0.000117399788;0.000162304538;0.000076424102;
2019;03;06;11;0;0.000140410359;0.000114026568;0.000169808852;0.000076244680;
2019;03;06;12;0;0.000141808922;0.000104617215;0.000169799192;0.000073336684;
2019;03;06;13;0;0.000144297426;0.000088010800;0.000168777719;0.000071103261;
2019;03;06;14;0;0.000148573119;0.000086356761;0.000158881507;0.000070300459;
2019;03;06;15;0;0.000143723072;0.000083990465;0.000139435861;0.000067823912;
2019;03;06;16;0;0.000135051524;0.000078457613;0.000133427921;0.000063177607;
2019;03;06;17;0;0.000131257285;0.000075011324;0.000133681620;0.000061266196;
2019;03;06;18;0;0.000133601816;0.000074825259;0.000134622906;0.000062191028;
2019;03;06;19;0;0.000138595567;0.000077283065;0.000131307108;0.000065639334;
2019;03;06;20;0;0.000154890110;0.000113873965;0.000137260792;0.000116049373;
2019;03;06;21;0;0.000172355026;0.000151835805;0.000133100841;0.000177227667;
2019;03;06;22;0;0.000174786556;0.000167886632;0.000117772373;0.000199059574;
2019;03;06;23;0;0.000153464488;0.000192001226;0.000101728890;0.000193223197;
2019;03;06;24;0;0.000123605879;0.000194114836;0.000090924918;0.000173578595;
2019;03;07;1;0;0.000092835291;0.000179351978;0.000082295060;0.000156145752;
2019;03;07;2;0;0.000073752268;0.000162083702;0.000078743768;0.000166693270;
2019;03;07;3;0;0.000064547624;0.000149178364;0.000077088471;0.000163428685;
2019;03;07;4;0;0.000060569058;0.000141044732;0.000076152800;0.000157443597;
2019;03;07;5;0;0.000059424543;0.000137761343;0.000076298707;0.000150949250;
2019;03;07;6;0;0.000061423189;0.000143435486;0.000078976296;0.000146253033;
2019;03;07;7;0;0.000072676293;0.000151364262;0.000089886709;0.000144555108;
2019;03;07;8;0;0.000098596691;0.000137993657;0.000105528279;0.000106205530;
2019;03;07;9;0;0.000118433604;0.000119612917;0.000137299963;0.000076153364;
2019;03;07;10;0;0.000129684542;0.000116359152;0.000160145648;0.000076118540;
2019;03;07;11;0;0.000138516347;0.000112859489;0.000167448927;0.000075748910;
2019;03;07;12;0;0.000139712925;0.000103236783;0.000167220227;0.000072465162;
2019;03;07;13;0;0.000142090399;0.000086746153;0.000166127460;0.000070107478;
2019;03;07;14;0;0.000146239753;0.000085035669;0.000156321500;0.000069199275;
2019;03;07;15;0;0.000141520298;0.000082777942;0.000137241952;0.000066866662;
2019;03;07;16;0;0.000133022247;0.000077378687;0.000131368630;0.000062363889;
2019;03;07;17;0;0.000129252364;0.000073936977;0.000131585168;0.000060413448;
2019;03;07;18;0;0.000131498003;0.000073672803;0.000132448157;0.000061203793;
2019;03;07;19;0;0.000136430442;0.000076113830;0.000129202330;0.000064627535;
2019;03;07;20;0;0.000152617801;0.000112399783;0.000135191121;0.000114722033;
2019;03;07;21;0;0.000169874117;0.000149966807;0.000131130652;0.000175407102;
2019;03;07;22;0;0.000172367886;0.000166033827;0.000116094573;0.000197474557;
2019;03;07;23;0;0.000151398511;0.000190046791;0.000100317841;0.000191983530;
2019;03;07;24;0;0.000121929128;0.000192093535;0.000089654361;0.000172392398;
2019;03;08;1;0;0.000088907715;0.000165872849;0.000081349123;0.000144372257;
2019;03;08;2;0;0.000070852400;0.000149279220;0.000077564292;0.000157368705;
2019;03;08;3;0;0.000061844427;0.000136991638;0.000075992753;0.000154074092;
2019;03;08;4;0;0.000058094393;0.000130022717;0.000075126331;0.000148135091;
2019;03;08;5;0;0.000056953406;0.000127404172;0.000075232303;0.000140881112;
2019;03;08;6;0;0.000059025288;0.000132914582;0.000077815213;0.000135649852;
2019;03;08;7;0;0.000070295705;0.000140470425;0.000088345040;0.000135428671;
2019;03;08;8;0;0.000096053760;0.000127111152;0.000102960174;0.000100322097;
2019;03;08;9;0;0.000115076334;0.000113342029;0.000135499791;0.000079737925;
2019;03;08;10;0;0.000124527217;0.000111199538;0.000158299022;0.000076995474;
2019;03;08;11;0;0.000132042577;0.000108354319;0.000164824143;0.000077409557;
2019;03;08;12;0;0.000132706014;0.000099212828;0.000165090988;0.000075299222;
2019;03;08;13;0;0.000135008296;0.000082894186;0.000163977694;0.000073259491;
2019;03;08;14;0;0.000139974708;0.000083318514;0.000154280899;0.000072252187;
2019;03;08;15;0;0.000136688830;0.000081637597;0.000133926876;0.000069232507;
2019;03;08;16;0;0.000130127216;0.000077090828;0.000125194388;0.000064485152;
2019;03;08;17;0;0.000127255150;0.000074229893;0.000124267405;0.000064161606;
2019;03;08;18;0;0.000129330432;0.000074298585;0.000124407360;0.000065525715;
2019;03;08;19;0;0.000133119660;0.000076424645;0.000123989521;0.000067150750;
2019;03;08;20;0;0.000145810699;0.000113114016;0.000133570809;0.000115461370;
2019;03;08;21;0;0.000157142657;0.000144959063;0.000131908584;0.000169956397;
2019;03;08;22;0;0.000158764787;0.000154091921;0.000117030486;0.000177717777;
2019;03;08;23;0;0.000142120417;0.000180057897;0.000102982619;0.000172951212;
2019;03;08;24;0;0.000119054572;0.000180950234;0.000093222516;0.000155283172;
2019;03;09;1;0;0.000097079598;0.000170661126;0.000084610413;0.000154757073;
2019;03;09;2;0;0.000078692077;0.000155050922;0.000079115132;0.000164957136;
2019;03;09;3;0;0.000067740611;0.000142178174;0.000076615922;0.000159448459;
2019;03;09;4;0;0.000061998765;0.000133847429;0.000075262414;0.000154715907;
2019;03;09;5;0;0.000059722126;0.000130239874;0.000074933125;0.000147140513;
2019;03;09;6;0;0.000059796893;0.000135855875;0.000075917902;0.000143437921;
2019;03;09;7;0;0.000063194992;0.000138231252;0.000079430764;0.000138115938;
2019;03;09;8;0;0.000071926386;0.000110588753;0.000076905414;0.000084856421;
2019;03;09;9;0;0.000091693986;0.000097317144;0.000083478779;0.000064803344;
2019;03;09;10;0;0.000117191327;0.000106202972;0.000095096347;0.000072509050;
2019;03;09;11;0;0.000134798060;0.000110284710;0.000106441000;0.000080310718;
2019;03;09;12;0;0.000139310995;0.000104020946;0.000110410265;0.000078053631;
2019;03;09;13;0;0.000140758591;0.000086469812;0.000111886807;0.000074312419;
2019;03;09;14;0;0.000145723846;0.000086157154;0.000107941440;0.000072446341;
2019;03;09;15;0;0.000143093698;0.000084334568;0.000099303532;0.000071047651;
2019;03;09;16;0;0.000129666655;0.000076806176;0.000095240087;0.000064360294;
2019;03;09;17;0;0.000120801504;0.000071666523;0.000093539252;0.000061144681;
2019;03;09;18;0;0.000118442621;0.000069419800;0.000094698653;0.000060326228;
2019;03;09;19;0;0.000121037432;0.000071077801;0.000096269721;0.000062379967;
2019;03;09;20;0;0.000132913110;0.000106446014;0.000110437699;0.000109561683;
2019;03;09;21;0;0.000146733965;0.000140936227;0.000117385553;0.000173817510;
2019;03;09;22;0;0.000151660689;0.000148780040;0.000109752267;0.000181770115;
2019;03;09;23;0;0.000138729830;0.000177421157;0.000100254572;0.000178346023;
2019;03;09;24;0;0.000118982798;0.000181273316;0.000092318119;0.000162080218;
2019;03;10;1;0;0.000097745154;0.000174487351;0.000083907206;0.000157429038;
2019;03;10;2;0;0.000080395706;0.000159595529;0.000078291721;0.000162324087;
2019;03;10;3;0;0.000069787976;0.000146796623;0.000075737740;0.000157435625;
2019;03;10;4;0;0.000063607002;0.000138196727;0.000074219929;0.000152617072;
2019;03;10;5;0;0.000060314210;0.000133733177;0.000073472458;0.000146173810;
2019;03;10;6;0;0.000059580631;0.000137821295;0.000074220353;0.000141287345;
2019;03;10;7;0;0.000061478485;0.000140352322;0.000076373499;0.000138814481;
2019;03;10;8;0;0.000066991795;0.000113070840;0.000072063494;0.000088990082;
2019;03;10;9;0;0.000081104541;0.000092968338;0.000070793429;0.000058101930;
2019;03;10;10;0;0.000103558291;0.000098864263;0.000075411327;0.000063349230;
2019;03;10;11;0;0.000122519890;0.000105455007;0.000080622571;0.000069083550;
2019;03;10;12;0;0.000131221394;0.000102509578;0.000085035291;0.000071582813;
2019;03;10;13;0;0.000133547976;0.000087192773;0.000087537483;0.000069254037;
2019;03;10;14;0;0.000138230434;0.000084037490;0.000087372406;0.000067046826;
2019;03;10;15;0;0.000135693570;0.000081412355;0.000084889291;0.000065972784;
2019;03;10;16;0;0.000122763354;0.000073532855;0.000081889149;0.000061471730;
2019;03;10;17;0;0.000114994454;0.000068387122;0.000079186444;0.000057996556;
2019;03;10;18;0;0.000112665442;0.000066658326;0.000076938769;0.000057598180;
2019;03;10;19;0;0.000117358330;0.000068683356;0.000077202254;0.000059093567;
2019;03;10;20;0;0.000133586146;0.000103175614;0.000088311529;0.000102457382;
2019;03;10;21;0;0.000151868739;0.000140919790;0.000096451196;0.000167660281;
2019;03;10;22;0;0.000156030990;0.000153356613;0.000096268486;0.000187863572;
2019;03;10;23;0;0.000138196710;0.000177731433;0.000089703005;0.000183132779;
2019;03;10;24;0;0.000114034247;0.000181220513;0.000082865136;0.000167157132;
2019;03;11;1;0;0.000087648874;0.000168948514;0.000076046731;0.000150922832;
2019;03;11;2;0;0.000069973456;0.000153736235;0.000072923377;0.000155552611;
2019;03;11;3;0;0.000061127219;0.000141101079;0.000071701883;0.000150532681;
2019;03;11;4;0;0.000057108308;0.000133201004;0.000071183962;0.000144490867;
2019;03;11;5;0;0.000055823434;0.000129989630;0.000071302622;0.000140228866;
2019;03;11;6;0;0.000057465977;0.000134094768;0.000073946979;0.000136916244;
2019;03;11;7;0;0.000067794238;0.000141756606;0.000084264763;0.000139299913;
2019;03;11;8;0;0.000090981597;0.000130463595;0.000099323954;0.000105156414;
2019;03;11;9;0;0.000110051877;0.000112838999;0.000131030592;0.000074818927;
2019;03;11;10;0;0.000122572432;0.000110246510;0.000154150008;0.000073922289;
2019;03;11;11;0;0.000132977282;0.000108639450;0.000161441898;0.000075190106;
2019;03;11;12;0;0.000135845062;0.000101404126;0.000161340800;0.000072781341;
2019;03;11;13;0;0.000138518692;0.000085896621;0.000159910578;0.000071954457;
2019;03;11;14;0;0.000143276000;0.000083943736;0.000150835079;0.000071243575;
2019;03;11;15;0;0.000138519405;0.000081546940;0.000132376929;0.000067898782;
2019;03;11;16;0;0.000129671653;0.000075657098;0.000126455401;0.000061826472;
2019;03;11;17;0;0.000126186077;0.000071933070;0.000127069641;0.000060409324;
2019;03;11;18;0;0.000128245435;0.000071600242;0.000127344555;0.000061308608;
2019;03;11;19;0;0.000133459538;0.000073783988;0.000123083798;0.000064307498;
2019;03;11;20;0;0.000147895541;0.000106032169;0.000126945209;0.000108072361;
2019;03;11;21;0;0.000163920537;0.000142319018;0.000123053837;0.000167183246;
2019;03;11;22;0;0.000166916035;0.000159520137;0.000108877121;0.000191391882;
2019;03;11;23;0;0.000145878080;0.000180172946;0.000093926079;0.000184444060;
2019;03;11;24;0;0.000115951881;0.000182005230;0.000084283551;0.000165701790;
2019;03;12;1;0;0.000090303167;0.000175620643;0.000079992620;0.000153871556;
2019;03;12;2;0;0.000071763332;0.000158825841;0.000076564894;0.000164478316;
2019;03;12;3;0;0.000062797768;0.000146131221;0.000074944481;0.000161159762;
2019;03;12;4;0;0.000058970708;0.000138397449;0.000074089673;0.000155733207;
2019;03;12;5;0;0.000057829471;0.000135032049;0.000074197081;0.000149022271;
2019;03;12;6;0;0.000059780265;0.000140624966;0.000076808363;0.000144444147;
2019;03;12;7;0;0.000070746984;0.000148468928;0.000087437337;0.000142891482;
2019;03;12;8;0;0.000095985893;0.000135375248;0.000102659750;0.000105012724;
2019;03;12;9;0;0.000115288974;0.000117323212;0.000133557883;0.000075274473;
2019;03;12;10;0;0.000126207997;0.000114063053;0.000155739968;0.000075157791;
2019;03;12;11;0;0.000134763540;0.000110558314;0.000162794611;0.000074701931;
2019;03;12;12;0;0.000136024302;0.000101296270;0.000162687809;0.000071674529;
2019;03;12;13;0;0.000138294443;0.000085052912;0.000161572595;0.000069249932;
2019;03;12;14;0;0.000142332837;0.000083375655;0.000152035376;0.000068352567;
2019;03;12;15;0;0.000137698038;0.000081106298;0.000133438817;0.000065966529;
2019;03;12;16;0;0.000129421896;0.000075805880;0.000127720741;0.000061509360;
2019;03;12;17;0;0.000125783430;0.000072472764;0.000127961156;0.000059643156;
2019;03;12;18;0;0.000127999723;0.000072253717;0.000128831502;0.000060483944;
2019;03;12;19;0;0.000132753640;0.000074586836;0.000125629541;0.000063772740;
2019;03;12;20;0;0.000148463466;0.000110074732;0.000131416183;0.000113073825;
2019;03;12;21;0;0.000165434055;0.000147238919;0.000127611026;0.000173687064;
2019;03;12;22;0;0.000167822621;0.000162924457;0.000112951588;0.000195342936;
2019;03;12;23;0;0.000147310477;0.000186212263;0.000097538593;0.000189406289;
2019;03;12;24;0;0.000118700988;0.000188449517;0.000087217687;0.000170455736;
2019;03;13;1;0;0.000091766937;0.000177606353;0.000081325131;0.000154812696;
2019;03;13;2;0;0.000072915067;0.000160563708;0.000077828017;0.000165376168;
2019;03;13;3;0;0.000063837623;0.000147899205;0.000076219089;0.000162374445;
2019;03;13;4;0;0.000059945228;0.000140061391;0.000075347275;0.000156885756;
2019;03;13;5;0;0.000058809185;0.000136783382;0.000075487381;0.000150379866;
2019;03;13;6;0;0.000060799248;0.000142482806;0.000078152069;0.000145824809;
2019;03;13;7;0;0.000071906226;0.000150206244;0.000088909278;0.000143864868;
2019;03;13;8;0;0.000097546902;0.000136921582;0.000104375332;0.000105675388;
2019;03;13;9;0;0.000117140335;0.000118608782;0.000135762495;0.000075686358;
2019;03;13;10;0;0.000128257381;0.000115359715;0.000158338735;0.000075624990;
2019;03;13;11;0;0.000137015350;0.000111933809;0.000165587838;0.000075311194;
2019;03;13;12;0;0.000138317383;0.000102590770;0.000165503379;0.000072302804;
2019;03;13;13;0;0.000140638198;0.000086157169;0.000164383362;0.000069882374;
2019;03;13;14;0;0.000144739594;0.000084450778;0.000154674420;0.000068965703;
2019;03;13;15;0;0.000140022290;0.000082146663;0.000135751051;0.000066550297;
2019;03;13;16;0;0.000131605224;0.000076776641;0.000129932679;0.000062051365;
2019;03;13;17;0;0.000127866767;0.000073350252;0.000130137962;0.000060093671;
2019;03;13;18;0;0.000130119408;0.000073128088;0.000131022752;0.000060940107;
2019;03;13;19;0;0.000134959866;0.000075499452;0.000127773729;0.000064269187;
2019;03;13;20;0;0.000150941229;0.000111439251;0.000133668395;0.000113986961;
2019;03;13;21;0;0.000168226683;0.000149128006;0.000129822439;0.000175224997;
2019;03;13;22;0;0.000170608208;0.000164910277;0.000114877072;0.000196846903;
2019;03;13;23;0;0.000149729286;0.000188406610;0.000099183905;0.000190727272;
2019;03;13;24;0;0.000120639823;0.000190633365;0.000088681396;0.000171584468;
2019;03;14;1;0;0.000091629285;0.000177567656;0.000081193069;0.000155075605;
2019;03;14;2;0;0.000072856947;0.000160786533;0.000077756334;0.000166137881;
2019;03;14;3;0;0.000063754479;0.000147934207;0.000076110376;0.000162785207;
2019;03;14;4;0;0.000059858092;0.000140046261;0.000075228416;0.000157184959;
2019;03;14;5;0;0.000058707526;0.000136682955;0.000075347543;0.000150496940;
2019;03;14;6;0;0.000060693941;0.000142377943;0.000078007027;0.000145940207;
2019;03;14;7;0;0.000071786397;0.000150118866;0.000088750103;0.000144020616;
2019;03;14;8;0;0.000097341456;0.000136703134;0.000104142584;0.000105593144;
2019;03;14;9;0;0.000116935031;0.000118515573;0.000135507741;0.000075738837;
2019;03;14;10;0;0.000128004114;0.000115210244;0.000158006463;0.000075607073;
2019;03;14;11;0;0.000136683574;0.000111674292;0.000165166383;0.000075153416;
2019;03;14;12;0;0.000137934015;0.000102270794;0.000165024185;0.000072046420;
2019;03;14;13;0;0.000140279481;0.000085932005;0.000163943740;0.000069698676;
2019;03;14;14;0;0.000144356538;0.000084211676;0.000154245933;0.000068757415;
2019;03;14;15;0;0.000139616998;0.000081867548;0.000135341330;0.000066281013;
2019;03;14;16;0;0.000131243221;0.000076540943;0.000129559202;0.000061837023;
2019;03;14;17;0;0.000127558091;0.000073181444;0.000129807698;0.000059969661;
2019;03;14;18;0;0.000129751280;0.000072890383;0.000130635861;0.000060709453;
2019;03;14;19;0;0.000134573089;0.000075247373;0.000127391742;0.000064014907;
2019;03;14;20;0;0.000150436091;0.000110944518;0.000133204535;0.000113308002;
2019;03;14;21;0;0.000167642419;0.000148424365;0.000129355507;0.000174097394;
2019;03;14;22;0;0.000170099013;0.000164316699;0.000114520003;0.000195980657;
2019;03;14;23;0;0.000149370894;0.000187981923;0.000098934223;0.000190350319;
2019;03;14;24;0;0.000120365335;0.000190255032;0.000088468646;0.000171328723;
2019;03;15;1;0;0.000087608046;0.000164162566;0.000080119908;0.000143541291;
2019;03;15;2;0;0.000069828233;0.000147795865;0.000076404923;0.000156569790;
2019;03;15;3;0;0.000060974755;0.000135753709;0.000074886700;0.000153543974;
2019;03;15;4;0;0.000057291571;0.000128920421;0.000074051134;0.000147776516;
2019;03;15;5;0;0.000056152967;0.000126255992;0.000074137918;0.000140404894;
2019;03;15;6;0;0.000058216632;0.000131826823;0.000076710796;0.000135401390;
2019;03;15;7;0;0.000069332171;0.000139319453;0.000087090584;0.000135180246;
2019;03;15;8;0;0.000094678177;0.000125888720;0.000101434993;0.000099874424;
2019;03;15;9;0;0.000113424496;0.000112242971;0.000133488080;0.000079369811;
2019;03;15;10;0;0.000122640341;0.000109917260;0.000155822554;0.000076382335;
2019;03;15;11;0;0.000129998212;0.000107022789;0.000162191180;0.000076686562;
2019;03;15;12;0;0.000130699225;0.000098075680;0.000162513258;0.000074709167;
2019;03;15;13;0;0.000132998971;0.000081989537;0.000161456532;0.000072758484;
2019;03;15;14;0;0.000137859888;0.000082366146;0.000151874035;0.000071690181;
2019;03;15;15;0;0.000134613357;0.000080690334;0.000131827461;0.000068672226;
2019;03;15;16;0;0.000128127658;0.000076164071;0.000123209056;0.000063914176;
2019;03;15;17;0;0.000125267302;0.000073294068;0.000122265128;0.000063524996;
2019;03;15;18;0;0.000127315719;0.000073369124;0.000122408167;0.000064886961;
2019;03;15;19;0;0.000131022539;0.000075437224;0.000121975277;0.000066444685;
2019;03;15;20;0;0.000143457877;0.000111553246;0.000131349850;0.000114062779;
2019;03;15;21;0;0.000154771900;0.000143309340;0.000129853632;0.000168649599;
2019;03;15;22;0;0.000156317426;0.000152222624;0.000115168905;0.000176110028;
2019;03;15;23;0;0.000139834109;0.000177597627;0.000101275314;0.000170908491;
2019;03;15;24;0;0.000117153672;0.000178527129;0.000091688247;0.000153524710;
2019;03;16;1;0;0.000095513119;0.000168520475;0.000083207670;0.000153313226;
2019;03;16;2;0;0.000077448300;0.000153223015;0.000077829623;0.000163642740;
2019;03;16;3;0;0.000066720186;0.000140743313;0.000075427838;0.000158667971;
2019;03;16;4;0;0.000061076653;0.000132555157;0.000074109661;0.000154081508;
2019;03;16;5;0;0.000058813174;0.000128879133;0.000073759453;0.000146325745;
2019;03;16;6;0;0.000058871586;0.000134357400;0.000074709495;0.000142492569;
2019;03;16;7;0;0.000062188858;0.000136564887;0.000078130957;0.000136948339;
2019;03;16;8;0;0.000070768442;0.000109210244;0.000075633256;0.000084075279;
2019;03;16;9;0;0.000090264635;0.000096218394;0.000082140503;0.000064345758;
2019;03;16;10;0;0.000115346918;0.000104967175;0.000093557550;0.000071951225;
2019;03;16;11;0;0.000132668219;0.000108985783;0.000104712057;0.000079672166;
2019;03;16;12;0;0.000137133721;0.000102836717;0.000108635761;0.000077488925;
2019;03;16;13;0;0.000138482603;0.000085378036;0.000110028116;0.000073606723;
2019;03;16;14;0;0.000143432308;0.000085157244;0.000106196219;0.000071893049;
2019;03;16;15;0;0.000140798761;0.000083295372;0.000097666924;0.000070412625;
2019;03;16;16;0;0.000127576160;0.000075844878;0.000093662445;0.000063762257;
2019;03;16;17;0;0.000118831257;0.000070738534;0.000091972233;0.000060528055;
2019;03;16;18;0;0.000116586974;0.000068623419;0.000093173050;0.000059880212;
2019;03;16;19;0;0.000119145538;0.000070268405;0.000094722310;0.000061928517;
2019;03;16;20;0;0.000130787289;0.000105144572;0.000108622441;0.000108600148;
2019;03;16;21;0;0.000144514076;0.000139493997;0.000115557633;0.000172925608;
2019;03;16;22;0;0.000149386133;0.000147301674;0.000108057582;0.000180933578;
2019;03;16;23;0;0.000136577238;0.000175446906;0.000098654556;0.000177138660;
2019;03;16;24;0;0.000117066223;0.000179010764;0.000090790177;0.000160585253;
2019;03;17;1;0;0.000097435880;0.000173845385;0.000083642443;0.000156665771;
2019;03;17;2;0;0.000080168480;0.000159131070;0.000078071119;0.000161761934;
2019;03;17;3;0;0.000069626856;0.000146542553;0.000075563540;0.000157225294;
2019;03;17;4;0;0.000063465310;0.000137983077;0.000074055237;0.000152464054;
2019;03;17;5;0;0.000060205518;0.000133656459;0.000073340689;0.000146284635;
2019;03;17;6;0;0.000059462829;0.000137687075;0.000074074248;0.000141292014;
2019;03;17;7;0;0.000061330454;0.000140077421;0.000076190264;0.000138571270;
2019;03;17;8;0;0.000066783522;0.000112667742;0.000071840078;0.000088574268;
2019;03;17;9;0;0.000080941344;0.000092870355;0.000070651593;0.000058095413;
2019;03;17;10;0;0.000103302590;0.000098656460;0.000075225778;0.000063221269;
2019;03;17;11;0;0.000122253390;0.000105304498;0.000080447903;0.000069028933;
2019;03;17;12;0;0.000130996768;0.000102471975;0.000084890463;0.000071663993;
2019;03;17;13;0;0.000133416478;0.000087306126;0.000087452048;0.000069542581;
2019;03;17;14;0;0.000138114332;0.000084174240;0.000087299779;0.000067365286;
2019;03;17;15;0;0.000135615012;0.000081592846;0.000084840883;0.000066355467;
2019;03;17;16;0;0.000122617665;0.000073594037;0.000081792678;0.000061674750;
2019;03;17;17;0;0.000114811713;0.000068381240;0.000079061293;0.000058091894;
2019;03;17;18;0;0.000112470067;0.000066630564;0.000076806015;0.000057658521;
2019;03;17;19;0;0.000117199520;0.000068715201;0.000077098453;0.000059251192;
2019;03;17;20;0;0.000133247795;0.000102943385;0.000088088616;0.000102221867;
2019;03;17;21;0;0.000151537698;0.000140717178;0.000096241790;0.000167524540;
2019;03;17;22;0;0.000155678061;0.000153107491;0.000096051569;0.000187648462;
2019;03;17;23;0;0.000137807051;0.000177216899;0.000089450856;0.000182503513;
2019;03;17;24;0;0.000113755785;0.000180851917;0.000082663504;0.000166842545;
2019;03;18;1;0;0.000085802448;0.000166603032;0.000074396950;0.000149984243;
2019;03;18;2;0;0.000068504803;0.000151629414;0.000071346999;0.000154636146;
2019;03;18;3;0;0.000059845105;0.000139172472;0.000070152927;0.000149656901;
2019;03;18;4;0;0.000055926497;0.000131466747;0.000069666136;0.000143822492;
2019;03;18;5;0;0.000054685100;0.000128388544;0.000069803822;0.000139762556;
2019;03;18;6;0;0.000056264586;0.000132286248;0.000072354577;0.000136173729;
2019;03;18;7;0;0.000066283617;0.000139393522;0.000082334274;0.000137729234;
2019;03;18;8;0;0.000088828556;0.000127873135;0.000096911271;0.000103357825;
2019;03;18;9;0;0.000107490671;0.000110700807;0.000127899034;0.000073664046;
2019;03;18;10;0;0.000119748245;0.000108216438;0.000150501611;0.000072853803;
2019;03;18;11;0;0.000129942359;0.000106693399;0.000157656105;0.000074171870;
2019;03;18;12;0;0.000132789607;0.000099664852;0.000157610693;0.000071896839;
2019;03;18;13;0;0.000135402454;0.000084422434;0.000156212790;0.000071078694;
2019;03;18;14;0;0.000140128773;0.000082605376;0.000147427149;0.000070534495;
2019;03;18;15;0;0.000135459103;0.000080223077;0.000129369268;0.000067187104;
2019;03;18;16;0;0.000126766958;0.000074375459;0.000123543428;0.000061099088;
2019;03;18;17;0;0.000123336411;0.000070684290;0.000124120327;0.000059652302;
2019;03;18;18;0;0.000125374051;0.000070389018;0.000124413459;0.000060589823;
2019;03;18;19;0;0.000130496098;0.000072567254;0.000120273525;0.000063603609;
2019;03;18;20;0;0.000144504783;0.000104107115;0.000123955186;0.000106560009;
2019;03;18;21;0;0.000160203751;0.000139818536;0.000120186507;0.000165024677;
2019;03;18;22;0;0.000163173803;0.000156810909;0.000106367817;0.000189125600;
2019;03;18;23;0;0.000142640558;0.000177206359;0.000091782614;0.000182433198;
2019;03;18;24;0;0.000113364248;0.000178957210;0.000082349768;0.000163810774;
2019;03;19;1;0;0.000085324994;0.000168945455;0.000075463480;0.000150755349;
2019;03;19;2;0;0.000067833230;0.000152922906;0.000072257546;0.000161402954;
2019;03;19;3;0;0.000059357947;0.000140697309;0.000070727440;0.000158143943;
2019;03;19;4;0;0.000055729401;0.000133190767;0.000069906785;0.000152694659;
2019;03;19;5;0;0.000054648436;0.000129939882;0.000070004983;0.000146093670;
2019;03;19;6;0;0.000056463740;0.000135170268;0.000072432577;0.000141325343;
2019;03;19;7;0;0.000066723710;0.000142228681;0.000082334678;0.000138948310;
2019;03;19;8;0;0.000090283317;0.000128883703;0.000096408188;0.000100965222;
2019;03;19;9;0;0.000108379840;0.000111556846;0.000125355640;0.000072208608;
2019;03;19;10;0;0.000118760130;0.000108700377;0.000146317911;0.000072393275;
2019;03;19;11;0;0.000126950564;0.000105626870;0.000153114342;0.000072285829;
2019;03;19;12;0;0.000128215050;0.000096910898;0.000153105619;0.000069529642;
2019;03;19;13;0;0.000130400420;0.000081435809;0.000152109234;0.000067275053;
2019;03;19;14;0;0.000134256946;0.000079895901;0.000143182497;0.000066502545;
2019;03;19;15;0;0.000129858959;0.000077685575;0.000125643483;0.000064127903;
2019;03;19;16;0;0.000121934544;0.000072446487;0.000120141776;0.000059553207;
2019;03;19;17;0;0.000118442244;0.000069174979;0.000120302588;0.000057615869;
2019;03;19;18;0;0.000120557055;0.000069002372;0.000121148849;0.000058484140;
2019;03;19;19;0;0.000125054516;0.000071255954;0.000118156695;0.000061702875;
2019;03;19;20;0;0.000139837799;0.000105132620;0.000123585481;0.000109354320;
2019;03;19;21;0;0.000156002443;0.000141001075;0.000120145720;0.000168785566;
2019;03;19;22;0;0.000158353698;0.000156243818;0.000106410301;0.000190315947;
2019;03;19;23;0;0.000139146641;0.000179007936;0.000091987581;0.000185332667;
2019;03;19;24;0;0.000112113467;0.000181125794;0.000082247297;0.000166737578;
2019;03;20;1;0;0.000091451318;0.000176714558;0.000081044345;0.000153634477;
2019;03;20;2;0;0.000072725033;0.000160062111;0.000077624144;0.000164683021;
2019;03;20;3;0;0.000063690132;0.000147536863;0.000076041977;0.000161891300;
2019;03;20;4;0;0.000059795359;0.000139657500;0.000075157897;0.000156295576;
2019;03;20;5;0;0.000058653380;0.000136341875;0.000075286386;0.000149719214;
2019;03;20;6;0;0.000060647686;0.000142072663;0.000077956209;0.000145273163;
2019;03;20;7;0;0.000071823348;0.000150236811;0.000088805618;0.000144131144;
2019;03;20;8;0;0.000097398675;0.000136833636;0.000104215339;0.000105707046;
2019;03;20;9;0;0.000117050069;0.000118736296;0.000135656070;0.000075945635;
2019;03;20;10;0;0.000128106971;0.000115377219;0.000158150938;0.000075756706;
2019;03;20;11;0;0.000136793356;0.000111836050;0.000165317346;0.000075302034;
2019;03;20;12;0;0.000138076484;0.000102472676;0.000165212927;0.000072257587;
2019;03;20;13;0;0.000140434675;0.000086116015;0.000164143288;0.000069923999;
2019;03;20;14;0;0.000144582847;0.000084480572;0.000154504852;0.000069110204;
2019;03;20;15;0;0.000139861517;0.000082163479;0.000135593374;0.000066672054;
2019;03;20;16;0;0.000131455163;0.000076793787;0.000129782794;0.000062167056;
2019;03;20;17;0;0.000127737342;0.000073388200;0.000130004504;0.000060237937;
2019;03;20;18;0;0.000129925444;0.000073085895;0.000130825696;0.000060965464;
2019;03;20;19;0;0.000134723957;0.000075411357;0.000127548680;0.000064226962;
2019;03;20;20;0;0.000150593331;0.000111166930;0.000133358529;0.000113647159;
2019;03;20;21;0;0.000167992462;0.000149075394;0.000129639959;0.000175368783;
2019;03;20;22;0;0.000170477542;0.000165087148;0.000114787558;0.000197513510;
2019;03;20;23;0;0.000149586071;0.000188526800;0.000099087714;0.000191223498;
2019;03;20;24;0;0.000120454808;0.000190504530;0.000088544211;0.000171624837;
2019;03;21;1;0;0.000092271792;0.000178362149;0.000081783860;0.000155309135;
2019;03;21;2;0;0.000073359478;0.000161464072;0.000078313211;0.000166310183;
2019;03;21;3;0;0.000064193085;0.000148551257;0.000076654102;0.000162940619;
2019;03;21;4;0;0.000060257233;0.000140562906;0.000075749929;0.000157198174;
2019;03;21;5;0;0.000059120296;0.000137299805;0.000075897226;0.000150732363;
2019;03;21;6;0;0.000061126160;0.000143049215;0.000078583162;0.000146220068;
2019;03;21;7;0;0.000072308706;0.000150879562;0.000089419305;0.000144388597;
2019;03;21;8;0;0.000098020262;0.000137301410;0.000104896346;0.000105730763;
2019;03;21;9;0;0.000117822775;0.000119202008;0.000136572327;0.000076032423;
2019;03;21;10;0;0.000128974565;0.000115874797;0.000159246166;0.000075896879;
2019;03;21;11;0;0.000137698755;0.000112279134;0.000166436792;0.000075393562;
2019;03;21;12;0;0.000138986153;0.000102871546;0.000166326613;0.000072336391;
2019;03;21;13;0;0.000141329212;0.000086408408;0.000165213912;0.000069937560;
2019;03;21;14;0;0.000145443476;0.000084687461;0.000155448130;0.000069006255;
2019;03;21;15;0;0.000140712986;0.000082389882;0.000136439562;0.000066608339;
2019;03;21;16;0;0.000132279256;0.000077036991;0.000130616223;0.000062153671;
2019;03;21;17;0;0.000128552284;0.000073639065;0.000130853766;0.000060252136;
2019;03;21;18;0;0.000130761097;0.000073344328;0.000131687121;0.000060992679;
2019;03;21;19;0;0.000135608480;0.000075700828;0.000128405579;0.000064290388;
2019;03;21;20;0;0.000151548200;0.000111536501;0.000134224484;0.000113653257;
2019;03;21;21;0;0.000169047559;0.000149551477;0.000130473976;0.000175339504;
2019;03;21;22;0;0.000171547224;0.000165612824;0.000115525336;0.000197479399;
2019;03;21;23;0;0.000150575682;0.000189272940;0.000099758383;0.000191455877;
2019;03;21;24;0;0.000121312059;0.000191475274;0.000089187895;0.000172184409;
2019;03;22;1;0;0.000088961668;0.000165906513;0.000081398291;0.000144338884;
2019;03;22;2;0;0.000070899115;0.000149327295;0.000077615243;0.000157365939;
2019;03;22;3;0;0.000061888566;0.000137052699;0.000076046805;0.000154105684;
2019;03;22;4;0;0.000058145934;0.000130132115;0.000075192799;0.000148271374;
2019;03;22;5;0;0.000056994790;0.000127464714;0.000075286786;0.000140917507;
2019;03;22;6;0;0.000059086032;0.000133070098;0.000077895105;0.000135856991;
2019;03;22;7;0;0.000070389490;0.000140733565;0.000088462690;0.000135810297;
2019;03;22;8;0;0.000096166354;0.000127301532;0.000103080612;0.000100535061;
2019;03;22;9;0;0.000115244633;0.000113586900;0.000135697629;0.000080002810;
2019;03;22;10;0;0.000124615849;0.000111248597;0.000158411305;0.000077010618;
2019;03;22;11;0;0.000132118841;0.000108368919;0.000164918940;0.000077381828;
2019;03;22;12;0;0.000132793465;0.000099244645;0.000165199379;0.000075297607;
2019;03;22;13;0;0.000135141038;0.000082982171;0.000164138520;0.000073356214;
2019;03;22;14;0;0.000140081408;0.000083364879;0.000154398129;0.000072281457;
2019;03;22;15;0;0.000136800784;0.000081693608;0.000134036241;0.000069276799;
2019;03;22;16;0;0.000130223172;0.000077129359;0.000125286402;0.000064504685;
2019;03;22;17;0;0.000127308972;0.000074213635;0.000124319660;0.000064097426;
2019;03;22;18;0;0.000129385974;0.000074283373;0.000124460485;0.000065461756;
2019;03;22;19;0;0.000133138172;0.000076357807;0.000124006462;0.000067002589;
2019;03;22;20;0;0.000145735142;0.000112844831;0.000133501269;0.000114890691;
2019;03;22;21;0;0.000157308028;0.000145135866;0.000132047079;0.000170229636;
2019;03;22;22;0;0.000158937046;0.000154290924;0.000117157178;0.000178025330;
2019;03;22;23;0;0.000142178036;0.000180011950;0.000103024120;0.000172768605;
2019;03;22;24;0;0.000119111667;0.000180934459;0.000093266996;0.000155165920;
2019;03;23;1;0;0.000097060740;0.000170628460;0.000084595256;0.000154713456;
2019;03;23;2;0;0.000078702270;0.000155135422;0.000079126576;0.000165129213;
2019;03;23;3;0;0.000067757320;0.000142293702;0.000076635979;0.000159692040;
2019;03;23;4;0;0.000062024006;0.000134005198;0.000075294194;0.000155054695;
2019;03;23;5;0;0.000059716660;0.000130245303;0.000074927399;0.000147160554;
2019;03;23;6;0;0.000059777458;0.000135789048;0.000075894375;0.000143318786;
2019;03;23;7;0;0.000063159565;0.000138088864;0.000079387434;0.000137866636;
2019;03;23;8;0;0.000071873913;0.000110431717;0.000076850470;0.000084642439;
2019;03;23;9;0;0.000091715043;0.000097392816;0.000083499212;0.000064898901;
2019;03;23;10;0;0.000117206509;0.000106261098;0.000095110105;0.000072585428;
2019;03;23;11;0;0.000134822673;0.000110358399;0.000106462045;0.000080412823;
2019;03;23;12;0;0.000139398098;0.000104195713;0.000110480969;0.000078296050;
2019;03;23;13;0;0.000140815203;0.000086571047;0.000111933499;0.000074474712;
2019;03;23;14;0;0.000145829041;0.000086320893;0.000108020994;0.000072700178;
2019;03;23;15;0;0.000143168137;0.000084455818;0.000099356693;0.000071236675;
2019;03;23;16;0;0.000129721043;0.000076899019;0.000095281475;0.000064505052;
2019;03;23;17;0;0.000120856958;0.000071759764;0.000093583606;0.000061292706;
2019;03;23;18;0;0.000118468497;0.000069471962;0.000094720773;0.000060412226;
2019;03;23;19;0;0.000121029864;0.000071085404;0.000096265156;0.000062395680;
2019;03;23;20;0;0.000132741554;0.000106156927;0.000110296821;0.000109024296;
2019;03;23;21;0;0.000146722900;0.000140947203;0.000117378476;0.000173852288;
2019;03;23;22;0;0.000151652652;0.000148799299;0.000109748110;0.000181823634;
2019;03;23;23;0;0.000138606513;0.000177105885;0.000100166970;0.000177784301;
2019;03;23;24;0;0.000118850129;0.000180858042;0.000092216576;0.000161420015;
2019;03;24;1;0;0.000097451226;0.000174059907;0.000083656434;0.000157073807;
2019;03;24;2;0;0.000080170478;0.000159279323;0.000078073828;0.000162094906;
2019;03;24;3;0;0.000069602426;0.000146553542;0.000075537765;0.000157305796;
2019;03;24;4;0;0.000063455986;0.000138057695;0.000074045081;0.000152670649;
2019;03;24;5;0;0.000060135538;0.000133418884;0.000073256158;0.000145869330;
2019;03;24;6;0;0.000059386480;0.000137403846;0.000073979862;0.000140818741;
2019;03;24;7;0;0.000061258302;0.000139823786;0.000076101375;0.000138169180;
2019;03;24;8;0;0.000066691676;0.000112412090;0.000071741978;0.000088242769;
2019;03;24;9;0;0.000080836067;0.000092675272;0.000070560389;0.000057895396;
2019;03;24;10;0;0.000103191556;0.000098500420;0.000075145657;0.000063063528;
2019;03;24;11;0;0.000122200266;0.000105292450;0.000080413731;0.000069040918;
2019;03;24;12;0;0.000130920743;0.000102426030;0.000084842025;0.000071632941;
2019;03;24;13;0;0.000133291245;0.000087195481;0.000087370814;0.000069409240;
2019;03;24;14;0;0.000138000529;0.000084089698;0.000087228699;0.000067268366;
2019;03;24;15;0;0.000135502749;0.000081510277;0.000084771479;0.000066259287;
2019;03;24;16;0;0.000122556978;0.000073575363;0.000081752995;0.000061669673;
2019;03;24;17;0;0.000114774609;0.000068390762;0.000079036515;0.000058128544;
2019;03;24;18;0;0.000112446240;0.000066656924;0.000076790494;0.000057721975;
2019;03;24;19;0;0.000117077338;0.000068611431;0.000077018829;0.000059110658;
2019;03;24;20;0;0.000133065832;0.000102711501;0.000087969181;0.000101840828;
2019;03;24;21;0;0.000151489708;0.000140739027;0.000096212251;0.000167635625;
2019;03;24;22;0;0.000155679443;0.000153244801;0.000096053360;0.000188023782;
2019;03;24;23;0;0.000137830654;0.000177441170;0.000089467051;0.000182989297;
2019;03;24;24;0;0.000113707958;0.000180836719;0.000082629557;0.000166879886;
2019;03;25;1;0;0.000086840185;0.000167943579;0.000075325423;0.000150545319;
2019;03;25;2;0;0.000069317416;0.000152769511;0.000072220825;0.000155068077;
2019;03;25;3;0;0.000060542181;0.000140150944;0.000070997101;0.000149942708;
2019;03;25;4;0;0.000056579883;0.000132401126;0.000070506887;0.000144116018;
2019;03;25;5;0;0.000055321444;0.000129287051;0.000070642992;0.000140019106;
2019;03;25;6;0;0.000056944487;0.000133345717;0.000073256802;0.000136669124;
2019;03;25;7;0;0.000067145603;0.000140803694;0.000083436759;0.000138758504;
2019;03;25;8;0;0.000089997777;0.000129212901;0.000098224281;0.000104197745;
2019;03;25;9;0;0.000108943745;0.000111950332;0.000129677366;0.000074370519;
2019;03;25;10;0;0.000121287151;0.000109273003;0.000152493794;0.000073351068;
2019;03;25;11;0;0.000131625930;0.000107760691;0.000159759571;0.000074710367;
2019;03;25;12;0;0.000134460155;0.000100576377;0.000159654288;0.000072307230;
2019;03;25;13;0;0.000137106537;0.000085195513;0.000158239026;0.000071485908;
2019;03;25;14;0;0.000141865004;0.000083325247;0.000149310658;0.000070882494;
2019;03;25;15;0;0.000137190457;0.000080993524;0.000131072691;0.000067626205;
2019;03;25;16;0;0.000128408319;0.000075117933;0.000125190717;0.000061540181;
2019;03;25;17;0;0.000124995840;0.000071471569;0.000125838216;0.000060207595;
2019;03;25;18;0;0.000127048446;0.000071157179;0.000126123046;0.000061129439;
2019;03;25;19;0;0.000132196232;0.000073305235;0.000121886884;0.000064084879;
2019;03;25;20;0;0.000146312633;0.000105042543;0.000125553750;0.000107136841;
2019;03;25;21;0;0.000162357947;0.000141373222;0.000121849000;0.000166555010;
2019;03;25;22;0;0.000165336824;0.000158485727;0.000107818873;0.000190727330;
2019;03;25;23;0;0.000144425658;0.000178801048;0.000092966640;0.000183427499;
2019;03;25;24;0;0.000114791597;0.000180598463;0.000083418380;0.000164753969;
2019;03;26;1;0;0.000089112431;0.000173787416;0.000078909720;0.000152616630;
2019;03;26;2;0;0.000070858329;0.000157376652;0.000075572409;0.000163527905;
2019;03;26;3;0;0.000062015243;0.000144848015;0.000073984231;0.000160328851;
2019;03;26;4;0;0.000058222715;0.000137111422;0.000073123852;0.000154785792;
2019;03;26;5;0;0.000057116461;0.000133887129;0.000073256161;0.000148336132;
2019;03;26;6;0;0.000059061454;0.000139531953;0.000075857771;0.000143966945;
2019;03;26;7;0;0.000069880260;0.000147237465;0.000086335373;0.000142283191;
2019;03;26;8;0;0.000094700467;0.000133896625;0.000101248870;0.000104060647;
2019;03;26;9;0;0.000113812211;0.000116199181;0.000131800144;0.000074776774;
2019;03;26;10;0;0.000124550871;0.000112886264;0.000153640335;0.000074560152;
2019;03;26;11;0;0.000133055738;0.000109533843;0.000160674329;0.000074250887;
2019;03;26;12;0;0.000134311618;0.000100376598;0.000160582181;0.000071266219;
2019;03;26;13;0;0.000136615090;0.000084368055;0.000159553712;0.000068984757;
2019;03;26;14;0;0.000140597626;0.000082695013;0.000150128382;0.000068076704;
2019;03;26;15;0;0.000136035607;0.000080466195;0.000131780848;0.000065732904;
2019;03;26;16;0;0.000127878800;0.000075233711;0.000126152973;0.000061330071;
2019;03;26;17;0;0.000124281662;0.000071923113;0.000126388350;0.000059465511;
2019;03;26;18;0;0.000126422259;0.000071641989;0.000127198461;0.000060206789;
2019;03;26;19;0;0.000131067740;0.000073891019;0.000123989931;0.000063380263;
2019;03;26;20;0;0.000146462448;0.000108850709;0.000129598750;0.000112008219;
2019;03;26;21;0;0.000163410153;0.000146022620;0.000126004946;0.000172955702;
2019;03;26;22;0;0.000165769800;0.000161578874;0.000111530211;0.000194519839;
2019;03;26;23;0;0.000145414545;0.000184402973;0.000096248943;0.000188109473;
2019;03;26;24;0;0.000117133030;0.000186472293;0.000086034943;0.000169048983;
2019;03;27;1;0;0.000089353101;0.000174231487;0.000079127189;0.000153031344;
2019;03;27;2;0;0.000071034766;0.000157703262;0.000075764753;0.000163830740;
2019;03;27;3;0;0.000062172912;0.000145166047;0.000074176413;0.000160660903;
2019;03;27;4;0;0.000058374855;0.000137434606;0.000073318963;0.000155151694;
2019;03;27;5;0;0.000057257861;0.000134160840;0.000073441559;0.000148603194;
2019;03;27;6;0;0.000059189824;0.000139720814;0.000076026832;0.000144045723;
2019;03;27;7;0;0.000070016769;0.000147362265;0.000086508787;0.000142229399;
2019;03;27;8;0;0.000094914117;0.000134103218;0.000101482878;0.000104153514;
2019;03;27;9;0;0.000114087852;0.000116422561;0.000132126620;0.000074895041;
2019;03;27;10;0;0.000124857495;0.000113113569;0.000154027048;0.000074690386;
2019;03;27;11;0;0.000133335529;0.000109664444;0.000161021057;0.000074269892;
2019;03;27;12;0;0.000134597971;0.000100502997;0.000160933399;0.000071293141;
2019;03;27;13;0;0.000136911266;0.000084481238;0.000159908418;0.000069021129;
2019;03;27;14;0;0.000140952581;0.000082873175;0.000150515682;0.000068212531;
2019;03;27;15;0;0.000136379175;0.000080639759;0.000132120940;0.000065864417;
2019;03;27;16;0;0.000128155968;0.000075334560;0.000126433358;0.000061362312;
2019;03;27;17;0;0.000124508318;0.000071963109;0.000126625816;0.000059412388;
2019;03;27;18;0;0.000126652192;0.000071680971;0.000127436819;0.000060151599;
2019;03;27;19;0;0.000131319486;0.000073948210;0.000124234919;0.000063348046;
2019;03;27;20;0;0.000146714337;0.000108884806;0.000129828781;0.000111857263;
2019;03;27;21;0;0.000163735834;0.000146160290;0.000126263025;0.000172922354;
2019;03;27;22;0;0.000166104450;0.000161740935;0.000111761514;0.000194504234;
2019;03;27;23;0;0.000145793397;0.000184833845;0.000096505013;0.000188545770;
2019;03;27;24;0;0.000117409560;0.000186804425;0.000086242802;0.000169272319;
2019;03;28;1;0;0.000089323264;0.000174258506;0.000079096665;0.000153174440;
2019;03;28;2;0;0.000071037813;0.000157863184;0.000075764074;0.000164238039;
2019;03;28;3;0;0.000062167045;0.000145268084;0.000074165567;0.000160970786;
2019;03;28;4;0;0.000058357962;0.000137470121;0.000073293945;0.000155326456;
2019;03;28;5;0;0.000057234096;0.000134157192;0.000073407270;0.000148694268;
2019;03;28;6;0;0.000059174710;0.000139768697;0.000076003478;0.000144232447;
2019;03;28;7;0;0.000069999515;0.000147416130;0.000086482984;0.000142420581;
2019;03;28;8;0;0.000094860857;0.000134055024;0.000101420672;0.000104155119;
2019;03;28;9;0;0.000113999857;0.000116324578;0.000132017865;0.000074830350;
2019;03;28;10;0;0.000124754503;0.000113004502;0.000153892014;0.000074609246;
2019;03;28;11;0;0.000133241248;0.000109588267;0.000160898856;0.000074225575;
2019;03;28;12;0;0.000134473628;0.000100383372;0.000160776389;0.000071186502;
2019;03;28;13;0;0.000136783620;0.000084379079;0.000159751046;0.000068915598;
2019;03;28;14;0;0.000140828270;0.000082782562;0.000150375138;0.000068122679;
2019;03;28;15;0;0.000136245041;0.000080532888;0.000131984150;0.000065750031;
2019;03;28;16;0;0.000128050964;0.000075262919;0.000126323215;0.000061297224;
2019;03;28;17;0;0.000124431775;0.000071928294;0.000126541409;0.000059399614;
2019;03;28;18;0;0.000126564178;0.000071633169;0.000127341656;0.000060118726;
2019;03;28;19;0;0.000131179296;0.000073835669;0.000124095856;0.000063214693;
2019;03;28;20;0;0.000146514195;0.000108644907;0.000129644950;0.000111482647;
2019;03;28;21;0;0.000163484202;0.000145781931;0.000126062445;0.000172226620;
2019;03;28;22;0;0.000165942051;0.000161528939;0.000111646455;0.000194172193;
2019;03;28;23;0;0.000145671530;0.000184651242;0.000096419346;0.000188333559;
2019;03;28;24;0;0.000117338811;0.000186719113;0.000086186364;0.000169243907;
2019;03;29;1;0;0.000086865795;0.000162933363;0.000079430173;0.000142498879;
2019;03;29;2;0;0.000069277997;0.000146888448;0.000075792437;0.000155812288;
2019;03;29;3;0;0.000060485081;0.000134873351;0.000074275085;0.000152704994;
2019;03;29;4;0;0.000056849205;0.000128175329;0.000073469255;0.000147157085;
2019;03;29;5;0;0.000055721529;0.000125537127;0.000073558178;0.000139837721;
2019;03;29;6;0;0.000057759348;0.000131023895;0.000076097775;0.000134755372;
2019;03;29;7;0;0.000068781753;0.000138443693;0.000086387301;0.000134486347;
2019;03;29;8;0;0.000093884177;0.000124968186;0.000100570494;0.000099175277;
2019;03;29;9;0;0.000112509019;0.000111503822;0.000132392453;0.000078920110;
2019;03;29;10;0;0.000121640781;0.000109173656;0.000154531291;0.000075924870;
2019;03;29;11;0;0.000128974783;0.000106366901;0.000160892175;0.000076316037;
2019;03;29;12;0;0.000129669808;0.000097473865;0.000161211089;0.000074347247;
2019;03;29;13;0;0.000132012345;0.000081572419;0.000160236758;0.000072544541;
2019;03;29;14;0;0.000136852608;0.000081968149;0.000150743623;0.000071512527;
2019;03;29;15;0;0.000133716639;0.000080419592;0.000130931289;0.000068686021;
2019;03;29;16;0;0.000127277399;0.000075913098;0.000122374603;0.000063934323;
2019;03;29;17;0;0.000124448329;0.000073069219;0.000121449076;0.000063571651;
2019;03;29;18;0;0.000126483284;0.000073144090;0.000121591093;0.000064935011;
2019;03;29;19;0;0.000130171794;0.000075214382;0.000121166610;0.000066509236;
2019;03;29;20;0;0.000142347397;0.000110902910;0.000130315170;0.000113572528;
2019;03;29;21;0;0.000153675395;0.000142689836;0.000128915930;0.000168388013;
2019;03;29;22;0;0.000155261013;0.000151677794;0.000114374846;0.000176072730;
2019;03;29;23;0;0.000138850887;0.000176850940;0.000100549381;0.000170678550;
2019;03;29;24;0;0.000116340205;0.000177812478;0.000091039077;0.000153374421;
2019;03;30;1;0;0.000095646301;0.000168734290;0.000083331124;0.000153492975;
2019;03;30;2;0;0.000077560579;0.000153436704;0.000077949405;0.000163871660;
2019;03;30;3;0;0.000066792357;0.000140821715;0.000075516162;0.000158650535;
2019;03;30;4;0;0.000061142268;0.000132626740;0.000074195893;0.000154059773;
2019;03;30;5;0;0.000058871967;0.000128926741;0.000073839771;0.000146259852;
2019;03;30;6;0;0.000058925366;0.000134380398;0.000074784411;0.000142376704;
2019;03;30;7;0;0.000062222930;0.000136474127;0.000078180734;0.000136629505;
2019;03;30;8;0;0.000070817805;0.000109174528;0.000075692762;0.000083929984;
2019;03;30;9;0;0.000090381251;0.000096317894;0.000082253957;0.000064393748;
2019;03;30;10;0;0.000115451782;0.000104983771;0.000093650956;0.000071890445;
2019;03;30;11;0;0.000132824549;0.000109070247;0.000104844793;0.000079694270;
2019;03;30;12;0;0.000137315775;0.000102951504;0.000108789682;0.000077558382;
2019;03;30;13;0;0.000138763272;0.000085609927;0.000110260946;0.000073886490;
2019;03;30;14;0;0.000143694130;0.000085349163;0.000106399557;0.000072105646;
2019;03;30;15;0;0.000141105994;0.000083550814;0.000097888769;0.000070724198;
2019;03;30;16;0;0.000127873529;0.000076103423;0.000093889135;0.000064084275;
2019;03;30;17;0;0.000119160543;0.000071051230;0.000092235316;0.000060945616;
2019;03;30;18;0;0.000116787073;0.000068761113;0.000093341286;0.000060030802;
2019;03;30;19;0;0.000119340817;0.000070397132;0.000094886020;0.000062065010;
2019;03;30;20;0;0.000130841825;0.000105041803;0.000108677424;0.000108281810;
2019;03;30;21;0;0.000144664316;0.000139557729;0.000115688085;0.000172873399;
2019;03;30;22;0;0.000149544591;0.000147376422;0.000108181848;0.000180896647;
2019;03;30;23;0;0.000136759993;0.000175647015;0.000098795376;0.000177305371;
2019;03;30;24;0;0.000117260228;0.000179345153;0.000090948747;0.000160947295;
2019;03;31;1;0;0.000098443468;0.000175089769;0.000084538263;0.000157214822;
2019;03;31;3;1;0.000080941522;0.000160017457;0.000078852732;0.000161866388;
2019;03;31;4;1;0.000064242308;0.000139567894;0.000074989270;0.000154187647;
2019;03;31;5;1;0.000060863435;0.000134791645;0.000074169231;0.000147149392;
2019;03;31;6;1;0.000060060266;0.000138580161;0.000074845822;0.000141614992;
2019;03;31;7;1;0.000061919748;0.000140846023;0.000076950439;0.000138638045;
2019;03;31;8;1;0.000067544976;0.000113746870;0.000072685728;0.000089272474;
2019;03;31;9;1;0.000081554082;0.000092945970;0.000071212441;0.000057628822;
2019;03;31;10;1;0.000103986014;0.000098522086;0.000075751115;0.000062464784;
2019;03;31;11;1;0.000123256353;0.000105544358;0.000081137524;0.000068660519;
2019;03;31;12;1;0.000132346865;0.000103197234;0.000085796704;0.000071904504;
2019;03;31;13;1;0.000135049751;0.000088309194;0.000088554966;0.000070330222;
2019;03;31;14;1;0.000139847411;0.000085199422;0.000088427521;0.000068210910;
2019;03;31;15;1;0.000137369823;0.000082658199;0.000085970087;0.000067291129;
2019;03;31;16;1;0.000124205113;0.000074556808;0.000082881858;0.000062548813;
2019;03;31;17;1;0.000116264749;0.000069231239;0.000080091125;0.000058848303;
2019;03;31;18;1;0.000113867565;0.000067424420;0.000077788775;0.000058356877;
2019;03;31;19;1;0.000118482910;0.000069302680;0.000077971189;0.000059608197;
2019;03;31;20;1;0.000134253426;0.000103020514;0.000088785849;0.000101385504;
2019;03;31;21;1;0.000152580798;0.000140613717;0.000096939663;0.000165717074;
2019;03;31;22;1;0.000157586907;0.000154872699;0.000097264823;0.000189785170;
2019;03;31;23;1;0.000139582594;0.000179510296;0.000090636462;0.000185043691;
2019;03;31;24;1;0.000115284266;0.000183419060;0.000083804816;0.000169540400;
