AŃO;MES;DIA;HORA;VERANO(1)/INVIERNO(0);COEF. PERFIL A;COEF. PERFIL B;COEF. PERFIL C;COEF. PERFIL D;
2017;01;01;1;0;0.000105332207;0.000221641640;0.000077911177;0.000179960895;
2017;01;01;2;0;0.000088353057;0.000207903451;0.000073595783;0.000182965020;
2017;01;01;3;0;0.000075721891;0.000192701146;0.000071473021;0.000172362103;
2017;01;01;4;0;0.000067702134;0.000181312113;0.000069976144;0.000165199065;
2017;01;01;5;0;0.000063299345;0.000176672946;0.000068951100;0.000158254624;
2017;01;01;6;0;0.000061871502;0.000183519984;0.000069374237;0.000156210389;
2017;01;01;7;0;0.000063721059;0.000186250935;0.000071610986;0.000158058821;
2017;01;01;8;0;0.000068227545;0.000181525288;0.000073904500;0.000162112335;
2017;01;01;9;0;0.000078224940;0.000133128940;0.000068906888;0.000089694387;
2017;01;01;10;0;0.000097900834;0.000110454202;0.000067663007;0.000050715145;
2017;01;01;11;0;0.000118359649;0.000113980382;0.000072436598;0.000056799012;
2017;01;01;12;0;0.000130591334;0.000105367877;0.000077060360;0.000059442269;
2017;01;01;13;0;0.000135791462;0.000081010560;0.000080024319;0.000059030508;
2017;01;01;14;0;0.000140253591;0.000080198542;0.000079609563;0.000059365358;
2017;01;01;15;0;0.000139834412;0.000078851894;0.000076774898;0.000060251832;
2017;01;01;16;0;0.000126401124;0.000070909662;0.000073477059;0.000057190917;
2017;01;01;17;0;0.000120266247;0.000067636850;0.000071734853;0.000051917693;
2017;01;01;18;0;0.000123225447;0.000072343463;0.000072951797;0.000051846314;
2017;01;01;19;0;0.000140398790;0.000135642894;0.000086767175;0.000157998172;
2017;01;01;20;0;0.000152084873;0.000170414144;0.000093281103;0.000243054107;
2017;01;01;21;0;0.000161407616;0.000175152246;0.000092657958;0.000245641759;
2017;01;01;22;0;0.000162929922;0.000179324121;0.000088595705;0.000244816236;
2017;01;01;23;0;0.000144186002;0.000218025462;0.000082048017;0.000221818073;
2017;01;01;24;0;0.000118885257;0.000226743360;0.000076047788;0.000195511971;
2017;01;02;1;0;0.000091473869;0.000216578383;0.000072703807;0.000173476639;
2017;01;02;2;0;0.000072717478;0.000199834934;0.000070289992;0.000178508355;
2017;01;02;3;0;0.000063901611;0.000185209200;0.000069136772;0.000169207933;
2017;01;02;4;0;0.000060066794;0.000176329587;0.000068427937;0.000162805177;
2017;01;02;5;0;0.000058902402;0.000172809366;0.000068828851;0.000158227924;
2017;01;02;6;0;0.000060993538;0.000182160845;0.000071487223;0.000159414070;
2017;01;02;7;0;0.000071870937;0.000189775126;0.000081817955;0.000164755476;
2017;01;02;8;0;0.000100142129;0.000196063731;0.000103841361;0.000174228227;
2017;01;02;9;0;0.000124826597;0.000152853798;0.000138403960;0.000107548437;
2017;01;02;10;0;0.000141177612;0.000123137536;0.000160489991;0.000069212640;
2017;01;02;11;0;0.000155008307;0.000117161151;0.000169825331;0.000068521802;
2017;01;02;12;0;0.000157643989;0.000102189550;0.000169553946;0.000065238736;
2017;01;02;13;0;0.000158445969;0.000077522503;0.000167029107;0.000062863475;
2017;01;02;14;0;0.000160531420;0.000078703477;0.000155049959;0.000064197975;
2017;01;02;15;0;0.000151035358;0.000078112422;0.000134096217;0.000060193108;
2017;01;02;16;0;0.000143614372;0.000074036159;0.000127011869;0.000053166286;
2017;01;02;17;0;0.000145231476;0.000072461933;0.000129334087;0.000052317564;
2017;01;02;18;0;0.000155115409;0.000075356142;0.000135071854;0.000057162047;
2017;01;02;19;0;0.000170773856;0.000133617086;0.000145431814;0.000147314667;
2017;01;02;20;0;0.000180042410;0.000176216982;0.000141679866;0.000246849920;
2017;01;02;21;0;0.000181940730;0.000182473133;0.000126096612;0.000249696203;
2017;01;02;22;0;0.000176127117;0.000185922457;0.000107089373;0.000248294029;
2017;01;02;23;0;0.000153941784;0.000224039860;0.000092111038;0.000224427681;
2017;01;02;24;0;0.000124373292;0.000230089577;0.000083039243;0.000196495568;
2017;01;03;1;0;0.000098486889;0.000224993630;0.000080631541;0.000181442669;
2017;01;03;2;0;0.000077551657;0.000207372286;0.000077942898;0.000187362248;
2017;01;03;3;0;0.000068717903;0.000191987806;0.000076356779;0.000179029120;
2017;01;03;4;0;0.000064661091;0.000182692070;0.000075385539;0.000170545105;
2017;01;03;5;0;0.000063613364;0.000180080206;0.000075397550;0.000164857618;
2017;01;03;6;0;0.000065798937;0.000189080796;0.000078204144;0.000165470763;
2017;01;03;7;0;0.000077786290;0.000196983491;0.000089467145;0.000168913262;
2017;01;03;8;0;0.000108558257;0.000204502937;0.000114083346;0.000179888269;
2017;01;03;9;0;0.000134929847;0.000159456847;0.000152176584;0.000109463260;
2017;01;03;10;0;0.000151260357;0.000129060348;0.000175291692;0.000068961248;
2017;01;03;11;0;0.000165009998;0.000121447943;0.000184002219;0.000069732709;
2017;01;03;12;0;0.000166060059;0.000104999917;0.000182707928;0.000065686543;
2017;01;03;13;0;0.000166882090;0.000079576311;0.000179600280;0.000063314202;
2017;01;03;14;0;0.000168180714;0.000080479352;0.000166744370;0.000063336559;
2017;01;03;15;0;0.000158210799;0.000079005454;0.000143637874;0.000059465004;
2017;01;03;16;0;0.000150613141;0.000075126809;0.000136940882;0.000055889558;
2017;01;03;17;0;0.000152473677;0.000073558007;0.000140011787;0.000053032245;
2017;01;03;18;0;0.000163571655;0.000077119080;0.000146013924;0.000057314745;
2017;01;03;19;0;0.000181497121;0.000136206667;0.000157661863;0.000146051585;
2017;01;03;20;0;0.000192644810;0.000181528959;0.000154704810;0.000249774252;
2017;01;03;21;0;0.000194755118;0.000188539092;0.000137003263;0.000256159942;
2017;01;03;22;0;0.000187442557;0.000191381451;0.000115782759;0.000251330027;
2017;01;03;23;0;0.000163641635;0.000230683397;0.000098713716;0.000224868847;
2017;01;03;24;0;0.000132250980;0.000237318567;0.000088299653;0.000198964540;
2017;01;04;1;0;0.000098260777;0.000224787748;0.000080285191;0.000181507434;
2017;01;04;2;0;0.000077386729;0.000207217657;0.000077621256;0.000187460905;
2017;01;04;3;0;0.000068605696;0.000191939588;0.000076079313;0.000179212033;
2017;01;04;4;0;0.000064548407;0.000182626097;0.000075103342;0.000170700572;
2017;01;04;5;0;0.000063506071;0.000180025284;0.000075119525;0.000165017166;
2017;01;04;6;0;0.000065639061;0.000188882422;0.000077857770;0.000165507611;
2017;01;04;7;0;0.000077545971;0.000196646695;0.000089011983;0.000168839147;
2017;01;04;8;0;0.000108178750;0.000204070058;0.000113456678;0.000179736035;
2017;01;04;9;0;0.000134353275;0.000158995209;0.000151222624;0.000109285319;
2017;01;04;10;0;0.000150514693;0.000128601859;0.000174077972;0.000068803749;
2017;01;04;11;0;0.000164047226;0.000120906440;0.000182562007;0.000069510175;
2017;01;04;12;0;0.000164953558;0.000104444625;0.000181126755;0.000065422347;
2017;01;04;13;0;0.000165699112;0.000079121569;0.000177969744;0.000063032540;
2017;01;04;14;0;0.000167002438;0.000080026114;0.000165244309;0.000063060048;
2017;01;04;15;0;0.000157150594;0.000078584631;0.000142389376;0.000059223569;
2017;01;04;16;0;0.000149630968;0.000074740190;0.000135775201;0.000055672729;
2017;01;04;17;0;0.000151504253;0.000073191482;0.000138842768;0.000052835179;
2017;01;04;18;0;0.000162483739;0.000076712182;0.000144752089;0.000057084925;
2017;01;04;19;0;0.000180290322;0.000135488264;0.000156299663;0.000145466223;
2017;01;04;20;0;0.000191418569;0.000180623107;0.000153411982;0.000248844265;
2017;01;04;21;0;0.000193420625;0.000187506338;0.000135791794;0.000255081132;
2017;01;04;22;0;0.000186374323;0.000190554127;0.000114892184;0.000250562153;
2017;01;04;23;0;0.000162895531;0.000229949430;0.000098066702;0.000224438765;
2017;01;04;24;0;0.000131708273;0.000236671799;0.000087761062;0.000198674924;
2017;01;05;1;0;0.000094976782;0.000221131824;0.000076409105;0.000180251671;
2017;01;05;2;0;0.000074768434;0.000203760460;0.000073842242;0.000186084471;
2017;01;05;3;0;0.000066274060;0.000188707567;0.000072363972;0.000177868153;
2017;01;05;4;0;0.000062319990;0.000179451064;0.000071395940;0.000169326311;
2017;01;05;5;0;0.000061298038;0.000176850457;0.000071393154;0.000163647010;
2017;01;05;6;0;0.000063335433;0.000185488623;0.000073970534;0.000164077857;
2017;01;05;7;0;0.000074731743;0.000192874085;0.000084463049;0.000167173196;
2017;01;05;8;0;0.000104135941;0.000199930627;0.000107537802;0.000177763040;
2017;01;05;9;0;0.000129261448;0.000155684778;0.000143255050;0.000108026476;
2017;01;05;10;0;0.000144861706;0.000125968889;0.000164964664;0.000068035319;
2017;01;05;11;0;0.000157910942;0.000118449743;0.000173031887;0.000068744719;
2017;01;05;12;0;0.000158857711;0.000102370320;0.000171751930;0.000064732199;
2017;01;05;13;0;0.000159539660;0.000077532667;0.000168720193;0.000062353511;
2017;01;05;14;0;0.000160623936;0.000078335845;0.000156489921;0.000062314538;
2017;01;05;15;0;0.000151001647;0.000076850134;0.000134714906;0.000058466602;
2017;01;05;16;0;0.000143584800;0.000072993222;0.000128286172;0.000054887964;
2017;01;05;17;0;0.000145291227;0.000071435891;0.000131102278;0.000052057747;
2017;01;05;18;0;0.000155625268;0.000074778354;0.000136510940;0.000056174507;
2017;01;05;19;0;0.000172494323;0.000131930566;0.000147242384;0.000142992145;
2017;01;05;20;0;0.000182944910;0.000175691571;0.000144367007;0.000244349539;
2017;01;05;21;0;0.000184837236;0.000182366049;0.000127771095;0.000250445160;
2017;01;05;22;0;0.000178071826;0.000185297195;0.000108086642;0.000245964386;
2017;01;05;23;0;0.000155727036;0.000223732223;0.000092310016;0.000220445045;
2017;01;05;24;0;0.000126231977;0.000230857610;0.000082819119;0.000195635204;
2017;01;06;1;0;0.000112890954;0.000230174642;0.000085616279;0.000184260299;
2017;01;06;2;0;0.000094219462;0.000214827021;0.000080469369;0.000186398657;
2017;01;06;3;0;0.000080670838;0.000198924180;0.000078072103;0.000175425438;
2017;01;06;4;0;0.000072263459;0.000187521632;0.000076581703;0.000168453348;
2017;01;06;5;0;0.000067788344;0.000183330203;0.000075710415;0.000161907842;
2017;01;06;6;0;0.000066362032;0.000190730676;0.000076293206;0.000160064345;
2017;01;06;7;0;0.000068410094;0.000193750942;0.000078827086;0.000162110672;
2017;01;06;8;0;0.000073478678;0.000189429182;0.000081607692;0.000166791270;
2017;01;06;9;0;0.000084407480;0.000139192661;0.000076235449;0.000092460585;
2017;01;06;10;0;0.000106100574;0.000115990321;0.000075186742;0.000052507904;
2017;01;06;11;0;0.000128122374;0.000119552753;0.000080396654;0.000058737812;
2017;01;06;12;0;0.000140854361;0.000110121555;0.000085220799;0.000061250127;
2017;01;06;13;0;0.000145928180;0.000084356101;0.000088175375;0.000060603665;
2017;01;06;14;0;0.000150433328;0.000083349828;0.000087549554;0.000060830143;
2017;01;06;15;0;0.000149592773;0.000081736653;0.000084212086;0.000061577561;
2017;01;06;16;0;0.000135181590;0.000073481869;0.000080570675;0.000058431811;
2017;01;06;17;0;0.000128546007;0.000070049715;0.000078614683;0.000053013428;
2017;01;06;18;0;0.000131584038;0.000074853181;0.000079872527;0.000052890340;
2017;01;06;19;0;0.000149721531;0.000140160651;0.000094871327;0.000160963952;
2017;01;06;20;0;0.000162199303;0.000176107059;0.000102003544;0.000247640457;
2017;01;06;21;0;0.000172052608;0.000180909392;0.000101269481;0.000250146889;
2017;01;06;22;0;0.000173704406;0.000185249422;0.000096845908;0.000249347990;
2017;01;06;23;0;0.000153830879;0.000225390602;0.000089752620;0.000226085661;
2017;01;06;24;0;0.000127025646;0.000234750299;0.000083312204;0.000199568703;
2017;01;07;1;0;0.000107509275;0.000226588018;0.000083277756;0.000180525264;
2017;01;07;2;0;0.000086410254;0.000210171904;0.000078575306;0.000186184244;
2017;01;07;3;0;0.000073967878;0.000194454279;0.000076423558;0.000179588748;
2017;01;07;4;0;0.000067453140;0.000183919614;0.000074903555;0.000172612940;
2017;01;07;5;0;0.000064858545;0.000180732170;0.000074444422;0.000164588252;
2017;01;07;6;0;0.000064922766;0.000189431235;0.000075660257;0.000164537132;
2017;01;07;7;0;0.000069051146;0.000193164104;0.000080101610;0.000164625783;
2017;01;07;8;0;0.000077964252;0.000190451152;0.000086615486;0.000169874472;
2017;01;07;9;0;0.000097695270;0.000143985644;0.000089089090;0.000094546070;
2017;01;07;10;0;0.000126387516;0.000123732039;0.000097378120;0.000058552342;
2017;01;07;11;0;0.000150048944;0.000124420702;0.000110685630;0.000067221711;
2017;01;07;12;0;0.000156117494;0.000110363873;0.000115118547;0.000065752489;
2017;01;07;13;0;0.000157604707;0.000083532076;0.000115838895;0.000061733781;
2017;01;07;14;0;0.000161493241;0.000083373694;0.000110796520;0.000060781868;
2017;01;07;15;0;0.000157379151;0.000082878055;0.000099386709;0.000063630079;
2017;01;07;16;0;0.000143079451;0.000075977694;0.000094318587;0.000057820161;
2017;01;07;17;0;0.000135418852;0.000071995310;0.000093716061;0.000050186622;
2017;01;07;18;0;0.000136531969;0.000074495245;0.000099382444;0.000049412637;
2017;01;07;19;0;0.000151942358;0.000134109234;0.000115291661;0.000144646130;
2017;01;07;20;0;0.000161114383;0.000175521371;0.000124888534;0.000244046563;
2017;01;07;21;0;0.000167459921;0.000178881325;0.000122682708;0.000249660194;
2017;01;07;22;0;0.000169079686;0.000183070653;0.000111907141;0.000249357553;
2017;01;07;23;0;0.000154390618;0.000225144948;0.000101146466;0.000222639423;
2017;01;07;24;0;0.000132612348;0.000236372519;0.000093438553;0.000196388314;
2017;01;08;1;0;0.000119301089;0.000237084058;0.000092436572;0.000187096367;
2017;01;08;2;0;0.000099609782;0.000221365475;0.000086914890;0.000189344401;
2017;01;08;3;0;0.000085277904;0.000204959068;0.000084317563;0.000178180771;
2017;01;08;4;0;0.000076414916;0.000193272638;0.000082734497;0.000171154119;
2017;01;08;5;0;0.000071663143;0.000188901088;0.000081770881;0.000164458767;
2017;01;08;6;0;0.000070212726;0.000196687299;0.000082467768;0.000162719303;
2017;01;08;7;0;0.000072431012;0.000199943736;0.000085267211;0.000164916568;
2017;01;08;8;0;0.000077679239;0.000195186656;0.000088140791;0.000169420228;
2017;01;08;9;0;0.000089351973;0.000143614788;0.000082448430;0.000094043366;
2017;01;08;10;0;0.000112313813;0.000119673171;0.000081312800;0.000053405801;
2017;01;08;11;0;0.000135891090;0.000123590531;0.000087117659;0.000059859362;
2017;01;08;12;0;0.000149515110;0.000113932265;0.000092419286;0.000062469797;
2017;01;08;13;0;0.000155073956;0.000087372711;0.000095730259;0.000061879516;
2017;01;08;14;0;0.000159834556;0.000086315926;0.000095034823;0.000062100310;
2017;01;08;15;0;0.000159466592;0.000084925001;0.000091714023;0.000063071026;
2017;01;08;16;0;0.000144383302;0.000076496088;0.000087918170;0.000059964896;
2017;01;08;17;0;0.000137283289;0.000072916374;0.000085775838;0.000054399297;
2017;01;08;18;0;0.000140442274;0.000077868986;0.000087095214;0.000054239955;
2017;01;08;19;0;0.000159863908;0.000145865265;0.000103491185;0.000165136513;
2017;01;08;20;0;0.000173327571;0.000183423529;0.000111361776;0.000254266171;
2017;01;08;21;0;0.000184037282;0.000188610243;0.000110668839;0.000257091651;
2017;01;08;22;0;0.000185479027;0.000192797078;0.000105649506;0.000255822161;
2017;01;08;23;0;0.000163647915;0.000233701968;0.000097547537;0.000231093799;
2017;01;08;24;0;0.000134738514;0.000242697949;0.000090284081;0.000203395385;
2017;01;09;1;0;0.000100941385;0.000228286081;0.000083048330;0.000178940350;
2017;01;09;2;0;0.000080332146;0.000210869654;0.000080379554;0.000184333462;
2017;01;09;3;0;0.000070658065;0.000195616104;0.000079133536;0.000174890302;
2017;01;09;4;0;0.000066468534;0.000186379848;0.000078382053;0.000168401103;
2017;01;09;5;0;0.000065218617;0.000182767079;0.000078887944;0.000163763376;
2017;01;09;6;0;0.000067472256;0.000192481305;0.000081859931;0.000164840199;
2017;01;09;7;0;0.000079642587;0.000200873875;0.000093851716;0.000170658131;
2017;01;09;8;0;0.000111569400;0.000208649646;0.000119756801;0.000181443688;
2017;01;09;9;0;0.000139374444;0.000163021305;0.000159965407;0.000112247117;
2017;01;09;10;0;0.000157055253;0.000130848639;0.000184814537;0.000071972589;
2017;01;09;11;0;0.000171631262;0.000123913084;0.000194645978;0.000070919436;
2017;01;09;12;0;0.000174045512;0.000107766558;0.000193773711;0.000067326498;
2017;01;09;13;0;0.000174662854;0.000081628019;0.000190595682;0.000064775805;
2017;01;09;14;0;0.000176752368;0.000082773483;0.000176717026;0.000066072630;
2017;01;09;15;0;0.000166186284;0.000082097280;0.000152733610;0.000061909656;
2017;01;09;16;0;0.000158206215;0.000077904336;0.000144834321;0.000054746585;
2017;01;09;17;0;0.000160063725;0.000076284130;0.000147552548;0.000053898261;
2017;01;09;18;0;0.000170840183;0.000079276754;0.000153993181;0.000058848844;
2017;01;09;19;0;0.000188229701;0.000140676282;0.000165931078;0.000151777653;
2017;01;09;20;0;0.000198696240;0.000185761071;0.000161854401;0.000254649540;
2017;01;09;21;0;0.000200772229;0.000192337848;0.000144038526;0.000257561366;
2017;01;09;22;0;0.000194238499;0.000195854274;0.000122252291;0.000255959018;
2017;01;09;23;0;0.000169307934;0.000235363007;0.000104865834;0.000230723744;
2017;01;09;24;0;0.000136588294;0.000241365622;0.000094399844;0.000201713138;
2017;01;10;1;0;0.000104567015;0.000232430469;0.000087387955;0.000184940611;
2017;01;10;2;0;0.000082354867;0.000214267078;0.000084489952;0.000191010327;
2017;01;10;3;0;0.000073036833;0.000198541923;0.000082841883;0.000182672126;
2017;01;10;4;0;0.000068726755;0.000188933536;0.000081790184;0.000174019791;
2017;01;10;5;0;0.000067637490;0.000186299481;0.000081832663;0.000168276981;
2017;01;10;6;0;0.000069961494;0.000195611401;0.000084879008;0.000168903263;
2017;01;10;7;0;0.000082790437;0.000203992167;0.000097201065;0.000172590719;
2017;01;10;8;0;0.000115875623;0.000212390612;0.000124303055;0.000184335353;
2017;01;10;9;0;0.000144086735;0.000165678322;0.000165880039;0.000112217586;
2017;01;10;10;0;0.000160796753;0.000133490861;0.000190214586;0.000070377501;
2017;01;10;11;0;0.000175105134;0.000125396475;0.000199315929;0.000071039799;
2017;01;10;12;0;0.000176157568;0.000108375626;0.000197844435;0.000066894297;
2017;01;10;13;0;0.000177154319;0.000082192532;0.000194616363;0.000064523769;
2017;01;10;14;0;0.000178443497;0.000083083647;0.000180595134;0.000064514238;
2017;01;10;15;0;0.000167902216;0.000081580042;0.000155603587;0.000060584054;
2017;01;10;16;0;0.000160038248;0.000077671628;0.000148533486;0.000057012248;
2017;01;10;17;0;0.000162073556;0.000076077071;0.000151919043;0.000054117020;
2017;01;10;18;0;0.000173849835;0.000079750722;0.000158413006;0.000058480243;
2017;01;10;19;0;0.000192822541;0.000140796861;0.000170979894;0.000148960426;
2017;01;10;20;0;0.000204860559;0.000187825045;0.000167932667;0.000254991251;
2017;01;10;21;0;0.000207040204;0.000195017580;0.000148671268;0.000261428899;
2017;01;10;22;0;0.000199051171;0.000197743821;0.000125507812;0.000256222630;
2017;01;10;23;0;0.000173424872;0.000237870429;0.000106788725;0.000228782835;
2017;01;10;24;0;0.000140039728;0.000244506619;0.000095442474;0.000202257490;
2017;01;11;1;0;0.000102208886;0.000229456268;0.000084713090;0.000183576353;
2017;01;11;2;0;0.000080539390;0.000211634972;0.000081946259;0.000189699601;
2017;01;11;3;0;0.000071432987;0.000196120060;0.000080354802;0.000181434411;
2017;01;11;4;0;0.000067249623;0.000186717915;0.000079372526;0.000172923159;
2017;01;11;5;0;0.000066155772;0.000184036863;0.000079380155;0.000167145802;
2017;01;11;6;0;0.000068438191;0.000193262027;0.000082346423;0.000167790740;
2017;01;11;7;0;0.000080964262;0.000201483552;0.000094273409;0.000171404069;
2017;01;11;8;0;0.000113308978;0.000209758938;0.000120547730;0.000183050693;
2017;01;11;9;0;0.000140767618;0.000163477267;0.000160722948;0.000111334608;
2017;01;11;10;0;0.000156949651;0.000131597467;0.000184133112;0.000069760152;
2017;01;11;11;0;0.000170739932;0.000123490763;0.000192745049;0.000070344226;
2017;01;11;12;0;0.000171611993;0.000106632813;0.000191150380;0.000066179873;
2017;01;11;13;0;0.000172414218;0.000080791675;0.000187847615;0.000063772224;
2017;01;11;14;0;0.000173678896;0.000081672301;0.000174324074;0.000063766473;
2017;01;11;15;0;0.000163388096;0.000080179036;0.000150171869;0.000059870491;
2017;01;11;16;0;0.000155719203;0.000076329727;0.000143333516;0.000056334839;
2017;01;11;17;0;0.000157706634;0.000074766062;0.000146607105;0.000053476402;
2017;01;11;18;0;0.000169199121;0.000078391931;0.000152904285;0.000057799422;
2017;01;11;19;0;0.000187798419;0.000138496890;0.000165152128;0.000147331476;
2017;01;11;20;0;0.000199819868;0.000185031954;0.000162450292;0.000252578334;
2017;01;11;21;0;0.000202088209;0.000192252931;0.000143919066;0.000259137571;
2017;01;11;22;0;0.000194418008;0.000195068702;0.000121575905;0.000254143929;
2017;01;11;23;0;0.000169482363;0.000234782922;0.000103500757;0.000227052908;
2017;01;11;24;0;0.000136850937;0.000241323746;0.000092500313;0.000200720455;
2017;01;12;1;0;0.000101071416;0.000228093985;0.000083417262;0.000182986143;
2017;01;12;2;0;0.000079673757;0.000210459535;0.000080723838;0.000189162544;
2017;01;12;3;0;0.000070654552;0.000195001328;0.000079144162;0.000180893419;
2017;01;12;4;0;0.000066491341;0.000185581826;0.000078146793;0.000172341621;
2017;01;12;5;0;0.000065441681;0.000183006177;0.000078192368;0.000166664827;
2017;01;12;6;0;0.000067688607;0.000192148854;0.000081101243;0.000167281076;
2017;01;12;7;0;0.000080018502;0.000200175476;0.000092779490;0.000170757567;
2017;01;12;8;0;0.000111997066;0.000208418859;0.000118649818;0.000182379270;
2017;01;12;9;0;0.000139144500;0.000162440705;0.000158200149;0.000110931590;
2017;01;12;10;0;0.000155161289;0.000130781035;0.000181267787;0.000069517192;
2017;01;12;11;0;0.000168690434;0.000122649008;0.000189628800;0.000070056039;
2017;01;12;12;0;0.000169478279;0.000105859903;0.000187978116;0.000065880079;
2017;01;12;13;0;0.000170308928;0.000080224157;0.000184771820;0.000063497653;
2017;01;12;14;0;0.000171559075;0.000081099029;0.000171470624;0.000063492264;
2017;01;12;15;0;0.000161357788;0.000079598441;0.000147680726;0.000059599705;
2017;01;12;16;0;0.000153834923;0.000075802005;0.000141002313;0.000056098544;
2017;01;12;17;0;0.000155842148;0.000074270045;0.000144263244;0.000053267083;
2017;01;12;18;0;0.000167193432;0.000077869375;0.000150454950;0.000057571345;
2017;01;12;19;0;0.000185621671;0.000137610313;0.000162549873;0.000146789184;
2017;01;12;20;0;0.000197418891;0.000183768466;0.000159821887;0.000251540493;
2017;01;12;21;0;0.000199507581;0.000190794396;0.000141482419;0.000257875799;
2017;01;12;22;0;0.000191901711;0.000193554898;0.000119496610;0.000252862175;
2017;01;12;23;0;0.000167286824;0.000232958168;0.000101729396;0.000225905115;
2017;01;12;24;0;0.000135039508;0.000239379715;0.000090891232;0.000199648696;
2017;01;13;1;0;0.000104183956;0.000231896603;0.000085193917;0.000181216149;
2017;01;13;2;0;0.000082435072;0.000213432484;0.000081786473;0.000186837105;
2017;01;13;3;0;0.000072323006;0.000198297470;0.000080052296;0.000179848803;
2017;01;13;4;0;0.000067448064;0.000188746524;0.000079139062;0.000172027711;
2017;01;13;5;0;0.000066235277;0.000185630402;0.000079159453;0.000167254649;
2017;01;13;6;0;0.000068191486;0.000195024280;0.000082338532;0.000166819663;
2017;01;13;7;0;0.000080331701;0.000203230559;0.000093713916;0.000171616454;
2017;01;13;8;0;0.000110792871;0.000209959101;0.000118660552;0.000183116997;
2017;01;13;9;0;0.000138418959;0.000162981283;0.000155102236;0.000110624097;
2017;01;13;10;0;0.000155656016;0.000132096538;0.000177672717;0.000066600071;
2017;01;13;11;0;0.000170311850;0.000124493256;0.000186263128;0.000068913384;
2017;01;13;12;0;0.000171639382;0.000108499424;0.000185157160;0.000067357902;
2017;01;13;13;0;0.000171800788;0.000082253854;0.000182319574;0.000064784301;
2017;01;13;14;0;0.000172682156;0.000082586406;0.000170021311;0.000064047434;
2017;01;13;15;0;0.000163653528;0.000081328976;0.000145470024;0.000062893940;
2017;01;13;16;0;0.000156838980;0.000077013601;0.000134630813;0.000058513562;
2017;01;13;17;0;0.000157471331;0.000075122975;0.000134759875;0.000054899921;
2017;01;13;18;0;0.000166131217;0.000078968555;0.000140479574;0.000059291276;
2017;01;13;19;0;0.000181624705;0.000138108485;0.000155534497;0.000148311596;
2017;01;13;20;0;0.000190391966;0.000181941591;0.000157028715;0.000250268653;
2017;01;13;21;0;0.000190060643;0.000187042601;0.000143973987;0.000253205295;
2017;01;13;22;0;0.000185449082;0.000191190914;0.000124645878;0.000249616876;
2017;01;13;23;0;0.000166713542;0.000232989054;0.000107854311;0.000221444546;
2017;01;13;24;0;0.000140962488;0.000243122243;0.000097413918;0.000195744564;
2017;01;14;1;0;0.000114197805;0.000234505521;0.000090123100;0.000184604149;
2017;01;14;2;0;0.000091803372;0.000217556628;0.000085050079;0.000190426735;
2017;01;14;3;0;0.000078627229;0.000201396363;0.000082766073;0.000183780987;
2017;01;14;4;0;0.000071740703;0.000190588112;0.000081163575;0.000176737395;
2017;01;14;5;0;0.000068953769;0.000187210663;0.000080634010;0.000168453984;
2017;01;14;6;0;0.000068956915;0.000196036395;0.000081873603;0.000168242757;
2017;01;14;7;0;0.000073167634;0.000199424658;0.000086473822;0.000167933610;
2017;01;14;8;0;0.000082613531;0.000196627192;0.000093507511;0.000173290770;
2017;01;14;9;0;0.000103526949;0.000148663167;0.000096183303;0.000096452837;
2017;01;14;10;0;0.000133964931;0.000127783101;0.000105158314;0.000059747929;
2017;01;14;11;0;0.000158923319;0.000128396044;0.000119437639;0.000068541861;
2017;01;14;12;0;0.000165347179;0.000113887605;0.000124218363;0.000067042324;
2017;01;14;13;0;0.000166859716;0.000086166787;0.000124948776;0.000062921177;
2017;01;14;14;0;0.000170867869;0.000085948719;0.000119433857;0.000061911559;
2017;01;14;15;0;0.000166331275;0.000085343526;0.000107016394;0.000064741212;
2017;01;14;16;0;0.000151160240;0.000078207919;0.000101520297;0.000058807302;
2017;01;14;17;0;0.000142988646;0.000074068055;0.000100816528;0.000051015487;
2017;01;14;18;0;0.000144046306;0.000076577403;0.000106824957;0.000050187718;
2017;01;14;19;0;0.000160115218;0.000137694547;0.000123778989;0.000146741251;
2017;01;14;20;0;0.000169861998;0.000180300207;0.000134146630;0.000247700141;
2017;01;14;21;0;0.000176517774;0.000183715954;0.000131751691;0.000253348601;
2017;01;14;22;0;0.000178188802;0.000187980160;0.000120155059;0.000252989880;
2017;01;14;23;0;0.000162693917;0.000231162257;0.000108591644;0.000225862497;
2017;01;14;24;0;0.000139687982;0.000242591943;0.000100275877;0.000199150943;
2017;01;15;1;0;0.000121804872;0.000239914595;0.000094966416;0.000188546868;
2017;01;15;2;0;0.000101684678;0.000223973934;0.000089279896;0.000190783016;
2017;01;15;3;0;0.000087116300;0.000207521981;0.000086673616;0.000179662507;
2017;01;15;4;0;0.000078059121;0.000195681585;0.000085042910;0.000172570513;
2017;01;15;5;0;0.000073227781;0.000191314789;0.000084078443;0.000165871115;
2017;01;15;6;0;0.000071689273;0.000199043830;0.000084728310;0.000163987646;
2017;01;15;7;0;0.000073912856;0.000202226144;0.000087555505;0.000166109105;
2017;01;15;8;0;0.000079310479;0.000197519418;0.000090554183;0.000170735797;
2017;01;15;9;0;0.000091258729;0.000145379608;0.000084734179;0.000094805199;
2017;01;15;10;0;0.000114790703;0.000121228409;0.000083625442;0.000053876044;
2017;01;15;11;0;0.000138851930;0.000125164221;0.000089572171;0.000060370773;
2017;01;15;12;0;0.000152771336;0.000115381874;0.000095022261;0.000063002909;
2017;01;15;13;0;0.000158389907;0.000088450137;0.000098388386;0.000062383432;
2017;01;15;14;0;0.000163348052;0.000087431570;0.000097730926;0.000062642743;
2017;01;15;15;0;0.000162753872;0.000085907532;0.000094189681;0.000063536784;
2017;01;15;16;0;0.000147219798;0.000077307662;0.000090205673;0.000060350385;
2017;01;15;17;0;0.000140032556;0.000073717478;0.000088040454;0.000054769446;
2017;01;15;18;0;0.000143185209;0.000078686257;0.000089351235;0.000054582490;
2017;01;15;19;0;0.000162673846;0.000147113747;0.000105968463;0.000165860945;
2017;01;15;20;0;0.000176482143;0.000185106737;0.000114097264;0.000255537955;
2017;01;15;21;0;0.000187316151;0.000190269314;0.000113344574;0.000258280194;
2017;01;15;22;0;0.000188778977;0.000194488232;0.000108201243;0.000256998565;
2017;01;15;23;0;0.000166824282;0.000236126768;0.000100062433;0.000232525613;
2017;01;15;24;0;0.000137474644;0.000245431907;0.000092693226;0.000204835705;
2017;01;16;1;0;0.000101825304;0.000229539754;0.000083934915;0.000179701657;
2017;01;16;2;0;0.000081029634;0.000212012085;0.000081231673;0.000185104097;
2017;01;16;3;0;0.000071239294;0.000196586863;0.000079936244;0.000175541957;
2017;01;16;4;0;0.000067027237;0.000187338135;0.000079191241;0.000169058686;
2017;01;16;5;0;0.000065671379;0.000183440212;0.000079586698;0.000164164284;
2017;01;16;6;0;0.000068032483;0.000193451306;0.000082696620;0.000165467064;
2017;01;16;7;0;0.000080317974;0.000201921640;0.000094827630;0.000171337218;
2017;01;16;8;0;0.000112457051;0.000209628954;0.000120939196;0.000182071010;
2017;01;16;9;0;0.000140370576;0.000163655017;0.000161415155;0.000112544810;
2017;01;16;10;0;0.000158096025;0.000131289417;0.000186393134;0.000072126184;
2017;01;16;11;0;0.000172699096;0.000124280461;0.000196229545;0.000071042181;
2017;01;16;12;0;0.000175048611;0.000108036840;0.000195261217;0.000067412310;
2017;01;16;13;0;0.000175710825;0.000081851991;0.000192103961;0.000064873619;
2017;01;16;14;0;0.000177940926;0.000083060370;0.000178243744;0.000066220056;
2017;01;16;15;0;0.000167277567;0.000082368909;0.000154028979;0.000062038067;
2017;01;16;16;0;0.000159220494;0.000078150017;0.000146040129;0.000054851663;
2017;01;16;17;0;0.000161049542;0.000076505524;0.000148743702;0.000053988178;
2017;01;16;18;0;0.000171824667;0.000079475517;0.000155175183;0.000058923801;
2017;01;16;19;0;0.000189086796;0.000140859438;0.000167003694;0.000151788274;
2017;01;16;20;0;0.000199699450;0.000186094676;0.000162981019;0.000254792980;
2017;01;16;21;0;0.000201820743;0.000192716516;0.000145066162;0.000257750919;
2017;01;16;22;0;0.000195151100;0.000196137558;0.000123060306;0.000256013854;
2017;01;16;23;0;0.000170153766;0.000235773223;0.000105590189;0.000230841501;
2017;01;16;24;0;0.000137314593;0.000241863674;0.000095082323;0.000201880670;
2017;01;17;1;0;0.000104803799;0.000232545639;0.000087686811;0.000184870189;
2017;01;17;2;0;0.000082592782;0.000214506815;0.000084831719;0.000191056559;
2017;01;17;3;0;0.000073274865;0.000198837431;0.000083207684;0.000182783782;
2017;01;17;4;0;0.000069017295;0.000189397383;0.000082230638;0.000174294234;
2017;01;17;5;0;0.000067929998;0.000186774932;0.000082281307;0.000168558677;
2017;01;17;6;0;0.000070218409;0.000195983224;0.000085288914;0.000169076103;
2017;01;17;7;0;0.000083055917;0.000204285113;0.000097625171;0.000172687191;
2017;01;17;8;0;0.000116218085;0.000212642355;0.000124814147;0.000184392202;
2017;01;17;9;0;0.000144360306;0.000165699922;0.000166386582;0.000112133918;
2017;01;17;10;0;0.000161117036;0.000133520683;0.000190813185;0.000070331570;
2017;01;17;11;0;0.000175433736;0.000125410062;0.000199920173;0.000070985270;
2017;01;17;12;0;0.000176381868;0.000108322101;0.000198324721;0.000066802699;
2017;01;17;13;0;0.000177324396;0.000082126238;0.000195027780;0.000064415258;
2017;01;17;14;0;0.000178680017;0.000083046940;0.000181042977;0.000064429255;
2017;01;17;15;0;0.000168019835;0.000081493107;0.000155892100;0.000060466487;
2017;01;17;16;0;0.000160261229;0.000077642572;0.000148911909;0.000056941005;
2017;01;17;17;0;0.000162369762;0.000076081594;0.000152372148;0.000054072836;
2017;01;17;18;0;0.000174121122;0.000079734196;0.000158843113;0.000058416916;
2017;01;17;19;0;0.000193262116;0.000140868770;0.000171567234;0.000148905972;
2017;01;17;20;0;0.000205815144;0.000188367207;0.000168909679;0.000255503311;
2017;01;17;21;0;0.000208064847;0.000195636828;0.000149579284;0.000262029327;
2017;01;17;22;0;0.000200140153;0.000198474738;0.000126339929;0.000256944459;
2017;01;17;23;0;0.000174475104;0.000238888565;0.000107559274;0.000229560838;
2017;01;17;24;0;0.000140816043;0.000245428121;0.000096082201;0.000202841948;
2017;01;18;1;0;0.000108827880;0.000237605514;0.000092175413;0.000187293947;
2017;01;18;2;0;0.000085770338;0.000219190282;0.000089180719;0.000193575635;
2017;01;18;3;0;0.000076083940;0.000203152082;0.000087461933;0.000185169449;
2017;01;18;4;0;0.000071653826;0.000193482011;0.000086423686;0.000176546121;
2017;01;18;5;0;0.000070511743;0.000190767158;0.000086460692;0.000170704384;
2017;01;18;6;0;0.000072900272;0.000200208371;0.000089637229;0.000171259276;
2017;01;18;7;0;0.000086192391;0.000208602852;0.000102559958;0.000174844585;
2017;01;18;8;0;0.000120670526;0.000217251325;0.000131192491;0.000186794357;
2017;01;18;9;0;0.000150069271;0.000169492879;0.000175097505;0.000113729908;
2017;01;18;10;0;0.000167638578;0.000136699278;0.000200982648;0.000071396435;
2017;01;18;11;0;0.000182520629;0.000128385625;0.000210558675;0.000072054448;
2017;01;18;12;0;0.000183635633;0.000110969918;0.000209024669;0.000067856388;
2017;01;18;13;0;0.000184745385;0.000084192268;0.000205692881;0.000065476819;
2017;01;18;14;0;0.000186160349;0.000085137326;0.000190945996;0.000065491965;
2017;01;18;15;0;0.000175175668;0.000083602502;0.000164533756;0.000061506594;
2017;01;18;16;0;0.000167005928;0.000079613827;0.000157090719;0.000057892494;
2017;01;18;17;0;0.000169165763;0.000077995957;0.000160705441;0.000054964233;
2017;01;18;18;0;0.000181384671;0.000081729514;0.000167507860;0.000059371970;
2017;01;18;19;0;0.000201046984;0.000144195175;0.000180676995;0.000151132080;
2017;01;18;20;0;0.000213732087;0.000192478786;0.000177567963;0.000258870548;
2017;01;18;21;0;0.000216019504;0.000199861911;0.000157211162;0.000265422579;
2017;01;18;22;0;0.000207555940;0.000202530926;0.000132635337;0.000259976389;
2017;01;18;23;0;0.000180851225;0.000243651183;0.000112863504;0.000232155781;
2017;01;18;24;0;0.000146059648;0.000250488395;0.000100887819;0.000205271946;
2017;01;19;1;0;0.000109668210;0.000238723126;0.000093086050;0.000187892635;
2017;01;19;2;0;0.000086413712;0.000220173084;0.000090042062;0.000194151907;
2017;01;19;3;0;0.000076652105;0.000204056184;0.000088303738;0.000185714518;
2017;01;19;4;0;0.000072176453;0.000194309546;0.000087240442;0.000177035255;
2017;01;19;5;0;0.000071010799;0.000191541969;0.000087259069;0.000171140600;
2017;01;19;6;0;0.000073418117;0.000201026687;0.000090467259;0.000171701317;
2017;01;19;7;0;0.000086794933;0.000209432017;0.000103498057;0.000175276244;
2017;01;19;8;0;0.000121429131;0.000217962363;0.000132299919;0.000187124590;
2017;01;19;9;0;0.000150944694;0.000169971038;0.000176496036;0.000113879669;
2017;01;19;10;0;0.000168612365;0.000137081568;0.000202582970;0.000071488701;
2017;01;19;11;0;0.000183715089;0.000128838797;0.000212390423;0.000072200315;
2017;01;19;12;0;0.000184967324;0.000111439900;0.000210991287;0.000068041554;
2017;01;19;13;0;0.000186109991;0.000084560139;0.000207655899;0.000065664266;
2017;01;19;14;0;0.000187590350;0.000085534378;0.000192824754;0.000065698698;
2017;01;19;15;0;0.000176513739;0.000083988804;0.000166145531;0.000061698107;
2017;01;19;16;0;0.000168266811;0.000079974673;0.000158615646;0.000058067652;
2017;01;19;17;0;0.000170407429;0.000078333140;0.000162231639;0.000055119042;
2017;01;19;18;0;0.000182738759;0.000082093052;0.000169119700;0.000059546602;
2017;01;19;19;0;0.000202353238;0.000144697396;0.000182240281;0.000151430963;
2017;01;19;20;0;0.000215044895;0.000193081059;0.000179041185;0.000259291025;
2017;01;19;21;0;0.000217295857;0.000200440699;0.000158478656;0.000265791920;
2017;01;19;22;0;0.000208917269;0.000203248764;0.000133791135;0.000260506467;
2017;01;19;23;0;0.000182189847;0.000244719530;0.000113942347;0.000232823947;
2017;01;19;24;0;0.000147150613;0.000251603586;0.000101859017;0.000205876537;
2017;01;20;1;0;0.000112649884;0.000242504834;0.000094402788;0.000186351241;
2017;01;20;2;0;0.000089107921;0.000223131517;0.000090600814;0.000192075914;
2017;01;20;3;0;0.000078194897;0.000207355342;0.000088699683;0.000184933242;
2017;01;20;4;0;0.000072934103;0.000197395036;0.000087699756;0.000176915162;
2017;01;20;5;0;0.000071603701;0.000194084711;0.000087699118;0.000171960934;
2017;01;20;6;0;0.000073643514;0.000203699114;0.000091128410;0.000171339333;
2017;01;20;7;0;0.000086717027;0.000212179067;0.000103673516;0.000176190232;
2017;01;20;8;0;0.000119501390;0.000219024124;0.000131163752;0.000187843116;
2017;01;20;9;0;0.000149394013;0.000170126298;0.000171554455;0.000113551490;
2017;01;20;10;0;0.000168314657;0.000138147671;0.000196889746;0.000068491426;
2017;01;20;11;0;0.000184269321;0.000130271707;0.000206529165;0.000070911591;
2017;01;20;12;0;0.000185825538;0.000113608807;0.000205435407;0.000069355753;
2017;01;20;13;0;0.000186032590;0.000086142257;0.000202322185;0.000066717405;
2017;01;20;14;0;0.000186843771;0.000086424294;0.000188530167;0.000065908038;
2017;01;20;15;0;0.000177010878;0.000085077750;0.000161248031;0.000064697704;
2017;01;20;16;0;0.000169586443;0.000080537966;0.000149185949;0.000060172651;
2017;01;20;17;0;0.000170265960;0.000078558869;0.000149325254;0.000056455147;
2017;01;20;18;0;0.000179466751;0.000082505529;0.000155522154;0.000060915672;
2017;01;20;19;0;0.000195762343;0.000143969568;0.000171801634;0.000152031936;
2017;01;20;20;0;0.000205123001;0.000189580576;0.000173376866;0.000256435227;
2017;01;20;21;0;0.000204645833;0.000194781341;0.000158869699;0.000259291918;
2017;01;20;22;0;0.000199586490;0.000199007667;0.000137477207;0.000255497044;
2017;01;20;23;0;0.000179362282;0.000242433073;0.000118917037;0.000226584770;
2017;01;20;24;0;0.000151696268;0.000253041726;0.000107433241;0.000200339477;
2017;01;21;1;0;0.000118085236;0.000239165581;0.000094184403;0.000186943636;
2017;01;21;2;0;0.000094923804;0.000221868977;0.000088878404;0.000192830535;
2017;01;21;3;0;0.000081245537;0.000205251307;0.000086433862;0.000185976687;
2017;01;21;4;0;0.000074105033;0.000194171572;0.000084732158;0.000178789458;
2017;01;21;5;0;0.000071152916;0.000190534244;0.000084092638;0.000170234417;
2017;01;21;6;0;0.000071141298;0.000199474982;0.000085367565;0.000169985440;
2017;01;21;7;0;0.000075486316;0.000202925132;0.000090165188;0.000169675143;
2017;01;21;8;0;0.000085220219;0.000200051957;0.000097486165;0.000175064577;
2017;01;21;9;0;0.000106812589;0.000151279531;0.000100293720;0.000097457533;
2017;01;21;10;0;0.000138398869;0.000130203483;0.000109796895;0.000060449910;
2017;01;21;11;0;0.000164380678;0.000130985295;0.000124855988;0.000069430520;
2017;01;21;12;0;0.000171192645;0.000116298077;0.000129980780;0.000067978058;
2017;01;21;13;0;0.000172856508;0.000088040377;0.000130819133;0.000063835528;
2017;01;21;14;0;0.000177026545;0.000087826416;0.000125057710;0.000062817567;
2017;01;21;15;0;0.000172157583;0.000087122551;0.000111945742;0.000065624265;
2017;01;21;16;0;0.000156388958;0.000079804431;0.000106151569;0.000059584205;
2017;01;21;17;0;0.000147952662;0.000075589232;0.000105428491;0.000051695728;
2017;01;21;18;0;0.000149010617;0.000078131018;0.000111684484;0.000050844493;
2017;01;21;19;0;0.000165237373;0.000140152282;0.000129100411;0.000148306187;
2017;01;21;20;0;0.000175178277;0.000183395220;0.000139819845;0.000250173706;
2017;01;21;21;0;0.000182085558;0.000186913940;0.000137356204;0.000255939284;
2017;01;21;22;0;0.000183772026;0.000191213598;0.000125240872;0.000255525077;
2017;01;21;23;0;0.000167767731;0.000235104966;0.000113171885;0.000228093350;
2017;01;21;24;0;0.000144090772;0.000246809151;0.000104539066;0.000201182812;
2017;01;22;1;0;0.000123458059;0.000241839852;0.000096641197;0.000189526297;
2017;01;22;2;0;0.000103041841;0.000225721008;0.000090834165;0.000191731367;
2017;01;22;3;0;0.000088261479;0.000209099164;0.000088164990;0.000180519700;
2017;01;22;4;0;0.000079082054;0.000197160837;0.000086502739;0.000173386883;
2017;01;22;5;0;0.000074146019;0.000192653509;0.000085474013;0.000166562834;
2017;01;22;6;0;0.000072656315;0.000200624664;0.000086215470;0.000164825990;
2017;01;22;7;0;0.000074886008;0.000203767260;0.000089063881;0.000166905059;
2017;01;22;8;0;0.000080331714;0.000198967742;0.000092087873;0.000171504855;
2017;01;22;9;0;0.000092398022;0.000146388905;0.000086135930;0.000095195359;
2017;01;22;10;0;0.000116180270;0.000122024345;0.000084977032;0.000054077516;
2017;01;22;11;0;0.000140599233;0.000126045587;0.000091062925;0.000060625193;
2017;01;22;12;0;0.000154751508;0.000116237702;0.000096639760;0.000063292024;
2017;01;22;13;0;0.000160485389;0.000089129798;0.000100089679;0.000062686299;
2017;01;22;14;0;0.000165564865;0.000088133073;0.000099454331;0.000062968066;
2017;01;22;15;0;0.000164970808;0.000086601104;0.000095855395;0.000063869920;
2017;01;22;16;0;0.000149286718;0.000077963962;0.000091838815;0.000060691849;
2017;01;22;17;0;0.000142028154;0.000074358789;0.000089653070;0.000055090808;
2017;01;22;18;0;0.000145075363;0.000079288611;0.000090893648;0.000054845906;
2017;01;22;19;0;0.000164647355;0.000148083508;0.000107683986;0.000166485544;
2017;01;22;20;0;0.000178637812;0.000186342219;0.000115953889;0.000256521286;
2017;01;22;21;0;0.000189560475;0.000191495127;0.000115162414;0.000259214347;
2017;01;22;22;0;0.000191208841;0.000195913374;0.000110033280;0.000258154922;
2017;01;22;23;0;0.000168867449;0.000237710471;0.000101693970;0.000233427944;
2017;01;22;24;0;0.000139136971;0.000247040055;0.000094190132;0.000205598987;
2017;01;23;1;0;0.000103229130;0.000231192962;0.000085522678;0.000180368309;
2017;01;23;2;0;0.000082202619;0.000213684262;0.000082824583;0.000185917130;
2017;01;23;3;0;0.000072283409;0.000198172622;0.000081518248;0.000176344352;
2017;01;23;4;0;0.000068010204;0.000188850918;0.000080759197;0.000169832911;
2017;01;23;5;0;0.000066723272;0.000185167979;0.000081270657;0.000165135891;
2017;01;23;6;0;0.000069099067;0.000195208027;0.000084418125;0.000166390689;
2017;01;23;7;0;0.000081568439;0.000203733486;0.000096791315;0.000172275182;
2017;01;23;8;0;0.000114131173;0.000211367885;0.000123360678;0.000182944766;
2017;01;23;9;0;0.000142403837;0.000164947248;0.000164581871;0.000113040137;
2017;01;23;10;0;0.000160416321;0.000132351072;0.000190085764;0.000072457301;
2017;01;23;11;0;0.000175446635;0.000125437670;0.000200360202;0.000071455039;
2017;01;23;12;0;0.000178025535;0.000109160533;0.000199586749;0.000067877281;
2017;01;23;13;0;0.000178710494;0.000082708649;0.000196372170;0.000065325277;
2017;01;23;14;0;0.000180913987;0.000083899679;0.000182138886;0.000066657257;
2017;01;23;15;0;0.000170054063;0.000083192230;0.000157377929;0.000062440902;
2017;01;23;16;0;0.000161916312;0.000078957040;0.000149264293;0.000055225929;
2017;01;23;17;0;0.000163724493;0.000077271100;0.000151979435;0.000054339349;
2017;01;23;18;0;0.000174570338;0.000080221070;0.000158452571;0.000059270324;
2017;01;23;19;0;0.000191864846;0.000142000640;0.000170314791;0.000152487424;
2017;01;23;20;0;0.000202851526;0.000187804287;0.000166391264;0.000256242089;
2017;01;23;21;0;0.000205007692;0.000194488279;0.000148102558;0.000259218609;
2017;01;23;22;0;0.000198132672;0.000197840864;0.000125572681;0.000257341696;
2017;01;23;23;0;0.000172793214;0.000237875515;0.000107770716;0.000232092232;
2017;01;23;24;0;0.000139460640;0.000244048280;0.000097056992;0.000202997785;
2017;01;24;1;0;0.000104639774;0.000232475942;0.000087415974;0.000185018900;
2017;01;24;2;0;0.000082453637;0.000214416827;0.000084559566;0.000191187332;
2017;01;24;3;0;0.000073161569;0.000198781597;0.000082952251;0.000182934275;
2017;01;24;4;0;0.000068848890;0.000189174690;0.000081904814;0.000174281572;
2017;01;24;5;0;0.000067769482;0.000186569740;0.000081961616;0.000168559457;
2017;01;24;6;0;0.000070053123;0.000195769694;0.000084958308;0.000169078422;
2017;01;24;7;0;0.000082870155;0.000204086530;0.000097258180;0.000172709862;
2017;01;24;8;0;0.000115988652;0.000212491522;0.000124377652;0.000184464914;
2017;01;24;9;0;0.000144089540;0.000165598736;0.000165821074;0.000112189212;
2017;01;24;10;0;0.000160858110;0.000133475050;0.000190215822;0.000070385184;
2017;01;24;11;0;0.000175117300;0.000125342506;0.000199255041;0.000071025389;
2017;01;24;12;0;0.000175984637;0.000108215120;0.000197576109;0.000066810430;
2017;01;24;13;0;0.000176812496;0.000081992937;0.000194168020;0.000064381732;
2017;01;24;14;0;0.000178023925;0.000082846863;0.000180102950;0.000064345020;
2017;01;24;15;0;0.000167486244;0.000081337256;0.000155159888;0.000060417502;
2017;01;24;16;0;0.000159607667;0.000077423936;0.000148078319;0.000056843375;
2017;01;24;17;0;0.000161545663;0.000075791378;0.000151367451;0.000053926066;
2017;01;24;18;0;0.000173072280;0.000079354348;0.000157645365;0.000058202833;
2017;01;24;19;0;0.000191976318;0.000140108893;0.000170165706;0.000148266312;
2017;01;24;20;0;0.000204640517;0.000187529523;0.000167689394;0.000254648002;
2017;01;24;21;0;0.000206980120;0.000194863539;0.000148572398;0.000261281863;
2017;01;24;22;0;0.000198978702;0.000197573027;0.000125415079;0.000256059600;
2017;01;24;23;0;0.000173464517;0.000237805885;0.000106773089;0.000228772821;
2017;01;24;24;0;0.000140076023;0.000244447748;0.000095431417;0.000202254820;
2017;01;25;1;0;0.000105344769;0.000233264330;0.000088236123;0.000185317418;
2017;01;25;2;0;0.000083047633;0.000215243696;0.000085392479;0.000191584565;
2017;01;25;3;0;0.000073702182;0.000199584882;0.000083784743;0.000183348085;
2017;01;25;4;0;0.000069377651;0.000189993968;0.000082750668;0.000174726219;
2017;01;25;5;0;0.000068257239;0.000187287972;0.000082768387;0.000168908550;
2017;01;25;6;0;0.000070588504;0.000196610212;0.000085832501;0.000169503483;
2017;01;25;7;0;0.000083524360;0.000205013982;0.000098283492;0.000173187325;
2017;01;25;8;0;0.000116935426;0.000213513992;0.000125722321;0.000185024117;
2017;01;25;9;0;0.000145261088;0.000166390293;0.000167608482;0.000112525745;
2017;01;25;10;0;0.000162135727;0.000134088023;0.000192230296;0.000070583140;
2017;01;25;11;0;0.000176458045;0.000125882372;0.000201308059;0.000071204919;
2017;01;25;12;0;0.000177372111;0.000108705784;0.000199656953;0.000066994447;
2017;01;25;13;0;0.000178228637;0.000082374939;0.000196237348;0.000064567081;
2017;01;25;14;0;0.000179554803;0.000083281561;0.000182128922;0.000064568033;
2017;01;25;15;0;0.000168906509;0.000081754354;0.000156886702;0.000060619726;
2017;01;25;16;0;0.000160938733;0.000077810141;0.000149705492;0.000057025702;
2017;01;25;17;0;0.000162940187;0.000076191556;0.000153075200;0.000054114744;
2017;01;25;18;0;0.000174632197;0.000079803449;0.000159484118;0.000058428521;
2017;01;25;19;0;0.000193627656;0.000140844393;0.000172080318;0.000148780555;
2017;01;25;20;0;0.000206312447;0.000188433270;0.000169503564;0.000255421846;
2017;01;25;21;0;0.000208568233;0.000195706046;0.000150105668;0.000261946593;
2017;01;25;22;0;0.000200483485;0.000198405540;0.000126695502;0.000256682958;
2017;01;25;23;0;0.000174847167;0.000238904691;0.000107906893;0.000229422674;
2017;01;25;24;0;0.000141240160;0.000245660069;0.000096477313;0.000202897754;
2017;01;26;1;0;0.000106338143;0.000234577524;0.000089319014;0.000186001590;
2017;01;26;2;0;0.000083839349;0.000216477644;0.000086449338;0.000192311600;
2017;01;26;3;0;0.000074398310;0.000200711536;0.000084814298;0.000184027795;
2017;01;26;4;0;0.000070022814;0.000191038875;0.000083755413;0.000175348627;
2017;01;26;5;0;0.000068881340;0.000188288904;0.000083760405;0.000169484047;
2017;01;26;6;0;0.000071241617;0.000197682321;0.000086870628;0.000170099382;
2017;01;26;7;0;0.000084270903;0.000206067709;0.000099441228;0.000173742040;
2017;01;26;8;0;0.000117864535;0.000214400285;0.000127078138;0.000185434145;
2017;01;26;9;0;0.000146339611;0.000166994651;0.000169328478;0.000112716845;
2017;01;26;10;0;0.000163363655;0.000134594922;0.000194231633;0.000070713448;
2017;01;26;11;0;0.000177861080;0.000126405611;0.000203480142;0.000071363112;
2017;01;26;12;0;0.000178857735;0.000109203615;0.000201896243;0.000067171573;
2017;01;26;13;0;0.000179871581;0.000082821319;0.000198604068;0.000064791874;
2017;01;26;14;0;0.000181210503;0.000083733099;0.000184326027;0.000064793019;
2017;01;26;15;0;0.000170427638;0.000082180068;0.000158745411;0.000060817972;
2017;01;26;16;0;0.000162513839;0.000078275878;0.000151596408;0.000057256492;
2017;01;26;17;0;0.000164647447;0.000076700042;0.000155114727;0.000054370924;
2017;01;26;18;0;0.000176552927;0.000080377453;0.000161692343;0.000058735385;
2017;01;26;19;0;0.000195561553;0.000141715588;0.000174288486;0.000149412381;
2017;01;26;20;0;0.000208042093;0.000189297701;0.000171406001;0.000256099154;
2017;01;26;21;0;0.000210224126;0.000196517219;0.000151723514;0.000262525485;
2017;01;26;22;0;0.000202054878;0.000199207875;0.000128048160;0.000257224359;
2017;01;26;23;0;0.000176201442;0.000239848777;0.000109048942;0.000229885468;
2017;01;26;24;0;0.000142378012;0.000246706883;0.000097528452;0.000203369718;
2017;01;27;1;0;0.000108533835;0.000237439056;0.000089887006;0.000183990608;
2017;01;27;2;0;0.000085857619;0.000218484586;0.000086272487;0.000189655046;
2017;01;27;3;0;0.000075349857;0.000203056364;0.000084470250;0.000182619845;
2017;01;27;4;0;0.000070262624;0.000193253470;0.000083496793;0.000174657701;
2017;01;27;5;0;0.000068952917;0.000189935373;0.000083462251;0.000169697692;
2017;01;27;6;0;0.000070948530;0.000199432251;0.000086764163;0.000169158932;
2017;01;27;7;0;0.000083551304;0.000207753687;0.000098717550;0.000173964103;
2017;01;27;8;0;0.000115146392;0.000214470066;0.000124901859;0.000185481939;
2017;01;27;9;0;0.000143887964;0.000166517577;0.000163294278;0.000112076118;
2017;01;27;10;0;0.000161990985;0.000135116950;0.000187270642;0.000067551358;
2017;01;27;11;0;0.000177280948;0.000127366874;0.000196366822;0.000069912564;
2017;01;27;12;0;0.000178777530;0.000111075145;0.000195326209;0.000068378409;
2017;01;27;13;0;0.000179015893;0.000084239573;0.000192408278;0.000065791633;
2017;01;27;14;0;0.000179915448;0.000084571304;0.000179410713;0.000065036502;
2017;01;27;15;0;0.000170444673;0.000083252412;0.000153446006;0.000063841240;
2017;01;27;16;0;0.000163304399;0.000078814254;0.000141975159;0.000059379271;
2017;01;27;17;0;0.000163959926;0.000076878068;0.000142108755;0.000055711184;
2017;01;27;18;0;0.000172818671;0.000080739689;0.000148005078;0.000060112483;
2017;01;27;19;0;0.000188367420;0.000140781209;0.000163373501;0.000149913391;
2017;01;27;20;0;0.000197566474;0.000185562442;0.000165031834;0.000253107804;
2017;01;27;21;0;0.000197178942;0.000190722677;0.000151278214;0.000256020990;
2017;01;27;22;0;0.000192306235;0.000194863002;0.000130909335;0.000252276659;
2017;01;27;23;0;0.000172892798;0.000237484356;0.000113283733;0.000223823388;
2017;01;27;24;0;0.000146242084;0.000247905959;0.000102356126;0.000197921499;
2017;01;28;1;0;0.000114103723;0.000234567647;0.000089924906;0.000184842292;
2017;01;28;2;0;0.000091748428;0.000217663343;0.000084882180;0.000190715394;
2017;01;28;3;0;0.000078518147;0.000201336110;0.000082537485;0.000183914292;
2017;01;28;4;0;0.000071642727;0.000190535221;0.000080941166;0.000176869423;
2017;01;28;5;0;0.000068853459;0.000187142021;0.000080405882;0.000168564793;
2017;01;28;6;0;0.000068799368;0.000195801636;0.000081574110;0.000168213495;
2017;01;28;7;0;0.000073023597;0.000199248951;0.000086184798;0.000167957600;
2017;01;28;8;0;0.000082419565;0.000196379292;0.000093159562;0.000173249660;
2017;01;28;9;0;0.000103229073;0.000148396949;0.000095774548;0.000096378784;
2017;01;28;10;0;0.000133548232;0.000127524439;0.000104686925;0.000059688093;
2017;01;28;11;0;0.000158436590;0.000128142290;0.000118907946;0.000068476504;
2017;01;28;12;0;0.000164780327;0.000113620844;0.000123622118;0.000066953835;
2017;01;28;13;0;0.000166328347;0.000085985980;0.000124379436;0.000062853496;
2017;01;28;14;0;0.000170232882;0.000085722620;0.000118826229;0.000061811974;
2017;01;28;15;0;0.000165659703;0.000085091567;0.000106437603;0.000064616231;
2017;01;28;16;0;0.000150622033;0.000078014376;0.000101019594;0.000058721889;
2017;01;28;17;0;0.000142469256;0.000073879428;0.000100312060;0.000050937717;
2017;01;28;18;0;0.000143402745;0.000076318346;0.000106201311;0.000050069196;
2017;01;28;19;0;0.000159012344;0.000136895114;0.000122757199;0.000146038806;
2017;01;28;20;0;0.000168926318;0.000179502414;0.000133224060;0.000246856844;
2017;01;28;21;0;0.000175587213;0.000182946579;0.000130876734;0.000252546167;
2017;01;28;22;0;0.000177256489;0.000187200381;0.000119361867;0.000252198623;
2017;01;28;23;0;0.000161898876;0.000230283289;0.000107912247;0.000225234271;
2017;01;28;24;0;0.000139115398;0.000241860813;0.000099727386;0.000198754218;
2017;01;29;1;0;0.000120012296;0.000237953056;0.000093081125;0.000187688440;
2017;01;29;2;0;0.000100167253;0.000222096266;0.000087489192;0.000189874688;
2017;01;29;3;0;0.000085802342;0.000205748824;0.000084921397;0.000178778092;
2017;01;29;4;0;0.000076912867;0.000194088065;0.000083357358;0.000171790462;
2017;01;29;5;0;0.000072167282;0.000189795780;0.000082428923;0.000165155241;
2017;01;29;6;0;0.000070704825;0.000197613735;0.000083129259;0.000163404166;
2017;01;29;7;0;0.000072876255;0.000200713643;0.000085877622;0.000165468991;
2017;01;29;8;0;0.000078161158;0.000195949314;0.000088776787;0.000169997339;
2017;01;29;9;0;0.000089867911;0.000144114359;0.000083007884;0.000094323411;
2017;01;29;10;0;0.000113063665;0.000120197182;0.000081937982;0.000053612883;
2017;01;29;11;0;0.000136707480;0.000124049235;0.000087729155;0.000060051549;
2017;01;29;12;0;0.000150415565;0.000114356808;0.000093069366;0.000062671289;
2017;01;29;13;0;0.000155906179;0.000087641110;0.000096340779;0.000062038631;
2017;01;29;14;0;0.000160803431;0.000086640942;0.000095707034;0.000062303040;
2017;01;29;15;0;0.000160199681;0.000085120681;0.000092228285;0.000063184807;
2017;01;29;16;0;0.000144874833;0.000076581312;0.000088306175;0.000060001747;
2017;01;29;17;0;0.000137730048;0.000072986693;0.000086141504;0.000054424588;
2017;01;29;18;0;0.000140767668;0.000077871256;0.000087384782;0.000054214470;
2017;01;29;19;0;0.000159761729;0.000145439311;0.000103529029;0.000164572123;
2017;01;29;20;0;0.000173603722;0.000183296437;0.000111651351;0.000253963204;
2017;01;29;21;0;0.000184310101;0.000188458703;0.000110944336;0.000256756906;
2017;01;29;22;0;0.000185771636;0.000192660481;0.000105922573;0.000255513349;
2017;01;29;23;0;0.000163999633;0.000233669682;0.000097855482;0.000230946576;
2017;01;29;24;0;0.000135168679;0.000242917064;0.000090663390;0.000203477432;
2017;01;30;1;0;0.000099214476;0.000226197349;0.000081054330;0.000178146871;
2017;01;30;2;0;0.000078973074;0.000208980640;0.000078464787;0.000183551521;
2017;01;30;3;0;0.000069480790;0.000193914332;0.000077268613;0.000174193870;
2017;01;30;4;0;0.000065392756;0.000184848015;0.000076571951;0.000167811843;
2017;01;30;5;0;0.000064138633;0.000181195906;0.000077036810;0.000163128196;
2017;01;30;6;0;0.000066410937;0.000190987624;0.000080006502;0.000164339378;
2017;01;30;7;0;0.000078399198;0.000199338880;0.000091737735;0.000170159961;
2017;01;30;8;0;0.000109697572;0.000206810157;0.000116920763;0.000180699901;
2017;01;30;9;0;0.000136714142;0.000161204423;0.000155810207;0.000111524329;
2017;01;30;10;0;0.000153934099;0.000129286706;0.000179869709;0.000071451874;
2017;01;30;11;0;0.000168075197;0.000122328230;0.000189274541;0.000070345551;
2017;01;30;12;0;0.000170531834;0.000106445901;0.000188528506;0.000066817895;
2017;01;30;13;0;0.000171224332;0.000080668964;0.000185531442;0.000064319384;
2017;01;30;14;0;0.000173325419;0.000081825853;0.000172073878;0.000065627029;
2017;01;30;15;0;0.000162954376;0.000081152501;0.000148711652;0.000061488425;
2017;01;30;16;0;0.000155056756;0.000076971699;0.000140954250;0.000054348594;
2017;01;30;17;0;0.000156805984;0.000075336632;0.000143534387;0.000053482118;
2017;01;30;18;0;0.000167143212;0.000078189217;0.000149602805;0.000058317753;
2017;01;30;19;0;0.000183639844;0.000138357255;0.000160748167;0.000149986001;
2017;01;30;20;0;0.000194327421;0.000183147687;0.000157184054;0.000252261785;
2017;01;30;21;0;0.000196427769;0.000189699545;0.000139932130;0.000255237272;
2017;01;30;22;0;0.000189901210;0.000193031313;0.000118683121;0.000253470246;
2017;01;30;23;0;0.000165640048;0.000232128537;0.000101873585;0.000228635919;
2017;01;30;24;0;0.000133712812;0.000238197526;0.000091763580;0.000200012831;
2017;01;31;1;0;0.000099939674;0.000226597935;0.000082173344;0.000182226056;
2017;01;31;2;0;0.000078822784;0.000209188410;0.000079561641;0.000188475245;
2017;01;31;3;0;0.000069937788;0.000193928595;0.000078046976;0.000180333831;
2017;01;31;4;0;0.000065847220;0.000184646180;0.000077099037;0.000171887864;
2017;01;31;5;0;0.000064801642;0.000182066415;0.000077136756;0.000166210405;
2017;01;31;6;0;0.000066990518;0.000191059262;0.000079963302;0.000166735190;
2017;01;31;7;0;0.000079274162;0.000199243723;0.000091571151;0.000170374225;
2017;01;31;8;0;0.000110971424;0.000207478960;0.000117121611;0.000181996351;
2017;01;31;9;0;0.000137670994;0.000161474447;0.000155936844;0.000110538696;
2017;01;31;10;0;0.000153463906;0.000129957149;0.000178611308;0.000069246493;
2017;01;31;11;0;0.000166836116;0.000121869826;0.000186839786;0.000069779505;
2017;01;31;12;0;0.000167643726;0.000105205220;0.000185244789;0.000065631157;
2017;01;31;13;0;0.000168603510;0.000079793386;0.000182234409;0.000063309599;
2017;01;31;14;0;0.000169890854;0.000080687172;0.000169165376;0.000063322756;
2017;01;31;15;0;0.000159817152;0.000079208275;0.000145721195;0.000059451149;
2017;01;31;16;0;0.000152344461;0.000075419728;0.000139111623;0.000055950764;
2017;01;31;17;0;0.000154262853;0.000073862271;0.000142264839;0.000053102875;
2017;01;31;18;0;0.000165165702;0.000077285831;0.000148071878;0.000057278248;
2017;01;31;19;0;0.000182942879;0.000136260617;0.000159602215;0.000145701352;
2017;01;31;20;0;0.000195140286;0.000182499532;0.000157383765;0.000250408364;
2017;01;31;21;0;0.000197380772;0.000189645957;0.000139448345;0.000256944141;
2017;01;31;22;0;0.000189916059;0.000192450723;0.000117815892;0.000252028356;
2017;01;31;23;0;0.000165516232;0.000231573754;0.000100274562;0.000225106282;
2017;01;31;24;0;0.000133657322;0.000238041013;0.000089622973;0.000199012831;
