AŃO;MES;DIA;HORA;VERANO(1)/INVIERNO(0);COEF. PERFIL A;COEF. PERFIL B;COEF. PERFIL C;COEF. PERFIL D;
2017;08;01;1;1;0.000110823562;0.000155101050;0.000111291788;0.000216215946;
2017;08;01;2;1;0.000093135259;0.000145208823;0.000103531917;0.000194182276;
2017;08;01;3;1;0.000082949570;0.000138646600;0.000098866262;0.000189263367;
2017;08;01;4;1;0.000077474464;0.000136201269;0.000096419058;0.000179956362;
2017;08;01;5;1;0.000074757907;0.000134260183;0.000095443548;0.000177246818;
2017;08;01;6;1;0.000074356366;0.000133163589;0.000097491518;0.000176405332;
2017;08;01;7;1;0.000078779673;0.000132395990;0.000105519460;0.000177464406;
2017;08;01;8;1;0.000089541045;0.000084154231;0.000112788969;0.000082525453;
2017;08;01;9;1;0.000105428357;0.000064466501;0.000140509283;0.000044951578;
2017;08;01;10;1;0.000127209478;0.000071954549;0.000161843798;0.000049045241;
2017;08;01;11;1;0.000143735616;0.000076219503;0.000178619890;0.000052903048;
2017;08;01;12;1;0.000150700914;0.000076592564;0.000185197552;0.000056015093;
2017;08;01;13;1;0.000156070038;0.000076112833;0.000189243161;0.000054797079;
2017;08;01;14;1;0.000162261670;0.000076844148;0.000185531302;0.000056388572;
2017;08;01;15;1;0.000157659859;0.000076421314;0.000169430314;0.000058557028;
2017;08;01;16;1;0.000148312237;0.000071475075;0.000158857758;0.000056265555;
2017;08;01;17;1;0.000146630629;0.000068841751;0.000157037406;0.000054451489;
2017;08;01;18;1;0.000150567730;0.000068689906;0.000161064219;0.000054730703;
2017;08;01;19;1;0.000152429334;0.000068824955;0.000159798715;0.000051414547;
2017;08;01;20;1;0.000149878272;0.000069076988;0.000155968458;0.000051671004;
2017;08;01;21;1;0.000149262417;0.000076152010;0.000149377559;0.000054428495;
2017;08;01;22;1;0.000158725578;0.000143583557;0.000148640162;0.000178412197;
2017;08;01;23;1;0.000153580289;0.000168780947;0.000137998397;0.000252097113;
2017;08;01;24;1;0.000132729565;0.000165656482;0.000124908216;0.000236217161;
2017;08;02;1;1;0.000111510476;0.000155662263;0.000112227552;0.000216686328;
2017;08;02;2;1;0.000093658358;0.000145649988;0.000104342076;0.000194492215;
2017;08;02;3;1;0.000083388771;0.000139023333;0.000099608031;0.000189504802;
2017;08;02;4;1;0.000077864060;0.000136535207;0.000097116752;0.000180138230;
2017;08;02;5;1;0.000075165271;0.000134645662;0.000096174398;0.000177500168;
2017;08;02;6;1;0.000074710425;0.000133454610;0.000098170882;0.000176536692;
2017;08;02;7;1;0.000079144325;0.000132667784;0.000106240712;0.000177573064;
2017;08;02;8;1;0.000089888702;0.000084264364;0.000113475573;0.000082514656;
2017;08;02;9;1;0.000105876748;0.000064574685;0.000141416793;0.000044962280;
2017;08;02;10;1;0.000127739726;0.000072069217;0.000162875355;0.000049052778;
2017;08;02;11;1;0.000144378256;0.000076363979;0.000179812559;0.000052927127;
2017;08;02;12;1;0.000151464507;0.000076783275;0.000186544752;0.000056073837;
2017;08;02;13;1;0.000156918585;0.000076330442;0.000190689970;0.000054874741;
2017;08;02;14;1;0.000163294303;0.000077134901;0.000187122103;0.000056520554;
2017;08;02;15;1;0.000158770531;0.000076762357;0.000170998651;0.000058733788;
2017;08;02;16;1;0.000149399941;0.000071814659;0.000160374264;0.000056451603;
2017;08;02;17;1;0.000147775407;0.000069201326;0.000158611031;0.000054657209;
2017;08;02;18;1;0.000151775733;0.000069063470;0.000162713023;0.000054949239;
2017;08;02;19;1;0.000153673047;0.000069208610;0.000161456390;0.000051626822;
2017;08;02;20;1;0.000151040836;0.000069434312;0.000157523476;0.000051863620;
2017;08;02;21;1;0.000150433605;0.000076552751;0.000150880307;0.000054636258;
2017;08;02;22;1;0.000159990756;0.000144356956;0.000150154015;0.000179115322;
2017;08;02;23;1;0.000154806452;0.000169692261;0.000139405667;0.000253093899;
2017;08;02;24;1;0.000133781700;0.000166541514;0.000126174865;0.000237137758;
2017;08;03;1;1;0.000113532508;0.000157272166;0.000114927020;0.000218045203;
2017;08;03;2;1;0.000095337598;0.000147126901;0.000106830494;0.000195672754;
2017;08;03;3;1;0.000084870814;0.000140411428;0.000101967845;0.000190625712;
2017;08;03;4;1;0.000079221547;0.000137852579;0.000099384469;0.000181143448;
2017;08;03;5;1;0.000076450403;0.000135899821;0.000098387545;0.000178431606;
2017;08;03;6;1;0.000075974906;0.000134674854;0.000100412956;0.000177433008;
2017;08;03;7;1;0.000080485531;0.000133883629;0.000108669358;0.000178478370;
2017;08;03;8;1;0.000091397234;0.000085022888;0.000116050875;0.000082921949;
2017;08;03;9;1;0.000107614747;0.000065132456;0.000144574026;0.000045167909;
2017;08;03;10;1;0.000129890530;0.000072721910;0.000166580814;0.000049297578;
2017;08;03;11;1;0.000146880608;0.000077093043;0.000183992782;0.000053217131;
2017;08;03;12;1;0.000154158208;0.000077550818;0.000190966377;0.000056406158;
2017;08;03;13;1;0.000159761282;0.000077118557;0.000195273404;0.000055217928;
2017;08;03;14;1;0.000166298459;0.000077952866;0.000191672750;0.000056889755;
2017;08;03;15;1;0.000161682470;0.000077572057;0.000175147450;0.000059114160;
2017;08;03;16;1;0.000152222479;0.000072611504;0.000164354324;0.000056847989;
2017;08;03;17;1;0.000150608234;0.000069988218;0.000162591573;0.000055055976;
2017;08;03;18;1;0.000154698877;0.000069854950;0.000166811209;0.000055355015;
2017;08;03;19;1;0.000156636063;0.000070003241;0.000165526446;0.000052009169;
2017;08;03;20;1;0.000153992231;0.000070249386;0.000161535437;0.000052261001;
2017;08;03;21;1;0.000153367592;0.000077448588;0.000154717482;0.000055052893;
2017;08;03;22;1;0.000163034017;0.000145977198;0.000153899916;0.000180395851;
2017;08;03;23;1;0.000157752302;0.000171598169;0.000142884516;0.000254905255;
2017;08;03;24;1;0.000136387993;0.000168486809;0.000129380961;0.000238940960;
2017;08;04;1;1;0.000116611533;0.000159793964;0.000119056577;0.000218030054;
2017;08;04;2;1;0.000098626724;0.000149276340;0.000109920813;0.000198028152;
2017;08;04;3;1;0.000087581897;0.000142690682;0.000104830403;0.000191146683;
2017;08;04;4;1;0.000081636087;0.000139533999;0.000102097254;0.000183067894;
2017;08;04;5;1;0.000078855382;0.000137506860;0.000101179062;0.000180360878;
2017;08;04;6;1;0.000078100422;0.000136289984;0.000103184342;0.000176957560;
2017;08;04;7;1;0.000082938897;0.000135215325;0.000111577552;0.000178753299;
2017;08;04;8;1;0.000094089212;0.000086862739;0.000119438594;0.000087757331;
2017;08;04;9;1;0.000110611079;0.000066987065;0.000148246426;0.000048130738;
2017;08;04;10;1;0.000132245909;0.000074031107;0.000171260842;0.000051725650;
2017;08;04;11;1;0.000149277895;0.000078242584;0.000189040766;0.000055974024;
2017;08;04;12;1;0.000157736053;0.000078301493;0.000196338900;0.000058479590;
2017;08;04;13;1;0.000165077006;0.000078937284;0.000200835836;0.000058994806;
2017;08;04;14;1;0.000170952111;0.000079491268;0.000196426944;0.000057829682;
2017;08;04;15;1;0.000166639023;0.000079023948;0.000178492700;0.000061376153;
2017;08;04;16;1;0.000156853155;0.000074398271;0.000165736008;0.000058309589;
2017;08;04;17;1;0.000154067387;0.000071900882;0.000162163383;0.000056360650;
2017;08;04;18;1;0.000157380130;0.000071580500;0.000165349327;0.000055379516;
2017;08;04;19;1;0.000159319722;0.000072055952;0.000164452282;0.000053480532;
2017;08;04;20;1;0.000155905359;0.000072098266;0.000161676457;0.000051912359;
2017;08;04;21;1;0.000154310412;0.000079844528;0.000156990901;0.000052568477;
2017;08;04;22;1;0.000161457788;0.000148087673;0.000157738370;0.000180931033;
2017;08;04;23;1;0.000155007797;0.000171870655;0.000148313998;0.000255206076;
2017;08;04;24;1;0.000137209167;0.000169444112;0.000136080931;0.000241574621;
2017;08;05;1;1;0.000119918268;0.000161208871;0.000124008740;0.000219037619;
2017;08;05;2;1;0.000103224610;0.000151725194;0.000113269709;0.000193711924;
2017;08;05;3;1;0.000091068228;0.000144688805;0.000106971209;0.000187636778;
2017;08;05;4;1;0.000083975481;0.000141611634;0.000103833272;0.000178278756;
2017;08;05;5;1;0.000080339048;0.000138731903;0.000101937168;0.000176286574;
2017;08;05;6;1;0.000078521795;0.000137007889;0.000102622689;0.000175878837;
2017;08;05;7;1;0.000079840690;0.000133919317;0.000105678675;0.000176418518;
2017;08;05;8;1;0.000083696214;0.000082399074;0.000100546460;0.000084431165;
2017;08;05;9;1;0.000096168766;0.000058674415;0.000108517469;0.000044172079;
2017;08;05;10;1;0.000116284230;0.000066760135;0.000125151640;0.000044596356;
2017;08;05;11;1;0.000133980583;0.000073056881;0.000142643562;0.000049089917;
2017;08;05;12;1;0.000141821492;0.000074012650;0.000149419941;0.000051452329;
2017;08;05;13;1;0.000148017219;0.000074035924;0.000153679013;0.000052674421;
2017;08;05;14;1;0.000154435026;0.000074581091;0.000152545822;0.000052030129;
2017;08;05;15;1;0.000153168186;0.000074261942;0.000142889004;0.000055418650;
2017;08;05;16;1;0.000143590462;0.000069844419;0.000137627951;0.000052792912;
2017;08;05;17;1;0.000137732119;0.000067005906;0.000134394761;0.000049448017;
2017;08;05;18;1;0.000135468304;0.000066861446;0.000135405126;0.000047987702;
2017;08;05;19;1;0.000135197930;0.000066981757;0.000136176513;0.000045803417;
2017;08;05;20;1;0.000133865148;0.000067264630;0.000138623782;0.000050900569;
2017;08;05;21;1;0.000138825502;0.000076117822;0.000142764595;0.000052755015;
2017;08;05;22;1;0.000153060650;0.000141206742;0.000150119865;0.000179909909;
2017;08;05;23;1;0.000149606447;0.000168187885;0.000145160509;0.000253385825;
2017;08;05;24;1;0.000132887236;0.000166275113;0.000134238621;0.000236408153;
2017;08;06;1;1;0.000112337052;0.000156562298;0.000118179285;0.000220199250;
2017;08;06;2;1;0.000097616068;0.000147751784;0.000108505832;0.000192947932;
2017;08;06;3;1;0.000086703060;0.000141622833;0.000102562549;0.000185996653;
2017;08;06;4;1;0.000080223219;0.000138823264;0.000098996986;0.000177914133;
2017;08;06;5;1;0.000076769952;0.000136479456;0.000097904211;0.000174927358;
2017;08;06;6;1;0.000075128546;0.000134870546;0.000098435836;0.000173359119;
2017;08;06;7;1;0.000076080841;0.000131772779;0.000100105770;0.000175873310;
2017;08;06;8;1;0.000077706088;0.000078464720;0.000090896070;0.000081995270;
2017;08;06;9;1;0.000086266124;0.000053788597;0.000090826111;0.000041830211;
2017;08;06;10;1;0.000101381578;0.000060551317;0.000098986594;0.000042439163;
2017;08;06;11;1;0.000116079102;0.000066809160;0.000107558852;0.000045373762;
2017;08;06;12;1;0.000124688367;0.000069507421;0.000113338025;0.000047767882;
2017;08;06;13;1;0.000130417172;0.000070097775;0.000117338090;0.000046608264;
2017;08;06;14;1;0.000136929830;0.000070241775;0.000119743949;0.000045927898;
2017;08;06;15;1;0.000139581373;0.000070407313;0.000119410845;0.000049071448;
2017;08;06;16;1;0.000131435801;0.000066039438;0.000117270352;0.000048271438;
2017;08;06;17;1;0.000126451378;0.000063321363;0.000113600728;0.000046274179;
2017;08;06;18;1;0.000125146569;0.000062345703;0.000110318126;0.000044540694;
2017;08;06;19;1;0.000126623411;0.000063186941;0.000110118340;0.000043618870;
2017;08;06;20;1;0.000128293234;0.000064001311;0.000112456470;0.000046826615;
2017;08;06;21;1;0.000134853333;0.000072600520;0.000117940633;0.000052442520;
2017;08;06;22;1;0.000152116658;0.000140773886;0.000133080277;0.000182116193;
2017;08;06;23;1;0.000149197705;0.000167064358;0.000131818680;0.000253598138;
2017;08;06;24;1;0.000130756353;0.000165877760;0.000121908539;0.000239746189;
2017;08;07;1;1;0.000109469150;0.000154745057;0.000107904223;0.000219546999;
2017;08;07;2;1;0.000092578122;0.000145131663;0.000100728265;0.000195780780;
2017;08;07;3;1;0.000082248416;0.000138259218;0.000096465255;0.000190597708;
2017;08;07;4;1;0.000076749629;0.000135570945;0.000094106524;0.000180622171;
2017;08;07;5;1;0.000074407072;0.000133640853;0.000093227450;0.000179545423;
2017;08;07;6;1;0.000073615265;0.000132412564;0.000095392501;0.000179366778;
2017;08;07;7;1;0.000078610471;0.000131458296;0.000103780995;0.000179199167;
2017;08;07;8;1;0.000089266985;0.000083275898;0.000111716945;0.000083302738;
2017;08;07;9;1;0.000104986690;0.000063417424;0.000140897662;0.000043510461;
2017;08;07;10;1;0.000126431151;0.000070098496;0.000163057189;0.000050212995;
2017;08;07;11;1;0.000141192385;0.000074611975;0.000179253055;0.000054211223;
2017;08;07;12;1;0.000148759934;0.000075264434;0.000185920892;0.000056915929;
2017;08;07;13;1;0.000154813843;0.000075419093;0.000189550442;0.000057464617;
2017;08;07;14;1;0.000161244247;0.000076545139;0.000185727226;0.000056669122;
2017;08;07;15;1;0.000157437622;0.000076352470;0.000169414694;0.000060984027;
2017;08;07;16;1;0.000147601155;0.000071044341;0.000158899595;0.000060390309;
2017;08;07;17;1;0.000146556396;0.000068175316;0.000157441164;0.000058000375;
2017;08;07;18;1;0.000150844626;0.000068634592;0.000161504705;0.000056295362;
2017;08;07;19;1;0.000153103153;0.000068531371;0.000159852741;0.000053461702;
2017;08;07;20;1;0.000150754840;0.000068573042;0.000154893182;0.000050803205;
2017;08;07;21;1;0.000149200760;0.000076591854;0.000147715715;0.000054129718;
2017;08;07;22;1;0.000158830591;0.000143357745;0.000146446879;0.000177701856;
2017;08;07;23;1;0.000153934102;0.000168892752;0.000135857245;0.000250812850;
2017;08;07;24;1;0.000132347683;0.000165243273;0.000122470386;0.000238039420;
2017;08;08;1;1;0.000108273287;0.000153269046;0.000107746261;0.000214901863;
2017;08;08;2;1;0.000090914786;0.000143371853;0.000100148518;0.000192838270;
2017;08;08;3;1;0.000080947417;0.000136851190;0.000095606372;0.000187896487;
2017;08;08;4;1;0.000075590205;0.000134412172;0.000093222276;0.000178623007;
2017;08;08;5;1;0.000072946895;0.000132509621;0.000092288190;0.000175950851;
2017;08;08;6;1;0.000072521036;0.000131365656;0.000094224220;0.000175033348;
2017;08;08;7;1;0.000076740341;0.000130447236;0.000101857259;0.000175866878;
2017;08;08;8;1;0.000087033777;0.000082735545;0.000108638104;0.000081605013;
2017;08;08;9;1;0.000102338671;0.000063294640;0.000135156591;0.000044390550;
2017;08;08;10;1;0.000123442703;0.000070624390;0.000155629488;0.000048417914;
2017;08;08;11;1;0.000139536387;0.000074841020;0.000171831497;0.000052247682;
2017;08;08;12;1;0.000146305896;0.000075211292;0.000178168555;0.000055324086;
2017;08;08;13;1;0.000151488679;0.000074725535;0.000182024863;0.000054110469;
2017;08;08;14;1;0.000157564738;0.000075475221;0.000178529569;0.000055705417;
2017;08;08;15;1;0.000153178072;0.000075100091;0.000163123472;0.000057878563;
2017;08;08;16;1;0.000144112485;0.000070247318;0.000152961779;0.000055619935;
2017;08;08;17;1;0.000142566810;0.000067701166;0.000151302716;0.000053860049;
2017;08;08;18;1;0.000146414850;0.000067561090;0.000155203735;0.000054143646;
2017;08;08;19;1;0.000148145412;0.000067657523;0.000153901485;0.000050835713;
2017;08;08;20;1;0.000145653494;0.000067899430;0.000150199637;0.000051084880;
2017;08;08;21;1;0.000145131297;0.000074893216;0.000143928182;0.000053839396;
2017;08;08;22;1;0.000154538615;0.000141398664;0.000143408912;0.000176716819;
2017;08;08;23;1;0.000149293846;0.000165951182;0.000132932247;0.000249308765;
2017;08;08;24;1;0.000129047874;0.000162907889;0.000120343894;0.000233645744;
2017;08;09;1;1;0.000103903044;0.000149848000;0.000101922255;0.000212060460;
2017;08;09;2;1;0.000087227143;0.000140142729;0.000094715600;0.000190249236;
2017;08;09;3;1;0.000077699371;0.000133829740;0.000090460964;0.000185458071;
2017;08;09;4;1;0.000072558571;0.000131447201;0.000088206941;0.000176308463;
2017;08;09;5;1;0.000070032816;0.000129607978;0.000087337502;0.000173699559;
2017;08;09;6;1;0.000069600307;0.000128445395;0.000089139373;0.000172735071;
2017;08;09;7;1;0.000073670377;0.000127583232;0.000096387567;0.000173606425;
2017;08;09;8;1;0.000083634818;0.000080999244;0.000102906148;0.000080635947;
2017;08;09;9;1;0.000098309170;0.000061945639;0.000127982724;0.000043848763;
2017;08;09;10;1;0.000118498608;0.000069070417;0.000147265012;0.000047793240;
2017;08;09;11;1;0.000133795869;0.000073111295;0.000162411908;0.000051515133;
2017;08;09;12;1;0.000140348433;0.000073505246;0.000168475463;0.000054572338;
2017;08;09;13;1;0.000145324735;0.000073032799;0.000172127372;0.000053376886;
2017;08;09;14;1;0.000151151884;0.000073764681;0.000168820255;0.000054949599;
2017;08;09;15;1;0.000146896293;0.000073374347;0.000154202195;0.000057074819;
2017;08;09;16;1;0.000138175974;0.000068619922;0.000144568514;0.000054837036;
2017;08;09;17;1;0.000136579382;0.000066077318;0.000142880610;0.000053057407;
2017;08;09;18;1;0.000140258095;0.000065936973;0.000146556418;0.000053333842;
2017;08;09;19;1;0.000142039436;0.000066088573;0.000145453242;0.000050118979;
2017;08;09;20;1;0.000139665941;0.000066332334;0.000141970578;0.000050370301;
2017;08;09;21;1;0.000139178981;0.000073171946;0.000136056182;0.000053091540;
2017;08;09;22;1;0.000148101152;0.000138056314;0.000135474460;0.000174145347;
2017;08;09;23;1;0.000143043877;0.000161993378;0.000125550248;0.000245627779;
2017;08;09;24;1;0.000123607308;0.000158973581;0.000113625869;0.000230124966;
2017;08;10;1;1;0.000099780574;0.000146498355;0.000096495775;0.000209088873;
2017;08;10;2;1;0.000083795122;0.000137057162;0.000089703659;0.000187647814;
2017;08;10;3;1;0.000074653829;0.000130903509;0.000085687475;0.000182950591;
2017;08;10;4;1;0.000069739137;0.000128618446;0.000083581884;0.000173986080;
2017;08;10;5;1;0.000067337355;0.000126867469;0.000082789791;0.000171477318;
2017;08;10;6;1;0.000066916936;0.000125720906;0.000084492083;0.000170513556;
2017;08;10;7;1;0.000070834605;0.000124884992;0.000091368217;0.000171384631;
2017;08;10;8;1;0.000080397902;0.000079268864;0.000097526014;0.000079586570;
2017;08;10;9;1;0.000094446341;0.000060585112;0.000121217133;0.000043251578;
2017;08;10;10;1;0.000113832228;0.000067547322;0.000139467531;0.000047138087;
2017;08;10;11;1;0.000128520556;0.000071495455;0.000153804595;0.000050806375;
2017;08;10;12;1;0.000134687832;0.000071813022;0.000159396582;0.000053770844;
2017;08;10;13;1;0.000139458457;0.000071348908;0.000162845890;0.000052591074;
2017;08;10;14;1;0.000145060353;0.000072068869;0.000159728079;0.000054144356;
2017;08;10;15;1;0.000141004829;0.000071702033;0.000145926867;0.000056249827;
2017;08;10;16;1;0.000132626712;0.000067052158;0.000136802406;0.000054041319;
2017;08;10;17;1;0.000131154345;0.000064597248;0.000135267165;0.000052311486;
2017;08;10;18;1;0.000134692593;0.000064462753;0.000138752932;0.000052586243;
2017;08;10;19;1;0.000136510128;0.000064661590;0.000137816397;0.000049455164;
2017;08;10;20;1;0.000134317460;0.000064942844;0.000134605206;0.000049735903;
2017;08;10;21;1;0.000133916288;0.000071675119;0.000129062354;0.000052449164;
2017;08;10;22;1;0.000142776165;0.000135493238;0.000128758602;0.000172370384;
2017;08;10;23;1;0.000137937839;0.000159028688;0.000119358477;0.000243189670;
2017;08;10;24;1;0.000119247987;0.000156133443;0.000108070131;0.000227941889;
2017;08;11;1;1;0.000100906232;0.000147411829;0.000098018147;0.000207662497;
2017;08;11;2;1;0.000085470515;0.000137913942;0.000090631310;0.000188892136;
2017;08;11;3;1;0.000075976313;0.000131963844;0.000086522236;0.000182513863;
2017;08;11;4;1;0.000070877428;0.000129152045;0.000084336668;0.000174945662;
2017;08;11;5;1;0.000068492948;0.000127331062;0.000083614535;0.000172433675;
2017;08;11;6;1;0.000067862803;0.000126251873;0.000085303887;0.000169243797;
2017;08;11;7;1;0.000072034591;0.000125199974;0.000092201139;0.000170884289;
2017;08;11;8;1;0.000081666060;0.000080376811;0.000098633187;0.000083839833;
2017;08;11;9;1;0.000095774676;0.000061835588;0.000122127343;0.000045871170;
2017;08;11;10;1;0.000114331198;0.000068232649;0.000140869572;0.000049221369;
2017;08;11;11;1;0.000128903864;0.000072029285;0.000155311107;0.000053201294;
2017;08;11;12;1;0.000136033420;0.000071991326;0.000161100769;0.000055511657;
2017;08;11;13;1;0.000142240719;0.000072512857;0.000164647513;0.000055952096;
2017;08;11;14;1;0.000147251124;0.000072995999;0.000160976257;0.000054827719;
2017;08;11;15;1;0.000143458424;0.000072527640;0.000146199678;0.000058158639;
2017;08;11;16;1;0.000134909196;0.000068219199;0.000135625634;0.000055201833;
2017;08;11;17;1;0.000132460719;0.000065903137;0.000132649556;0.000053335652;
2017;08;11;18;1;0.000135370309;0.000065639268;0.000135317064;0.000052430971;
2017;08;11;19;1;0.000137135647;0.000066122028;0.000134678210;0.000050668933;
2017;08;11;20;1;0.000134350001;0.000066236432;0.000132556194;0.000049239385;
2017;08;11;21;1;0.000133159524;0.000073454371;0.000128892634;0.000049930697;
2017;08;11;22;1;0.000139740393;0.000136639841;0.000129890360;0.000172361891;
2017;08;11;23;1;0.000134016896;0.000158417524;0.000122001386;0.000242863498;
2017;08;11;24;1;0.000118545139;0.000156071133;0.000111859920;0.000229729705;
2017;08;12;1;1;0.000105490535;0.000149914138;0.000104620906;0.000209465198;
2017;08;12;2;1;0.000090872611;0.000141199435;0.000095631633;0.000185383520;
2017;08;12;3;1;0.000080198067;0.000134696853;0.000090344548;0.000179630466;
2017;08;12;4;1;0.000073995400;0.000131909679;0.000087745892;0.000170772067;
2017;08;12;5;1;0.000070898422;0.000129423081;0.000086274109;0.000169119677;
2017;08;12;6;1;0.000069319949;0.000127861294;0.000086885927;0.000168789962;
2017;08;12;7;1;0.000070561059;0.000125115046;0.000089570748;0.000169492309;
2017;08;12;8;1;0.000073994764;0.000077009271;0.000085251100;0.000081145227;
2017;08;12;9;1;0.000085055813;0.000054858538;0.000092046578;0.000042470054;
2017;08;12;10;1;0.000102772495;0.000062373310;0.000106079302;0.000042847004;
2017;08;12;11;1;0.000118384990;0.000068240376;0.000120877365;0.000047153300;
2017;08;12;12;1;0.000125171411;0.000069054909;0.000126476458;0.000049366593;
2017;08;12;13;1;0.000130450793;0.000068976712;0.000129893398;0.000050466045;
2017;08;12;14;1;0.000135989666;0.000069424752;0.000128824495;0.000049805811;
2017;08;12;15;1;0.000134760658;0.000069069508;0.000120567816;0.000053004839;
2017;08;12;16;1;0.000126172911;0.000064878044;0.000115980562;0.000050429094;
2017;08;12;17;1;0.000120910889;0.000062182585;0.000113148957;0.000047189359;
2017;08;12;18;1;0.000118885594;0.000062028719;0.000113963211;0.000045781130;
2017;08;12;19;1;0.000118780915;0.000062209780;0.000114740533;0.000043746118;
2017;08;12;20;1;0.000117752436;0.000062548174;0.000116944056;0.000048673215;
2017;08;12;21;1;0.000122306981;0.000070891449;0.000120625894;0.000050525517;
2017;08;12;22;1;0.000135269707;0.000131922215;0.000127236933;0.000172845110;
2017;08;12;23;1;0.000132110892;0.000157003210;0.000122934798;0.000243240367;
2017;08;12;24;1;0.000117186878;0.000155005987;0.000113530155;0.000226633019;
2017;08;13;1;1;0.000101914256;0.000148163894;0.000103901732;0.000212847862;
2017;08;13;2;1;0.000088575080;0.000139851221;0.000095414162;0.000186539976;
2017;08;13;3;1;0.000078713988;0.000134120155;0.000090235162;0.000179913668;
2017;08;13;4;1;0.000072865517;0.000131530811;0.000087139176;0.000172176531;
2017;08;13;5;1;0.000069746853;0.000129343293;0.000086199399;0.000169329502;
2017;08;13;6;1;0.000068316149;0.000127931882;0.000086744338;0.000167960293;
2017;08;13;7;1;0.000069233206;0.000125085834;0.000088281106;0.000170522080;
2017;08;13;8;1;0.000070716332;0.000074487327;0.000080163986;0.000079505106;
2017;08;13;9;1;0.000078407376;0.000050997646;0.000080001267;0.000040508693;
2017;08;13;10;1;0.000092239484;0.000057467816;0.000087277785;0.000041140178;
2017;08;13;11;1;0.000105712586;0.000063467582;0.000094926688;0.000044026990;
2017;08;13;12;1;0.000113650756;0.000066087732;0.000100113246;0.000046389951;
2017;08;13;13;1;0.000118777357;0.000066595731;0.000103563663;0.000045227580;
2017;08;13;14;1;0.000124577940;0.000066662537;0.000105576234;0.000044520619;
2017;08;13;15;1;0.000126834384;0.000066737600;0.000105153279;0.000047509445;
2017;08;13;16;1;0.000119346141;0.000062552022;0.000103193525;0.000046701032;
2017;08;13;17;1;0.000114738239;0.000059934674;0.000099893043;0.000044736796;
2017;08;13;18;1;0.000113602679;0.000059036342;0.000097047872;0.000043079251;
2017;08;13;19;1;0.000115033169;0.000059879710;0.000096947864;0.000042220661;
2017;08;13;20;1;0.000116649163;0.000060702982;0.000099090457;0.000045364088;
2017;08;13;21;1;0.000122759885;0.000068941036;0.000104046567;0.000050865098;
2017;08;13;22;1;0.000138718047;0.000133912640;0.000117608686;0.000176948259;
2017;08;13;23;1;0.000135824177;0.000158650713;0.000116295098;0.000245981554;
2017;08;13;24;1;0.000118927641;0.000157380691;0.000107454262;0.000232334262;
2017;08;14;1;1;0.000097934249;0.000145597712;0.000092817799;0.000211763623;
2017;08;14;2;1;0.000082826220;0.000136557814;0.000086648450;0.000188847190;
2017;08;14;3;1;0.000073593905;0.000130107794;0.000082991802;0.000183870891;
2017;08;14;4;1;0.000068697449;0.000127622092;0.000080990490;0.000174307625;
2017;08;14;5;1;0.000066583625;0.000125772987;0.000080213414;0.000173224200;
2017;08;14;6;1;0.000065865946;0.000124599747;0.000082064865;0.000173027870;
2017;08;14;7;1;0.000070263384;0.000123575271;0.000089190062;0.000172689389;
2017;08;14;8;1;0.000079658071;0.000078154350;0.000095853493;0.000080145510;
2017;08;14;9;1;0.000093498785;0.000059398466;0.000120649487;0.000041777881;
2017;08;14;10;1;0.000112516415;0.000065609301;0.000139524900;0.000048179127;
2017;08;14;11;1;0.000125643306;0.000069828310;0.000153371483;0.000052011369;
2017;08;14;12;1;0.000132332570;0.000070415049;0.000159022633;0.000054587802;
2017;08;14;13;1;0.000137771018;0.000070586930;0.000162189543;0.000055135281;
2017;08;14;14;1;0.000143475462;0.000071631811;0.000158898189;0.000054365188;
2017;08;14;15;1;0.000140152633;0.000071484312;0.000145008609;0.000058531526;
2017;08;14;16;1;0.000131390205;0.000066511637;0.000136002220;0.000057959081;
2017;08;14;17;1;0.000130450650;0.000063820991;0.000134744093;0.000055661291;
2017;08;14;18;1;0.000134344555;0.000064287746;0.000138301019;0.000054055993;
2017;08;14;19;1;0.000136465196;0.000064242451;0.000136995982;0.000051376149;
2017;08;14;20;1;0.000134534516;0.000064359222;0.000132906045;0.000048880380;
2017;08;14;21;1;0.000133238100;0.000071934113;0.000126833527;0.000052116370;
2017;08;14;22;1;0.000142124931;0.000134912499;0.000125998742;0.000171438786;
2017;08;14;23;1;0.000137522391;0.000158688150;0.000116700132;0.000241584663;
2017;08;14;24;1;0.000118233680;0.000155254274;0.000105197622;0.000229273969;
2017;08;15;1;1;0.000108571178;0.000153419804;0.000113151352;0.000217325663;
2017;08;15;2;1;0.000094334517;0.000144772063;0.000103879359;0.000190411466;
2017;08;15;3;1;0.000083825433;0.000138828097;0.000098232918;0.000183632759;
2017;08;15;4;1;0.000077609040;0.000136168667;0.000094877025;0.000175762540;
2017;08;15;5;1;0.000074303701;0.000133933486;0.000093874452;0.000172894257;
2017;08;15;6;1;0.000072784955;0.000132481872;0.000094474962;0.000171509022;
2017;08;15;7;1;0.000073849403;0.000129688092;0.000096262616;0.000174331261;
2017;08;15;8;1;0.000075654560;0.000077456381;0.000087670208;0.000081521566;
2017;08;15;9;1;0.000084012884;0.000053112718;0.000087628058;0.000041600572;
2017;08;15;10;1;0.000098800916;0.000059831271;0.000095566387;0.000042234989;
2017;08;15;11;1;0.000113045657;0.000065968798;0.000103770251;0.000045124072;
2017;08;15;12;1;0.000121393635;0.000068612598;0.000109313168;0.000047490814;
2017;08;15;13;1;0.000126832429;0.000069119800;0.000113047615;0.000046287328;
2017;08;15;14;1;0.000133041192;0.000069196837;0.000115257314;0.000045568872;
2017;08;15;15;1;0.000135483580;0.000069291454;0.000114823249;0.000048639794;
2017;08;15;16;1;0.000127468223;0.000064937316;0.000112668717;0.000047805971;
2017;08;15;17;1;0.000122578322;0.000062236200;0.000109093300;0.000045807066;
2017;08;15;18;1;0.000121296248;0.000061268558;0.000105925899;0.000044084817;
2017;08;15;19;1;0.000122839649;0.000062151927;0.000105830556;0.000043211825;
2017;08;15;20;1;0.000124549859;0.000062998624;0.000108156045;0.000046423289;
2017;08;15;21;1;0.000130958345;0.000071484838;0.000113464972;0.000052006628;
2017;08;15;22;1;0.000147872741;0.000138751011;0.000128159825;0.000180785485;
2017;08;15;23;1;0.000144619542;0.000164191759;0.000126581039;0.000251023596;
2017;08;15;24;1;0.000126593634;0.000162832067;0.000116925720;0.000237030606;
2017;08;16;1;1;0.000103338378;0.000149130268;0.000101446807;0.000211045553;
2017;08;16;2;1;0.000086817958;0.000139575748;0.000094344247;0.000189480261;
2017;08;16;3;1;0.000077330976;0.000133281569;0.000090101743;0.000184699135;
2017;08;16;4;1;0.000072216445;0.000130912223;0.000087858975;0.000175591576;
2017;08;16;5;1;0.000069699073;0.000129073957;0.000086988566;0.000172984530;
2017;08;16;6;1;0.000069297287;0.000127969092;0.000088819973;0.000172095190;
2017;08;16;7;1;0.000073374280;0.000127152831;0.000096074464;0.000173021427;
2017;08;16;8;1;0.000083375953;0.000080800888;0.000102667033;0.000080438789;
2017;08;16;9;1;0.000098010752;0.000061797642;0.000127692983;0.000043744170;
2017;08;16;10;1;0.000118310308;0.000069005370;0.000147144794;0.000047748413;
2017;08;16;11;1;0.000133749773;0.000073133490;0.000162481608;0.000051530969;
2017;08;16;12;1;0.000140348571;0.000073552975;0.000168606021;0.000054607981;
2017;08;16;13;1;0.000145488757;0.000073162631;0.000172455013;0.000053471980;
2017;08;16;14;1;0.000151467306;0.000073966536;0.000169303478;0.000055100178;
2017;08;16;15;1;0.000147375800;0.000073661586;0.000154825284;0.000057298469;
2017;08;16;16;1;0.000138637623;0.000068893819;0.000145163783;0.000055056130;
2017;08;16;17;1;0.000137089372;0.000066367051;0.000143525124;0.000053290255;
2017;08;16;18;1;0.000140785496;0.000066227820;0.000147221356;0.000053569302;
2017;08;16;19;1;0.000142610308;0.000066397209;0.000146150860;0.000050353230;
2017;08;16;20;1;0.000140241157;0.000066648706;0.000142665616;0.000050610737;
2017;08;16;21;1;0.000139797786;0.000073544927;0.000136766871;0.000053362369;
2017;08;16;22;1;0.000149020050;0.000139002950;0.000136420515;0.000175340111;
2017;08;16;23;1;0.000143988639;0.000163169014;0.000126477280;0.000247411322;
2017;08;16;24;1;0.000124439221;0.000160147281;0.000114479137;0.000231824862;
2017;08;17;1;1;0.000105928099;0.000151347905;0.000104738802;0.000213143249;
2017;08;17;2;1;0.000088933082;0.000141554872;0.000097339449;0.000191233332;
2017;08;17;3;1;0.000079186032;0.000135122064;0.000092928294;0.000186339872;
2017;08;17;4;1;0.000073951597;0.000132724999;0.000090618583;0.000177158082;
2017;08;17;5;1;0.000071336879;0.000130793696;0.000089674500;0.000174437644;
2017;08;17;6;1;0.000070870156;0.000129572646;0.000091490812;0.000173405046;
2017;08;17;7;1;0.000074958109;0.000128606192;0.000098855860;0.000174148804;
2017;08;17;8;1;0.000085066385;0.000081619584;0.000105503741;0.000080859030;
2017;08;17;9;1;0.000099955454;0.000062397295;0.000131165461;0.000043954039;
2017;08;17;10;1;0.000120635922;0.000069662336;0.000151118853;0.000047968799;
2017;08;17;11;1;0.000136388232;0.000073834821;0.000166881324;0.000051772364;
2017;08;17;12;1;0.000143116350;0.000074257885;0.000173170542;0.000054863463;
2017;08;17;13;1;0.000148341317;0.000073855542;0.000177103932;0.000053716140;
2017;08;17;14;1;0.000154489458;0.000074692382;0.000173926401;0.000055370544;
2017;08;17;15;1;0.000150320796;0.000074386656;0.000159057613;0.000057581338;
2017;08;17;16;1;0.000141497745;0.000069616111;0.000149226645;0.000055363040;
2017;08;17;17;1;0.000139923023;0.000067065473;0.000147547891;0.000053589417;
2017;08;17;18;1;0.000143742193;0.000066946502;0.000151396853;0.000053887518;
2017;08;17;19;1;0.000145600352;0.000067115436;0.000150290858;0.000050650610;
2017;08;17;20;1;0.000143177221;0.000067367627;0.000146702475;0.000050908106;
2017;08;17;21;1;0.000142698099;0.000074324448;0.000140610738;0.000053665952;
2017;08;17;22;1;0.000152096464;0.000140462214;0.000140240607;0.000176319981;
2017;08;17;23;1;0.000146860333;0.000164768828;0.000129929714;0.000248623223;
2017;08;17;24;1;0.000126963867;0.000161772056;0.000117643757;0.000233039052;
2017;08;18;1;1;0.000108525622;0.000153461770;0.000108215344;0.000212773694;
2017;08;18;2;1;0.000091843788;0.000143448237;0.000099972325;0.000193371699;
2017;08;18;3;1;0.000081586668;0.000137166960;0.000095375490;0.000186716375;
2017;08;18;4;1;0.000076041655;0.000134121523;0.000092881265;0.000178810229;
2017;08;18;5;1;0.000073471908;0.000132209725;0.000092071519;0.000176215098;
2017;08;18;6;1;0.000072735577;0.000130980457;0.000093853827;0.000172811812;
2017;08;18;7;1;0.000077175737;0.000129836710;0.000101401421;0.000174416430;
2017;08;18;8;1;0.000087533690;0.000083390769;0.000108523743;0.000085611007;
2017;08;18;9;1;0.000102683002;0.000064171167;0.000134409151;0.000046852552;
2017;08;18;10;1;0.000122786255;0.000070930138;0.000155299572;0.000050359830;
2017;08;18;11;1;0.000138536764;0.000074931043;0.000171344309;0.000054471190;
2017;08;18;12;1;0.000146421076;0.000075005260;0.000178001498;0.000056922995;
2017;08;18;13;1;0.000153088115;0.000075541591;0.000181903384;0.000057369289;
2017;08;18;14;1;0.000158600054;0.000076102223;0.000177981393;0.000056258799;
2017;08;18;15;1;0.000154738911;0.000075723486;0.000161878049;0.000059763123;
2017;08;18;16;1;0.000145643236;0.000071286773;0.000150299873;0.000056773783;
2017;08;18;17;1;0.000143019119;0.000068875799;0.000147021502;0.000054861815;
2017;08;18;18;1;0.000146095902;0.000068569647;0.000149911602;0.000053907362;
2017;08;18;19;1;0.000147924023;0.000069037982;0.000149126131;0.000052068573;
2017;08;18;20;1;0.000144741686;0.000069072704;0.000146596650;0.000050537545;
2017;08;18;21;1;0.000143347623;0.000076540179;0.000142434247;0.000051207250;
2017;08;18;22;1;0.000150428452;0.000142376709;0.000143533414;0.000176764417;
2017;08;18;23;1;0.000144165631;0.000164952529;0.000134720911;0.000248891460;
2017;08;18;24;1;0.000127499505;0.000162480373;0.000123500103;0.000235389709;
2017;08;19;1;1;0.000111683198;0.000154809517;0.000112891297;0.000213670389;
2017;08;19;2;1;0.000096136960;0.000145703861;0.000103116127;0.000188967286;
2017;08;19;3;1;0.000084798369;0.000138919038;0.000097362830;0.000183004478;
2017;08;19;4;1;0.000078221093;0.000136011786;0.000094539564;0.000173937858;
2017;08;19;5;1;0.000074906606;0.000133375482;0.000092903414;0.000172161410;
2017;08;19;6;1;0.000073239270;0.000131766675;0.000093562723;0.000171826645;
2017;08;19;7;1;0.000074508689;0.000128864144;0.000096399697;0.000172444739;
2017;08;19;8;1;0.000078125498;0.000079307734;0.000091740150;0.000082549208;
2017;08;19;9;1;0.000089697012;0.000056428554;0.000098934841;0.000043153389;
2017;08;19;10;1;0.000108336641;0.000064132471;0.000113971630;0.000043518814;
2017;08;19;11;1;0.000124758665;0.000070144918;0.000129833481;0.000047878914;
2017;08;19;12;1;0.000131890914;0.000070971668;0.000135827299;0.000050118839;
2017;08;19;13;1;0.000137613370;0.000070973646;0.000139658903;0.000051294559;
2017;08;19;14;1;0.000143641128;0.000071526662;0.000138688033;0.000050688687;
2017;08;19;15;1;0.000142449788;0.000071214063;0.000129896580;0.000053984902;
2017;08;19;16;1;0.000133531446;0.000066972405;0.000125103735;0.000051422918;
2017;08;19;17;1;0.000128008142;0.000064212809;0.000122092890;0.000048136486;
2017;08;19;18;1;0.000125898630;0.000064071560;0.000123005374;0.000046712854;
2017;08;19;19;1;0.000125660274;0.000064193450;0.000123718840;0.000044591181;
2017;08;19;20;1;0.000124427178;0.000064467483;0.000125947963;0.000049555687;
2017;08;19;21;1;0.000129219889;0.000073055462;0.000129893166;0.000051433609;
2017;08;19;22;1;0.000142948590;0.000135980922;0.000137044042;0.000175992657;
2017;08;19;23;1;0.000139435893;0.000161631203;0.000132244746;0.000247360145;
2017;08;19;24;1;0.000123838709;0.000159774190;0.000122280246;0.000230759047;
2017;08;20;1;1;0.000107291459;0.000152419504;0.000111311905;0.000216463291;
2017;08;20;2;1;0.000093273835;0.000143907188;0.000102246801;0.000189760119;
2017;08;20;3;1;0.000082871651;0.000137979979;0.000096675961;0.000182979733;
2017;08;20;4;1;0.000076734480;0.000135351774;0.000093383591;0.000175156884;
2017;08;20;5;1;0.000073433935;0.000133071191;0.000092355982;0.000172222370;
2017;08;20;6;1;0.000071876722;0.000131526003;0.000092874105;0.000170708938;
2017;08;20;7;1;0.000072833009;0.000128584874;0.000094508352;0.000173292266;
2017;08;20;8;1;0.000074465750;0.000076645592;0.000085902295;0.000080875433;
2017;08;20;9;1;0.000082587742;0.000052490021;0.000085751980;0.000041218450;
2017;08;20;10;1;0.000097163629;0.000059153372;0.000093557626;0.000041863717;
2017;08;20;11;1;0.000111163729;0.000065216324;0.000101581204;0.000044723950;
2017;08;20;12;1;0.000119411839;0.000067852187;0.000107042247;0.000047085125;
2017;08;20;13;1;0.000124757534;0.000068351408;0.000110695291;0.000045890335;
2017;08;20;14;1;0.000130954253;0.000068474402;0.000112936219;0.000045208948;
2017;08;20;15;1;0.000133475717;0.000068628387;0.000112609932;0.000048298091;
2017;08;20;16;1;0.000125707285;0.000064381541;0.000110609679;0.000047518563;
2017;08;20;17;1;0.000120900731;0.000061711605;0.000107113597;0.000045537625;
2017;08;20;18;1;0.000119652684;0.000060760489;0.000104018001;0.000043831544;
2017;08;20;19;1;0.000121123752;0.000061610377;0.000103880275;0.000042945336;
2017;08;20;20;1;0.000122857373;0.000062473749;0.000106203798;0.000046154764;
2017;08;20;21;1;0.000129262941;0.000070935447;0.000111489491;0.000051739496;
2017;08;20;22;1;0.000146151769;0.000137867097;0.000126095366;0.000180095208;
2017;08;20;23;1;0.000143044298;0.000163268891;0.000124635998;0.000250253846;
2017;08;20;24;1;0.000125344805;0.000162085039;0.000115248637;0.000236549234;
2017;08;21;1;1;0.000107645571;0.000153200702;0.000105602933;0.000218091864;
2017;08;21;2;1;0.000091034225;0.000143680574;0.000098578183;0.000194479543;
2017;08;21;3;1;0.000080892209;0.000136902948;0.000094424174;0.000189367030;
2017;08;21;4;1;0.000075538335;0.000134337512;0.000092181544;0.000179584862;
2017;08;21;5;1;0.000073227884;0.000132416183;0.000091314386;0.000178502437;
2017;08;21;6;1;0.000072426101;0.000131158360;0.000093405959;0.000178269389;
2017;08;21;7;1;0.000077408215;0.000130326941;0.000101708584;0.000178258473;
2017;08;21;8;1;0.000087962805;0.000082616555;0.000109562108;0.000082923003;
2017;08;21;9;1;0.000103305833;0.000062825905;0.000137983612;0.000043250569;
2017;08;21;10;1;0.000124356596;0.000069416544;0.000159620185;0.000049892861;
2017;08;21;11;1;0.000138925622;0.000073912717;0.000175537846;0.000053884992;
2017;08;21;12;1;0.000146402696;0.000074574861;0.000182106068;0.000056585411;
2017;08;21;13;1;0.000152477192;0.000074785250;0.000185803127;0.000057174602;
2017;08;21;14;1;0.000158833719;0.000075912910;0.000182082065;0.000056391352;
2017;08;21;15;1;0.000155095114;0.000075727259;0.000166101592;0.000060689455;
2017;08;21;16;1;0.000145447860;0.000070483364;0.000155838046;0.000060116318;
2017;08;21;17;1;0.000144407938;0.000067632120;0.000154396590;0.000057733067;
2017;08;21;18;1;0.000148585355;0.000068065772;0.000158330457;0.000056017835;
2017;08;21;19;1;0.000150860667;0.000067986215;0.000156763554;0.000053215998;
2017;08;21;20;1;0.000148616864;0.000068059664;0.000151971536;0.000050593588;
2017;08;21;21;1;0.000147137200;0.000076045512;0.000144981063;0.000053925571;
2017;08;21;22;1;0.000156893848;0.000142571420;0.000143974311;0.000177325531;
2017;08;21;23;1;0.000151821222;0.000167705848;0.000133356309;0.000249893504;
2017;08;21;24;1;0.000130527004;0.000164076872;0.000120212115;0.000237159460;
2017;08;22;1;1;0.000110369264;0.000154825323;0.000110680576;0.000216060379;
2017;08;22;2;1;0.000092659297;0.000144803511;0.000102858783;0.000193845549;
2017;08;22;3;1;0.000082520072;0.000138250241;0.000098216809;0.000188922373;
2017;08;22;4;1;0.000077020856;0.000135719461;0.000095720485;0.000179509871;
2017;08;22;5;1;0.000074367605;0.000133870569;0.000094812476;0.000176919817;
2017;08;22;6;1;0.000073886532;0.000132630631;0.000096740029;0.000175885570;
2017;08;22;7;1;0.000078246115;0.000131805841;0.000104658238;0.000176860660;
2017;08;22;8;1;0.000088895385;0.000083742173;0.000111819085;0.000082208428;
2017;08;22;9;1;0.000104470883;0.000064029947;0.000139038509;0.000044694506;
2017;08;22;10;1;0.000126053430;0.000071466854;0.000160148734;0.000048764463;
2017;08;22;11;1;0.000142533589;0.000075758289;0.000176878439;0.000052638669;
2017;08;22;12;1;0.000149630361;0.000076225742;0.000183624797;0.000055805920;
2017;08;22;13;1;0.000155126018;0.000075828805;0.000187835448;0.000054650469;
2017;08;22;14;1;0.000161545769;0.000076683453;0.000184454430;0.000056330307;
2017;08;22;15;1;0.000157094585;0.000076324821;0.000168586754;0.000058545090;
2017;08;22;16;1;0.000147870420;0.000071428274;0.000158163039;0.000056288322;
2017;08;22;17;1;0.000146266532;0.000068830891;0.000156428410;0.000054500614;
2017;08;22;18;1;0.000150151309;0.000068659614;0.000160394157;0.000054764562;
2017;08;22;19;1;0.000151920098;0.000068754928;0.000159042141;0.000051416684;
2017;08;22;20;1;0.000149339813;0.000068989268;0.000155190794;0.000051660095;
2017;08;22;21;1;0.000148772467;0.000076078980;0.000148679026;0.000054433943;
2017;08;22;22;1;0.000158562011;0.000143769959;0.000148279341;0.000178833197;
2017;08;22;23;1;0.000152830382;0.000168348346;0.000137132538;0.000251717532;
2017;08;22;24;1;0.000132022805;0.000165158501;0.000124069360;0.000235756733;
2017;08;23;1;1;0.000110513855;0.000154887252;0.000110895144;0.000216048408;
2017;08;23;2;1;0.000092865549;0.000144993930;0.000103152450;0.000194012101;
2017;08;23;3;1;0.000082692269;0.000138412817;0.000098483544;0.000189058435;
2017;08;23;4;1;0.000077209501;0.000135928221;0.000096015166;0.000179704146;
2017;08;23;5;1;0.000074503084;0.000133992553;0.000095044825;0.000177000417;
2017;08;23;6;1;0.000074062441;0.000132825564;0.000097031218;0.000176063893;
2017;08;23;7;1;0.000078404309;0.000131952281;0.000104935661;0.000176976558;
2017;08;23;8;1;0.000089117647;0.000083875249;0.000112169031;0.000082301585;
2017;08;23;9;1;0.000104680834;0.000064100313;0.000139405383;0.000044723255;
2017;08;23;10;1;0.000126320972;0.000071553446;0.000160589385;0.000048801323;
2017;08;23;11;1;0.000142758561;0.000075808900;0.000177268827;0.000052649857;
2017;08;23;12;1;0.000149845637;0.000076266030;0.000184004415;0.000055809998;
2017;08;23;13;1;0.000155317293;0.000075853300;0.000188185110;0.000054643237;
2017;08;23;14;1;0.000161789383;0.000076729291;0.000184848552;0.000056338321;
2017;08;23;15;1;0.000157390087;0.000076398891;0.000169009899;0.000058575229;
2017;08;23;16;1;0.000148115999;0.000071481873;0.000158525160;0.000056304917;
2017;08;23;17;1;0.000146497121;0.000068876745;0.000156773369;0.000054512096;
2017;08;23;18;1;0.000150445230;0.000068731490;0.000160809010;0.000054796936;
2017;08;23;19;1;0.000152233563;0.000068834175;0.000159470343;0.000051452514;
2017;08;23;20;1;0.000149662081;0.000069075305;0.000155623317;0.000051700975;
2017;08;23;21;1;0.000149168002;0.000076211917;0.000149167890;0.000054504236;
2017;08;23;22;1;0.000158897633;0.000143943325;0.000148686475;0.000178967338;
2017;08;23;23;1;0.000153142940;0.000168539318;0.000137499250;0.000251888361;
2017;08;23;24;1;0.000132325530;0.000165386751;0.000124431908;0.000235975081;
2017;08;24;1;1;0.000110132914;0.000154625274;0.000110337387;0.000215883760;
2017;08;24;2;1;0.000092531809;0.000144727362;0.000102618516;0.000193835687;
2017;08;24;3;1;0.000082423731;0.000138206374;0.000098007835;0.000188952185;
2017;08;24;4;1;0.000076934124;0.000135682021;0.000095520781;0.000179545640;
2017;08;24;5;1;0.000074245439;0.000133764417;0.000094565729;0.000176863544;
2017;08;24;6;1;0.000073785041;0.000132561184;0.000096514274;0.000175877021;
2017;08;24;7;1;0.000078120351;0.000131706000;0.000104389573;0.000176810682;
2017;08;24;8;1;0.000088710426;0.000083639067;0.000111479159;0.000082146233;
2017;08;24;9;1;0.000104203171;0.000063920228;0.000138548895;0.000044639124;
2017;08;24;10;1;0.000125755135;0.000071358421;0.000159616164;0.000048713615;
2017;08;24;11;1;0.000142061542;0.000075571661;0.000176123173;0.000052533950;
2017;08;24;12;1;0.000149073385;0.000076006643;0.000182765415;0.000055671961;
2017;08;24;13;1;0.000154529032;0.000075601282;0.000186932707;0.000054512386;
2017;08;24;14;1;0.000160891062;0.000076437679;0.000183530277;0.000056176451;
2017;08;24;15;1;0.000156454514;0.000076078542;0.000167738452;0.000058383916;
2017;08;24;16;1;0.000147303084;0.000071214790;0.000157404750;0.000056146759;
2017;08;24;17;1;0.000145720331;0.000068632225;0.000155694444;0.000054369137;
2017;08;24;18;1;0.000149621276;0.000068475481;0.000159674320;0.000054643650;
2017;08;24;19;1;0.000151505031;0.000068625443;0.000158455141;0.000051344242;
2017;08;24;20;1;0.000148883382;0.000068836956;0.000154567747;0.000051570539;
2017;08;24;21;1;0.000148351842;0.000075928455;0.000148116140;0.000054352063;
2017;08;24;22;1;0.000158146506;0.000143515269;0.000147748610;0.000178601233;
2017;08;24;23;1;0.000152368468;0.000167982391;0.000136586637;0.000251289719;
2017;08;24;24;1;0.000131676542;0.000164865542;0.000123624998;0.000235450391;
2017;08;25;1;1;0.000110296210;0.000154781963;0.000110613603;0.000213804729;
2017;08;25;2;1;0.000093375787;0.000144734326;0.000102224658;0.000194378608;
2017;08;25;3;1;0.000083037885;0.000138547419;0.000097630441;0.000187892981;
2017;08;25;4;1;0.000077422667;0.000135521090;0.000095112166;0.000180003104;
2017;08;25;5;1;0.000074716359;0.000133428813;0.000094169676;0.000177177497;
2017;08;25;6;1;0.000074013088;0.000132269582;0.000096051690;0.000173862583;
2017;08;25;7;1;0.000078616748;0.000131257350;0.000103889035;0.000175668036;
2017;08;25;8;1;0.000089231649;0.000084363289;0.000111265324;0.000086286799;
2017;08;25;9;1;0.000104669909;0.000064916495;0.000137798190;0.000047220176;
2017;08;25;10;1;0.000125063296;0.000071697295;0.000159089591;0.000050714884;
2017;08;25;11;1;0.000141100526;0.000075738590;0.000175519215;0.000054853144;
2017;08;25;12;1;0.000149051524;0.000075773333;0.000182241748;0.000057291690;
2017;08;25;13;1;0.000155898279;0.000076344510;0.000186308217;0.000057763085;
2017;08;25;14;1;0.000161455287;0.000076884381;0.000182227925;0.000056625294;
2017;08;25;15;1;0.000157346049;0.000076415023;0.000165552466;0.000060084251;
2017;08;25;16;1;0.000148092366;0.000071935481;0.000153706542;0.000057077015;
2017;08;25;17;1;0.000145441302;0.000069510778;0.000150371627;0.000055161351;
2017;08;25;18;1;0.000148636852;0.000069232852;0.000153396375;0.000054226006;
2017;08;25;19;1;0.000150519864;0.000069716413;0.000152616063;0.000052384386;
2017;08;25;20;1;0.000147227657;0.000069725891;0.000149972354;0.000050825421;
2017;08;25;21;1;0.000145956233;0.000077341657;0.000145860590;0.000051550713;
2017;08;25;22;1;0.000153135060;0.000143838598;0.000146956585;0.000177914179;
2017;08;25;23;1;0.000146432967;0.000166275379;0.000137626962;0.000249952905;
2017;08;25;24;1;0.000129484477;0.000163757786;0.000126144383;0.000236356607;
2017;08;26;1;1;0.000113606591;0.000156196481;0.000115566653;0.000214710311;
2017;08;26;2;1;0.000097895581;0.000147164026;0.000105670966;0.000190086904;
2017;08;26;3;1;0.000086401646;0.000140395823;0.000099835292;0.000184199779;
2017;08;26;4;1;0.000079692976;0.000137445527;0.000096931770;0.000175058480;
2017;08;26;5;1;0.000076312270;0.000134774633;0.000095249414;0.000173261846;
2017;08;26;6;1;0.000074641192;0.000133198104;0.000095960785;0.000172988780;
2017;08;26;7;1;0.000075910332;0.000130221881;0.000098838473;0.000173554864;
2017;08;26;8;1;0.000079671043;0.000080219721;0.000094150695;0.000083159808;
2017;08;26;9;1;0.000091437021;0.000057055947;0.000101496190;0.000043456212;
2017;08;26;10;1;0.000110502192;0.000064883072;0.000116989982;0.000043849581;
2017;08;26;11;1;0.000127310929;0.000070998484;0.000133333125;0.000048264980;
2017;08;26;12;1;0.000134623635;0.000071853735;0.000139524311;0.000050535936;
2017;08;26;13;1;0.000140469675;0.000071858304;0.000143465330;0.000051723287;
2017;08;26;14;1;0.000146522418;0.000072368760;0.000142370708;0.000051077447;
2017;08;26;15;1;0.000145335502;0.000072066524;0.000133371800;0.000054409546;
2017;08;26;16;1;0.000136154272;0.000067733188;0.000128373205;0.000051796129;
2017;08;26;17;1;0.000130542919;0.000064952415;0.000125303294;0.000048493439;
2017;08;26;18;1;0.000128358407;0.000064792766;0.000126207101;0.000047047070;
2017;08;26;19;1;0.000128125840;0.000064921320;0.000126949487;0.000044913880;
2017;08;26;20;1;0.000126905152;0.000065217270;0.000129274103;0.000049928713;
2017;08;26;21;1;0.000131802150;0.000073910089;0.000133332438;0.000051824248;
2017;08;26;22;1;0.000145710702;0.000137482512;0.000140581484;0.000177214394;
2017;08;26;23;1;0.000141926751;0.000163182201;0.000135464186;0.000248720898;
2017;08;26;24;1;0.000126055066;0.000161312647;0.000125261204;0.000232036069;
2017;08;27;1;1;0.000107798582;0.000152861521;0.000111962568;0.000216924201;
2017;08;27;2;1;0.000093669422;0.000144254785;0.000102794784;0.000190072289;
2017;08;27;3;1;0.000083237654;0.000138337411;0.000097211059;0.000183312752;
2017;08;27;4;1;0.000077056191;0.000135672137;0.000093879526;0.000175436535;
2017;08;27;5;1;0.000073777761;0.000133451189;0.000092891728;0.000172581439;
2017;08;27;6;1;0.000072255306;0.000131978395;0.000093467250;0.000171164462;
2017;08;27;7;1;0.000073277883;0.000129135093;0.000095191504;0.000173900045;
2017;08;27;8;1;0.000075003943;0.000077059191;0.000086619491;0.000081249369;
2017;08;27;9;1;0.000083090716;0.000052713686;0.000086370294;0.000041362274;
2017;08;27;10;1;0.000097693651;0.000059367923;0.000094172726;0.000041983269;
2017;08;27;11;1;0.000111837362;0.000065492241;0.000102310569;0.000044878653;
2017;08;27;12;1;0.000120147521;0.000068146101;0.000107821652;0.000047252741;
2017;08;27;13;1;0.000125540685;0.000068655433;0.000111514205;0.000046059030;
2017;08;27;14;1;0.000131636708;0.000068706114;0.000113651189;0.000045327071;
2017;08;27;15;1;0.000134058057;0.000068802495;0.000113227180;0.000048383410;
2017;08;27;16;1;0.000126016354;0.000064422499;0.000111005100;0.000047512252;
2017;08;27;17;1;0.000121089704;0.000061695696;0.000107400482;0.000045490898;
2017;08;27;18;1;0.000119828161;0.000060738973;0.000104286548;0.000043782350;
2017;08;27;19;1;0.000121353705;0.000061615124;0.000104193387;0.000042915639;
2017;08;27;20;1;0.000122999185;0.000062432153;0.000106444786;0.000046088587;
2017;08;27;21;1;0.000129521162;0.000070947932;0.000111836603;0.000051708834;
2017;08;27;22;1;0.000146604661;0.000138042897;0.000126626955;0.000180186276;
2017;08;27;23;1;0.000143265774;0.000163224398;0.000124967974;0.000249993381;
2017;08;27;24;1;0.000125451380;0.000161927931;0.000115475071;0.000236138338;
2017;08;28;1;1;0.000105957750;0.000151795983;0.000103388972;0.000216862990;
2017;08;28;2;1;0.000089632004;0.000142403094;0.000096538576;0.000193437981;
2017;08;28;3;1;0.000079691332;0.000135762601;0.000092522904;0.000188459559;
2017;08;28;4;1;0.000074458956;0.000133293752;0.000090376430;0.000178825180;
2017;08;28;5;1;0.000072190438;0.000131403585;0.000089537314;0.000177769297;
2017;08;28;6;1;0.000071496185;0.000130330691;0.000091711547;0.000177776337;
2017;08;28;7;1;0.000076467245;0.000129594196;0.000099932711;0.000177888545;
2017;08;28;8;1;0.000087042995;0.000082293360;0.000107834270;0.000082893253;
2017;08;28;9;1;0.000102276417;0.000062611250;0.000135875090;0.000043256552;
2017;08;28;10;1;0.000123084354;0.000069160795;0.000157138827;0.000049886363;
2017;08;28;11;1;0.000137502331;0.000073639331;0.000172806529;0.000053877191;
2017;08;28;12;1;0.000144748907;0.000074220116;0.000179082154;0.000056517130;
2017;08;28;13;1;0.000150591249;0.000074348765;0.000182519615;0.000057043665;
2017;08;28;14;1;0.000156604322;0.000075342433;0.000178562346;0.000056167224;
2017;08;28;15;1;0.000152634503;0.000075018745;0.000162588590;0.000060336102;
2017;08;28;16;1;0.000142764827;0.000069640755;0.000152141976;0.000059609527;
2017;08;28;17;1;0.000141574480;0.000066743637;0.000150554341;0.000057177867;
2017;08;28;18;1;0.000145681733;0.000067177034;0.000154402821;0.000055483625;
2017;08;28;19;1;0.000147917613;0.000067100798;0.000152879988;0.000052710300;
2017;08;28;20;1;0.000145792636;0.000067207889;0.000148283019;0.000050138621;
2017;08;28;21;1;0.000144621084;0.000075239461;0.000141736621;0.000053544306;
2017;08;28;22;1;0.000154448234;0.000141277326;0.000140969030;0.000176342793;
2017;08;28;23;1;0.000149071975;0.000165758072;0.000130238312;0.000247872245;
2017;08;28;24;1;0.000128089925;0.000162078321;0.000117334171;0.000235106408;
2017;08;29;1;1;0.000105943536;0.000151247881;0.000104786344;0.000212986190;
2017;08;29;2;1;0.000089015092;0.000141571139;0.000097459233;0.000191240765;
2017;08;29;3;1;0.000079297432;0.000135203025;0.000093087702;0.000186437345;
2017;08;29;4;1;0.000074082533;0.000132852765;0.000090807002;0.000177315138;
2017;08;29;5;1;0.000071556761;0.000131091031;0.000089978620;0.000174820902;
2017;08;29;6;1;0.000071152310;0.000129983594;0.000091883365;0.000173941785;
2017;08;29;7;1;0.000075449192;0.000129344347;0.000099534168;0.000175135039;
2017;08;29;8;1;0.000085886608;0.000082340112;0.000106553847;0.000081566641;
2017;08;29;9;1;0.000100872266;0.000062918830;0.000132409325;0.000044318050;
2017;08;29;10;1;0.000121650313;0.000070191450;0.000152436522;0.000048329467;
2017;08;29;11;1;0.000137427977;0.000074337693;0.000168205344;0.000052121010;
2017;08;29;12;1;0.000144163850;0.000074741068;0.000174491767;0.000055216251;
2017;08;29;13;1;0.000149227587;0.000074236874;0.000178216943;0.000053989383;
2017;08;29;14;1;0.000155119584;0.000074936549;0.000174689618;0.000055547325;
2017;08;29;15;1;0.000150519411;0.000074424869;0.000159316848;0.000057606537;
2017;08;29;16;1;0.000141445149;0.000069534110;0.000149217141;0.000055293623;
2017;08;29;17;1;0.000139757862;0.000066932287;0.000147419142;0.000053478926;
2017;08;29;18;1;0.000143523502;0.000066790739;0.000151213096;0.000053758051;
2017;08;29;19;1;0.000145264635;0.000066906681;0.000149990529;0.000050489227;
2017;08;29;20;1;0.000142852048;0.000067160418;0.000146414397;0.000050747665;
2017;08;29;21;1;0.000142657113;0.000074243175;0.000140613666;0.000053603192;
2017;08;29;22;1;0.000152174630;0.000140421060;0.000140355915;0.000176254918;
2017;08;29;23;1;0.000146445007;0.000164170345;0.000129602191;0.000247701324;
2017;08;29;24;1;0.000126471759;0.000161015069;0.000117223883;0.000231930947;
2017;08;30;1;1;0.000104189467;0.000149765584;0.000102525418;0.000211600859;
2017;08;30;2;1;0.000087573876;0.000140235841;0.000095391883;0.000190067572;
2017;08;30;3;1;0.000078033921;0.000133962761;0.000091136873;0.000185342000;
2017;08;30;4;1;0.000072945240;0.000131711927;0.000088956559;0.000176377659;
2017;08;30;5;1;0.000070466780;0.000129981068;0.000088155738;0.000173917681;
2017;08;30;6;1;0.000070068579;0.000128883174;0.000090022010;0.000173043328;
2017;08;30;7;1;0.000074321950;0.000128287201;0.000097546614;0.000174281856;
2017;08;30;8;1;0.000084581711;0.000081646174;0.000104399316;0.000081148448;
2017;08;30;9;1;0.000099418353;0.000062437974;0.000129834726;0.000044125747;
2017;08;30;10;1;0.000119752708;0.000069571233;0.000149292726;0.000048061879;
2017;08;30;11;1;0.000135237575;0.000073655414;0.000164679492;0.000051814543;
2017;08;30;12;1;0.000141889746;0.000074067436;0.000170862630;0.000054900738;
2017;08;30;13;1;0.000146888200;0.000073575097;0.000174527669;0.000053686215;
2017;08;30;14;1;0.000152738939;0.000074293394;0.000171130625;0.000055253897;
2017;08;30;15;1;0.000148204847;0.000073783856;0.000156066290;0.000057300485;
2017;08;30;16;1;0.000139269381;0.000068934854;0.000146171872;0.000054999566;
2017;08;30;17;1;0.000137678075;0.000066389221;0.000144484055;0.000053221590;
2017;08;30;18;1;0.000141430329;0.000066268806;0.000148247180;0.000053515510;
2017;08;30;19;1;0.000143223148;0.000066419588;0.000147127774;0.000050288499;
2017;08;30;20;1;0.000140859244;0.000066678473;0.000143634965;0.000050551212;
2017;08;30;21;1;0.000140741977;0.000073749678;0.000138017849;0.000053424135;
2017;08;30;22;1;0.000150062162;0.000139423045;0.000137701025;0.000175584760;
2017;08;30;23;1;0.000144444964;0.000163040658;0.000127179668;0.000246815706;
2017;08;30;24;1;0.000124772360;0.000159942812;0.000115058429;0.000231153333;
2017;08;31;1;1;0.000104279308;0.000149855666;0.000102627774;0.000211700141;
2017;08;31;2;1;0.000087606799;0.000140252006;0.000095440717;0.000190064349;
2017;08;31;3;1;0.000078067189;0.000133984951;0.000091188122;0.000185348193;
2017;08;31;4;1;0.000072942960;0.000131673491;0.000088965872;0.000176302876;
2017;08;31;5;1;0.000070466048;0.000129945849;0.000088166807;0.000173847569;
2017;08;31;6;1;0.000070116465;0.000128937648;0.000090095779;0.000173093579;
2017;08;31;7;1;0.000074367391;0.000128332187;0.000097619524;0.000174319922;
2017;08;31;8;1;0.000084655719;0.000081696320;0.000104504869;0.000081187553;
2017;08;31;9;1;0.000099536449;0.000062495853;0.000130006625;0.000044160811;
2017;08;31;10;1;0.000119896080;0.000069636376;0.000149491785;0.000048100521;
2017;08;31;11;1;0.000135309180;0.000073675209;0.000164789085;0.000051821617;
2017;08;31;12;1;0.000141870542;0.000074038114;0.000170862729;0.000054871748;
2017;08;31;13;1;0.000146897386;0.000073560525;0.000174562311;0.000053668485;
2017;08;31;14;1;0.000152702989;0.000074256554;0.000171113606;0.000055219197;
2017;08;31;15;1;0.000148191537;0.000073758006;0.000156073490;0.000057272836;
2017;08;31;16;1;0.000139234351;0.000068899557;0.000146154972;0.000054964137;
2017;08;31;17;1;0.000137699231;0.000066382121;0.000144525902;0.000053208862;
2017;08;31;18;1;0.000141459456;0.000066265183;0.000148297869;0.000053505509;
2017;08;31;19;1;0.000143244431;0.000066412148;0.000147169641;0.000050276218;
2017;08;31;20;1;0.000140938328;0.000066698525;0.000143735145;0.000050559728;
2017;08;31;21;1;0.000140741031;0.000073729965;0.000138035684;0.000053402794;
2017;08;31;22;1;0.000150177496;0.000139493845;0.000137825592;0.000175650696;
2017;08;31;23;1;0.000144563206;0.000163131604;0.000127301080;0.000246920733;
2017;08;31;24;1;0.000124926735;0.000160098974;0.000115216447;0.000231348431;
