AŃO;MES;DIA;HORA;VERANO(1)/INVIERNO(0);COEF. PERFIL A;COEF. PERFIL B;COEF. PERFIL C;COEF. PERFIL D;
2017;09;01;1;1;0.000088982370;0.000141581632;0.000092972405;0.000184290861;
2017;09;01;2;1;0.000074613685;0.000131812883;0.000087845955;0.000180552431;
2017;09;01;3;1;0.000066777026;0.000126675415;0.000084665740;0.000173055477;
2017;09;01;4;1;0.000063559570;0.000125073878;0.000083451378;0.000166472493;
2017;09;01;5;1;0.000062127795;0.000123746909;0.000083088622;0.000165840724;
2017;09;01;6;1;0.000062806677;0.000123235649;0.000084913252;0.000165804232;
2017;09;01;7;1;0.000069961262;0.000127340221;0.000093900426;0.000167711870;
2017;09;01;8;1;0.000088968994;0.000112495627;0.000108256712;0.000133247374;
2017;09;01;9;1;0.000105950340;0.000067684817;0.000131527003;0.000047596622;
2017;09;01;10;1;0.000118972094;0.000067069578;0.000155434670;0.000044116013;
2017;09;01;11;1;0.000129487992;0.000069346187;0.000168427448;0.000046224348;
2017;09;01;12;1;0.000133072693;0.000068330396;0.000171923115;0.000049725555;
2017;09;01;13;1;0.000138041923;0.000067531552;0.000175186611;0.000050847387;
2017;09;01;14;1;0.000143328626;0.000068556770;0.000168682699;0.000052107243;
2017;09;01;15;1;0.000136115128;0.000067216497;0.000149834830;0.000054677864;
2017;09;01;16;1;0.000125867530;0.000061618820;0.000140178587;0.000048207576;
2017;09;01;17;1;0.000123812872;0.000058730248;0.000138708305;0.000043359285;
2017;09;01;18;1;0.000129060355;0.000059256418;0.000140915934;0.000043040010;
2017;09;01;19;1;0.000131054812;0.000059501538;0.000138970827;0.000043553555;
2017;09;01;20;1;0.000130401517;0.000061117841;0.000135831362;0.000047391398;
2017;09;01;21;1;0.000137025428;0.000111036643;0.000141086346;0.000115780827;
2017;09;01;22;1;0.000142496176;0.000158562143;0.000135045009;0.000246701211;
2017;09;01;23;1;0.000128855430;0.000155124347;0.000119900859;0.000249188956;
2017;09;01;24;1;0.000110591638;0.000152587927;0.000108922385;0.000238543130;
2017;09;02;1;1;0.000093577502;0.000143504607;0.000098137419;0.000184245802;
2017;09;02;2;1;0.000079542798;0.000134426050;0.000091195527;0.000181113474;
2017;09;02;3;1;0.000070128454;0.000128769200;0.000087019865;0.000176715993;
2017;09;02;4;1;0.000065591240;0.000126864824;0.000085000957;0.000169934883;
2017;09;02;5;1;0.000063241225;0.000124802528;0.000083691837;0.000168943281;
2017;09;02;6;1;0.000062875315;0.000124178172;0.000084557218;0.000168808726;
2017;09;02;7;1;0.000064988571;0.000125872942;0.000088124351;0.000167725173;
2017;09;02;8;1;0.000070799852;0.000105651577;0.000089697656;0.000129618890;
2017;09;02;9;1;0.000084764214;0.000057279185;0.000090116081;0.000039668986;
2017;09;02;10;1;0.000105572131;0.000062585008;0.000102968994;0.000040340858;
2017;09;02;11;1;0.000121529971;0.000069129564;0.000117305019;0.000045024366;
2017;09;02;12;1;0.000126567591;0.000068610737;0.000122980063;0.000046574033;
2017;09;02;13;1;0.000130542873;0.000067263448;0.000126312939;0.000046671475;
2017;09;02;14;1;0.000136288588;0.000067058236;0.000124613174;0.000046262832;
2017;09;02;15;1;0.000131135820;0.000066368840;0.000115885813;0.000048451059;
2017;09;02;16;1;0.000117328445;0.000060327006;0.000112082259;0.000044705202;
2017;09;02;17;1;0.000110519433;0.000056584635;0.000109674780;0.000040437806;
2017;09;02;18;1;0.000109129773;0.000055915368;0.000111753089;0.000038812197;
2017;09;02;19;1;0.000110182145;0.000056667728;0.000112790160;0.000039235303;
2017;09;02;20;1;0.000111701475;0.000058614815;0.000115896787;0.000044157462;
2017;09;02;21;1;0.000124072554;0.000110386578;0.000128972196;0.000114052085;
2017;09;02;22;1;0.000134875336;0.000155395106;0.000128120496;0.000242337015;
2017;09;02;23;1;0.000124898667;0.000152433685;0.000117656798;0.000248697258;
2017;09;02;24;1;0.000108360409;0.000150603784;0.000108500423;0.000236820802;
2017;09;03;1;1;0.000094099177;0.000143337112;0.000100339688;0.000181950371;
2017;09;03;2;1;0.000080711157;0.000134723205;0.000092428506;0.000175528609;
2017;09;03;3;1;0.000071487321;0.000128875534;0.000088020612;0.000170357191;
2017;09;03;4;1;0.000066465741;0.000126054457;0.000086047608;0.000165102284;
2017;09;03;5;1;0.000063850590;0.000124591146;0.000084829178;0.000164081331;
2017;09;03;6;1;0.000063107914;0.000123803084;0.000085307028;0.000164014758;
2017;09;03;7;1;0.000064000907;0.000125026036;0.000087239408;0.000166102112;
2017;09;03;8;1;0.000067148939;0.000104557248;0.000085026776;0.000131640356;
2017;09;03;9;1;0.000076130004;0.000053891154;0.000078882086;0.000039173337;
2017;09;03;10;1;0.000092928677;0.000057906561;0.000084230278;0.000038159218;
2017;09;03;11;1;0.000108085112;0.000066219681;0.000091137572;0.000043549340;
2017;09;03;12;1;0.000115937901;0.000067691179;0.000095981142;0.000047055308;
2017;09;03;13;1;0.000120761548;0.000066780085;0.000099671809;0.000046021129;
2017;09;03;14;1;0.000127473071;0.000066781326;0.000100766891;0.000046359094;
2017;09;03;15;1;0.000126241277;0.000065858022;0.000099992312;0.000049025828;
2017;09;03;16;1;0.000113198078;0.000058370064;0.000097770373;0.000045177953;
2017;09;03;17;1;0.000105949370;0.000054979616;0.000094811180;0.000041446867;
2017;09;03;18;1;0.000105656169;0.000053888147;0.000091850417;0.000041453932;
2017;09;03;19;1;0.000108476024;0.000055069258;0.000091398035;0.000040496427;
2017;09;03;20;1;0.000112649396;0.000058867281;0.000093838045;0.000043564056;
2017;09;03;21;1;0.000130942248;0.000114908545;0.000108361036;0.000120061187;
2017;09;03;22;1;0.000143776804;0.000159862089;0.000114274964;0.000245815300;
2017;09;03;23;1;0.000127472231;0.000155040619;0.000106983267;0.000248707961;
2017;09;03;24;1;0.000105697711;0.000150638384;0.000098340640;0.000236143445;
2017;09;04;1;1;0.000087972842;0.000139456979;0.000091269980;0.000182948956;
2017;09;04;2;1;0.000073764438;0.000130367419;0.000086871371;0.000176398741;
2017;09;04;3;1;0.000066356000;0.000125125897;0.000084504742;0.000172602841;
2017;09;04;4;1;0.000063472681;0.000123605609;0.000083489786;0.000166622840;
2017;09;04;5;1;0.000062281640;0.000122228781;0.000082904049;0.000165367647;
2017;09;04;6;1;0.000062984874;0.000121755788;0.000085034786;0.000164523451;
2017;09;04;7;1;0.000070611438;0.000125972889;0.000095038612;0.000166120155;
2017;09;04;8;1;0.000089442941;0.000113227691;0.000110584115;0.000135509866;
2017;09;04;9;1;0.000106505436;0.000068692286;0.000136378398;0.000048934628;
2017;09;04;10;1;0.000120113983;0.000066450453;0.000161598726;0.000046943450;
2017;09;04;11;1;0.000130086299;0.000068810421;0.000174404306;0.000049210403;
2017;09;04;12;1;0.000134646882;0.000068317822;0.000178445014;0.000052360005;
2017;09;04;13;1;0.000139809972;0.000067500158;0.000181314769;0.000053245958;
2017;09;04;14;1;0.000144473466;0.000068128477;0.000173997991;0.000049879216;
2017;09;04;15;1;0.000136476103;0.000066694405;0.000155534497;0.000052919994;
2017;09;04;16;1;0.000125763782;0.000061429417;0.000149609811;0.000048053635;
2017;09;04;17;1;0.000125830950;0.000058532869;0.000151143477;0.000046612614;
2017;09;04;18;1;0.000132075831;0.000059091682;0.000155000311;0.000046316333;
2017;09;04;19;1;0.000135163688;0.000059659644;0.000150540133;0.000045127826;
2017;09;04;20;1;0.000136905944;0.000062720124;0.000143179139;0.000049458893;
2017;09;04;21;1;0.000147548005;0.000115797064;0.000143263733;0.000123081090;
2017;09;04;22;1;0.000152908293;0.000160823993;0.000132733255;0.000246792893;
2017;09;04;23;1;0.000134124167;0.000155764367;0.000115685499;0.000247842575;
2017;09;04;24;1;0.000110242371;0.000150634592;0.000103168166;0.000236293270;
2017;09;05;1;1;0.000092138932;0.000142759262;0.000097029100;0.000188449614;
2017;09;05;2;1;0.000077177915;0.000133141420;0.000092273624;0.000185087168;
2017;09;05;3;1;0.000069418958;0.000128003964;0.000089360663;0.000180282977;
2017;09;05;4;1;0.000066083014;0.000126354986;0.000087960227;0.000171567861;
2017;09;05;5;1;0.000064528777;0.000124968719;0.000087393965;0.000170756089;
2017;09;05;6;1;0.000065438315;0.000124772987;0.000089619789;0.000170463359;
2017;09;05;7;1;0.000072993167;0.000129232995;0.000099761482;0.000171304009;
2017;09;05;8;1;0.000093157970;0.000114729044;0.000115191498;0.000136162882;
2017;09;05;9;1;0.000110331417;0.000070253385;0.000141085562;0.000048606523;
2017;09;05;10;1;0.000124013672;0.000068924380;0.000166717120;0.000046574743;
2017;09;05;11;1;0.000135090353;0.000070812761;0.000179987933;0.000048175708;
2017;09;05;12;1;0.000139490056;0.000069751439;0.000184041191;0.000052197325;
2017;09;05;13;1;0.000144748008;0.000069041157;0.000187342829;0.000051715432;
2017;09;05;14;1;0.000150041509;0.000069903559;0.000180282136;0.000052797453;
2017;09;05;15;1;0.000141898237;0.000068461590;0.000161272123;0.000052557252;
2017;09;05;16;1;0.000130884342;0.000063176041;0.000154877235;0.000048668707;
2017;09;05;17;1;0.000130386694;0.000060594368;0.000156491942;0.000046108516;
2017;09;05;18;1;0.000137164139;0.000061021696;0.000160148723;0.000046885740;
2017;09;05;19;1;0.000140152740;0.000061357902;0.000155630310;0.000046418349;
2017;09;05;20;1;0.000141026154;0.000064322343;0.000148605638;0.000048839649;
2017;09;05;21;1;0.000151412138;0.000116572508;0.000149081554;0.000121399816;
2017;09;05;22;1;0.000156633254;0.000164183065;0.000138857813;0.000250768681;
2017;09;05;23;1;0.000138043540;0.000159247096;0.000120957738;0.000253170241;
2017;09;05;24;1;0.000113907817;0.000154264117;0.000107754350;0.000237035473;
2017;09;06;1;1;0.000092745233;0.000143350225;0.000097832957;0.000189000985;
2017;09;06;2;1;0.000077677681;0.000133678653;0.000093028398;0.000185609379;
2017;09;06;3;1;0.000069834346;0.000128457677;0.000090047595;0.000180703305;
2017;09;06;4;1;0.000066453380;0.000126755054;0.000088602981;0.000171903043;
2017;09;06;5;1;0.000064884501;0.000125352939;0.000088024535;0.000171074049;
2017;09;06;6;1;0.000065800050;0.000125158501;0.000090267786;0.000170783360;
2017;09;06;7;1;0.000073398240;0.000129635071;0.000100484966;0.000171629273;
2017;09;06;8;1;0.000093631863;0.000115033063;0.000115973517;0.000136358676;
2017;09;06;9;1;0.000110943031;0.000070471538;0.000142107880;0.000048698523;
2017;09;06;10;1;0.000124781496;0.000069182962;0.000168033385;0.000046692968;
2017;09;06;11;1;0.000135929034;0.000071079619;0.000181412013;0.000048298807;
2017;09;06;12;1;0.000140271509;0.000069972124;0.000185385606;0.000052299178;
2017;09;06;13;1;0.000145586763;0.000069272844;0.000188747463;0.000051826258;
2017;09;06;14;1;0.000150805993;0.000070089366;0.000181507523;0.000052873803;
2017;09;06;15;1;0.000142633005;0.000068649232;0.000162381703;0.000052637599;
2017;09;06;16;1;0.000131567532;0.000063351821;0.000155949281;0.000048745131;
2017;09;06;17;1;0.000131057898;0.000060758613;0.000157563878;0.000046177611;
2017;09;06;18;1;0.000137892663;0.000061197054;0.000161271941;0.000046963639;
2017;09;06;19;1;0.000140895827;0.000061533654;0.000156720380;0.000046495040;
2017;09;06;20;1;0.000141782208;0.000064510379;0.000149655306;0.000048923216;
2017;09;06;21;1;0.000152228737;0.000116917025;0.000150139381;0.000121611425;
2017;09;06;22;1;0.000157401265;0.000164588039;0.000139774943;0.000251083364;
2017;09;06;23;1;0.000138703343;0.000159620265;0.000121741669;0.000253456768;
2017;09;06;24;1;0.000114522235;0.000154720146;0.000108519017;0.000237448825;
2017;09;07;1;1;0.000091894600;0.000142616142;0.000096605630;0.000188443996;
2017;09;07;2;1;0.000076980007;0.000133019608;0.000091878966;0.000185097883;
2017;09;07;3;1;0.000069256330;0.000127915267;0.000088998233;0.000180333472;
2017;09;07;4;1;0.000065855574;0.000126128334;0.000087506973;0.000171426862;
2017;09;07;5;1;0.000064329501;0.000124788810;0.000086974475;0.000170676288;
2017;09;07;6;1;0.000065209969;0.000124543203;0.000089153709;0.000170315103;
2017;09;07;7;1;0.000072718365;0.000128959363;0.000099215245;0.000171107742;
2017;09;07;8;1;0.000092775017;0.000114446357;0.000114520984;0.000135959637;
2017;09;07;9;1;0.000109844883;0.000070059246;0.000140222215;0.000048519401;
2017;09;07;10;1;0.000123424116;0.000068710150;0.000165639639;0.000046475188;
2017;09;07;11;1;0.000134394590;0.000070564546;0.000178753461;0.000048053585;
2017;09;07;12;1;0.000138621026;0.000069431510;0.000182580551;0.000052008502;
2017;09;07;13;1;0.000143762690;0.000068684578;0.000185748060;0.000051498430;
2017;09;07;14;1;0.000149016214;0.000069540685;0.000178742742;0.000052574520;
2017;09;07;15;1;0.000140984174;0.000068133064;0.000159958118;0.000052355974;
2017;09;07;16;1;0.000130033921;0.000062869346;0.000153606704;0.000048479598;
2017;09;07;17;1;0.000129558180;0.000060308899;0.000155230539;0.000045935976;
2017;09;07;18;1;0.000136313643;0.000060743609;0.000158882417;0.000046717517;
2017;09;07;19;1;0.000139294842;0.000061083163;0.000154412069;0.000046255499;
2017;09;07;20;1;0.000140210725;0.000064056175;0.000147492684;0.000048684906;
2017;09;07;21;1;0.000150571734;0.000116117178;0.000147999514;0.000121043375;
2017;09;07;22;1;0.000155732078;0.000163508390;0.000137821841;0.000249981369;
2017;09;07;23;1;0.000137271865;0.000158618757;0.000120075035;0.000252416848;
2017;09;07;24;1;0.000113357703;0.000153772969;0.000107049819;0.000236510860;
2017;09;08;1;1;0.000090970481;0.000143389835;0.000095674921;0.000185781963;
2017;09;08;2;1;0.000076316186;0.000133558323;0.000090441438;0.000182097814;
2017;09;08;3;1;0.000068325129;0.000128398710;0.000087198422;0.000174599087;
2017;09;08;4;1;0.000065008053;0.000126726593;0.000085914655;0.000167892742;
2017;09;08;5;1;0.000063515319;0.000125326190;0.000085503054;0.000167181015;
2017;09;08;6;1;0.000064174662;0.000124740953;0.000087333481;0.000167053896;
2017;09;08;7;1;0.000071458234;0.000128847255;0.000096540542;0.000168912453;
2017;09;08;8;1;0.000090849851;0.000113798388;0.000111272513;0.000134167530;
2017;09;08;9;1;0.000108014786;0.000068357638;0.000134971883;0.000047847606;
2017;09;08;10;1;0.000121076216;0.000067616741;0.000159224230;0.000044270377;
2017;09;08;11;1;0.000131873551;0.000069962565;0.000172658753;0.000046419689;
2017;09;08;12;1;0.000135523383;0.000068937282;0.000176241056;0.000049935357;
2017;09;08;13;1;0.000140538324;0.000068109146;0.000179528006;0.000051045285;
2017;09;08;14;1;0.000145960420;0.000069161985;0.000172910050;0.000052324307;
2017;09;08;15;1;0.000138705723;0.000067854521;0.000153690948;0.000054941784;
2017;09;08;16;1;0.000128447431;0.000062293112;0.000143992847;0.000048509883;
2017;09;08;17;1;0.000126381016;0.000059387195;0.000142516792;0.000043641672;
2017;09;08;18;1;0.000131724872;0.000059913578;0.000144771329;0.000043316217;
2017;09;08;19;1;0.000133736439;0.000060150592;0.000142747316;0.000043825171;
2017;09;08;20;1;0.000133034203;0.000061768009;0.000139485239;0.000047674201;
2017;09;08;21;1;0.000139877737;0.000112286794;0.000144970601;0.000116543297;
2017;09;08;22;1;0.000145316428;0.000160186511;0.000138623726;0.000248076720;
2017;09;08;23;1;0.000131399136;0.000156705660;0.000123072099;0.000250565806;
2017;09;08;24;1;0.000112786250;0.000154159031;0.000111814605;0.000239885505;
2017;09;09;1;1;0.000093905843;0.000143839016;0.000098508775;0.000184612307;
2017;09;09;2;1;0.000079802710;0.000134706918;0.000091518613;0.000181430130;
2017;09;09;3;1;0.000070378950;0.000129077401;0.000087354653;0.000177078671;
2017;09;09;4;1;0.000065786236;0.000127092556;0.000085277044;0.000170181998;
2017;09;09;5;1;0.000063472268;0.000125111380;0.000084020635;0.000169303737;
2017;09;09;6;1;0.000063105245;0.000124485920;0.000084889717;0.000169169494;
2017;09;09;7;1;0.000065314491;0.000126355640;0.000088590593;0.000168311072;
2017;09;09;8;1;0.000071190318;0.000106109498;0.000090217086;0.000130136391;
2017;09;09;9;1;0.000085212072;0.000057514203;0.000090617067;0.000039818194;
2017;09;09;10;1;0.000106028772;0.000062781899;0.000103442744;0.000040453998;
2017;09;09;11;1;0.000122001861;0.000069316491;0.000117792808;0.000045130750;
2017;09;09;12;1;0.000127022414;0.000068776428;0.000123455850;0.000046670619;
2017;09;09;13;1;0.000130911733;0.000067374293;0.000126704595;0.000046732478;
2017;09;09;14;1;0.000136451439;0.000067059521;0.000124796299;0.000046247975;
2017;09;09;15;1;0.000131109100;0.000066277393;0.000115893984;0.000048367835;
2017;09;09;16;1;0.000117161680;0.000060170517;0.000111953654;0.000044574063;
2017;09;09;17;1;0.000110235547;0.000056373010;0.000109423072;0.000040272860;
2017;09;09;18;1;0.000108819599;0.000055690965;0.000111466027;0.000038643279;
2017;09;09;19;1;0.000109882425;0.000056447212;0.000112514201;0.000039069325;
2017;09;09;20;1;0.000111518897;0.000058450286;0.000115739091;0.000044018530;
2017;09;09;21;1;0.000124091246;0.000110273557;0.000129027010;0.000113896540;
2017;09;09;22;1;0.000134843267;0.000155175715;0.000128125170;0.000241912527;
2017;09;09;23;1;0.000124833579;0.000152175332;0.000117627743;0.000248191266;
2017;09;09;24;1;0.000108280947;0.000150316614;0.000108450601;0.000236288800;
2017;09;10;1;1;0.000091902483;0.000141416970;0.000097196793;0.000180466409;
2017;09;10;2;1;0.000078815884;0.000132899711;0.000089520784;0.000174072471;
2017;09;10;3;1;0.000069874976;0.000127251991;0.000085332566;0.000169104486;
2017;09;10;4;1;0.000065012411;0.000124554116;0.000083478569;0.000164003650;
2017;09;10;5;1;0.000062508486;0.000123214750;0.000082367729;0.000163130527;
2017;09;10;6;1;0.000061776544;0.000122425731;0.000082825176;0.000163051471;
2017;09;10;7;1;0.000062663229;0.000123659805;0.000084718278;0.000165159592;
2017;09;10;8;1;0.000065741010;0.000103407686;0.000082563995;0.000130884517;
2017;09;10;9;1;0.000074551085;0.000053311028;0.000076615083;0.000038957465;
2017;09;10;10;1;0.000091015726;0.000057292254;0.000081822489;0.000037954927;
2017;09;10;11;1;0.000105685730;0.000065409226;0.000088386451;0.000043244816;
2017;09;10;12;1;0.000113347076;0.000066852618;0.000093069754;0.000046719213;
2017;09;10;13;1;0.000117949466;0.000065889427;0.000096555589;0.000045648507;
2017;09;10;14;1;0.000124434026;0.000065853247;0.000097561020;0.000045957633;
2017;09;10;15;1;0.000123032161;0.000064837672;0.000096654405;0.000048522617;
2017;09;10;16;1;0.000110245774;0.000057426787;0.000094442601;0.000044683939;
2017;09;10;17;1;0.000103155480;0.000054075069;0.000091556935;0.000040981480;
2017;09;10;18;1;0.000102840370;0.000052986286;0.000088672238;0.000040976656;
2017;09;10;19;1;0.000105542593;0.000054125844;0.000088200009;0.000040014069;
2017;09;10;20;1;0.000109678945;0.000057898835;0.000090617300;0.000043074943;
2017;09;10;21;1;0.000127850915;0.000113338596;0.000104938528;0.000119049805;
2017;09;10;22;1;0.000140181452;0.000157452176;0.000110507204;0.000243395557;
2017;09;10;23;1;0.000124338931;0.000152770146;0.000103501148;0.000246367398;
2017;09;10;24;1;0.000103101706;0.000148435362;0.000095141736;0.000233925828;
2017;09;11;1;1;0.000083486927;0.000135495078;0.000085029444;0.000179871687;
2017;09;11;2;1;0.000070047467;0.000126744136;0.000080982951;0.000173541718;
2017;09;11;3;1;0.000063004257;0.000121632691;0.000078766638;0.000169785523;
2017;09;11;4;1;0.000060299678;0.000120220834;0.000077863339;0.000163993146;
2017;09;11;5;1;0.000059153993;0.000118853209;0.000077298540;0.000162718744;
2017;09;11;6;1;0.000059802847;0.000118355548;0.000079259941;0.000161836479;
2017;09;11;7;1;0.000066926707;0.000122240437;0.000088429264;0.000163120948;
2017;09;11;8;1;0.000084784293;0.000109884237;0.000102904320;0.000133077081;
2017;09;11;9;1;0.000100850061;0.000066592569;0.000126771464;0.000048004693;
2017;09;11;10;1;0.000113600451;0.000064342486;0.000150036162;0.000045996470;
2017;09;11;11;1;0.000122914207;0.000066563807;0.000161770474;0.000048171533;
2017;09;11;12;1;0.000127154383;0.000066051465;0.000165428747;0.000051226859;
2017;09;11;13;1;0.000131945349;0.000065219000;0.000167981188;0.000052060172;
2017;09;11;14;1;0.000136424345;0.000065863663;0.000161294497;0.000048796247;
2017;09;11;15;1;0.000129016543;0.000064549309;0.000144340115;0.000051828852;
2017;09;11;16;1;0.000118784543;0.000059401053;0.000138718998;0.000047021188;
2017;09;11;17;1;0.000118770025;0.000056563021;0.000140049096;0.000045581210;
2017;09;11;18;1;0.000124652290;0.000057097445;0.000143608785;0.000045287057;
2017;09;11;19;1;0.000127727141;0.000057718791;0.000139651943;0.000044180495;
2017;09;11;20;1;0.000129513865;0.000060745523;0.000132967418;0.000048473164;
2017;09;11;21;1;0.000139905568;0.000112411984;0.000133355045;0.000120908270;
2017;09;11;22;1;0.000144956698;0.000156088712;0.000123526040;0.000242383421;
2017;09;11;23;1;0.000127021232;0.000151025683;0.000107552309;0.000243169002;
2017;09;11;24;1;0.000104368230;0.000146001696;0.000095881984;0.000231757684;
2017;09;12;1;1;0.000088354189;0.000139334473;0.000091794398;0.000185604380;
2017;09;12;2;1;0.000074074015;0.000130063771;0.000087373679;0.000182456000;
2017;09;12;3;1;0.000066694961;0.000125172427;0.000084701582;0.000177901110;
2017;09;12;4;1;0.000063473985;0.000123528915;0.000083353237;0.000169258645;
2017;09;12;5;1;0.000062009645;0.000122229898;0.000082854759;0.000168535352;
2017;09;12;6;1;0.000062895792;0.000122061970;0.000084981346;0.000168278847;
2017;09;12;7;1;0.000070187417;0.000126479684;0.000094639001;0.000169181775;
2017;09;12;8;1;0.000089724401;0.000112469365;0.000109456406;0.000134697113;
2017;09;12;9;1;0.000106225414;0.000068844112;0.000134011483;0.000048065426;
2017;09;12;10;1;0.000119154355;0.000067403668;0.000158034081;0.000045962095;
2017;09;12;11;1;0.000129727256;0.000069213170;0.000170522028;0.000047516452;
2017;09;12;12;1;0.000133824623;0.000068110845;0.000174195936;0.000051433968;
2017;09;12;13;1;0.000138789347;0.000067378589;0.000177219217;0.000050929885;
2017;09;12;14;1;0.000143691985;0.000068138211;0.000170335049;0.000051932962;
2017;09;12;15;1;0.000135791210;0.000066682513;0.000152259418;0.000051657848;
2017;09;12;16;1;0.000125223463;0.000061520625;0.000146189374;0.000047825203;
2017;09;12;17;1;0.000124702898;0.000058985579;0.000147660881;0.000045293243;
2017;09;12;18;1;0.000131251280;0.000059431618;0.000151187765;0.000046080028;
2017;09;12;19;1;0.000134222975;0.000059808937;0.000147044794;0.000045658744;
2017;09;12;20;1;0.000135210395;0.000062768622;0.000140564584;0.000048094116;
2017;09;12;21;1;0.000145514196;0.000114027901;0.000141350969;0.000119831695;
2017;09;12;22;1;0.000150455056;0.000160517169;0.000131590138;0.000247403086;
2017;09;12;23;1;0.000132444095;0.000155510010;0.000114493378;0.000249481397;
2017;09;12;24;1;0.000109297636;0.000150658096;0.000102005187;0.000233603628;
2017;09;13;1;1;0.000089875328;0.000140734080;0.000093873243;0.000186803429;
2017;09;13;2;1;0.000075332218;0.000131340471;0.000089332152;0.000183593077;
2017;09;13;3;1;0.000067791543;0.000126333499;0.000086553836;0.000178914045;
2017;09;13;4;1;0.000064558604;0.000124753962;0.000085230128;0.000170330533;
2017;09;13;5;1;0.000063016935;0.000123339684;0.000084650162;0.000169461998;
2017;09;13;6;1;0.000063869722;0.000123078207;0.000086757961;0.000169077663;
2017;09;13;7;1;0.000071283391;0.000127549049;0.000096629904;0.000170006667;
2017;09;13;8;1;0.000091100132;0.000113388768;0.000111727974;0.000135316266;
2017;09;13;9;1;0.000107817820;0.000069383512;0.000136746566;0.000048270099;
2017;09;13;10;1;0.000120957601;0.000067941344;0.000161282149;0.000046164309;
2017;09;13;11;1;0.000131692104;0.000069766125;0.000174028869;0.000047726083;
2017;09;13;12;1;0.000135875336;0.000068667024;0.000177809485;0.000051669934;
2017;09;13;13;1;0.000140962260;0.000067951022;0.000180954687;0.000051180285;
2017;09;13;14;1;0.000146001420;0.000068745238;0.000173996638;0.000052209665;
2017;09;13;15;1;0.000138057686;0.000067317542;0.000155627162;0.000051964711;
2017;09;13;16;1;0.000127340159;0.000062119475;0.000149454084;0.000048119353;
2017;09;13;17;1;0.000126853087;0.000059579616;0.000151008800;0.000045587019;
2017;09;13;18;1;0.000133520999;0.000060033123;0.000154623313;0.000046381206;
2017;09;13;19;1;0.000136528570;0.000060407397;0.000150369113;0.000045951947;
2017;09;13;20;1;0.000137486359;0.000063375219;0.000143693705;0.000048386561;
2017;09;13;21;1;0.000147930954;0.000115104467;0.000144465713;0.000120533752;
2017;09;13;22;1;0.000152841834;0.000161913963;0.000134391282;0.000248670259;
2017;09;13;23;1;0.000134490933;0.000156800020;0.000116883466;0.000250658164;
2017;09;13;24;1;0.000110992690;0.000151915972;0.000104140142;0.000234718041;
2017;09;14;1;1;0.000089998289;0.000140902113;0.000093989131;0.000187036133;
2017;09;14;2;1;0.000075444767;0.000131513822;0.000089453679;0.000183844894;
2017;09;14;3;1;0.000067905403;0.000126523675;0.000086687640;0.000179192633;
2017;09;14;4;1;0.000064616023;0.000124843204;0.000085294550;0.000170461187;
2017;09;14;5;1;0.000063088673;0.000123458619;0.000084735220;0.000169634174;
2017;09;14;6;1;0.000063969141;0.000123248352;0.000086881414;0.000169320148;
2017;09;14;7;1;0.000071352914;0.000127651243;0.000096711240;0.000170151671;
2017;09;14;8;1;0.000091207594;0.000113502777;0.000111844842;0.000135459323;
2017;09;14;9;1;0.000107915861;0.000069434526;0.000136852649;0.000048308086;
2017;09;14;10;1;0.000121054702;0.000067984060;0.000161390084;0.000046195721;
2017;09;14;11;1;0.000131773752;0.000069797238;0.000174113529;0.000047749834;
2017;09;14;12;1;0.000135929096;0.000068682246;0.000177856102;0.000051684059;
2017;09;14;13;1;0.000141010698;0.000067962550;0.000180992715;0.000051191613;
2017;09;14;14;1;0.000146067922;0.000068764589;0.000174052665;0.000052227061;
2017;09;14;15;1;0.000138110485;0.000067331575;0.000155665907;0.000051978230;
2017;09;14;16;1;0.000127419859;0.000062147544;0.000149527670;0.000048143584;
2017;09;14;17;1;0.000126877486;0.000059580712;0.000151017691;0.000045590213;
2017;09;14;18;1;0.000133432447;0.000059982875;0.000154500148;0.000046344780;
2017;09;14;19;1;0.000136314239;0.000060302077;0.000150113020;0.000045874200;
2017;09;14;20;1;0.000137262404;0.000063260982;0.000143440496;0.000048301838;
2017;09;14;21;1;0.000147743047;0.000114938264;0.000144262955;0.000120365929;
2017;09;14;22;1;0.000152567778;0.000161595531;0.000134132409;0.000248194031;
2017;09;14;23;1;0.000134261897;0.000156505768;0.000116668845;0.000250200707;
2017;09;14;24;1;0.000110768673;0.000151582992;0.000103916088;0.000234215672;
2017;09;15;1;1;0.000087913455;0.000140594897;0.000091436096;0.000183525645;
2017;09;15;2;1;0.000073791193;0.000131025302;0.000086480868;0.000179982783;
2017;09;15;3;1;0.000066078051;0.000125989327;0.000083396936;0.000172606476;
2017;09;15;4;1;0.000062917272;0.000124441952;0.000082230831;0.000166101288;
2017;09;15;5;1;0.000061477448;0.000123076608;0.000081843403;0.000165410342;
2017;09;15;6;1;0.000062153153;0.000122575866;0.000083645977;0.000165384400;
2017;09;15;7;1;0.000069301272;0.000126782829;0.000092589847;0.000167451466;
2017;09;15;8;1;0.000088347490;0.000112280010;0.000107009565;0.000133369270;
2017;09;15;9;1;0.000105085442;0.000067474975;0.000129857595;0.000047583668;
2017;09;15;10;1;0.000117712336;0.000066698138;0.000153086539;0.000043996154;
2017;09;15;11;1;0.000128014646;0.000068907107;0.000165750660;0.000046061974;
2017;09;15;12;1;0.000131380173;0.000067805681;0.000168961356;0.000049483693;
2017;09;15;13;1;0.000136164535;0.000066953148;0.000172014932;0.000050554897;
2017;09;15;14;1;0.000141218020;0.000067892031;0.000165439784;0.000051748391;
2017;09;15;15;1;0.000133963209;0.000066491524;0.000146792599;0.000054241573;
2017;09;15;16;1;0.000123917564;0.000060973876;0.000137376696;0.000047838332;
2017;09;15;17;1;0.000121872197;0.000058104792;0.000135910666;0.000043019220;
2017;09;15;18;1;0.000127005702;0.000058610716;0.000138039286;0.000042691785;
2017;09;15;19;1;0.000129027658;0.000058880203;0.000136196428;0.000043221022;
2017;09;15;20;1;0.000128473095;0.000060521379;0.000133211535;0.000047062029;
2017;09;15;21;1;0.000135374018;0.000110258414;0.000138749482;0.000115295506;
2017;09;15;22;1;0.000140496751;0.000157135332;0.000132542098;0.000245174859;
2017;09;15;23;1;0.000126957458;0.000153619635;0.000117595316;0.000247471887;
2017;09;15;24;1;0.000108915727;0.000151042701;0.000106781909;0.000236797329;
2017;09;16;1;1;0.000090879161;0.000141164559;0.000094366366;0.000182427854;
2017;09;16;2;1;0.000077242569;0.000132222771;0.000087683752;0.000179311149;
2017;09;16;3;1;0.000068114522;0.000126684774;0.000083686151;0.000174993530;
2017;09;16;4;1;0.000063711371;0.000124818600;0.000081749418;0.000168288460;
2017;09;16;5;1;0.000061464887;0.000122861883;0.000080537780;0.000167405000;
2017;09;16;6;1;0.000061133650;0.000122296038;0.000081403031;0.000167338446;
2017;09;16;7;1;0.000063262709;0.000124110965;0.000084936912;0.000166459939;
2017;09;16;8;1;0.000069065118;0.000104392516;0.000086635770;0.000128912607;
2017;09;16;9;1;0.000082717663;0.000056617347;0.000087071846;0.000039467307;
2017;09;16;10;1;0.000102947446;0.000061816381;0.000099417422;0.000040106255;
2017;09;16;11;1;0.000118384828;0.000068209276;0.000113140732;0.000044715794;
2017;09;16;12;1;0.000123223328;0.000067659607;0.000118548174;0.000046229048;
2017;09;16;13;1;0.000126947515;0.000066254767;0.000121621013;0.000046272530;
2017;09;16;14;1;0.000132374149;0.000065972476;0.000119838782;0.000045811720;
2017;09;16;15;1;0.000127237496;0.000065226635;0.000111330405;0.000047928930;
2017;09;16;16;1;0.000113650449;0.000059189761;0.000107496533;0.000044149582;
2017;09;16;17;1;0.000107001432;0.000055490219;0.000105135033;0.000039915283;
2017;09;16;18;1;0.000105647135;0.000054829291;0.000107118318;0.000038307463;
2017;09;16;19;1;0.000106651191;0.000055559363;0.000108097447;0.000038719718;
2017;09;16;20;1;0.000108261989;0.000057542863;0.000111218806;0.000043633684;
2017;09;16;21;1;0.000120627187;0.000108705801;0.000124152454;0.000113050736;
2017;09;16;22;1;0.000130923011;0.000152787475;0.000123137915;0.000239830208;
2017;09;16;23;1;0.000121150082;0.000149766206;0.000112998499;0.000245944770;
2017;09;16;24;1;0.000105105291;0.000147964252;0.000104201776;0.000234193308;
2017;09;17;1;1;0.000090674125;0.000140290801;0.000095529494;0.000179500976;
2017;09;17;2;1;0.000077779142;0.000131869688;0.000088004057;0.000173178433;
2017;09;17;3;1;0.000068957406;0.000126268601;0.000083888700;0.000168239777;
2017;09;17;4;1;0.000064178776;0.000123630260;0.000082091760;0.000163216094;
2017;09;17;5;1;0.000061707387;0.000122301679;0.000080999938;0.000162348295;
2017;09;17;6;1;0.000060989530;0.000121527880;0.000081456071;0.000162282133;
2017;09;17;7;1;0.000061870820;0.000122764614;0.000083325828;0.000164395990;
2017;09;17;8;1;0.000064970810;0.000102755782;0.000081283430;0.000130402072;
2017;09;17;9;1;0.000073668346;0.000052968240;0.000075417241;0.000038808955;
2017;09;17;10;1;0.000089924003;0.000056914988;0.000080530667;0.000037804340;
2017;09;17;11;1;0.000104513232;0.000065037746;0.000087070300;0.000043112509;
2017;09;17;12;1;0.000112120754;0.000066491427;0.000091709362;0.000046589228;
2017;09;17;13;1;0.000116609206;0.000065497411;0.000095091936;0.000045496475;
2017;09;17;14;1;0.000122980783;0.000065440534;0.000096051433;0.000045789939;
2017;09;17;15;1;0.000121579352;0.000064422878;0.000095146374;0.000048339227;
2017;09;17;16;1;0.000108875434;0.000057023519;0.000092910608;0.000044487061;
2017;09;17;17;1;0.000101906317;0.000053712755;0.000090100970;0.000040814149;
2017;09;17;18;1;0.000101592503;0.000052629961;0.000087259981;0.000040808333;
2017;09;17;19;1;0.000104243245;0.000053752217;0.000086779712;0.000039842556;
2017;09;17;20;1;0.000108444475;0.000057560629;0.000089253385;0.000042936159;
2017;09;17;21;1;0.000126754255;0.000112981692;0.000103638970;0.000118987600;
2017;09;17;22;1;0.000138821021;0.000156777917;0.000109014605;0.000242991812;
2017;09;17;23;1;0.000122935374;0.000151872720;0.000101939927;0.000245565462;
2017;09;17;24;1;0.000101893494;0.000147499151;0.000093665809;0.000233062869;
2017;09;18;1;1;0.000084153592;0.000135961569;0.000086019912;0.000180116873;
2017;09;18;2;1;0.000070615098;0.000127195420;0.000081935896;0.000173798666;
2017;09;18;3;1;0.000063544498;0.000122122824;0.000079730748;0.000170116376;
2017;09;18;4;1;0.000060832240;0.000120736066;0.000078836497;0.000164354623;
2017;09;18;5;1;0.000059710271;0.000119430255;0.000078309013;0.000163169874;
2017;09;18;6;1;0.000060425299;0.000119048530;0.000080375960;0.000162446658;
2017;09;18;7;1;0.000067791221;0.000123261476;0.000089897060;0.000164142541;
2017;09;18;8;1;0.000086199913;0.000111215493;0.000105002711;0.000134410162;
2017;09;18;9;1;0.000102594018;0.000067438843;0.000129432356;0.000048513989;
2017;09;18;10;1;0.000115366901;0.000065048529;0.000152922925;0.000046404820;
2017;09;18;11;1;0.000124642221;0.000067195427;0.000164640938;0.000048527842;
2017;09;18;12;1;0.000128809682;0.000066609795;0.000168191341;0.000051552807;
2017;09;18;13;1;0.000133588645;0.000065733698;0.000170691379;0.000052362271;
2017;09;18;14;1;0.000137957354;0.000066303633;0.000163699746;0.000049020395;
2017;09;18;15;1;0.000130226969;0.000064861293;0.000146223797;0.000051971414;
2017;09;18;16;1;0.000119933467;0.000059705325;0.000140569752;0.000047164091;
2017;09;18;17;1;0.000119948201;0.000056866691;0.000141952380;0.000045730943;
2017;09;18;18;1;0.000125896457;0.000057407467;0.000145569280;0.000045438580;
2017;09;18;19;1;0.000128913381;0.000057992323;0.000141461178;0.000044297866;
2017;09;18;20;1;0.000130791317;0.000061068239;0.000134766938;0.000048629682;
2017;09;18;21;1;0.000141643263;0.000113295330;0.000135502047;0.000121605816;
2017;09;18;22;1;0.000146413135;0.000156946530;0.000125220591;0.000243210363;
2017;09;18;23;1;0.000128091429;0.000151611808;0.000108852640;0.000243606784;
2017;09;18;24;1;0.000105175662;0.000146468187;0.000096974919;0.000232016297;
2017;09;19;1;1;0.000086432452;0.000137625520;0.000089122560;0.000184220717;
2017;09;19;2;1;0.000072454070;0.000128452911;0.000084820205;0.000181073798;
2017;09;19;3;1;0.000065237740;0.000123624704;0.000082227900;0.000176557065;
2017;09;19;4;1;0.000062125790;0.000122077462;0.000080969307;0.000168084466;
2017;09;19;5;1;0.000060684151;0.000120776986;0.000080473944;0.000167343021;
2017;09;19;6;1;0.000061539418;0.000120587662;0.000082523415;0.000167055923;
2017;09;19;7;1;0.000068727817;0.000125050309;0.000091974032;0.000168084406;
2017;09;19;8;1;0.000087963521;0.000111331223;0.000106501324;0.000133983364;
2017;09;19;9;1;0.000104157230;0.000068158261;0.000130414173;0.000047818323;
2017;09;19;10;1;0.000116723092;0.000066668564;0.000153645346;0.000045682224;
2017;09;19;11;1;0.000126953511;0.000068390051;0.000165621138;0.000047180012;
2017;09;19;12;1;0.000130852506;0.000067243915;0.000169046361;0.000051026597;
2017;09;19;13;1;0.000135602932;0.000066469983;0.000171848422;0.000050487771;
2017;09;19;14;1;0.000140358586;0.000067202878;0.000165132384;0.000051469517;
2017;09;19;15;1;0.000132635127;0.000065764203;0.000147602208;0.000051194554;
2017;09;19;16;1;0.000122363651;0.000060698528;0.000141776520;0.000047415911;
2017;09;19;17;1;0.000121854725;0.000058197240;0.000143203317;0.000044905527;
2017;09;19;18;1;0.000128202749;0.000058614093;0.000146565660;0.000045667484;
2017;09;19;19;1;0.000131039935;0.000058956759;0.000142478144;0.000045227369;
2017;09;19;20;1;0.000132082656;0.000061911169;0.000136280403;0.000047668141;
2017;09;19;21;1;0.000142528788;0.000112771423;0.000137409831;0.000119088407;
2017;09;19;22;1;0.000147281271;0.000158654697;0.000127845624;0.000245723338;
2017;09;19;23;1;0.000129536105;0.000153570320;0.000111137441;0.000247569397;
2017;09;19;24;1;0.000106875784;0.000148748202;0.000098994847;0.000231765445;
2017;09;20;1;1;0.000087069334;0.000138274710;0.000089943854;0.000184861097;
2017;09;20;2;1;0.000072956124;0.000129002553;0.000085564521;0.000181624003;
2017;09;20;3;1;0.000065654176;0.000124086376;0.000082904497;0.000176997534;
2017;09;20;4;1;0.000062518685;0.000122526151;0.000081630748;0.000168493889;
2017;09;20;5;1;0.000061084404;0.000121253599;0.000081153227;0.000167795896;
2017;09;20;6;1;0.000061919413;0.000121012911;0.000083185202;0.000167437985;
2017;09;20;7;1;0.000069138235;0.000125465956;0.000092692888;0.000168434803;
2017;09;20;8;1;0.000088458275;0.000111662728;0.000107296688;0.000134216346;
2017;09;20;9;1;0.000104662086;0.000068308360;0.000131286540;0.000047864439;
2017;09;20;10;1;0.000117306430;0.000066825394;0.000154696286;0.000045733132;
2017;09;20;11;1;0.000127566716;0.000068539508;0.000166726206;0.000047224718;
2017;09;20;12;1;0.000131461003;0.000067378801;0.000170143815;0.000051065803;
2017;09;20;13;1;0.000136238181;0.000066605595;0.000172969987;0.000050528293;
2017;09;20;14;1;0.000141043750;0.000067353183;0.000166242690;0.000051520922;
2017;09;20;15;1;0.000133339810;0.000065939588;0.000148658441;0.000051267685;
2017;09;20;16;1;0.000122995222;0.000060851231;0.000142769544;0.000047476488;
2017;09;20;17;1;0.000122500517;0.000058351675;0.000144226170;0.000044969081;
2017;09;20;18;1;0.000128945831;0.000058798657;0.000147685426;0.000045754701;
2017;09;20;19;1;0.000131831149;0.000059156621;0.000143601198;0.000045324640;
2017;09;20;20;1;0.000132885541;0.000062123560;0.000137360161;0.000047772594;
2017;09;20;21;1;0.000143325213;0.000113103086;0.000138430967;0.000119291131;
2017;09;20;22;1;0.000147933506;0.000158937856;0.000128647201;0.000245857863;
2017;09;20;23;1;0.000130128231;0.000153866251;0.000111850140;0.000247740106;
2017;09;20;24;1;0.000107372216;0.000149045791;0.000099636999;0.000231942298;
2017;09;21;1;1;0.000087190466;0.000138376372;0.000090127088;0.000184927547;
2017;09;21;2;1;0.000073062031;0.000129105191;0.000085744009;0.000181700256;
2017;09;21;3;1;0.000065739215;0.000124165707;0.000083065430;0.000177044190;
2017;09;21;4;1;0.000062579665;0.000122565319;0.000081763082;0.000168484465;
2017;09;21;5;1;0.000061136580;0.000121277670;0.000081274941;0.000167766188;
2017;09;21;6;1;0.000062001275;0.000121093520;0.000083348913;0.000167486607;
2017;09;21;7;1;0.000069219831;0.000125531742;0.000092862150;0.000168459841;
2017;09;21;8;1;0.000088556511;0.000111713503;0.000107485138;0.000134226957;
2017;09;21;9;1;0.000104752361;0.000068322492;0.000131484546;0.000047856366;
2017;09;21;10;1;0.000117415005;0.000066843429;0.000154939355;0.000045728297;
2017;09;21;11;1;0.000127680211;0.000068555547;0.000166982192;0.000047218033;
2017;09;21;12;1;0.000131670565;0.000067442001;0.000170524977;0.000051094509;
2017;09;21;13;1;0.000136559892;0.000066719142;0.000173490283;0.000050595426;
2017;09;21;14;1;0.000141400006;0.000067479074;0.000166770109;0.000051597839;
2017;09;21;15;1;0.000133715953;0.000066082282;0.000149173967;0.000051359336;
2017;09;21;16;1;0.000123324868;0.000060974352;0.000143244535;0.000047554685;
2017;09;21;17;1;0.000122790012;0.000058451257;0.000144660267;0.000045028911;
2017;09;21;18;1;0.000129186132;0.000058869644;0.000148056099;0.000045792738;
2017;09;21;19;1;0.000132044032;0.000059213333;0.000143925875;0.000045351056;
2017;09;21;20;1;0.000133092777;0.000062179682;0.000137663125;0.000047797798;
2017;09;21;21;1;0.000143669031;0.000113300136;0.000138852561;0.000119454092;
2017;09;21;22;1;0.000148229345;0.000159151376;0.000128987626;0.000246095711;
2017;09;21;23;1;0.000130396389;0.000154082324;0.000112152935;0.000247994851;
2017;09;21;24;1;0.000107605043;0.000149271135;0.000099917468;0.000232205752;
2017;09;22;1;1;0.000088536107;0.000141047274;0.000092402396;0.000183732610;
2017;09;22;2;1;0.000074244390;0.000131324073;0.000087313146;0.000180017399;
2017;09;22;3;1;0.000066498710;0.000126304788;0.000084218320;0.000172678190;
2017;09;22;4;1;0.000063359094;0.000124834883;0.000083094876;0.000166278650;
2017;09;22;5;1;0.000061940444;0.000123527619;0.000082745170;0.000165670643;
2017;09;22;6;1;0.000062645313;0.000123072340;0.000084600117;0.000165708343;
2017;09;22;7;1;0.000069873444;0.000127339003;0.000093677393;0.000167835686;
2017;09;22;8;1;0.000089210700;0.000112941940;0.000108429091;0.000133876059;
2017;09;22;9;1;0.000106127555;0.000067882589;0.000131599260;0.000047771396;
2017;09;22;10;1;0.000118794776;0.000067053143;0.000155028967;0.000044138187;
2017;09;22;11;1;0.000129245160;0.000069302469;0.000167923075;0.000046229754;
2017;09;22;12;1;0.000132695810;0.000068221856;0.000171243956;0.000049683696;
2017;09;22;13;1;0.000137555663;0.000067377600;0.000174373747;0.000050769409;
2017;09;22;14;1;0.000142664642;0.000068324285;0.000167712979;0.000051969375;
2017;09;22;15;1;0.000135312583;0.000066903524;0.000148784362;0.000054463974;
2017;09;22;16;1;0.000125206718;0.000061371768;0.000139286273;0.000048050200;
2017;09;22;17;1;0.000123146843;0.000058487176;0.000137807441;0.000043212121;
2017;09;22;18;1;0.000128369077;0.000059012538;0.000140003982;0.000042894926;
2017;09;22;19;1;0.000130444386;0.000059298259;0.000138168417;0.000043437220;
2017;09;22;20;1;0.000129973551;0.000060993236;0.000135233757;0.000047330147;
2017;09;22;21;1;0.000137158900;0.000111283424;0.000141065407;0.000116124929;
2017;09;22;22;1;0.000142092739;0.000158310425;0.000134511659;0.000246493771;
2017;09;22;23;1;0.000128374335;0.000154737930;0.000119319245;0.000248754112;
2017;09;22;24;1;0.000110127165;0.000152136587;0.000108343292;0.000238015408;
2017;09;23;1;1;0.000093098651;0.000143064771;0.000097487998;0.000183896195;
2017;09;23;2;1;0.000079127599;0.000134000212;0.000090582696;0.000180751157;
2017;09;23;3;1;0.000069764229;0.000128364655;0.000086437365;0.000176367108;
2017;09;23;4;1;0.000065224988;0.000126416660;0.000084398857;0.000169532867;
2017;09;23;5;1;0.000062935667;0.000124455721;0.000083161869;0.000168671103;
2017;09;23;6;1;0.000062585539;0.000123860837;0.000084040589;0.000168574515;
2017;09;23;7;1;0.000064756228;0.000125681646;0.000087676876;0.000167666387;
2017;09;23;8;1;0.000070702102;0.000105723342;0.000089438735;0.000129858826;
2017;09;23;9;1;0.000084684270;0.000057343205;0.000089895321;0.000039759829;
2017;09;23;10;1;0.000105449363;0.000062641177;0.000102694154;0.000040424346;
2017;09;23;11;1;0.000121326701;0.000069156297;0.000116932213;0.000045094524;
2017;09;23;12;1;0.000126246900;0.000068578063;0.000122483475;0.000046606367;
2017;09;23;13;1;0.000130107503;0.000067177405;0.000125701829;0.000046666357;
2017;09;23;14;1;0.000135690811;0.000066901830;0.000123879512;0.000046208978;
2017;09;23;15;1;0.000130407568;0.000066136409;0.000115068464;0.000048337917;
2017;09;23;16;1;0.000116546274;0.000060048446;0.000111167167;0.000044550886;
2017;09;23;17;1;0.000109737003;0.000056299935;0.000108734109;0.000040281463;
2017;09;23;18;1;0.000108341385;0.000055625924;0.000110778441;0.000038656503;
2017;09;23;19;1;0.000109469422;0.000056417303;0.000111891576;0.000039107659;
2017;09;23;20;1;0.000111134185;0.000058437426;0.000115134303;0.000044075380;
2017;09;23;21;1;0.000123957664;0.000110511851;0.000128658455;0.000114315229;
2017;09;23;22;1;0.000134143064;0.000154870229;0.000127232737;0.000241801302;
2017;09;23;23;1;0.000124120190;0.000151796060;0.000116747136;0.000247946982;
2017;09;23;24;1;0.000107717244;0.000150018703;0.000107693778;0.000236177026;
2017;09;24;1;1;0.000092621261;0.000141980589;0.000098287218;0.000180828400;
2017;09;24;2;1;0.000079460443;0.000133476641;0.000090557156;0.000174483412;
2017;09;24;3;1;0.000070448161;0.000127807570;0.000086322590;0.000169507899;
2017;09;24;4;1;0.000065562518;0.000125129998;0.000084468739;0.000164437053;
2017;09;24;5;1;0.000062957095;0.000123626735;0.000083238541;0.000163353242;
2017;09;24;6;1;0.000062239976;0.000122874713;0.000083727830;0.000163326760;
2017;09;24;7;1;0.000063150594;0.000124147287;0.000085665008;0.000165483729;
2017;09;24;8;1;0.000066331571;0.000103939525;0.000083586526;0.000131298270;
2017;09;24;9;1;0.000075172161;0.000053550574;0.000077513796;0.000039055354;
2017;09;24;10;1;0.000091867873;0.000057608575;0.000082866992;0.000038089231;
2017;09;24;11;1;0.000106750568;0.000065816814;0.000089577968;0.000043428489;
2017;09;24;12;1;0.000114447278;0.000067244624;0.000094289945;0.000046900501;
2017;09;24;13;1;0.000119062237;0.000066257919;0.000097795111;0.000045813288;
2017;09;24;14;1;0.000125616470;0.000066226016;0.000098820132;0.000046126649;
2017;09;24;15;1;0.000124225622;0.000065217470;0.000097921002;0.000048710610;
2017;09;24;16;1;0.000111268654;0.000057739020;0.000095640203;0.000044838302;
2017;09;24;17;1;0.000104225218;0.000054427902;0.000092818260;0.000041167545;
2017;09;24;18;1;0.000103885418;0.000053321020;0.000089875289;0.000041154212;
2017;09;24;19;1;0.000106650203;0.000054485709;0.000089426085;0.000040200686;
2017;09;24;20;1;0.000110894296;0.000058317618;0.000091930311;0.000043300955;
2017;09;24;21;1;0.000129678387;0.000114521122;0.000106797330;0.000120054729;
2017;09;24;22;1;0.000141728210;0.000158583654;0.000112103199;0.000244661265;
2017;09;24;23;1;0.000125437718;0.000153533627;0.000104767806;0.000247110427;
2017;09;24;24;1;0.000103963645;0.000149106653;0.000096260559;0.000234520407;
2017;09;25;1;1;0.000085310690;0.000137039238;0.000087597980;0.000181017999;
2017;09;25;2;1;0.000071569209;0.000128173458;0.000083419420;0.000174627106;
2017;09;25;3;1;0.000064381134;0.000123019932;0.000081146691;0.000170869033;
2017;09;25;4;1;0.000061634881;0.000121626372;0.000080238791;0.000165086381;
2017;09;25;5;1;0.000060485794;0.000120286441;0.000079685700;0.000163862993;
2017;09;25;6;1;0.000061173991;0.000119831231;0.000081740724;0.000163040446;
2017;09;25;7;1;0.000068602732;0.000124020446;0.000091385595;0.000164674241;
2017;09;25;8;1;0.000087161472;0.000111810088;0.000106655324;0.000134736852;
2017;09;25;9;1;0.000103736174;0.000067797905;0.000131466574;0.000048630836;
2017;09;25;10;1;0.000116645973;0.000065391903;0.000155319299;0.000046514481;
2017;09;25;11;1;0.000126135355;0.000067609752;0.000167368524;0.000048685451;
2017;09;25;12;1;0.000130434765;0.000067062683;0.000171085335;0.000051752786;
2017;09;25;13;1;0.000135338249;0.000066212052;0.000173710830;0.000052590348;
2017;09;25;14;1;0.000139734028;0.000066771729;0.000166559585;0.000049223297;
2017;09;25;15;1;0.000131975375;0.000065354507;0.000148858737;0.000052214735;
2017;09;25;16;1;0.000121654584;0.000060214230;0.000143233390;0.000047428144;
2017;09;25;17;1;0.000121694406;0.000057363125;0.000144671791;0.000045996374;
2017;09;25;18;1;0.000127713638;0.000057901542;0.000148339839;0.000045696726;
2017;09;25;19;1;0.000130712507;0.000058463879;0.000144085645;0.000044528546;
2017;09;25;20;1;0.000132625072;0.000061568715;0.000137275927;0.000048886024;
2017;09;25;21;1;0.000143764942;0.000114331803;0.000138155197;0.000122362399;
2017;09;25;22;1;0.000148323124;0.000158080578;0.000127429177;0.000244257252;
2017;09;25;23;1;0.000129793281;0.000152743641;0.000110798889;0.000244713586;
2017;09;25;24;1;0.000106556216;0.000147538313;0.000098693208;0.000233033626;
2017;09;26;1;1;0.000087389136;0.000138467632;0.000090452472;0.000184905411;
2017;09;26;2;1;0.000073277476;0.000129276725;0.000086111112;0.000181799993;
2017;09;26;3;1;0.000065971675;0.000124403484;0.000083469915;0.000177245101;
2017;09;26;4;1;0.000062796115;0.000122790571;0.000082154895;0.000168662669;
2017;09;26;5;1;0.000061349564;0.000121503577;0.000081666446;0.000167947809;
2017;09;26;6;1;0.000062217226;0.000121318997;0.000083750348;0.000167667804;
2017;09;26;7;1;0.000069496640;0.000125830149;0.000093357381;0.000168728803;
2017;09;26;8;1;0.000089007637;0.000112101216;0.000108176231;0.000134587921;
2017;09;26;9;1;0.000105339264;0.000068594301;0.000132396901;0.000048009340;
2017;09;26;10;1;0.000118042637;0.000067092180;0.000155974535;0.000045862729;
2017;09;26;11;1;0.000128283771;0.000068768351;0.000167994451;0.000047327720;
2017;09;26;12;1;0.000132192912;0.000067600171;0.000171428933;0.000051174460;
2017;09;26;13;1;0.000137077640;0.000066863912;0.000174379433;0.000050665727;
2017;09;26;14;1;0.000141929049;0.000067622132;0.000167616485;0.000051666964;
2017;09;26;15;1;0.000134159562;0.000066194410;0.000149867719;0.000051406422;
2017;09;26;16;1;0.000123762622;0.000061091939;0.000143943997;0.000047609291;
2017;09;26;17;1;0.000123251684;0.000058576248;0.000145397097;0.000045090061;
2017;09;26;18;1;0.000129681667;0.000058999995;0.000148821489;0.000045858397;
2017;09;26;19;1;0.000132560910;0.000059349093;0.000144681242;0.000045419638;
2017;09;26;20;1;0.000133660806;0.000062344187;0.000138434350;0.000047886935;
2017;09;26;21;1;0.000144400223;0.000113692813;0.000139744669;0.000119774756;
2017;09;26;22;1;0.000148827202;0.000159535157;0.000129679949;0.000246497057;
2017;09;26;23;1;0.000130864792;0.000154386013;0.000112705354;0.000248290144;
2017;09;26;24;1;0.000107938828;0.000149492287;0.000100360576;0.000232368690;
2017;09;27;1;1;0.000087708946;0.000138794267;0.000090858917;0.000185233613;
2017;09;27;2;1;0.000073537383;0.000129567128;0.000086488336;0.000182102232;
2017;09;27;3;1;0.000066161928;0.000124600561;0.000083780178;0.000177422466;
2017;09;27;4;1;0.000063003652;0.000123036731;0.000082494892;0.000168902332;
2017;09;27;5;1;0.000061541487;0.000121725731;0.000081989990;0.000168156858;
2017;09;27;6;1;0.000062416272;0.000121549397;0.000084088086;0.000167888361;
2017;09;27;7;1;0.000069714462;0.000126060956;0.000093727795;0.000168939820;
2017;09;27;8;1;0.000089267316;0.000112282571;0.000108581971;0.000134727119;
2017;09;27;9;1;0.000105672803;0.000068722318;0.000132926460;0.000048070918;
2017;09;27;10;1;0.000118370542;0.000067191364;0.000156537757;0.000045903771;
2017;09;27;11;1;0.000128770919;0.000068940036;0.000168772501;0.000047418237;
2017;09;27;12;1;0.000132688507;0.000067765672;0.000172214585;0.000051269860;
2017;09;27;13;1;0.000137504755;0.000066985330;0.000175068104;0.000050728160;
2017;09;27;14;1;0.000142331160;0.000067725835;0.000168231027;0.000051716053;
2017;09;27;15;1;0.000134486626;0.000066269791;0.000150357895;0.000051434980;
2017;09;27;16;1;0.000124025639;0.000061142432;0.000144369750;0.000047620880;
2017;09;27;17;1;0.000123481421;0.000058609380;0.000145789136;0.000045089282;
2017;09;27;18;1;0.000129926892;0.000059034958;0.000149226785;0.000045858840;
2017;09;27;19;1;0.000132808218;0.000059382760;0.000145071591;0.000045418928;
2017;09;27;20;1;0.000133929741;0.000062388672;0.000138828135;0.000047893186;
2017;09;27;21;1;0.000144663167;0.000113752234;0.000140115449;0.000119767541;
2017;09;27;22;1;0.000149096755;0.000159616983;0.000130022759;0.000246479808;
2017;09;27;23;1;0.000131119905;0.000154486515;0.000113018887;0.000248307033;
2017;09;27;24;1;0.000108212707;0.000149677379;0.000100698820;0.000232520852;
2017;09;28;1;1;0.000087484521;0.000138605798;0.000090552052;0.000185085737;
2017;09;28;2;1;0.000073319262;0.000129338341;0.000086161027;0.000181882539;
2017;09;28;3;1;0.000066021270;0.000124485356;0.000083533450;0.000177357747;
2017;09;28;4;1;0.000062827539;0.000122840523;0.000082196780;0.000168727473;
2017;09;28;5;1;0.000061372177;0.000121536989;0.000081697316;0.000167990201;
2017;09;28;6;1;0.000062245277;0.000121362338;0.000083788895;0.000167723917;
2017;09;28;7;1;0.000069508216;0.000125839332;0.000093373810;0.000168737309;
2017;09;28;8;1;0.000088989673;0.000112068105;0.000108155416;0.000134545131;
2017;09;28;9;1;0.000105290399;0.000068556067;0.000132336730;0.000047981497;
2017;09;28;10;1;0.000117967667;0.000067043295;0.000155876940;0.000045828279;
2017;09;28;11;1;0.000128331612;0.000068787560;0.000168058682;0.000047339872;
2017;09;28;12;1;0.000132292769;0.000067644905;0.000171560042;0.000051207169;
2017;09;28;13;1;0.000137190807;0.000066912851;0.000174525036;0.000050701666;
2017;09;28;14;1;0.000142004403;0.000067651704;0.000167707055;0.000051688392;
2017;09;28;15;1;0.000134200113;0.000066208222;0.000149914429;0.000051415988;
2017;09;28;16;1;0.000123784431;0.000061096988;0.000143970718;0.000047612151;
2017;09;28;17;1;0.000123269135;0.000058579060;0.000145419051;0.000045091208;
2017;09;28;18;1;0.000129697582;0.000059001715;0.000148841154;0.000045858699;
2017;09;28;19;1;0.000132553947;0.000059340423;0.000144675004;0.000045411978;
2017;09;28;20;1;0.000133659541;0.000062337764;0.000138434342;0.000047880920;
2017;09;28;21;1;0.000144307317;0.000113609032;0.000139656072;0.000119683793;
2017;09;28;22;1;0.000148696944;0.000159380613;0.000129567668;0.000246252714;
2017;09;28;23;1;0.000130830186;0.000154330745;0.000112676611;0.000248195660;
2017;09;28;24;1;0.000107948715;0.000149491992;0.000100370714;0.000232362986;
2017;09;29;1;1;0.000088740385;0.000141210043;0.000092711710;0.000183841845;
2017;09;29;2;1;0.000074465606;0.000131563807;0.000087664184;0.000180245243;
2017;09;29;3;1;0.000066711331;0.000126562838;0.000084575278;0.000172934291;
2017;09;29;4;1;0.000063518648;0.000125005248;0.000083390581;0.000166412527;
2017;09;29;5;1;0.000062127876;0.000123758849;0.000083081688;0.000165888006;
2017;09;29;6;1;0.000062821126;0.000123275732;0.000084925589;0.000165889442;
2017;09;29;7;1;0.000070045109;0.000127504970;0.000094004995;0.000167960522;
2017;09;29;8;1;0.000089480330;0.000113152948;0.000108869673;0.000134051226;
2017;09;29;9;1;0.000106373759;0.000067961781;0.000132041445;0.000047800399;
2017;09;29;10;1;0.000119033887;0.000067110800;0.000155502221;0.000044151453;
2017;09;29;11;1;0.000129514773;0.000069367131;0.000168448005;0.000046247030;
2017;09;29;12;1;0.000133010794;0.000068305112;0.000171828580;0.000049716531;
2017;09;29;13;1;0.000137827254;0.000067432951;0.000174899353;0.000050782722;
2017;09;29;14;1;0.000143060032;0.000068434810;0.000168352323;0.000052024355;
2017;09;29;15;1;0.000135765265;0.000067050108;0.000149437036;0.000054552801;
2017;09;29;16;1;0.000125587967;0.000061487811;0.000139855384;0.000048114153;
2017;09;29;17;1;0.000123670359;0.000058668231;0.000138536904;0.000043321668;
2017;09;29;18;1;0.000128940660;0.000059207096;0.000140773312;0.000043012297;
2017;09;29;19;1;0.000131021961;0.000059492285;0.000138924217;0.000043554995;
2017;09;29;20;1;0.000130672492;0.000061250673;0.000136102084;0.000047503355;
2017;09;29;21;1;0.000137837658;0.000111705454;0.000141910619;0.000116500181;
2017;09;29;22;1;0.000142418064;0.000158490308;0.000134959542;0.000246635952;
2017;09;29;23;1;0.000128535230;0.000154753599;0.000119592774;0.000248640278;
2017;09;29;24;1;0.000110364379;0.000152288861;0.000108689343;0.000238120497;
2017;09;30;1;1;0.000092814123;0.000142828112;0.000097094098;0.000183725032;
2017;09;30;2;1;0.000078919049;0.000133834983;0.000090254756;0.000180659103;
2017;09;30;3;1;0.000069553808;0.000128157456;0.000086091571;0.000176210025;
2017;09;30;4;1;0.000065034199;0.000126224137;0.000084068897;0.000169397347;
2017;09;30;5;1;0.000062726124;0.000124215786;0.000082803150;0.000168467920;
2017;09;30;6;1;0.000062347803;0.000123563863;0.000083638695;0.000168292199;
2017;09;30;7;1;0.000064559516;0.000125476065;0.000087324235;0.000167513432;
2017;09;30;8;1;0.000070500227;0.000105569724;0.000089095310;0.000129764105;
2017;09;30;9;1;0.000084452162;0.000057266454;0.000089560418;0.000039735386;
2017;09;30;10;1;0.000105157218;0.000062555478;0.000102308531;0.000040398295;
2017;09;30;11;1;0.000121015317;0.000069075812;0.000116516954;0.000045074682;
2017;09;30;12;1;0.000125882480;0.000068476269;0.000122009337;0.000046570911;
2017;09;30;13;1;0.000129758185;0.000067091260;0.000125240564;0.000046640289;
2017;09;30;14;1;0.000135343972;0.000066824664;0.000123440867;0.000046189127;
2017;09;30;15;1;0.000130038400;0.000066041928;0.000114629431;0.000048303841;
2017;09;30;16;1;0.000116220487;0.000059964799;0.000110746965;0.000044521066;
2017;09;30;17;1;0.000109408929;0.000056210555;0.000108301999;0.000040246657;
2017;09;30;18;1;0.000108018011;0.000055537886;0.000110338745;0.000038623290;
2017;09;30;19;1;0.000109079012;0.000056295153;0.000111382449;0.000039051264;
2017;09;30;20;1;0.000110755044;0.000058319963;0.000114628229;0.000044018660;
2017;09;30;21;1;0.000123690696;0.000110428917;0.000128254609;0.000114312218;
2017;09;30;22;1;0.000133709416;0.000154586663;0.000126696216;0.000241533467;
2017;09;30;23;1;0.000123731107;0.000151533020;0.000116266260;0.000247696691;
2017;09;30;24;1;0.000107271903;0.000149608569;0.000107142645;0.000235702024;
