AŃO;MES;DIA;HORA;VERANO(1)/INVIERNO(0);COEF. PERFIL A;COEF. PERFIL B;COEF. PERFIL C;COEF. PERFIL D;
2016;04;01;1;1;0.000084875227;0.000167024103;0.000084205262;0.000172170605;
2016;04;01;2;1;0.000068221712;0.000155612097;0.000080319973;0.000174298714;
2016;04;01;3;1;0.000060494835;0.000146028557;0.000078307470;0.000173414727;
2016;04;01;4;1;0.000057184983;0.000141524729;0.000076969860;0.000166951024;
2016;04;01;5;1;0.000056376898;0.000139523112;0.000076649765;0.000163752148;
2016;04;01;6;1;0.000058427880;0.000139858902;0.000079012733;0.000160571724;
2016;04;01;7;1;0.000068592609;0.000145293858;0.000088618916;0.000163504385;
2016;04;01;8;1;0.000092763917;0.000117893227;0.000099961158;0.000106881709;
2016;04;01;9;1;0.000113419808;0.000087835418;0.000128542235;0.000053094201;
2016;04;01;10;1;0.000124201406;0.000083573139;0.000151023942;0.000052521998;
2016;04;01;11;1;0.000132175247;0.000081629762;0.000160132350;0.000053892118;
2016;04;01;12;1;0.000133509303;0.000076268957;0.000161060226;0.000054127776;
2016;04;01;13;1;0.000135874164;0.000071063059;0.000161299171;0.000049653402;
2016;04;01;14;1;0.000138327607;0.000068116183;0.000152414132;0.000047791056;
2016;04;01;15;1;0.000131366349;0.000065484666;0.000133101593;0.000051863079;
2016;04;01;16;1;0.000121797786;0.000061147619;0.000125048818;0.000046572571;
2016;04;01;17;1;0.000118810788;0.000058755525;0.000123882750;0.000042028807;
2016;04;01;18;1;0.000121820712;0.000057583742;0.000125117740;0.000042094584;
2016;04;01;19;1;0.000123715256;0.000057779955;0.000121824633;0.000041130683;
2016;04;01;20;1;0.000125624888;0.000061173798;0.000118796266;0.000044807886;
2016;04;01;21;1;0.000134543761;0.000084018936;0.000119392587;0.000060413691;
2016;04;01;22;1;0.000147848442;0.000160903687;0.000122872632;0.000225498907;
2016;04;01;23;1;0.000135497777;0.000167801083;0.000108875448;0.000241819851;
2016;04;01;24;1;0.000113278578;0.000175560008;0.000098423360;0.000195325214;
2016;04;02;1;1;0.000093808509;0.000168299776;0.000091524748;0.000179889995;
2016;04;02;2;1;0.000076904384;0.000157363791;0.000084881288;0.000180146561;
2016;04;02;3;1;0.000066499358;0.000147367408;0.000082026596;0.000174741630;
2016;04;02;4;1;0.000061289982;0.000142865987;0.000079624806;0.000169224792;
2016;04;02;5;1;0.000059019039;0.000139977713;0.000079189337;0.000162278186;
2016;04;02;6;1;0.000059310929;0.000139627268;0.000080160378;0.000162840591;
2016;04;02;7;1;0.000062541142;0.000141457359;0.000084263582;0.000163559773;
2016;04;02;8;1;0.000069678060;0.000103764679;0.000082646344;0.000103498204;
2016;04;02;9;1;0.000087457821;0.000070576659;0.000085400715;0.000046383018;
2016;04;02;10;1;0.000111693586;0.000077945486;0.000096550443;0.000046502977;
2016;04;02;11;1;0.000128683015;0.000082852936;0.000108792109;0.000052790091;
2016;04;02;12;1;0.000133018508;0.000079462852;0.000112942611;0.000053261158;
2016;04;02;13;1;0.000134612682;0.000073898457;0.000115405456;0.000048586036;
2016;04;02;14;1;0.000138120578;0.000070355877;0.000111891825;0.000048623992;
2016;04;02;15;1;0.000133067662;0.000068061122;0.000102717614;0.000052834092;
2016;04;02;16;1;0.000118133840;0.000061348524;0.000097953666;0.000044830640;
2016;04;02;17;1;0.000109274366;0.000057029256;0.000096268832;0.000039048509;
2016;04;02;18;1;0.000107295341;0.000055913045;0.000097966645;0.000037699314;
2016;04;02;19;1;0.000108540156;0.000056004219;0.000098312872;0.000037784043;
2016;04;02;20;1;0.000111220857;0.000058518060;0.000101185719;0.000040448438;
2016;04;02;21;1;0.000123667368;0.000080341048;0.000108393370;0.000054671241;
2016;04;02;22;1;0.000141064139;0.000157325753;0.000117096939;0.000224522904;
2016;04;02;23;1;0.000133214942;0.000165312200;0.000108853304;0.000244463142;
2016;04;02;24;1;0.000113645465;0.000173299888;0.000100268540;0.000198513516;
2016;04;03;1;1;0.000095878719;0.000168134758;0.000093974128;0.000179191813;
2016;04;03;2;1;0.000079400531;0.000157431964;0.000086997342;0.000176260752;
2016;04;03;3;1;0.000068553887;0.000147315837;0.000084005142;0.000167111724;
2016;04;03;4;1;0.000063128232;0.000142135769;0.000081928358;0.000165601924;
2016;04;03;5;1;0.000060566640;0.000139589944;0.000081698545;0.000162475538;
2016;04;03;6;1;0.000060173976;0.000139013349;0.000082381308;0.000158701691;
2016;04;03;7;1;0.000061991024;0.000139679098;0.000084872965;0.000161032662;
2016;04;03;8;1;0.000066344240;0.000099515855;0.000079957106;0.000100611014;
2016;04;03;9;1;0.000078278239;0.000063684736;0.000076044398;0.000039382937;
2016;04;03;10;1;0.000099719711;0.000070902947;0.000080821735;0.000042270995;
2016;04;03;11;1;0.000117567512;0.000079074006;0.000086610431;0.000047140265;
2016;04;03;12;1;0.000123918818;0.000078239944;0.000091112569;0.000051003897;
2016;04;03;13;1;0.000126501116;0.000073479650;0.000093801254;0.000049671874;
2016;04;03;14;1;0.000129466620;0.000069297756;0.000094279908;0.000047934924;
2016;04;03;15;1;0.000127357015;0.000066836578;0.000091807117;0.000051418512;
2016;04;03;16;1;0.000112897716;0.000059097427;0.000088536626;0.000045444545;
2016;04;03;17;1;0.000104829789;0.000054803042;0.000085737876;0.000039318569;
2016;04;03;18;1;0.000102488706;0.000053567339;0.000083253313;0.000038237890;
2016;04;03;19;1;0.000105448294;0.000054283023;0.000082520131;0.000037523845;
2016;04;03;20;1;0.000111346956;0.000058139909;0.000085067718;0.000042500450;
2016;04;03;21;1;0.000128082004;0.000082013695;0.000093300807;0.000056333261;
2016;04;03;22;1;0.000148750853;0.000160889654;0.000108356660;0.000226633440;
2016;04;03;23;1;0.000134663209;0.000166815539;0.000102301659;0.000244180193;
2016;04;03;24;1;0.000111098364;0.000172083273;0.000094816723;0.000202907561;
2016;04;04;1;1;0.000087764400;0.000165332977;0.000087670136;0.000179029269;
2016;04;04;2;1;0.000071047939;0.000153359490;0.000084012301;0.000177241580;
2016;04;04;3;1;0.000063030567;0.000144936712;0.000082192467;0.000170535351;
2016;04;04;4;1;0.000059964859;0.000141609023;0.000081238137;0.000166071902;
2016;04;04;5;1;0.000058908543;0.000139027420;0.000080959253;0.000163390006;
2016;04;04;6;1;0.000060945946;0.000139272869;0.000083385335;0.000162236718;
2016;04;04;7;1;0.000070748019;0.000142792098;0.000093770712;0.000164891213;
2016;04;04;8;1;0.000092572153;0.000108999329;0.000104895785;0.000103118682;
2016;04;04;9;1;0.000111854425;0.000079756490;0.000131505838;0.000050405833;
2016;04;04;10;1;0.000126111928;0.000078865627;0.000153334510;0.000051688206;
2016;04;04;11;1;0.000136043906;0.000079542716;0.000162556265;0.000051023667;
2016;04;04;12;1;0.000138619522;0.000075877532;0.000163183685;0.000056335336;
2016;04;04;13;1;0.000141336538;0.000071332649;0.000163073681;0.000055259049;
2016;04;04;14;1;0.000144670771;0.000069332475;0.000155183201;0.000051811838;
2016;04;04;15;1;0.000136608097;0.000066622979;0.000136997109;0.000053430052;
2016;04;04;16;1;0.000123927629;0.000061203231;0.000131390076;0.000043893866;
2016;04;04;17;1;0.000121000989;0.000058081950;0.000132473639;0.000040294796;
2016;04;04;18;1;0.000125004393;0.000057694527;0.000133817061;0.000042024275;
2016;04;04;19;1;0.000128234729;0.000058404956;0.000129882115;0.000041447810;
2016;04;04;20;1;0.000132963968;0.000062674186;0.000124121943;0.000046187058;
2016;04;04;21;1;0.000146876741;0.000085548847;0.000120497527;0.000061563545;
2016;04;04;22;1;0.000161708663;0.000165769945;0.000123191627;0.000228102814;
2016;04;04;23;1;0.000142709629;0.000172941000;0.000109013323;0.000248623617;
2016;04;04;24;1;0.000112842483;0.000174947489;0.000097795129;0.000202318675;
2016;04;05;1;1;0.000088315694;0.000167409173;0.000088374078;0.000179559151;
2016;04;05;2;1;0.000070887889;0.000155469797;0.000083791076;0.000180131834;
2016;04;05;3;1;0.000062749944;0.000145926259;0.000081967194;0.000174156822;
2016;04;05;4;1;0.000059424867;0.000141550238;0.000080450746;0.000168251567;
2016;04;05;5;1;0.000058405864;0.000139375302;0.000080528697;0.000164275762;
2016;04;05;6;1;0.000060372561;0.000140017854;0.000083212310;0.000161283331;
2016;04;05;7;1;0.000070516927;0.000145480261;0.000092778828;0.000163062110;
2016;04;05;8;1;0.000094164491;0.000116229305;0.000104977737;0.000106257506;
2016;04;05;9;1;0.000114333719;0.000085180782;0.000132398232;0.000054469076;
2016;04;05;10;1;0.000126466492;0.000081758677;0.000154511018;0.000052999326;
2016;04;05;11;1;0.000134997158;0.000080635436;0.000163299290;0.000051538334;
2016;04;05;12;1;0.000137177481;0.000075938669;0.000164617367;0.000051070711;
2016;04;05;13;1;0.000139851848;0.000071960527;0.000165136135;0.000048763014;
2016;04;05;14;1;0.000142665033;0.000068943134;0.000156597843;0.000049460044;
2016;04;05;15;1;0.000135012635;0.000066678471;0.000138334962;0.000052229273;
2016;04;05;16;1;0.000123910821;0.000061430929;0.000133343475;0.000044096725;
2016;04;05;17;1;0.000121384632;0.000058518967;0.000134865598;0.000039838257;
2016;04;05;18;1;0.000125349080;0.000058470486;0.000136469475;0.000040632915;
2016;04;05;19;1;0.000128125733;0.000059146558;0.000132031622;0.000041741742;
2016;04;05;20;1;0.000132808866;0.000063137125;0.000126487936;0.000046453735;
2016;04;05;21;1;0.000145758536;0.000087614810;0.000123448550;0.000062828417;
2016;04;05;22;1;0.000157702214;0.000164342512;0.000124490017;0.000226594940;
2016;04;05;23;1;0.000140855937;0.000170481784;0.000109253763;0.000247160478;
2016;04;05;24;1;0.000114250313;0.000175327552;0.000097918264;0.000200442619;
2016;04;06;1;1;0.000086863248;0.000165906855;0.000086360010;0.000178681509;
2016;04;06;2;1;0.000069701839;0.000154029935;0.000081857707;0.000179199404;
2016;04;06;3;1;0.000061672634;0.000144510536;0.000080040325;0.000173178329;
2016;04;06;4;1;0.000058431533;0.000140241507;0.000078595695;0.000167383281;
2016;04;06;5;1;0.000057431668;0.000138091740;0.000078674730;0.000163433981;
2016;04;06;6;1;0.000059375986;0.000138752736;0.000081310836;0.000160485061;
2016;04;06;7;1;0.000069362991;0.000144186771;0.000090671946;0.000162278652;
2016;04;06;8;1;0.000092533888;0.000115084329;0.000102494479;0.000105644565;
2016;04;06;9;1;0.000112287783;0.000084292067;0.000129190322;0.000054123028;
2016;04;06;10;1;0.000124229682;0.000080922755;0.000150799177;0.000052673738;
2016;04;06;11;1;0.000132443895;0.000079711349;0.000159177335;0.000051157768;
2016;04;06;12;1;0.000134444960;0.000074991422;0.000160297582;0.000050641610;
2016;04;06;13;1;0.000136998975;0.000071028125;0.000160724040;0.000048329638;
2016;04;06;14;1;0.000139698013;0.000068022190;0.000152351972;0.000049000564;
2016;04;06;15;1;0.000132214603;0.000065792675;0.000134594272;0.000051747919;
2016;04;06;16;1;0.000121305818;0.000060596338;0.000129698149;0.000043676982;
2016;04;06;17;1;0.000118855976;0.000057735226;0.000131204313;0.000039466765;
2016;04;06;18;1;0.000122590183;0.000057617996;0.000132604933;0.000040205588;
2016;04;06;19;1;0.000125323270;0.000058292374;0.000128310716;0.000041308537;
2016;04;06;20;1;0.000129867998;0.000062208079;0.000122889223;0.000045958898;
2016;04;06;21;1;0.000142590053;0.000086361397;0.000119986073;0.000062184944;
2016;04;06;22;1;0.000154681294;0.000162419000;0.000121317694;0.000224866163;
2016;04;06;23;1;0.000138201586;0.000168539909;0.000106503502;0.000245352671;
2016;04;06;24;1;0.000112127953;0.000173377832;0.000095479429;0.000199030877;
2016;04;07;1;1;0.000086031753;0.000164976951;0.000085285501;0.000178025489;
2016;04;07;2;1;0.000069037735;0.000153173508;0.000080842862;0.000178549534;
2016;04;07;3;1;0.000061130091;0.000143813048;0.000079106323;0.000172677582;
2016;04;07;4;1;0.000057919518;0.000139569481;0.000077681254;0.000166905097;
2016;04;07;5;1;0.000056956557;0.000137497953;0.000077797810;0.000163047643;
2016;04;07;6;1;0.000058837020;0.000138044028;0.000080339305;0.000159975809;
2016;04;07;7;1;0.000068737318;0.000143458544;0.000089593709;0.000161772996;
2016;04;07;8;1;0.000091573148;0.000114345680;0.000101136429;0.000105170603;
2016;04;07;9;1;0.000111187588;0.000083800525;0.000127553856;0.000053912038;
2016;04;07;10;1;0.000122936618;0.000080401246;0.000148797169;0.000052436041;
2016;04;07;11;1;0.000131113326;0.000079226648;0.000157121613;0.000050945561;
2016;04;07;12;1;0.000133189502;0.000074588743;0.000158340587;0.000050467622;
2016;04;07;13;1;0.000135740858;0.000070657758;0.000158786626;0.000048171113;
2016;04;07;14;1;0.000138444164;0.000067681702;0.000150547073;0.000048850090;
2016;04;07;15;1;0.000131088923;0.000065493824;0.000133061667;0.000051613026;
2016;04;07;16;1;0.000120297702;0.000060333472;0.000128247613;0.000043572070;
2016;04;07;17;1;0.000117880393;0.000057490708;0.000129750331;0.000039376032;
2016;04;07;18;1;0.000121643473;0.000057402063;0.000131199630;0.000040132795;
2016;04;07;19;1;0.000124253082;0.000058026106;0.000126846413;0.000041199802;
2016;04;07;20;1;0.000128817216;0.000061951922;0.000121541718;0.000045858647;
2016;04;07;21;1;0.000141365598;0.000085962770;0.000118611051;0.000062018266;
2016;04;07;22;1;0.000153273553;0.000161585540;0.000119865275;0.000224147244;
2016;04;07;23;1;0.000137088950;0.000167852731;0.000105339954;0.000244827435;
2016;04;07;24;1;0.000111218037;0.000172659760;0.000094430210;0.000198591957;
2016;04;08;1;1;0.000085153856;0.000167256680;0.000084623174;0.000172232668;
2016;04;08;2;1;0.000068469576;0.000155883207;0.000080746794;0.000174422441;
2016;04;08;3;1;0.000060736519;0.000146335719;0.000078751984;0.000173600403;
2016;04;08;4;1;0.000057415185;0.000141826719;0.000077409129;0.000167134848;
2016;04;08;5;1;0.000056629595;0.000139884435;0.000077122273;0.000164007021;
2016;04;08;6;1;0.000058719660;0.000140292505;0.000079540295;0.000160903550;
2016;04;08;7;1;0.000068935771;0.000145745624;0.000089211422;0.000163843748;
2016;04;08;8;1;0.000093151601;0.000118162876;0.000100547027;0.000107015772;
2016;04;08;9;1;0.000113948437;0.000088078537;0.000129357622;0.000053186291;
2016;04;08;10;1;0.000124758918;0.000083790109;0.000151955913;0.000052604086;
2016;04;08;11;1;0.000132750386;0.000081830488;0.000161098483;0.000053968962;
2016;04;08;12;1;0.000134123919;0.000076475700;0.000162072645;0.000054218568;
2016;04;08;13;1;0.000136582479;0.000071298921;0.000162411565;0.000049766863;
2016;04;08;14;1;0.000139035096;0.000068335572;0.000153450223;0.000047895571;
2016;04;08;15;1;0.000132004562;0.000065678826;0.000133972227;0.000051963244;
2016;04;08;16;1;0.000122478438;0.000061373480;0.000125958229;0.000046696422;
2016;04;08;17;1;0.000119531383;0.000059000505;0.000124842832;0.000042160552;
2016;04;08;18;1;0.000122506410;0.000057798760;0.000126032712;0.000042208222;
2016;04;08;19;1;0.000124427781;0.000058003239;0.000122731466;0.000041247077;
2016;04;08;20;1;0.000126345346;0.000061408708;0.000119677653;0.000044933595;
2016;04;08;21;1;0.000135273959;0.000084315762;0.000120241590;0.000060564643;
2016;04;08;22;1;0.000148628256;0.000161447594;0.000123727575;0.000226027991;
2016;04;08;23;1;0.000136131013;0.000168267646;0.000109567454;0.000242242315;
2016;04;08;24;1;0.000113720565;0.000175912931;0.000098972859;0.000195516171;
2016;04;09;1;1;0.000093015472;0.000167453634;0.000090498076;0.000179294935;
2016;04;09;2;1;0.000076291158;0.000156648414;0.000083969761;0.000179637556;
2016;04;09;3;1;0.000065995464;0.000146756099;0.000081178154;0.000174317532;
2016;04;09;4;1;0.000060807441;0.000142230965;0.000078777730;0.000168763790;
2016;04;09;5;1;0.000058580863;0.000139418563;0.000078382332;0.000161909312;
2016;04;09;6;1;0.000058872061;0.000139073004;0.000079345467;0.000162474511;
2016;04;09;7;1;0.000062071785;0.000140880879;0.000083398107;0.000163174759;
2016;04;09;8;1;0.000069042862;0.000103174022;0.000081664673;0.000103086929;
2016;04;09;9;1;0.000086784447;0.000070275254;0.000084506984;0.000046264759;
2016;04;09;10;1;0.000110847200;0.000077622128;0.000095551742;0.000046390100;
2016;04;09;11;1;0.000127602961;0.000082441428;0.000107578322;0.000052618685;
2016;04;09;12;1;0.000131892715;0.000079062577;0.000111674600;0.000053084459;
2016;04;09;13;1;0.000133455092;0.000073516127;0.000114094146;0.000048418206;
2016;04;09;14;1;0.000136996615;0.000070024483;0.000110671974;0.000048478605;
2016;04;09;15;1;0.000131879352;0.000067686407;0.000101516597;0.000052634025;
2016;04;09;16;1;0.000116994644;0.000060966864;0.000096738690;0.000044628742;
2016;04;09;17;1;0.000108238290;0.000056683729;0.000095090291;0.000038879004;
2016;04;09;18;1;0.000106309117;0.000055590537;0.000096795626;0.000037546646;
2016;04;09;19;1;0.000107577390;0.000055699255;0.000097169237;0.000037643244;
2016;04;09;20;1;0.000110278721;0.000058222852;0.000100048954;0.000040313944;
2016;04;09;21;1;0.000122541767;0.000079884880;0.000107107427;0.000054454779;
2016;04;09;22;1;0.000140037979;0.000156720970;0.000115921129;0.000224046371;
2016;04;09;23;1;0.000132298643;0.000164742417;0.000107803265;0.000244041615;
2016;04;09;24;1;0.000112679768;0.000172421014;0.000099139420;0.000197848138;
2016;04;10;1;1;0.000094321984;0.000166601053;0.000091977687;0.000178196122;
2016;04;10;2;1;0.000078114212;0.000156001617;0.000085152248;0.000175287785;
2016;04;10;3;1;0.000067449468;0.000145990776;0.000082231042;0.000166204488;
2016;04;10;4;1;0.000062075923;0.000140777249;0.000080152539;0.000164609279;
2016;04;10;5;1;0.000059564628;0.000138273393;0.000079937903;0.000161522237;
2016;04;10;6;1;0.000059153150;0.000137643341;0.000080571477;0.000157703053;
2016;04;10;7;1;0.000060899883;0.000138212908;0.000082954605;0.000159915663;
2016;04;10;8;1;0.000065149664;0.000098430745;0.000078117710;0.000099872027;
2016;04;10;9;1;0.000077046414;0.000063135884;0.000074466696;0.000039184009;
2016;04;10;10;1;0.000098150576;0.000070291962;0.000079145002;0.000042057524;
2016;04;10;11;1;0.000115644498;0.000078343132;0.000084760074;0.000046872601;
2016;04;10;12;1;0.000121931695;0.000077542074;0.000089195125;0.000050730845;
2016;04;10;13;1;0.000124477071;0.000072826866;0.000091830538;0.000049407734;
2016;04;10;14;1;0.000127290514;0.000068625724;0.000092223343;0.000047640867;
2016;04;10;15;1;0.000125310710;0.000066238282;0.000089872153;0.000051141587;
2016;04;10;16;1;0.000111087375;0.000058570328;0.000086673432;0.000045201275;
2016;04;10;17;1;0.000103076655;0.000054276246;0.000083874859;0.000039080733;
2016;04;10;18;1;0.000100803324;0.000053067479;0.000081467399;0.000038017377;
2016;04;10;19;1;0.000103822113;0.000053832416;0.000080833929;0.000037346252;
2016;04;10;20;1;0.000109672958;0.000057679979;0.000083362258;0.000042315952;
2016;04;10;21;1;0.000126025769;0.000081280648;0.000091335607;0.000056030632;
2016;04;10;22;1;0.000146387064;0.000159478041;0.000106091923;0.000225453308;
2016;04;10;23;1;0.000132723696;0.000165601988;0.000100314950;0.000243276031;
2016;04;10;24;1;0.000109344923;0.000170592194;0.000092845184;0.000201873157;
2016;04;11;1;1;0.000086441224;0.000163905161;0.000085928708;0.000178090525;
2016;04;11;2;1;0.000069992907;0.000152070101;0.000082362499;0.000176352824;
2016;04;11;3;1;0.000062029471;0.000143567421;0.000080493900;0.000169502279;
2016;04;11;4;1;0.000059019301;0.000140287442;0.000079568521;0.000165085018;
2016;04;11;5;1;0.000057982090;0.000137735747;0.000079298716;0.000162425916;
2016;04;11;6;1;0.000059972113;0.000137943638;0.000081654154;0.000161238197;
2016;04;11;7;1;0.000069689883;0.000141576201;0.000091919309;0.000164046596;
2016;04;11;8;1;0.000091291748;0.000108194606;0.000102942161;0.000102707644;
2016;04;11;9;1;0.000110409395;0.000079240921;0.000129176043;0.000050251371;
2016;04;11;10;1;0.000124310931;0.000078247693;0.000150410151;0.000051458707;
2016;04;11;11;1;0.000133937158;0.000078823013;0.000159261127;0.000050735029;
2016;04;11;12;1;0.000136388927;0.000075144732;0.000159777468;0.000055982187;
2016;04;11;13;1;0.000138942666;0.000070583007;0.000159532487;0.000054865437;
2016;04;11;14;1;0.000142243280;0.000068614877;0.000151837747;0.000051451047;
2016;04;11;15;1;0.000134340858;0.000065945680;0.000134068627;0.000053067854;
2016;04;11;16;1;0.000121929257;0.000060610067;0.000128643082;0.000043617210;
2016;04;11;17;1;0.000119065553;0.000057526643;0.000129721142;0.000040046119;
2016;04;11;18;1;0.000123048037;0.000057162953;0.000131082581;0.000041779563;
2016;04;11;19;1;0.000126092992;0.000057805029;0.000127092151;0.000041162442;
2016;04;11;20;1;0.000130708951;0.000062014136;0.000121423854;0.000045857029;
2016;04;11;21;1;0.000144470670;0.000084697667;0.000117947538;0.000061159586;
2016;04;11;22;1;0.000159418907;0.000164491311;0.000120857002;0.000227117940;
2016;04;11;23;1;0.000140635941;0.000171542461;0.000106907139;0.000247456965;
2016;04;11;24;1;0.000111218761;0.000173557650;0.000095919461;0.000201398230;
2016;04;12;1;1;0.000087428643;0.000166401587;0.000087188493;0.000178869589;
2016;04;12;2;1;0.000070267874;0.000154736640;0.000082775337;0.000179675290;
2016;04;12;3;1;0.000062232043;0.000145310343;0.000081013839;0.000173801822;
2016;04;12;4;1;0.000058929199;0.000140940329;0.000079507998;0.000167893758;
2016;04;12;5;1;0.000057932110;0.000138806907;0.000079603468;0.000163964376;
2016;04;12;6;1;0.000059854772;0.000139381443;0.000082217673;0.000160902125;
2016;04;12;7;1;0.000069913703;0.000144822273;0.000091671900;0.000162680351;
2016;04;12;8;1;0.000093195327;0.000115500795;0.000103543444;0.000105822912;
2016;04;12;9;1;0.000113096496;0.000084601645;0.000130519509;0.000054217308;
2016;04;12;10;1;0.000125125645;0.000081220764;0.000152352202;0.000052766018;
2016;04;12;11;1;0.000133520201;0.000080077526;0.000160962633;0.000051293914;
2016;04;12;12;1;0.000135612243;0.000075377446;0.000162184801;0.000050804373;
2016;04;12;13;1;0.000138300985;0.000071451897;0.000162748728;0.000048524461;
2016;04;12;14;1;0.000141122634;0.000068475075;0.000154377262;0.000049231917;
2016;04;12;15;1;0.000133703534;0.000066300448;0.000136527095;0.000052046984;
2016;04;12;16;1;0.000122668869;0.000061062498;0.000131557411;0.000043928318;
2016;04;12;17;1;0.000120096183;0.000058133237;0.000132979625;0.000039662395;
2016;04;12;18;1;0.000123931845;0.000058044467;0.000134466998;0.000040425264;
2016;04;12;19;1;0.000126736920;0.000058743339;0.000130155692;0.000041548033;
2016;04;12;20;1;0.000131390046;0.000062716608;0.000124710472;0.000046245464;
2016;04;12;21;1;0.000144142975;0.000086996017;0.000121664507;0.000062521404;
2016;04;12;22;1;0.000155986721;0.000163215771;0.000122716451;0.000225534591;
2016;04;12;23;1;0.000139344840;0.000169338644;0.000107713606;0.000246041223;
2016;04;12;24;1;0.000113108635;0.000174281341;0.000096609646;0.000199683208;
2016;04;13;1;1;0.000086355467;0.000165340515;0.000085706732;0.000178290044;
2016;04;13;2;1;0.000069315231;0.000153550327;0.000081262932;0.000178860605;
2016;04;13;3;1;0.000061382322;0.000144182154;0.000079525816;0.000172996798;
2016;04;13;4;1;0.000058172052;0.000139960294;0.000078111383;0.000167252599;
2016;04;13;5;1;0.000057215552;0.000137908662;0.000078243164;0.000163417562;
2016;04;13;6;1;0.000059094687;0.000138433226;0.000080785703;0.000160311959;
2016;04;13;7;1;0.000068984019;0.000143749808;0.000090020639;0.000161985362;
2016;04;13;8;1;0.000091906090;0.000114583175;0.000101623097;0.000105313571;
2016;04;13;9;1;0.000111543778;0.000083938408;0.000128112439;0.000053962074;
2016;04;13;10;1;0.000123410080;0.000080585536;0.000149545279;0.000052518596;
2016;04;13;11;1;0.000131632205;0.000079416647;0.000157928283;0.000051031168;
2016;04;13;12;1;0.000133695405;0.000074755770;0.000159128292;0.000050544414;
2016;04;13;13;1;0.000136367555;0.000070873726;0.000159706669;0.000048283749;
2016;04;13;14;1;0.000139097360;0.000067895416;0.000151434635;0.000048969248;
2016;04;13;15;1;0.000131714242;0.000065704034;0.000133853079;0.000051741606;
2016;04;13;16;1;0.000120838227;0.000060510435;0.000128974831;0.000043668577;
2016;04;13;17;1;0.000118371135;0.000057640380;0.000130443180;0.000039450274;
2016;04;13;18;1;0.000122204694;0.000057577331;0.000131959405;0.000040226507;
2016;04;13;19;1;0.000124845505;0.000058212213;0.000127600565;0.000041302345;
2016;04;13;20;1;0.000129376662;0.000062124336;0.000122212624;0.000045953342;
2016;04;13;21;1;0.000141827046;0.000086109421;0.000119137682;0.000062079581;
2016;04;13;22;1;0.000153580326;0.000161657479;0.000120245937;0.000224086452;
2016;04;13;23;1;0.000137285474;0.000167832281;0.000105614593;0.000244622306;
2016;04;13;24;1;0.000111517043;0.000172855060;0.000094795045;0.000198674217;
2016;04;14;1;1;0.000085965752;0.000164888750;0.000085208160;0.000177950305;
2016;04;14;2;1;0.000069010704;0.000153149166;0.000080799912;0.000178541219;
2016;04;14;3;1;0.000061123364;0.000143830686;0.000079086561;0.000172718164;
2016;04;14;4;1;0.000057941832;0.000139655742;0.000077700317;0.000167027020;
2016;04;14;5;1;0.000056942590;0.000137496225;0.000077767859;0.000163063914;
2016;04;14;6;1;0.000058853078;0.000138113837;0.000080349998;0.000160074693;
2016;04;14;7;1;0.000068738250;0.000143493874;0.000089582399;0.000161831018;
2016;04;14;8;1;0.000091482748;0.000114259382;0.000101022464;0.000105103038;
2016;04;14;9;1;0.000111064256;0.000083727051;0.000127394559;0.000053870822;
2016;04;14;10;1;0.000122824651;0.000080346713;0.000148640868;0.000052406363;
2016;04;14;11;1;0.000131034923;0.000079197698;0.000157005706;0.000050932668;
2016;04;14;12;1;0.000133100027;0.000074555981;0.000158212096;0.000050451123;
2016;04;14;13;1;0.000135727897;0.000070667453;0.000158749270;0.000048183136;
2016;04;14;14;1;0.000138505255;0.000067727325;0.000150592450;0.000048888512;
2016;04;14;15;1;0.000131170149;0.000065549657;0.000133125503;0.000051662830;
2016;04;14;16;1;0.000120354136;0.000060375822;0.000128289840;0.000043607554;
2016;04;14;17;1;0.000117923724;0.000057525224;0.000129779881;0.000039404100;
2016;04;14;18;1;0.000121683703;0.000057434410;0.000131224673;0.000040159922;
2016;04;14;19;1;0.000124384251;0.000058100879;0.000126962569;0.000041257529;
2016;04;14;20;1;0.000128846124;0.000061980245;0.000121552000;0.000045884768;
2016;04;14;21;1;0.000141199014;0.000085881453;0.000118454720;0.000061966562;
2016;04;14;22;1;0.000153087880;0.000161427355;0.000119703336;0.000223952976;
2016;04;14;23;1;0.000136937263;0.000167706023;0.000105208688;0.000244640935;
2016;04;14;24;1;0.000111075299;0.000172478296;0.000094295834;0.000198405530;
2016;04;15;1;1;0.000083820364;0.000165836329;0.000082825661;0.000171389896;
2016;04;15;2;1;0.000067430615;0.000154635711;0.000079070621;0.000173654605;
2016;04;15;3;1;0.000059787264;0.000145097559;0.000077081589;0.000172756331;
2016;04;15;4;1;0.000056532119;0.000140662242;0.000075786361;0.000166364236;
2016;04;15;5;1;0.000055752179;0.000138719896;0.000075496806;0.000163231994;
2016;04;15;6;1;0.000057792019;0.000139081633;0.000077839835;0.000160093765;
2016;04;15;7;1;0.000067855230;0.000144505772;0.000087315135;0.000163039572;
2016;04;15;8;1;0.000091550321;0.000116977296;0.000098258280;0.000106326568;
2016;04;15;9;1;0.000111901819;0.000087126415;0.000126313909;0.000052802312;
2016;04;15;10;1;0.000122490950;0.000082865955;0.000148347552;0.000052212723;
2016;04;15;11;1;0.000130253984;0.000080876313;0.000157172677;0.000053533267;
2016;04;15;12;1;0.000131695875;0.000075638060;0.000158236269;0.000053819349;
2016;04;15;13;1;0.000134135057;0.000070531195;0.000158596878;0.000049409679;
2016;04;15;14;1;0.000136667507;0.000067661036;0.000149981859;0.000047594925;
2016;04;15;15;1;0.000129770397;0.000065037382;0.000130957943;0.000051642518;
2016;04;15;16;1;0.000120476119;0.000060809727;0.000123196467;0.000046435422;
2016;04;15;17;1;0.000117625186;0.000058482387;0.000122155316;0.000041941999;
2016;04;15;18;1;0.000120569131;0.000057298970;0.000123336317;0.000041995121;
2016;04;15;19;1;0.000122531219;0.000057535067;0.000120175433;0.000041062656;
2016;04;15;20;1;0.000124402299;0.000060904600;0.000117168966;0.000044726486;
2016;04;15;21;1;0.000133110752;0.000083571594;0.000117647858;0.000060247990;
2016;04;15;22;1;0.000146151716;0.000159913488;0.000120976055;0.000224692834;
2016;04;15;23;1;0.000133826470;0.000166623613;0.000107101831;0.000240746187;
2016;04;15;24;1;0.000111804305;0.000174208066;0.000096753349;0.000194324097;
2016;04;16;1;1;0.000092342097;0.000166782312;0.000089638190;0.000178861266;
2016;04;16;2;1;0.000075728217;0.000155998490;0.000083160221;0.000179177883;
2016;04;16;3;1;0.000065536314;0.000146209286;0.000080429671;0.000173945314;
2016;04;16;4;1;0.000060405779;0.000141751215;0.000078079032;0.000168463094;
2016;04;16;5;1;0.000058211690;0.000138990757;0.000077710879;0.000161670213;
2016;04;16;6;1;0.000058491829;0.000138624396;0.000078653359;0.000162208997;
2016;04;16;7;1;0.000061644915;0.000140367300;0.000082635832;0.000162839493;
2016;04;16;8;1;0.000068486626;0.000102675829;0.000080822152;0.000102752957;
2016;04;16;9;1;0.000086128253;0.000069970832;0.000083676891;0.000046137896;
2016;04;16;10;1;0.000109960507;0.000077251767;0.000094571398;0.000046242473;
2016;04;16;11;1;0.000126600345;0.000082059812;0.000106489821;0.000052458741;
2016;04;16;12;1;0.000130858149;0.000078697657;0.000110546136;0.000052923810;
2016;04;16;13;1;0.000132582805;0.000073273266;0.000113090106;0.000048335308;
2016;04;16;14;1;0.000136175533;0.000069831285;0.000109757978;0.000048422042;
2016;04;16;15;1;0.000131172017;0.000067542437;0.000100742016;0.000052605931;
2016;04;16;16;1;0.000116376812;0.000060842241;0.000096008541;0.000044608628;
2016;04;16;17;1;0.000107658509;0.000056563559;0.000094365406;0.000038858525;
2016;04;16;18;1;0.000105759258;0.000055482961;0.000096075535;0.000037533821;
2016;04;16;19;1;0.000106911594;0.000055534653;0.000096347797;0.000037591927;
2016;04;16;20;1;0.000109537820;0.000058019866;0.000099150320;0.000040237538;
2016;04;16;21;1;0.000121647448;0.000079559918;0.000106083453;0.000054319856;
2016;04;16;22;1;0.000138989625;0.000156053866;0.000114791134;0.000223448891;
2016;04;16;23;1;0.000131289574;0.000164017865;0.000106737237;0.000243356236;
2016;04;16;24;1;0.000111693329;0.000171467714;0.000098047575;0.000197068403;
2016;04;17;1;1;0.000092897051;0.000165112619;0.000090107343;0.000177197728;
2016;04;17;2;1;0.000076973360;0.000154686714;0.000083463233;0.000174394562;
2016;04;17;3;1;0.000066498461;0.000144834493;0.000080641306;0.000165442356;
2016;04;17;4;1;0.000061229127;0.000139727176;0.000078639522;0.000163930625;
2016;04;17;5;1;0.000058789360;0.000137329058;0.000078478690;0.000160958352;
2016;04;17;6;1;0.000058412002;0.000136770660;0.000079139670;0.000157229926;
2016;04;17;7;1;0.000060162161;0.000137394420;0.000081514743;0.000159503004;
2016;04;17;8;1;0.000064249899;0.000097679755;0.000076629937;0.000099443186;
2016;04;17;9;1;0.000075938886;0.000062618345;0.000073006676;0.000038993441;
2016;04;17;10;1;0.000096733010;0.000069710956;0.000077587907;0.000041850095;
2016;04;17;11;1;0.000113918189;0.000077657346;0.000083051622;0.000046618473;
2016;04;17;12;1;0.000120115598;0.000076865903;0.000087400237;0.000050457507;
2016;04;17;13;1;0.000122536129;0.000072140631;0.000089918824;0.000049106686;
2016;04;17;14;1;0.000125307207;0.000067979892;0.000090304536;0.000047351154;
2016;04;17;15;1;0.000123322862;0.000065596095;0.000087977019;0.000050816003;
2016;04;17;16;1;0.000109295826;0.000057986921;0.000084822987;0.000044901459;
2016;04;17;17;1;0.000101448194;0.000053753572;0.000082111598;0.000038834489;
2016;04;17;18;1;0.000099222740;0.000052562782;0.000079764364;0.000037782389;
2016;04;17;19;1;0.000102110936;0.000053277003;0.000079079658;0.000037085173;
2016;04;17;20;1;0.000107795038;0.000057047659;0.000081499957;0.000041992741;
2016;04;17;21;1;0.000123626707;0.000080233109;0.000089121351;0.000055494426;
2016;04;17;22;1;0.000143894207;0.000157744789;0.000103731731;0.000223752613;
2016;04;17;23;1;0.000130630904;0.000164012343;0.000098209120;0.000241750669;
2016;04;17;24;1;0.000107793742;0.000169226200;0.000091042254;0.000200929821;
2016;04;18;1;1;0.000084372602;0.000161717921;0.000083127391;0.000176739685;
2016;04;18;2;1;0.000068335229;0.000150078830;0.000079697641;0.000175059533;
2016;04;18;3;1;0.000060625068;0.000141838797;0.000077972679;0.000168438912;
2016;04;18;4;1;0.000057686193;0.000138605863;0.000077080485;0.000164058301;
2016;04;18;5;1;0.000056664962;0.000136066870;0.000076809021;0.000161394524;
2016;04;18;6;1;0.000058601123;0.000136252113;0.000079078824;0.000160190681;
2016;04;18;7;1;0.000068059767;0.000139764205;0.000088971887;0.000162892342;
2016;04;18;8;1;0.000088905003;0.000106508747;0.000099360391;0.000101697476;
2016;04;18;9;1;0.000107353124;0.000077883087;0.000124484697;0.000049678595;
2016;04;18;10;1;0.000120941336;0.000076952364;0.000145033365;0.000050902257;
2016;04;18;11;1;0.000130193434;0.000077450820;0.000153434534;0.000050142807;
2016;04;18;12;1;0.000132700084;0.000073905304;0.000154075276;0.000055380220;
2016;04;18;13;1;0.000135219015;0.000069436414;0.000153878027;0.000054289234;
2016;04;18;14;1;0.000138420706;0.000067495151;0.000146444945;0.000050906853;
2016;04;18;15;1;0.000130709962;0.000064859247;0.000129286466;0.000052498250;
2016;04;18;16;1;0.000118599677;0.000059594383;0.000124018749;0.000043136627;
2016;04;18;17;1;0.000115801257;0.000056556321;0.000125044109;0.000039600466;
2016;04;18;18;1;0.000119504653;0.000056118980;0.000126177072;0.000041255965;
2016;04;18;19;1;0.000122474364;0.000056755094;0.000122348403;0.000040650707;
2016;04;18;20;1;0.000127007164;0.000060911398;0.000116937078;0.000045304520;
2016;04;18;21;1;0.000140246558;0.000083113000;0.000113481936;0.000060365637;
2016;04;18;22;1;0.000154848824;0.000161508741;0.000116349692;0.000224301539;
2016;04;18;23;1;0.000136827763;0.000168707552;0.000103088434;0.000244788107;
2016;04;18;24;1;0.000108228331;0.000170722851;0.000092511340;0.000199265120;
2016;04;19;1;1;0.000085827977;0.000164669394;0.000085070402;0.000177725598;
2016;04;19;2;1;0.000068998173;0.000153163129;0.000080784105;0.000178569578;
2016;04;19;3;1;0.000061159446;0.000143954850;0.000079132134;0.000172878963;
2016;04;19;4;1;0.000057951835;0.000139717956;0.000077712638;0.000167112734;
2016;04;19;5;1;0.000056962951;0.000137582911;0.000077794572;0.000163177760;
2016;04;19;6;1;0.000058848988;0.000138141912;0.000080343283;0.000160118065;
2016;04;19;7;1;0.000068691712;0.000143435842;0.000089520490;0.000161776515;
2016;04;19;8;1;0.000091322721;0.000114090628;0.000100844332;0.000104954908;
2016;04;19;9;1;0.000110874793;0.000083607024;0.000127175449;0.000053797235;
2016;04;19;10;1;0.000122581980;0.000080209842;0.000148345103;0.000052320629;
2016;04;19;11;1;0.000130891710;0.000079132721;0.000156831902;0.000050894323;
2016;04;19;12;1;0.000133037154;0.000074541091;0.000158135135;0.000050444460;
2016;04;19;13;1;0.000135806492;0.000070727663;0.000158838961;0.000048227452;
2016;04;19;14;1;0.000138605856;0.000067795006;0.000150699710;0.000048940678;
2016;04;19;15;1;0.000131249761;0.000065607334;0.000133204428;0.000051711787;
2016;04;19;16;1;0.000120418006;0.000060424341;0.000128356115;0.000043645551;
2016;04;19;17;1;0.000117959254;0.000057558253;0.000129817157;0.000039429392;
2016;04;19;18;1;0.000121818344;0.000057513645;0.000131368023;0.000040218047;
2016;04;19;19;1;0.000124572440;0.000058204657;0.000127152870;0.000041334018;
2016;04;19;20;1;0.000129030238;0.000062085743;0.000121723978;0.000045965979;
2016;04;19;21;1;0.000141394118;0.000086023581;0.000118616728;0.000062073312;
2016;04;19;22;1;0.000153068629;0.000161451086;0.000119686599;0.000224001054;
2016;04;19;23;1;0.000136767007;0.000167543203;0.000105076402;0.000244419958;
2016;04;19;24;1;0.000110905737;0.000172261978;0.000094150562;0.000198170102;
2016;04;20;1;1;0.000086166301;0.000165045534;0.000085517166;0.000177986716;
2016;04;20;2;1;0.000069221693;0.000153405583;0.000081151542;0.000178706819;
2016;04;20;3;1;0.000061300918;0.000144049597;0.000079418658;0.000172852081;
2016;04;20;4;1;0.000058134173;0.000139926137;0.000078058859;0.000167225646;
2016;04;20;5;1;0.000057186325;0.000137894365;0.000078201529;0.000163414169;
2016;04;20;6;1;0.000059061703;0.000138412320;0.000080738892;0.000160301038;
2016;04;20;7;1;0.000068943723;0.000143724363;0.000089966139;0.000161970119;
2016;04;20;8;1;0.000091757864;0.000114444978;0.000101457039;0.000105195276;
2016;04;20;9;1;0.000111505306;0.000083943639;0.000128065525;0.000053969911;
2016;04;20;10;1;0.000123304251;0.000080549230;0.000149413855;0.000052499287;
2016;04;20;11;1;0.000131577405;0.000079415923;0.000157859174;0.000051034933;
2016;04;20;12;1;0.000133660083;0.000074766465;0.000159082862;0.000050555836;
2016;04;20;13;1;0.000136385694;0.000070912029;0.000159724510;0.000048313849;
2016;04;20;14;1;0.000139130956;0.000067939479;0.000151467985;0.000049005092;
2016;04;20;15;1;0.000131753587;0.000065750435;0.000133890212;0.000051782439;
2016;04;20;16;1;0.000120835494;0.000060533715;0.000128969167;0.000043689000;
2016;04;20;17;1;0.000118436447;0.000057695678;0.000130512374;0.000039491395;
2016;04;20;18;1;0.000122200309;0.000057598719;0.000131951860;0.000040244786;
2016;04;20;19;1;0.000124916063;0.000058268839;0.000127669960;0.000041345950;
2016;04;20;20;1;0.000129476152;0.000062197436;0.000122304000;0.000046011229;
2016;04;20;21;1;0.000141923021;0.000086202793;0.000119215763;0.000062152049;
2016;04;20;22;1;0.000153598173;0.000161742125;0.000120257349;0.000224222377;
2016;04;20;23;1;0.000137381624;0.000168018240;0.000105686310;0.000244913655;
2016;04;20;24;1;0.000111358102;0.000172679011;0.000094657922;0.000198488328;
2016;04;21;1;1;0.000085131610;0.000163988833;0.000084096338;0.000177363785;
2016;04;21;2;1;0.000068403658;0.000152452792;0.000079818632;0.000178115700;
2016;04;21;3;1;0.000060558680;0.000143112832;0.000078091247;0.000172229681;
2016;04;21;4;1;0.000057371929;0.000138874945;0.000076676192;0.000166454214;
2016;04;21;5;1;0.000056390963;0.000136747988;0.000076754343;0.000162529050;
2016;04;21;6;1;0.000058293955;0.000137388190;0.000079317812;0.000159579776;
2016;04;21;7;1;0.000068058707;0.000142684388;0.000088397184;0.000161267860;
2016;04;21;8;1;0.000090522517;0.000113544778;0.000099624441;0.000104672723;
2016;04;21;9;1;0.000109932241;0.000083228955;0.000125670160;0.000053666739;
2016;04;21;10;1;0.000121620541;0.000079900110;0.000146686499;0.000052228344;
2016;04;21;11;1;0.000129794931;0.000078784559;0.000154994623;0.000050777105;
2016;04;21;12;1;0.000131801175;0.000074144938;0.000156138981;0.000050282031;
2016;04;21;13;1;0.000134364370;0.000070257439;0.000156623620;0.000048007700;
2016;04;21;14;1;0.000137087093;0.000067321241;0.000148547051;0.000048701010;
2016;04;21;15;1;0.000129743547;0.000065114701;0.000131232843;0.000051431570;
2016;04;21;16;1;0.000119038951;0.000059972065;0.000126459323;0.000043410085;
2016;04;21;17;1;0.000116613147;0.000057129777;0.000127904028;0.000039218283;
2016;04;21;18;1;0.000120369990;0.000057057908;0.000129369478;0.000039983380;
2016;04;21;19;1;0.000123092210;0.000057743852;0.000125219335;0.000041093130;
2016;04;21;20;1;0.000127533061;0.000061611614;0.000119906865;0.000045711008;
2016;04;21;21;1;0.000139774463;0.000085379465;0.000116863546;0.000061738263;
2016;04;21;22;1;0.000151544823;0.000160485317;0.000118096512;0.000223130003;
2016;04;21;23;1;0.000135660945;0.000166855194;0.000103876024;0.000243928843;
2016;04;21;24;1;0.000110011003;0.000171557995;0.000093076846;0.000197775842;
2016;04;22;1;1;0.000083011884;0.000165027757;0.000081691722;0.000170989933;
2016;04;22;2;1;0.000066726397;0.000153757725;0.000077925234;0.000173109722;
2016;04;22;3;1;0.000059186514;0.000144331385;0.000075995373;0.000172283089;
2016;04;22;4;1;0.000055979251;0.000139957425;0.000074738656;0.000165953489;
2016;04;22;5;1;0.000055209493;0.000138031199;0.000074456550;0.000162836515;
2016;04;22;6;1;0.000057245253;0.000138429290;0.000076788456;0.000159749915;
2016;04;22;7;1;0.000067160572;0.000143715246;0.000086068255;0.000162561868;
2016;04;22;8;1;0.000090596845;0.000116316514;0.000096837769;0.000105996030;
2016;04;22;9;1;0.000110772128;0.000086662216;0.000124527979;0.000052655154;
2016;04;22;10;1;0.000121206264;0.000082391763;0.000146192085;0.000052046558;
2016;04;22;11;1;0.000128952344;0.000080453727;0.000154966452;0.000053389589;
2016;04;22;12;1;0.000130276483;0.000075183204;0.000155891452;0.000053632359;
2016;04;22;13;1;0.000132664442;0.000070093876;0.000156217356;0.000049228757;
2016;04;22;14;1;0.000135161555;0.000067237746;0.000147723318;0.000047417992;
2016;04;22;15;1;0.000128355081;0.000064637876;0.000129000588;0.000051456405;
2016;04;22;16;1;0.000119114647;0.000060412089;0.000121306722;0.000046249623;
2016;04;22;17;1;0.000116196136;0.000058050110;0.000120178325;0.000041738332;
2016;04;22;18;1;0.000119114143;0.000056880134;0.000121350226;0.000041794645;
2016;04;22;19;1;0.000121001414;0.000057090377;0.000118190291;0.000040849367;
2016;04;22;20;1;0.000122873884;0.000060446042;0.000115256703;0.000044503131;
2016;04;22;21;1;0.000131279243;0.000082818661;0.000115555165;0.000059857708;
2016;04;22;22;1;0.000144144075;0.000158476388;0.000118826883;0.000223242408;
2016;04;22;23;1;0.000132186945;0.000165374934;0.000105357596;0.000239552419;
2016;04;22;24;1;0.000110450699;0.000172927793;0.000095191543;0.000193388750;
2016;04;23;1;1;0.000089722322;0.000164219668;0.000086213206;0.000177283174;
2016;04;23;2;1;0.000073587072;0.000153616759;0.000079990677;0.000177614591;
2016;04;23;3;1;0.000063662004;0.000143928786;0.000077338284;0.000172369919;
2016;04;23;4;1;0.000058684368;0.000139554917;0.000075085886;0.000166954897;
2016;04;23;5;1;0.000056491525;0.000136688955;0.000074650867;0.000160049216;
2016;04;23;6;1;0.000056757292;0.000136314024;0.000075548123;0.000160565356;
2016;04;23;7;1;0.000059798012;0.000137984354;0.000079348339;0.000161138634;
2016;04;23;8;1;0.000066420063;0.000100910450;0.000077589663;0.000101657234;
2016;04;23;9;1;0.000083603689;0.000068828966;0.000080401709;0.000045686515;
2016;04;23;10;1;0.000106767623;0.000076012615;0.000090895544;0.000045803044;
2016;04;23;11;1;0.000122981878;0.000080781359;0.000102398659;0.000051984580;
2016;04;23;12;1;0.000127048551;0.000077429268;0.000106241074;0.000052416798;
2016;04;23;13;1;0.000128653464;0.000072053360;0.000108627263;0.000047846394;
2016;04;23;14;1;0.000132129757;0.000068663509;0.000105418685;0.000047928639;
2016;04;23;15;1;0.000127273684;0.000066412305;0.000096758249;0.000052069401;
2016;04;23;16;1;0.000112915539;0.000059822818;0.000092209798;0.000044152629;
2016;04;23;17;1;0.000104516717;0.000055647869;0.000090683893;0.000038483464;
2016;04;23;18;1;0.000102596677;0.000054544245;0.000092258768;0.000037143953;
2016;04;23;19;1;0.000103810948;0.000054645804;0.000092606204;0.000037236031;
2016;04;23;20;1;0.000106339640;0.000057079771;0.000095280747;0.000039848588;
2016;04;23;21;1;0.000118011765;0.000078215179;0.000101870842;0.000053756546;
2016;04;23;22;1;0.000134807566;0.000153384271;0.000110209790;0.000221085639;
2016;04;23;23;1;0.000127403988;0.000161294050;0.000102529463;0.000240904941;
2016;04;23;24;1;0.000108399102;0.000168637912;0.000094192266;0.000195103873;
2016;04;24;1;1;0.000090058912;0.000162280313;0.000086465295;0.000175349883;
2016;04;24;2;1;0.000074596396;0.000151981671;0.000080062561;0.000172517400;
2016;04;24;3;1;0.000064437486;0.000142285224;0.000077346635;0.000163642561;
2016;04;24;4;1;0.000059377081;0.000137373340;0.000075484627;0.000162271943;
2016;04;24;5;1;0.000057018865;0.000135033984;0.000075340493;0.000159351413;
2016;04;24;6;1;0.000056653441;0.000134486269;0.000075975805;0.000155661774;
2016;04;24;7;1;0.000058361781;0.000135124783;0.000078270508;0.000157941605;
2016;04;24;8;1;0.000062276879;0.000095988621;0.000073520717;0.000098390232;
2016;04;24;9;1;0.000073737603;0.000061643484;0.000070168831;0.000038649058;
2016;04;24;10;1;0.000093911634;0.000068613020;0.000074558233;0.000041472833;
2016;04;24;11;1;0.000110584054;0.000076426291;0.000079800283;0.000046193413;
2016;04;24;12;1;0.000116554869;0.000075618063;0.000083946095;0.000049978056;
2016;04;24;13;1;0.000118846475;0.000070935378;0.000086323619;0.000048616685;
2016;04;24;14;1;0.000121557776;0.000066857167;0.000086710788;0.000046887797;
2016;04;24;15;1;0.000119585598;0.000064487282;0.000084442563;0.000050298884;
2016;04;24;16;1;0.000106047237;0.000057040935;0.000081464091;0.000044471195;
2016;04;24;17;1;0.000098416801;0.000052868021;0.000078847204;0.000038456086;
2016;04;24;18;1;0.000096238215;0.000051686305;0.000076577666;0.000037406607;
2016;04;24;19;1;0.000098997957;0.000052366622;0.000075888440;0.000036700911;
2016;04;24;20;1;0.000104527821;0.000056083067;0.000078225326;0.000041565204;
2016;04;24;21;1;0.000119933974;0.000078912235;0.000085579266;0.000054954321;
2016;04;24;22;1;0.000139530164;0.000155074581;0.000099561927;0.000221470290;
2016;04;24;23;1;0.000126741535;0.000161328229;0.000094315208;0.000239421573;
2016;04;24;24;1;0.000104553513;0.000166407725;0.000087406747;0.000198935387;
2016;04;25;1;1;0.000082305747;0.000159477805;0.000080451490;0.000175224026;
2016;04;25;2;1;0.000066672794;0.000148025597;0.000077145517;0.000173588371;
2016;04;25;3;1;0.000059131110;0.000139853137;0.000075451429;0.000166969473;
2016;04;25;4;1;0.000056274516;0.000136689412;0.000074601155;0.000162655577;
2016;04;25;5;1;0.000055274100;0.000134175385;0.000074332806;0.000160002484;
2016;04;25;6;1;0.000057171281;0.000134378135;0.000076540872;0.000158832762;
2016;04;25;7;1;0.000066389172;0.000137821235;0.000086103503;0.000161487282;
2016;04;25;8;1;0.000086653640;0.000104944399;0.000096080471;0.000100739929;
2016;04;25;9;1;0.000104802517;0.000076862334;0.000120568599;0.000049289814;
2016;04;25;10;1;0.000118016642;0.000075910847;0.000140409870;0.000050481981;
2016;04;25;11;1;0.000127175474;0.000076481022;0.000148695773;0.000049779873;
2016;04;25;12;1;0.000129520134;0.000072921414;0.000149197059;0.000054935315;
2016;04;25;13;1;0.000132046781;0.000068547357;0.000149082917;0.000053880872;
2016;04;25;14;1;0.000135198050;0.000066643120;0.000141907377;0.000050533162;
2016;04;25;15;1;0.000127609748;0.000064011860;0.000125224541;0.000052089579;
2016;04;25;16;1;0.000115822535;0.000058833985;0.000120159504;0.000042814078;
2016;04;25;17;1;0.000113074903;0.000055827410;0.000121137165;0.000039299235;
2016;04;25;18;1;0.000116734537;0.000055416322;0.000122280222;0.000040957379;
2016;04;25;19;1;0.000119625222;0.000056039699;0.000118559699;0.000040353065;
2016;04;25;20;1;0.000124001675;0.000060118935;0.000113269450;0.000044954350;
2016;04;25;21;1;0.000136822303;0.000081968507;0.000109838006;0.000059852918;
2016;04;25;22;1;0.000151215663;0.000159440365;0.000112723723;0.000222613746;
2016;04;25;23;1;0.000133771028;0.000166738444;0.000099990560;0.000243225446;
2016;04;25;24;1;0.000105706413;0.000168564226;0.000089643038;0.000197798283;
2016;04;26;1;1;0.000082943946;0.000161640632;0.000081222550;0.000175822352;
2016;04;26;2;1;0.000066583684;0.000150129588;0.000077019104;0.000176403008;
2016;04;26;3;1;0.000058986203;0.000141024652;0.000075401866;0.000170685777;
2016;04;26;4;1;0.000055934051;0.000136975577;0.000074104238;0.000165115144;
2016;04;26;5;1;0.000055004708;0.000134944041;0.000074216248;0.000161300842;
2016;04;26;6;1;0.000056825583;0.000135491548;0.000076647289;0.000158275438;
2016;04;26;7;1;0.000066344256;0.000140714388;0.000085420823;0.000159949448;
2016;04;26;8;1;0.000088209782;0.000111935981;0.000096234703;0.000103778871;
2016;04;26;9;1;0.000107172619;0.000082087234;0.000121449748;0.000053232794;
2016;04;26;10;1;0.000118472256;0.000078740746;0.000141646405;0.000051764410;
2016;04;26;11;1;0.000126405467;0.000077623219;0.000149634055;0.000050314290;
2016;04;26;12;1;0.000128361124;0.000073053016;0.000150740954;0.000049824429;
2016;04;26;13;1;0.000130951341;0.000069272452;0.000151317367;0.000047604940;
2016;04;26;14;1;0.000133598669;0.000066374322;0.000143507727;0.000048290180;
2016;04;26;15;1;0.000126542233;0.000064249714;0.000126881397;0.000051038136;
2016;04;26;16;1;0.000116080839;0.000059164728;0.000122244123;0.000043070248;
2016;04;26;17;1;0.000113740826;0.000056373345;0.000123668409;0.000038919991;
2016;04;26;18;1;0.000117440994;0.000056319626;0.000125123536;0.000039691388;
2016;04;26;19;1;0.000120024173;0.000056962144;0.000121036187;0.000040768306;
2016;04;26;20;1;0.000124391400;0.000060795660;0.000115935732;0.000045363197;
2016;04;26;21;1;0.000136262918;0.000084206516;0.000112936571;0.000061237795;
2016;04;26;22;1;0.000147738853;0.000158281931;0.000114129096;0.000221323169;
2016;04;26;23;1;0.000132228148;0.000164532322;0.000100366801;0.000241906493;
2016;04;26;24;1;0.000107156822;0.000169058527;0.000089873374;0.000196007294;
2016;04;27;1;1;0.000083545320;0.000162223812;0.000082060058;0.000176128693;
2016;04;27;2;1;0.000067132623;0.000150819923;0.000077890057;0.000176884742;
2016;04;27;3;1;0.000059458455;0.000141639649;0.000076236515;0.000171111462;
2016;04;27;4;1;0.000056384416;0.000137579137;0.000074927911;0.000165534421;
2016;04;27;5;1;0.000055442813;0.000135526973;0.000075034702;0.000161696503;
2016;04;27;6;1;0.000057274148;0.000136067239;0.000077487082;0.000158652478;
2016;04;27;7;1;0.000066852991;0.000141280640;0.000086337414;0.000160294588;
2016;04;27;8;1;0.000088891495;0.000112393140;0.000097273142;0.000104009019;
2016;04;27;9;1;0.000107966870;0.000082396529;0.000122721612;0.000053334045;
2016;04;27;10;1;0.000119406764;0.000079074858;0.000143197552;0.000051887427;
2016;04;27;11;1;0.000127406606;0.000077955071;0.000151277487;0.000050435465;
2016;04;27;12;1;0.000129472710;0.000073419176;0.000152508395;0.000049981082;
2016;04;27;13;1;0.000132112980;0.000069634222;0.000153123582;0.000047764601;
2016;04;27;14;1;0.000134789842;0.000066723952;0.000145227241;0.000048454314;
2016;04;27;15;1;0.000127644927;0.000064575219;0.000128375984;0.000051201356;
2016;04;27;16;1;0.000117122547;0.000059479795;0.000123715959;0.000043219122;
2016;04;27;17;1;0.000114770388;0.000056677920;0.000125167048;0.000039057532;
2016;04;27;18;1;0.000118450869;0.000056598500;0.000126582978;0.000039813780;
2016;04;27;19;1;0.000121118072;0.000057273428;0.000122510477;0.000040914899;
2016;04;27;20;1;0.000125640477;0.000061184079;0.000117455754;0.000045568158;
2016;04;27;21;1;0.000137708892;0.000084792341;0.000114481857;0.000061549204;
2016;04;27;22;1;0.000149029042;0.000159086803;0.000115475627;0.000222035113;
2016;04;27;23;1;0.000133360203;0.000165340857;0.000101533693;0.000242643382;
2016;04;27;24;1;0.000108126009;0.000169970697;0.000090961825;0.000196698558;
2016;04;28;1;1;0.000083593834;0.000162359282;0.000082068344;0.000176317018;
2016;04;28;2;1;0.000067169904;0.000150942044;0.000077895948;0.000177069387;
2016;04;28;3;1;0.000059502010;0.000141779442;0.000076255783;0.000171320416;
2016;04;28;4;1;0.000056375840;0.000137593184;0.000074880598;0.000165590056;
2016;04;28;5;1;0.000055414557;0.000135492341;0.000074960505;0.000161693005;
2016;04;28;6;1;0.000057220891;0.000135975276;0.000077377913;0.000158582344;
2016;04;28;7;1;0.000066808217;0.000141221914;0.000086238225;0.000160265446;
2016;04;28;8;1;0.000088789848;0.000112293160;0.000097115327;0.000103940810;
2016;04;28;9;1;0.000107850219;0.000082328431;0.000122530247;0.000053302434;
2016;04;28;10;1;0.000119305250;0.000079027720;0.000143007218;0.000051868628;
2016;04;28;11;1;0.000127356064;0.000077943957;0.000151144976;0.000050440073;
2016;04;28;12;1;0.000129461881;0.000073431700;0.000152422528;0.000050001304;
2016;04;28;13;1;0.000131991804;0.000069588040;0.000152909789;0.000047744091;
2016;04;28;14;1;0.000134691937;0.000066692438;0.000145052178;0.000048442761;
2016;04;28;15;1;0.000127507630;0.000064522161;0.000128176419;0.000051171256;
2016;04;28;16;1;0.000116937407;0.000059400872;0.000123461176;0.000043171873;
2016;04;28;17;1;0.000114598295;0.000056607323;0.000124919447;0.000039018009;
2016;04;28;18;1;0.000118346980;0.000056563236;0.000126411321;0.000039798284;
2016;04;28;19;1;0.000121020157;0.000057241676;0.000122352747;0.000040901784;
2016;04;28;20;1;0.000125377821;0.000061071694;0.000117154014;0.000045495099;
2016;04;28;21;1;0.000137241611;0.000084526104;0.000114038691;0.000061370302;
2016;04;28;22;1;0.000148649234;0.000158721706;0.000115126110;0.000221577382;
2016;04;28;23;1;0.000133124110;0.000165090109;0.000101305351;0.000242332085;
2016;04;28;24;1;0.000107981947;0.000169787392;0.000090797079;0.000196532398;
2016;04;29;1;1;0.000081804324;0.000163611132;0.000080158073;0.000169985431;
2016;04;29;2;1;0.000065796949;0.000152533377;0.000076510215;0.000172200619;
2016;04;29;3;1;0.000058381123;0.000143228790;0.000074639731;0.000171434215;
2016;04;29;4;1;0.000055222899;0.000138901817;0.000073412605;0.000165151940;
2016;04;29;5;1;0.000054464780;0.000136993236;0.000073137167;0.000162053706;
2016;04;29;6;1;0.000056467790;0.000137375463;0.000075420686;0.000158967051;
2016;04;29;7;1;0.000066236324;0.000142595080;0.000084519723;0.000161735624;
2016;04;29;8;1;0.000089244685;0.000115273777;0.000094983307;0.000105332903;
2016;04;29;9;1;0.000109235342;0.000085977008;0.000122273641;0.000052381597;
2016;04;29;10;1;0.000119685155;0.000081850037;0.000143738235;0.000051845659;
2016;04;29;11;1;0.000127321763;0.000079917047;0.000152350653;0.000053178386;
2016;04;29;12;1;0.000128663095;0.000074701386;0.000153300475;0.000053434289;
2016;04;29;13;1;0.000131066413;0.000069668557;0.000153673645;0.000049063771;
2016;04;29;14;1;0.000133537296;0.000066831684;0.000145322105;0.000047260436;
2016;04;29;15;1;0.000126791576;0.000064236856;0.000126882654;0.000051276922;
2016;04;29;16;1;0.000117645390;0.000060027943;0.000119296538;0.000046081129;
2016;04;29;17;1;0.000114770913;0.000057685022;0.000118195115;0.000041589185;
2016;04;29;18;1;0.000117695942;0.000056542972;0.000119391106;0.000041660451;
2016;04;29;19;1;0.000119535946;0.000056740199;0.000116258070;0.000040709763;
2016;04;29;20;1;0.000121440122;0.000060102196;0.000113423234;0.000044370911;
2016;04;29;21;1;0.000129796506;0.000082378713;0.000113759986;0.000059702455;
2016;04;29;22;1;0.000142519204;0.000157638037;0.000116983477;0.000222668334;
2016;04;29;23;1;0.000130810852;0.000164643562;0.000103813609;0.000239144798;
2016;04;29;24;1;0.000109200999;0.000172005686;0.000093710820;0.000192883251;
2016;04;30;1;1;0.000089514918;0.000164005948;0.000085962070;0.000177130281;
2016;04;30;2;1;0.000073422159;0.000153427687;0.000079763308;0.000177473962;
2016;04;30;3;1;0.000063519567;0.000143752167;0.000077118738;0.000172234077;
2016;04;30;4;1;0.000058494644;0.000139244589;0.000074798026;0.000166656867;
2016;04;30;5;1;0.000056334316;0.000136446583;0.000074398254;0.000159835653;
2016;04;30;6;1;0.000056641703;0.000136174155;0.000075348823;0.000160471113;
2016;04;30;7;1;0.000059656489;0.000137797170;0.000079112833;0.000160990777;
2016;04;30;8;1;0.000066228419;0.000100721169;0.000077319159;0.000101511155;
2016;04;30;9;1;0.000083451308;0.000068773080;0.000080206792;0.000045669486;
2016;04;30;10;1;0.000106544683;0.000075930698;0.000090651075;0.000045773796;
2016;04;30;11;1;0.000122740902;0.000080704707;0.000102136417;0.000051958082;
2016;04;30;12;1;0.000126854094;0.000077389037;0.000106014527;0.000052412592;
2016;04;30;13;1;0.000128418492;0.000071994585;0.000108363512;0.000047828381;
2016;04;30;14;1;0.000131935309;0.000068631883;0.000105200100;0.000047927622;
2016;04;30;15;1;0.000127062684;0.000066369337;0.000096539615;0.000052058586;
2016;04;30;16;1;0.000112757027;0.000059799326;0.000092024853;0.000044154691;
2016;04;30;17;1;0.000104348397;0.000055614505;0.000090483280;0.000038477297;
2016;04;30;18;1;0.000102469938;0.000054532025;0.000092089261;0.000037151956;
2016;04;30;19;1;0.000103629244;0.000054605389;0.000092388393;0.000037224848;
2016;04;30;20;1;0.000106126693;0.000057023148;0.000095032632;0.000039826558;
2016;04;30;21;1;0.000117703588;0.000078089915;0.000101543574;0.000053694047;
2016;04;30;22;1;0.000134532678;0.000153226492;0.000109918767;0.000220955305;
2016;04;30;23;1;0.000127238353;0.000161247458;0.000102334449;0.000240941219;
2016;04;30;24;1;0.000108276626;0.000168617933;0.000094029134;0.000195166514;
