AŃO;MES;DIA;HORA;VERANO(1)/INVIERNO(0);COEF. PERFIL A;COEF. PERFIL B;COEF. PERFIL C;COEF. PERFIL D;
2017;11;01;1;0;0.000092008989;0.000176105446;0.000085691179;0.000166266703;
2017;11;01;2;0;0.000076746707;0.000164244606;0.000080606085;0.000169403725;
2017;11;01;3;0;0.000067135611;0.000155203470;0.000077564631;0.000166572472;
2017;11;01;4;0;0.000062055543;0.000149706314;0.000075888160;0.000162637315;
2017;11;01;5;0;0.000059676179;0.000146936254;0.000075331407;0.000157825472;
2017;11;01;6;0;0.000059242885;0.000150467941;0.000076269522;0.000157569050;
2017;11;01;7;0;0.000061194746;0.000152906090;0.000078080093;0.000156520683;
2017;11;01;8;0;0.000066745449;0.000124896737;0.000075756871;0.000124335541;
2017;11;01;9;0;0.000080137543;0.000081068147;0.000070840857;0.000049049193;
2017;11;01;10;0;0.000101115985;0.000084433265;0.000074879120;0.000044823756;
2017;11;01;11;0;0.000118761564;0.000089981185;0.000080284715;0.000048722335;
2017;11;01;12;0;0.000125995747;0.000085748916;0.000084846970;0.000053332634;
2017;11;01;13;0;0.000129084405;0.000072980442;0.000087841046;0.000051239507;
2017;11;01;14;0;0.000134580691;0.000073348751;0.000087312488;0.000051154292;
2017;11;01;15;0;0.000133106350;0.000071405716;0.000084349639;0.000053228769;
2017;11;01;16;0;0.000119043487;0.000064148285;0.000081480097;0.000048427408;
2017;11;01;17;0;0.000112127452;0.000060034249;0.000079370291;0.000045652418;
2017;11;01;18;0;0.000114906892;0.000066709177;0.000080919503;0.000051739989;
2017;11;01;19;0;0.000132774465;0.000139081290;0.000097632995;0.000181943535;
2017;11;01;20;0;0.000143791824;0.000164224333;0.000102487967;0.000240763426;
2017;11;01;21;0;0.000151227544;0.000168236753;0.000101715898;0.000242702582;
2017;11;01;22;0;0.000149383926;0.000169862471;0.000096991394;0.000237266227;
2017;11;01;23;0;0.000129355674;0.000187577616;0.000089814864;0.000206983578;
2017;11;01;24;0;0.000104801787;0.000185246222;0.000083158197;0.000175626111;
2017;11;02;1;0;0.000079761761;0.000173344124;0.000072689309;0.000165689476;
2017;11;02;2;0;0.000064328515;0.000159745011;0.000070280269;0.000172672677;
2017;11;02;3;0;0.000057883085;0.000151216410;0.000068995757;0.000167223999;
2017;11;02;4;0;0.000055063926;0.000147098626;0.000068539903;0.000160786344;
2017;11;02;5;0;0.000054384430;0.000145207415;0.000068566906;0.000156565281;
2017;11;02;6;0;0.000056449827;0.000150712745;0.000071198533;0.000156829978;
2017;11;02;7;0;0.000067117960;0.000158277359;0.000081258437;0.000157832403;
2017;11;02;8;0;0.000093923052;0.000146362211;0.000096816794;0.000135049032;
2017;11;02;9;0;0.000112844903;0.000103133307;0.000123298079;0.000061622700;
2017;11;02;10;0;0.000121960643;0.000093432306;0.000144603702;0.000053463420;
2017;11;02;11;0;0.000129541115;0.000088524193;0.000152443742;0.000053111249;
2017;11;02;12;0;0.000130772028;0.000079762030;0.000152786982;0.000052393409;
2017;11;02;13;0;0.000133307076;0.000066677238;0.000152421609;0.000051635104;
2017;11;02;14;0;0.000136319225;0.000067812769;0.000143092593;0.000052137379;
2017;11;02;15;0;0.000129432038;0.000066156687;0.000124994367;0.000051149865;
2017;11;02;16;0;0.000121518386;0.000062824844;0.000121144845;0.000046213540;
2017;11;02;17;0;0.000121845831;0.000061121582;0.000124658496;0.000043989028;
2017;11;02;18;0;0.000132122293;0.000069136298;0.000132370494;0.000049362461;
2017;11;02;19;0;0.000150129299;0.000141915795;0.000147072820;0.000183067096;
2017;11;02;20;0;0.000159370139;0.000165770856;0.000141192847;0.000240514462;
2017;11;02;21;0;0.000162047884;0.000171603422;0.000125316670;0.000244355021;
2017;11;02;22;0;0.000154414741;0.000172650272;0.000105941178;0.000240032088;
2017;11;02;23;0;0.000132374490;0.000192072376;0.000090394127;0.000211127370;
2017;11;02;24;0;0.000105521561;0.000188992267;0.000080716896;0.000177393237;
2017;11;03;1;0;0.000083583977;0.000181113713;0.000076560826;0.000169091044;
2017;11;03;2;0;0.000067948271;0.000166919264;0.000073850267;0.000175942435;
2017;11;03;3;0;0.000060514397;0.000157412333;0.000072314018;0.000170438878;
2017;11;03;4;0;0.000057232764;0.000152675851;0.000071546766;0.000163873099;
2017;11;03;5;0;0.000056360433;0.000150161734;0.000071911962;0.000160665182;
2017;11;03;6;0;0.000058484199;0.000155532076;0.000074169162;0.000160616142;
2017;11;03;7;0;0.000069101778;0.000163060256;0.000084224984;0.000162274706;
2017;11;03;8;0;0.000096064837;0.000152336817;0.000100392451;0.000142817772;
2017;11;03;9;0;0.000116246932;0.000107187313;0.000126448601;0.000063286345;
2017;11;03;10;0;0.000125142860;0.000096586780;0.000147998897;0.000053200353;
2017;11;03;11;0;0.000133321135;0.000091108046;0.000155665453;0.000055906175;
2017;11;03;12;0;0.000134266886;0.000082510701;0.000155913711;0.000054739950;
2017;11;03;13;0;0.000137257148;0.000068690574;0.000156071758;0.000050343268;
2017;11;03;14;0;0.000140108796;0.000069514811;0.000146510924;0.000051379449;
2017;11;03;15;0;0.000134064398;0.000068576397;0.000127105671;0.000052676646;
2017;11;03;16;0;0.000127051643;0.000065109347;0.000119863829;0.000050807354;
2017;11;03;17;0;0.000127009176;0.000062798893;0.000120579000;0.000048487851;
2017;11;03;18;0;0.000135966048;0.000072305253;0.000128050534;0.000051410332;
2017;11;03;19;0;0.000151405564;0.000145642220;0.000144672072;0.000190466310;
2017;11;03;20;0;0.000156341346;0.000166005372;0.000141360043;0.000240508263;
2017;11;03;21;0;0.000155862624;0.000169771175;0.000129986354;0.000240051655;
2017;11;03;22;0;0.000150860111;0.000172114848;0.000113009930;0.000239087486;
2017;11;03;23;0;0.000133449914;0.000195135372;0.000098164350;0.000212476657;
2017;11;03;24;0;0.000111881240;0.000196644801;0.000088977802;0.000180063431;
2017;11;04;1;0;0.000090877660;0.000185520780;0.000080933200;0.000169307585;
2017;11;04;2;0;0.000074925755;0.000172335187;0.000076324987;0.000175558667;
2017;11;04;3;0;0.000065224704;0.000161384222;0.000073682090;0.000172064564;
2017;11;04;4;0;0.000060206867;0.000155025644;0.000072393313;0.000167154634;
2017;11;04;5;0;0.000058158843;0.000152242911;0.000071984711;0.000160159889;
2017;11;04;6;0;0.000058227071;0.000157177443;0.000072992441;0.000158538238;
2017;11;04;7;0;0.000061734318;0.000160209715;0.000076858179;0.000157424025;
2017;11;04;8;0;0.000070263435;0.000139431743;0.000078887027;0.000135036152;
2017;11;04;9;0;0.000088860354;0.000095035287;0.000080174006;0.000054237791;
2017;11;04;10;0;0.000114040626;0.000096689982;0.000090185870;0.000049317582;
2017;11;04;11;0;0.000131524587;0.000098100552;0.000100889706;0.000055700453;
2017;11;04;12;0;0.000135361567;0.000089911144;0.000105431431;0.000055462371;
2017;11;04;13;0;0.000137417232;0.000073916184;0.000107503180;0.000053433570;
2017;11;04;14;0;0.000142181966;0.000073797346;0.000103087558;0.000052951744;
2017;11;04;15;0;0.000138562856;0.000073249762;0.000093360382;0.000055952044;
2017;11;04;16;0;0.000124963118;0.000067183523;0.000089281044;0.000051850633;
2017;11;04;17;0;0.000118023237;0.000063872149;0.000088863279;0.000045647388;
2017;11;04;18;0;0.000120084085;0.000071676412;0.000095527066;0.000048062803;
2017;11;04;19;0;0.000133846520;0.000143333252;0.000112896805;0.000184033376;
2017;11;04;20;0;0.000139550476;0.000162646013;0.000117553311;0.000234512006;
2017;11;04;21;0;0.000144082415;0.000165471022;0.000115348040;0.000237823094;
2017;11;04;22;0;0.000143901502;0.000168299180;0.000105373886;0.000235801896;
2017;11;04;23;0;0.000130528009;0.000192117797;0.000095028781;0.000207192778;
2017;11;04;24;0;0.000111297309;0.000194742515;0.000087976098;0.000175721537;
2017;11;05;1;0;0.000088533105;0.000172228363;0.000081551516;0.000163779245;
2017;11;05;2;0;0.000073772954;0.000160466726;0.000076634749;0.000166701122;
2017;11;05;3;0;0.000064534547;0.000151634213;0.000073743465;0.000163915755;
2017;11;05;4;0;0.000059621011;0.000146189214;0.000072112951;0.000159962102;
2017;11;05;5;0;0.000057357498;0.000143540549;0.000071611991;0.000155290335;
2017;11;05;6;0;0.000057015737;0.000147183447;0.000072598902;0.000155241418;
2017;11;05;7;0;0.000058958266;0.000149731025;0.000074403159;0.000154376234;
2017;11;05;8;0;0.000064347921;0.000122382805;0.000072236281;0.000122711790;
2017;11;05;9;0;0.000077262342;0.000079439874;0.000067551678;0.000048410755;
2017;11;05;10;0;0.000097546763;0.000082787178;0.000071445399;0.000044266934;
2017;11;05;11;0;0.000114757860;0.000088372001;0.000076729061;0.000048196196;
2017;11;05;12;0;0.000121908905;0.000084326608;0.000081196324;0.000052826364;
2017;11;05;13;0;0.000124899694;0.000071771254;0.000084063134;0.000050754048;
2017;11;05;14;0;0.000130282483;0.000072169293;0.000083598815;0.000050694809;
2017;11;05;15;0;0.000128955183;0.000070312000;0.000080824633;0.000052791572;
2017;11;05;16;0;0.000115318538;0.000063158963;0.000078066644;0.000048024501;
2017;11;05;17;0;0.000108612271;0.000059104763;0.000076040577;0.000045269831;
2017;11;05;18;0;0.000111326545;0.000065689308;0.000077540098;0.000051316512;
2017;11;05;19;0;0.000128651489;0.000136969989;0.000093565848;0.000180474160;
2017;11;05;20;0;0.000139380803;0.000161794118;0.000098256691;0.000238911706;
2017;11;05;21;0;0.000146664450;0.000165833126;0.000097567074;0.000240960856;
2017;11;05;22;0;0.000145000622;0.000167579114;0.000093115008;0.000235765398;
2017;11;05;23;0;0.000125538153;0.000185023850;0.000086210259;0.000205638432;
2017;11;05;24;0;0.000101747602;0.000182793734;0.000079851126;0.000174551153;
2017;11;06;1;0;0.000079736950;0.000172950977;0.000073639477;0.000163754058;
2017;11;06;2;0;0.000065421514;0.000160208849;0.000071697254;0.000167466182;
2017;11;06;3;0;0.000058741428;0.000151948949;0.000070531290;0.000162586050;
2017;11;06;4;0;0.000056054924;0.000147382511;0.000070052257;0.000158543543;
2017;11;06;5;0;0.000055082951;0.000145448011;0.000070388102;0.000155065807;
2017;11;06;6;0;0.000057260935;0.000150480819;0.000072731904;0.000156789749;
2017;11;06;7;0;0.000067245058;0.000157023042;0.000082770939;0.000157671863;
2017;11;06;8;0;0.000092990658;0.000143318518;0.000098329290;0.000133384141;
2017;11;06;9;0;0.000112412165;0.000100314854;0.000124783407;0.000061766281;
2017;11;06;10;0;0.000123368820;0.000092206735;0.000146772931;0.000054267895;
2017;11;06;11;0;0.000132280453;0.000088582648;0.000154786195;0.000054410186;
2017;11;06;12;0;0.000134380399;0.000080846871;0.000154965859;0.000053714527;
2017;11;06;13;0;0.000136710896;0.000068098741;0.000154297701;0.000054129452;
2017;11;06;14;0;0.000140395531;0.000069032481;0.000145280472;0.000056806255;
2017;11;06;15;0;0.000133515026;0.000067733843;0.000127006556;0.000053297392;
2017;11;06;16;0;0.000124698275;0.000063692401;0.000123501738;0.000046879912;
2017;11;06;17;0;0.000124744164;0.000061633679;0.000127040905;0.000045322986;
2017;11;06;18;0;0.000135114446;0.000069622998;0.000134656912;0.000052739474;
2017;11;06;19;0;0.000153250657;0.000142579657;0.000149012822;0.000186684723;
2017;11;06;20;0;0.000162869027;0.000166871402;0.000143067238;0.000243200930;
2017;11;06;21;0;0.000165766688;0.000172440601;0.000127641455;0.000244354392;
2017;11;06;22;0;0.000158608312;0.000174408338;0.000108184029;0.000240202884;
2017;11;06;23;0;0.000135135435;0.000192849800;0.000092627637;0.000212563665;
2017;11;06;24;0;0.000106945141;0.000189369003;0.000082891621;0.000178868018;
2017;11;07;1;0;0.000083428949;0.000177869550;0.000077105540;0.000168545453;
2017;11;07;2;0;0.000067232911;0.000163785761;0.000074491173;0.000175510092;
2017;11;07;3;0;0.000060513852;0.000155085963;0.000073150704;0.000170020704;
2017;11;07;4;0;0.000057542693;0.000150800253;0.000072637267;0.000163407599;
2017;11;07;5;0;0.000056783105;0.000148731786;0.000072602589;0.000158979123;
2017;11;07;6;0;0.000058859275;0.000154160361;0.000075286367;0.000159030877;
2017;11;07;7;0;0.000069826748;0.000161537110;0.000085732312;0.000159690588;
2017;11;07;8;0;0.000097728182;0.000149398772;0.000102162455;0.000136659295;
2017;11;07;9;0;0.000117338880;0.000105203304;0.000130019742;0.000062316176;
2017;11;07;10;0;0.000126760806;0.000095264874;0.000152418507;0.000054040842;
2017;11;07;11;0;0.000134515736;0.000090177436;0.000160534384;0.000053635465;
2017;11;07;12;0;0.000135731905;0.000081214529;0.000160822363;0.000052886377;
2017;11;07;13;0;0.000138335962;0.000067878140;0.000160406305;0.000052110715;
2017;11;07;14;0;0.000141477126;0.000069041631;0.000150604960;0.000052623338;
2017;11;07;15;0;0.000134162040;0.000067271647;0.000131392722;0.000051562319;
2017;11;07;16;0;0.000126006351;0.000063907570;0.000127393828;0.000046603631;
2017;11;07;17;0;0.000126290031;0.000062147466;0.000131030766;0.000044340730;
2017;11;07;18;0;0.000136950540;0.000070301439;0.000139146356;0.000049760476;
2017;11;07;19;0;0.000155768974;0.000144449713;0.000154753658;0.000184725085;
2017;11;07;20;0;0.000165542290;0.000168919828;0.000148733125;0.000242964757;
2017;11;07;21;0;0.000168495481;0.000175041602;0.000132143784;0.000247096298;
2017;11;07;22;0;0.000160711950;0.000176277598;0.000111819414;0.000242956653;
2017;11;07;23;0;0.000137724818;0.000196039352;0.000095376444;0.000213625219;
2017;11;07;24;0;0.000109804745;0.000192927609;0.000085179945;0.000179521737;
2017;11;08;1;0;0.000084692199;0.000179382788;0.000078686207;0.000169424580;
2017;11;08;2;0;0.000068288450;0.000165269991;0.000076060037;0.000176522540;
2017;11;08;3;0;0.000061378236;0.000156273241;0.000074587234;0.000170763146;
2017;11;08;4;0;0.000058339449;0.000151889142;0.000074031750;0.000164050334;
2017;11;08;5;0;0.000057527964;0.000149698064;0.000073943221;0.000159489720;
2017;11;08;6;0;0.000059690911;0.000155316837;0.000076753118;0.000159700945;
2017;11;08;7;0;0.000070820082;0.000162764406;0.000087410887;0.000160378690;
2017;11;08;8;0;0.000099169575;0.000150611517;0.000104216466;0.000137318972;
2017;11;08;9;0;0.000119089804;0.000106075367;0.000132656437;0.000062627658;
2017;11;08;10;0;0.000128678736;0.000096074275;0.000155541357;0.000054322111;
2017;11;08;11;0;0.000136519968;0.000090922944;0.000163786286;0.000053902371;
2017;11;08;12;0;0.000137749449;0.000081883081;0.000164074372;0.000053147700;
2017;11;08;13;0;0.000140358833;0.000068420637;0.000163610992;0.000052355754;
2017;11;08;14;0;0.000143666297;0.000069651783;0.000153742639;0.000052915121;
2017;11;08;15;0;0.000136351912;0.000067922891;0.000134242266;0.000051891563;
2017;11;08;16;0;0.000127990461;0.000064489646;0.000130082818;0.000046874609;
2017;11;08;17;0;0.000128326045;0.000062736702;0.000133846003;0.000044615043;
2017;11;08;18;0;0.000139155856;0.000070966678;0.000142133340;0.000050067396;
2017;11;08;19;0;0.000158190551;0.000145736651;0.000157989015;0.000185762561;
2017;11;08;20;0;0.000167972019;0.000170279018;0.000151712748;0.000244120360;
2017;11;08;21;0;0.000170942413;0.000176423070;0.000134770456;0.000248233588;
2017;11;08;22;0;0.000163095979;0.000177723448;0.000114077155;0.000244149936;
2017;11;08;23;0;0.000139856206;0.000197772233;0.000097363695;0.000214810147;
2017;11;08;24;0;0.000111448604;0.000194536200;0.000086911504;0.000180427736;
2017;11;09;1;0;0.000084893368;0.000179737529;0.000078874326;0.000169744081;
2017;11;09;2;0;0.000068417680;0.000165517048;0.000076205150;0.000176770229;
2017;11;09;3;0;0.000061454860;0.000156406248;0.000074681501;0.000170892834;
2017;11;09;4;0;0.000058427525;0.000152058094;0.000074144661;0.000164217773;
2017;11;09;5;0;0.000057592334;0.000149806102;0.000074027101;0.000159590210;
2017;11;09;6;0;0.000059727558;0.000155350528;0.000076801425;0.000159720959;
2017;11;09;7;0;0.000070833923;0.000162731623;0.000087429320;0.000160331703;
2017;11;09;8;0;0.000099063099;0.000150390113;0.000104106177;0.000137104552;
2017;11;09;9;0;0.000118946986;0.000105906118;0.000132499394;0.000062522006;
2017;11;09;10;0;0.000128534052;0.000095928173;0.000155368866;0.000054234535;
2017;11;09;11;0;0.000136458476;0.000090845929;0.000163715039;0.000053851782;
2017;11;09;12;0;0.000137685471;0.000081812575;0.000164000697;0.000053097074;
2017;11;09;13;0;0.000140326990;0.000068377972;0.000163576397;0.000052318315;
2017;11;09;14;0;0.000143581399;0.000069583003;0.000153654158;0.000052858027;
2017;11;09;15;0;0.000136193398;0.000067817009;0.000134088274;0.000051805927;
2017;11;09;16;0;0.000127859714;0.000064398205;0.000129951940;0.000046803859;
2017;11;09;17;0;0.000128229900;0.000062664824;0.000133747786;0.000044559846;
2017;11;09;18;0;0.000139049498;0.000070884300;0.000142026898;0.000050004698;
2017;11;09;19;0;0.000158135725;0.000145628335;0.000157936695;0.000185607497;
2017;11;09;20;0;0.000168019501;0.000170259570;0.000151757975;0.000244070124;
2017;11;09;21;0;0.000170972153;0.000176383749;0.000134795983;0.000248155536;
2017;11;09;22;0;0.000163229415;0.000177798276;0.000114172248;0.000244230363;
2017;11;09;23;0;0.000139943209;0.000197816744;0.000097425767;0.000214838816;
2017;11;09;24;0;0.000111529764;0.000194600621;0.000086976137;0.000180470957;
2017;11;10;1;0;0.000087563596;0.000185786277;0.000081521651;0.000171691692;
2017;11;10;2;0;0.000071165979;0.000171183625;0.000078616171;0.000178604640;
2017;11;10;3;0;0.000063282810;0.000161186082;0.000076862647;0.000172752296;
2017;11;10;4;0;0.000059829777;0.000156280487;0.000076020106;0.000166038366;
2017;11;10;5;0;0.000058914883;0.000153699236;0.000076404270;0.000162779827;
2017;11;10;6;0;0.000061213983;0.000159402013;0.000078904408;0.000162940634;
2017;11;10;7;0;0.000072357354;0.000167187312;0.000089639658;0.000164691963;
2017;11;10;8;0;0.000100696091;0.000156356082;0.000106958430;0.000145097034;
2017;11;10;9;0;0.000121914251;0.000110072315;0.000134788489;0.000064329638;
2017;11;10;10;0;0.000131171762;0.000099131963;0.000157673443;0.000054047662;
2017;11;10;11;0;0.000139725371;0.000093496369;0.000165819007;0.000056788994;
2017;11;10;12;0;0.000140619019;0.000084614963;0.000165968342;0.000055565812;
2017;11;10;13;0;0.000143614155;0.000070375446;0.000165978715;0.000051054238;
2017;11;10;14;0;0.000146515403;0.000071179834;0.000155723332;0.000052075739;
2017;11;10;15;0;0.000140176323;0.000070209779;0.000135080273;0.000053383548;
2017;11;10;16;0;0.000132919358;0.000066698033;0.000127456473;0.000051518433;
2017;11;10;17;0;0.000132894315;0.000064340590;0.000128235651;0.000049173640;
2017;11;10;18;0;0.000142310601;0.000074103440;0.000136224108;0.000052153722;
2017;11;10;19;0;0.000158470742;0.000149264416;0.000153906782;0.000193220652;
2017;11;10;20;0;0.000163704948;0.000170204816;0.000150445925;0.000244087805;
2017;11;10;21;0;0.000163286354;0.000174154061;0.000138411276;0.000243747816;
2017;11;10;22;0;0.000158177942;0.000176706114;0.000120435329;0.000242972131;
2017;11;10;23;0;0.000140102021;0.000200596729;0.000104747990;0.000216204859;
2017;11;10;24;0;0.000117439563;0.000202116313;0.000094930251;0.000183193812;
2017;11;11;1;0;0.000095429451;0.000190588246;0.000086420335;0.000172078359;
2017;11;11;2;0;0.000078592645;0.000176849159;0.000081410695;0.000178236893;
2017;11;11;3;0;0.000068399034;0.000165568301;0.000078571264;0.000174644070;
2017;11;11;4;0;0.000063098473;0.000158947839;0.000077149874;0.000169557026;
2017;11;11;5;0;0.000060920325;0.000156013364;0.000076674449;0.000162377095;
2017;11;11;6;0;0.000061014771;0.000161130786;0.000077777124;0.000160793550;
2017;11;11;7;0;0.000064683882;0.000164223967;0.000081888604;0.000159648555;
2017;11;11;8;0;0.000073727250;0.000143132604;0.000084172106;0.000137142879;
2017;11;11;9;0;0.000093233569;0.000097550034;0.000085538534;0.000055079605;
2017;11;11;10;0;0.000119769530;0.000099345110;0.000096313951;0.000050131775;
2017;11;11;11;0;0.000138012607;0.000100707433;0.000107652127;0.000056571162;
2017;11;11;12;0;0.000141915582;0.000092220292;0.000112400632;0.000056280467;
2017;11;11;13;0;0.000143943813;0.000075747727;0.000114508325;0.000054173955;
2017;11;11;14;0;0.000148827071;0.000075571219;0.000109725513;0.000053646605;
2017;11;11;15;0;0.000145051318;0.000075016938;0.000099380555;0.000056691162;
2017;11;11;16;0;0.000130839731;0.000068817489;0.000095056320;0.000052545606;
2017;11;11;17;0;0.000123654859;0.000065468661;0.000094673831;0.000046289677;
2017;11;11;18;0;0.000125836709;0.000073481230;0.000101791680;0.000048747859;
2017;11;11;19;0;0.000140532070;0.000147229072;0.000120535219;0.000187020625;
2017;11;11;20;0;0.000146465538;0.000167003592;0.000125459324;0.000238228526;
2017;11;11;21;0;0.000151327567;0.000170022847;0.000123191640;0.000241760669;
2017;11;11;22;0;0.000151267679;0.000173077686;0.000112636141;0.000239912381;
2017;11;11;23;0;0.000137330767;0.000197747040;0.000101667755;0.000210990692;
2017;11;11;24;0;0.000117154072;0.000200544965;0.000094167571;0.000179028540;
2017;11;12;1;0;0.000093410828;0.000177545754;0.000087552604;0.000166934714;
2017;11;12;2;0;0.000077727898;0.000165188129;0.000082158215;0.000169673704;
2017;11;12;3;0;0.000067940097;0.000155971477;0.000078995606;0.000166705857;
2017;11;12;4;0;0.000062714928;0.000150245340;0.000077184548;0.000162549246;
2017;11;12;5;0;0.000060370105;0.000147611580;0.000076694282;0.000157896473;
2017;11;12;6;0;0.000059963768;0.000151240196;0.000077690824;0.000157724094;
2017;11;12;7;0;0.000062029564;0.000153914635;0.000079650940;0.000156902816;
2017;11;12;8;0;0.000067675169;0.000125756176;0.000077302886;0.000124674429;
2017;11;12;9;0;0.000081230881;0.000081602963;0.000072266153;0.000049169005;
2017;11;12;10;0;0.000102599206;0.000085076244;0.000076462924;0.000044978694;
2017;11;12;11;0;0.000120705450;0.000090818269;0.000082120168;0.000048972635;
2017;11;12;12;0;0.000128140444;0.000086602318;0.000086842569;0.000053641113;
2017;11;12;13;0;0.000131207942;0.000073665370;0.000089856569;0.000051506934;
2017;11;12;14;0;0.000136787728;0.000074033392;0.000089311367;0.000051418673;
2017;11;12;15;0;0.000135333134;0.000072095620;0.000086308701;0.000053521244;
2017;11;12;16;0;0.000121113417;0.000064810028;0.000083426523;0.000048725046;
2017;11;12;17;0;0.000114146195;0.000060690276;0.000081315521;0.000045960811;
2017;11;12;18;0;0.000117080527;0.000067498592;0.000082977011;0.000052136195;
2017;11;12;19;0;0.000135470693;0.000140919160;0.000100252081;0.000183586961;
2017;11;12;20;0;0.000146649102;0.000166323365;0.000105192332;0.000242834362;
2017;11;12;21;0;0.000154331691;0.000170496566;0.000104466980;0.000244947506;
2017;11;12;22;0;0.000152691010;0.000172416006;0.000099772026;0.000239839072;
2017;11;12;23;0;0.000132260163;0.000190456203;0.000092418257;0.000209292598;
2017;11;12;24;0;0.000107133024;0.000188050535;0.000085551126;0.000177548975;
2017;11;13;1;0;0.000083587306;0.000177524964;0.000078460414;0.000166351980;
2017;11;13;2;0;0.000068574037;0.000164430103;0.000076383727;0.000170106707;
2017;11;13;3;0;0.000061538823;0.000155868406;0.000075100998;0.000165060503;
2017;11;13;4;0;0.000058606689;0.000150881182;0.000074441437;0.000160633889;
2017;11;13;5;0;0.000057594536;0.000148911273;0.000074803606;0.000157121394;
2017;11;13;6;0;0.000059924530;0.000154199530;0.000077362474;0.000159008032;
2017;11;13;7;0;0.000070440506;0.000161057586;0.000088125009;0.000160055828;
2017;11;13;8;0;0.000097448078;0.000147059122;0.000104731193;0.000135454471;
2017;11;13;9;0;0.000117863623;0.000102988190;0.000132978831;0.000062758582;
2017;11;13;10;0;0.000129397876;0.000094697842;0.000156468492;0.000055159448;
2017;11;13;11;0;0.000138762118;0.000090987056;0.000165031431;0.000055310891;
2017;11;13;12;0;0.000140864983;0.000082982409;0.000165105805;0.000054564989;
2017;11;13;13;0;0.000143253799;0.000069871136;0.000164331821;0.000054965710;
2017;11;13;14;0;0.000147040792;0.000070793557;0.000154650378;0.000057654857;
2017;11;13;15;0;0.000139765365;0.000069427391;0.000135130926;0.000054066788;
2017;11;13;16;0;0.000130539870;0.000065286901;0.000131405939;0.000047558124;
2017;11;13;17;0;0.000130691891;0.000063226946;0.000135279248;0.000046015285;
2017;11;13;18;0;0.000141657412;0.000071473647;0.000143491232;0.000053583182;
2017;11;13;19;0;0.000160707683;0.000146402187;0.000158824365;0.000189713515;
2017;11;13;20;0;0.000170663034;0.000171213727;0.000152370309;0.000246957027;
2017;11;13;21;0;0.000173737569;0.000176966765;0.000135971353;0.000248182883;
2017;11;13;22;0;0.000166225314;0.000178975740;0.000115237430;0.000243952139;
2017;11;13;23;0;0.000141789448;0.000198129692;0.000098781233;0.000216131910;
2017;11;13;24;0;0.000112277730;0.000194669164;0.000088450928;0.000181978658;
2017;11;14;1;0;0.000087529480;0.000182670087;0.000082244464;0.000171257508;
2017;11;14;2;0;0.000070532908;0.000168195460;0.000079450786;0.000178322839;
2017;11;14;3;0;0.000063393217;0.000159033546;0.000077909429;0.000172498295;
2017;11;14;4;0;0.000060226839;0.000154500614;0.000077293486;0.000165640730;
2017;11;14;5;0;0.000059402312;0.000152305734;0.000077218228;0.000161071723;
2017;11;14;6;0;0.000061654421;0.000158070302;0.000080176884;0.000161333951;
2017;11;14;7;0;0.000073215499;0.000165798949;0.000091392227;0.000162164404;
2017;11;14;8;0;0.000102607282;0.000153544280;0.000109051891;0.000138960876;
2017;11;14;9;0;0.000123292392;0.000108206157;0.000138895174;0.000063414728;
2017;11;14;10;0;0.000133156857;0.000097957929;0.000162779518;0.000054978850;
2017;11;14;11;0;0.000141316722;0.000092735623;0.000171463641;0.000054571704;
2017;11;14;12;0;0.000142474110;0.000083448011;0.000171626348;0.000053764155;
2017;11;14;13;0;0.000145155900;0.000069720065;0.000171121488;0.000052956787;
2017;11;14;14;0;0.000148361385;0.000070871879;0.000160567425;0.000053445119;
2017;11;14;15;0;0.000140676211;0.000069048035;0.000140070227;0.000052362268;
2017;11;14;16;0;0.000132141563;0.000065603583;0.000135824747;0.000047332753;
2017;11;14;17;0;0.000132497638;0.000063824988;0.000139764174;0.000045054369;
2017;11;14;18;0;0.000143769561;0.000072242982;0.000148510975;0.000050592103;
2017;11;14;19;0;0.000163572560;0.000148482211;0.000165216695;0.000187866942;
2017;11;14;20;0;0.000173762338;0.000173562371;0.000158722286;0.000246993188;
2017;11;14;21;0;0.000176933577;0.000179925009;0.000141075713;0.000251294649;
2017;11;14;22;0;0.000168752269;0.000181186914;0.000119371919;0.000247072976;
2017;11;14;23;0;0.000144596819;0.000201473552;0.000101805484;0.000217217122;
2017;11;14;24;0;0.000115179886;0.000198097124;0.000090839849;0.000182375955;
2017;11;15;1;0;0.000088704158;0.000184055716;0.000083716609;0.000172061464;
2017;11;15;2;0;0.000071454048;0.000169410981;0.000080844144;0.000179096203;
2017;11;15;3;0;0.000064225605;0.000160194055;0.000079281299;0.000173258513;
2017;11;15;4;0;0.000061004416;0.000155594288;0.000078637449;0.000166334639;
2017;11;15;5;0;0.000060202474;0.000153468584;0.000078604271;0.000161835822;
2017;11;15;6;0;0.000062468951;0.000159236459;0.000081595175;0.000162057867;
2017;11;15;7;0;0.000074230707;0.000167130066;0.000093069023;0.000162997321;
2017;11;15;8;0;0.000104034327;0.000154783394;0.000111057273;0.000139680374;
2017;11;15;9;0;0.000125093813;0.000109155033;0.000141547444;0.000063787275;
2017;11;15;10;0;0.000135099880;0.000098815088;0.000165884768;0.000055300803;
2017;11;15;11;0;0.000143407810;0.000093566005;0.000174769891;0.000054902374;
2017;11;15;12;0;0.000144659510;0.000084240176;0.000175029125;0.000054118808;
2017;11;15;13;0;0.000147264395;0.000070325542;0.000174374485;0.000053263421;
2017;11;15;14;0;0.000150581193;0.000071518113;0.000163690178;0.000053777705;
2017;11;15;15;0;0.000142813857;0.000069693656;0.000142827173;0.000052700228;
2017;11;15;16;0;0.000134099144;0.000066192132;0.000138446122;0.000047620362;
2017;11;15;17;0;0.000134368078;0.000064353320;0.000142363663;0.000045296979;
2017;11;15;18;0;0.000145746194;0.000072814552;0.000151218230;0.000050846067;
2017;11;15;19;0;0.000165718100;0.000149563687;0.000168123626;0.000188692321;
2017;11;15;20;0;0.000175983643;0.000174769028;0.000161461836;0.000247996752;
2017;11;15;21;0;0.000179125657;0.000181105364;0.000143454811;0.000252217457;
2017;11;15;22;0;0.000170796616;0.000182326045;0.000121352057;0.000247912972;
2017;11;15;23;0;0.000146510525;0.000202964635;0.000103608785;0.000218196864;
2017;11;15;24;0;0.000116738630;0.000199621979;0.000092476136;0.000183252492;
2017;11;16;1;0;0.000088808937;0.000184235195;0.000083801714;0.000172237542;
2017;11;16;2;0;0.000071536440;0.000169571411;0.000080924054;0.000179274439;
2017;11;16;3;0;0.000064296944;0.000160338979;0.000079356310;0.000173423607;
2017;11;16;4;0;0.000061072172;0.000155735039;0.000078711845;0.000166493123;
2017;11;16;5;0;0.000060251759;0.000153562605;0.000078655685;0.000161942769;
2017;11;16;6;0;0.000062521525;0.000159337668;0.000081650418;0.000162168679;
2017;11;16;7;0;0.000074262884;0.000167168093;0.000093094054;0.000163042259;
2017;11;16;8;0;0.000104073807;0.000154810259;0.000111081148;0.000139711345;
2017;11;16;9;0;0.000125019402;0.000109067647;0.000141439984;0.000063739279;
2017;11;16;10;0;0.000135036595;0.000098748470;0.000165779798;0.000055266182;
2017;11;16;11;0;0.000143302187;0.000093477846;0.000174612451;0.000054853286;
2017;11;16;12;0;0.000144469024;0.000084111932;0.000174769905;0.000054039022;
2017;11;16;13;0;0.000147081224;0.000070223612;0.000174128956;0.000053188782;
2017;11;16;14;0;0.000150325533;0.000071381991;0.000163385390;0.000053677934;
2017;11;16;15;0;0.000142624932;0.000069587133;0.000142614776;0.000052622213;
2017;11;16;16;0;0.000133972896;0.000066116203;0.000138293037;0.000047568027;
2017;11;16;17;0;0.000134295898;0.000064305510;0.000142263790;0.000045265507;
2017;11;16;18;0;0.000145641640;0.000072747339;0.000151084902;0.000050801579;
2017;11;16;19;0;0.000165678861;0.000149497493;0.000168056178;0.000188617893;
2017;11;16;20;0;0.000175892548;0.000174642605;0.000161351721;0.000247829293;
2017;11;16;21;0;0.000179033007;0.000180974429;0.000143357033;0.000252047248;
2017;11;16;22;0;0.000170767431;0.000182257365;0.000121311369;0.000247831522;
2017;11;16;23;0;0.000146401477;0.000202771820;0.000103514645;0.000218000077;
2017;11;16;24;0;0.000116648929;0.000199427532;0.000092389883;0.000183082806;
2017;11;17;1;0;0.000089651617;0.000188230831;0.000084127746;0.000173045203;
2017;11;17;2;0;0.000072825185;0.000173346059;0.000081087292;0.000179919256;
2017;11;17;3;0;0.000064764654;0.000163238436;0.000079286524;0.000174041121;
2017;11;17;4;0;0.000061214637;0.000158228693;0.000078396760;0.000167233043;
2017;11;17;5;0;0.000060303178;0.000155678802;0.000078825105;0.000164017999;
2017;11;17;6;0;0.000062631006;0.000161389447;0.000081371393;0.000164113342;
2017;11;17;7;0;0.000074046682;0.000169304626;0.000092460206;0.000165909430;
2017;11;17;8;0;0.000103253322;0.000158653183;0.000110544766;0.000146462249;
2017;11;17;9;0;0.000124984235;0.000111666125;0.000139278894;0.000064921361;
2017;11;17;10;0;0.000134408920;0.000100518045;0.000162846352;0.000054518060;
2017;11;17;11;0;0.000143108573;0.000094760580;0.000171181344;0.000057257225;
2017;11;17;12;0;0.000143951641;0.000085716082;0.000171249595;0.000055995866;
2017;11;17;13;0;0.000146968153;0.000071267207;0.000171202511;0.000051432014;
2017;11;17;14;0;0.000149901410;0.000072064602;0.000160586069;0.000052448566;
2017;11;17;15;0;0.000143426740;0.000071087896;0.000139308988;0.000053769827;
2017;11;17;16;0;0.000136003098;0.000067533022;0.000131448067;0.000051891826;
2017;11;17;17;0;0.000136030426;0.000065171434;0.000132303149;0.000049549327;
2017;11;17;18;0;0.000145691329;0.000075071900;0.000140566609;0.000052560260;
2017;11;17;19;0;0.000162279309;0.000151256112;0.000158855976;0.000194779544;
2017;11;17;20;0;0.000167598548;0.000172433990;0.000155246071;0.000245997260;
2017;11;17;21;0;0.000167226355;0.000176494437;0.000142875592;0.000245737427;
2017;11;17;22;0;0.000161959427;0.000179041816;0.000124292796;0.000244902104;
2017;11;17;23;0;0.000143526576;0.000203354767;0.000108159673;0.000218036457;
2017;11;17;24;0;0.000120276262;0.000204837493;0.000097994538;0.000184693682;
2017;11;18;1;0;0.000097559515;0.000192934597;0.000089004804;0.000173327645;
2017;11;18;2;0;0.000080329664;0.000178987966;0.000083827361;0.000179492382;
2017;11;18;3;0;0.000069877659;0.000167491343;0.000080865340;0.000175790985;
2017;11;18;4;0;0.000064484982;0.000160850034;0.000079430126;0.000170730024;
2017;11;18;5;0;0.000062252211;0.000157863295;0.000078932077;0.000163482666;
2017;11;18;6;0;0.000062361821;0.000163075650;0.000080084040;0.000161922350;
2017;11;18;7;0;0.000066093292;0.000166159293;0.000084293690;0.000160723977;
2017;11;18;8;0;0.000075406900;0.000144960080;0.000086728441;0.000138200842;
2017;11;18;9;0;0.000095371083;0.000098809482;0.000088148819;0.000055512347;
2017;11;18;10;0;0.000122470548;0.000100590879;0.000099216707;0.000050507139;
2017;11;18;11;0;0.000141096834;0.000101949906;0.000110874435;0.000056983350;
2017;11;18;12;0;0.000144987602;0.000093294077;0.000115685741;0.000056651687;
2017;11;18;13;0;0.000147016973;0.000076607427;0.000117820764;0.000054515424;
2017;11;18;14;0;0.000151933365;0.000076393154;0.000112846771;0.000053959490;
2017;11;18;15;0;0.000148172947;0.000075881056;0.000102272518;0.000057058056;
2017;11;18;16;0;0.000133748243;0.000069658491;0.000097890317;0.000052922362;
2017;11;18;17;0;0.000126461217;0.000066298915;0.000097540822;0.000046642809;
2017;11;18;18;0;0.000128934689;0.000074553087;0.000105071517;0.000049212151;
2017;11;18;19;0;0.000143937270;0.000149320071;0.000124371844;0.000188730330;
2017;11;18;20;0;0.000149892915;0.000169238147;0.000129347754;0.000240211499;
2017;11;18;21;0;0.000154904925;0.000172338082;0.000127039480;0.000243830034;
2017;11;18;22;0;0.000154617781;0.000175178647;0.000115984872;0.000241613018;
2017;11;18;23;0;0.000140413099;0.000200205758;0.000104720886;0.000212548208;
2017;11;18;24;0;0.000119796975;0.000203061232;0.000097006340;0.000180370332;
2017;11;19;1;0;0.000096005581;0.000180226897;0.000090851841;0.000168362599;
2017;11;19;2;0;0.000079878505;0.000167664798;0.000085245095;0.000171106792;
2017;11;19;3;0;0.000069776209;0.000158210917;0.000081912381;0.000168008701;
2017;11;19;4;0;0.000064438939;0.000152471447;0.000080070626;0.000163893646;
2017;11;19;5;0;0.000062027873;0.000149794352;0.000079559739;0.000159197810;
2017;11;19;6;0;0.000061607243;0.000153468819;0.000080589413;0.000159015921;
2017;11;19;7;0;0.000063793253;0.000156338518;0.000082705107;0.000158345769;
2017;11;19;8;0;0.000069607719;0.000127751919;0.000080276637;0.000125836071;
2017;11;19;9;0;0.000083601728;0.000082948793;0.000075092131;0.000049657541;
2017;11;19;10;0;0.000105582756;0.000086470378;0.000079444768;0.000045420880;
2017;11;19;11;0;0.000124193850;0.000092290390;0.000085307742;0.000049445456;
2017;11;19;12;0;0.000131843142;0.000088005718;0.000090213055;0.000054158772;
2017;11;19;13;0;0.000135017107;0.000074869013;0.000093356361;0.000052010865;
2017;11;19;14;0;0.000140725083;0.000075224980;0.000092767642;0.000051909273;
2017;11;19;15;0;0.000139289911;0.000073288268;0.000089688242;0.000054055692;
2017;11;19;16;0;0.000124681365;0.000065896380;0.000086711928;0.000049222226;
2017;11;19;17;0;0.000117549292;0.000061728788;0.000084546850;0.000046445748;
2017;11;19;18;0;0.000120601326;0.000068670812;0.000086295988;0.000052699495;
2017;11;19;19;0;0.000139570539;0.000143393183;0.000104281485;0.000185605116;
2017;11;19;20;0;0.000151045316;0.000169196422;0.000109389930;0.000245435682;
2017;11;19;21;0;0.000159008678;0.000173496774;0.000108670123;0.000247650061;
2017;11;19;22;0;0.000157253483;0.000175377728;0.000103743525;0.000242385394;
2017;11;19;23;0;0.000136283208;0.000193828873;0.000096147163;0.000211624950;
2017;11;19;24;0;0.000110326642;0.000191267715;0.000088950455;0.000179421678;
2017;11;20;1;0;0.000086070024;0.000180533692;0.000081542376;0.000168127154;
2017;11;20;2;0;0.000070520286;0.000167002477;0.000079282322;0.000171701495;
2017;11;20;3;0;0.000063237526;0.000158187080;0.000077891947;0.000166481942;
2017;11;20;4;0;0.000060280544;0.000153268282;0.000077279783;0.000162168106;
2017;11;20;5;0;0.000059242755;0.000151275559;0.000077660049;0.000158630821;
2017;11;20;6;0;0.000061624445;0.000156609703;0.000080297108;0.000160496561;
2017;11;20;7;0;0.000072470235;0.000163646087;0.000091507680;0.000161624423;
2017;11;20;8;0;0.000100399290;0.000149636164;0.000108906697;0.000136977426;
2017;11;20;9;0;0.000121592891;0.000104930817;0.000138462471;0.000063547696;
2017;11;20;10;0;0.000133408191;0.000096423450;0.000162818374;0.000055817907;
2017;11;20;11;0;0.000143057649;0.000092641806;0.000171722815;0.000055969201;
2017;11;20;12;0;0.000145145814;0.000084445156;0.000171705806;0.000055184083;
2017;11;20;13;0;0.000147488661;0.000071045655;0.000170763609;0.000055544699;
2017;11;20;14;0;0.000151251119;0.000071918685;0.000160558359;0.000058209646;
2017;11;20;15;0;0.000143713273;0.000070504266;0.000140240432;0.000054566510;
2017;11;20;16;0;0.000134202065;0.000066287145;0.000136349072;0.000047988705;
2017;11;20;17;0;0.000134327801;0.000064181033;0.000140336168;0.000046421340;
2017;11;20;18;0;0.000145667122;0.000072586427;0.000148925399;0.000054081538;
2017;11;20;19;0;0.000165330257;0.000148747783;0.000164912661;0.000191563279;
2017;11;20;20;0;0.000175487657;0.000173873312;0.000158135228;0.000249245192;
2017;11;20;21;0;0.000178556026;0.000179622079;0.000141042293;0.000250351896;
2017;11;20;22;0;0.000170898516;0.000181728286;0.000119579261;0.000246175059;
2017;11;20;23;0;0.000145808272;0.000201221810;0.000102525965;0.000218150109;
2017;11;20;24;0;0.000115375870;0.000197563069;0.000091737083;0.000183543966;
2017;11;21;1;0;0.000088699151;0.000184044014;0.000083700823;0.000172056883;
2017;11;21;2;0;0.000071434597;0.000169363656;0.000080811459;0.000179052790;
2017;11;21;3;0;0.000064203241;0.000160137133;0.000079243222;0.000173203349;
2017;11;21;4;0;0.000061015818;0.000155622260;0.000078641755;0.000166370689;
2017;11;21;5;0;0.000060208516;0.000153482894;0.000078601775;0.000161856893;
2017;11;21;6;0;0.000062476855;0.000159255472;0.000081594718;0.000162083207;
2017;11;21;7;0;0.000074135799;0.000166915192;0.000092937749;0.000162793775;
2017;11;21;8;0;0.000103987057;0.000154711962;0.000110992145;0.000139621071;
2017;11;21;9;0;0.000125040080;0.000109107369;0.000141467951;0.000063761778;
2017;11;21;10;0;0.000135050389;0.000098778186;0.000165802091;0.000055282194;
2017;11;21;11;0;0.000143291355;0.000093489358;0.000174604896;0.000054859427;
2017;11;21;12;0;0.000144416443;0.000084098031;0.000174711943;0.000054029486;
2017;11;21;13;0;0.000147045708;0.000070220609;0.000174092534;0.000053185911;
2017;11;21;14;0;0.000150243866;0.000071357391;0.000163301906;0.000053658834;
2017;11;21;15;0;0.000142484585;0.000069532475;0.000142479044;0.000052580291;
2017;11;21;16;0;0.000133853125;0.000066070224;0.000138173869;0.000047534415;
2017;11;21;17;0;0.000134261458;0.000064301797;0.000142231904;0.000045262386;
2017;11;21;18;0;0.000145667966;0.000072774950;0.000151117096;0.000050820292;
2017;11;21;19;0;0.000165726376;0.000149570089;0.000168109808;0.000188707371;
2017;11;21;20;0;0.000175950944;0.000174735309;0.000161410507;0.000247958068;
2017;11;21;21;0;0.000179077862;0.000181055750;0.000143397585;0.000252157680;
2017;11;21;22;0;0.000170913531;0.000182449552;0.000121419082;0.000248090075;
2017;11;21;23;0;0.000146614669;0.000203107460;0.000103668735;0.000218358478;
2017;11;21;24;0;0.000116744003;0.000199629745;0.000092468174;0.000183266392;
2017;11;22;1;0;0.000089642857;0.000185211582;0.000084838894;0.000172804352;
2017;11;22;2;0;0.000072223437;0.000170506128;0.000081942940;0.000179902436;
2017;11;22;3;0;0.000064878364;0.000161133264;0.000080310829;0.000173934455;
2017;11;22;4;0;0.000061633198;0.000156528781;0.000079669944;0.000167007310;
2017;11;22;5;0;0.000060781240;0.000154284334;0.000079581666;0.000162378764;
2017;11;22;6;0;0.000063099467;0.000160158914;0.000082649004;0.000162678797;
2017;11;22;7;0;0.000074968804;0.000168073286;0.000094257041;0.000163597552;
2017;11;22;8;0;0.000105079021;0.000155672121;0.000112485883;0.000140208420;
2017;11;22;9;0;0.000126329294;0.000109763798;0.000143344796;0.000064017932;
2017;11;22;10;0;0.000136333208;0.000099292644;0.000167866820;0.000055459696;
2017;11;22;11;0;0.000144654890;0.000093977854;0.000176782223;0.000055036498;
2017;11;22;12;0;0.000145816685;0.000084552532;0.000176922152;0.000054213545;
2017;11;22;13;0;0.000148452901;0.000070591294;0.000176272892;0.000053360432;
2017;11;22;14;0;0.000151780454;0.000071780797;0.000165454809;0.000053869969;
2017;11;22;15;0;0.000143854814;0.000069902776;0.000144270174;0.000052755276;
2017;11;22;16;0;0.000135096923;0.000066400743;0.000139865920;0.000047677283;
2017;11;22;17;0;0.000135449571;0.000064595104;0.000143910454;0.000045378498;
2017;11;22;18;0;0.000147042063;0.000073149215;0.000152988989;0.000050980147;
2017;11;22;19;0;0.000167195023;0.000150254222;0.000170095886;0.000189193833;
2017;11;22;20;0;0.000177429736;0.000175454978;0.000163243407;0.000248484581;
2017;11;22;21;0;0.000180594756;0.000181813352;0.000145035434;0.000252709654;
2017;11;22;22;0;0.000172332304;0.000183182198;0.000122785261;0.000248591363;
2017;11;22;23;0;0.000147789303;0.000203864530;0.000104805101;0.000218736890;
2017;11;22;24;0;0.000117739037;0.000200475528;0.000093529201;0.000183677148;
2017;11;23;1;0;0.000088426308;0.000183853286;0.000083284171;0.000172094670;
2017;11;23;2;0;0.000071190854;0.000169131108;0.000080382083;0.000179031741;
2017;11;23;3;0;0.000063985593;0.000159920804;0.000078823929;0.000173186832;
2017;11;23;4;0;0.000060790559;0.000155364964;0.000078201955;0.000166304444;
2017;11;23;5;0;0.000059962550;0.000153168626;0.000078131332;0.000161728555;
2017;11;23;6;0;0.000062216854;0.000158917205;0.000081100146;0.000161942278;
2017;11;23;7;0;0.000073828069;0.000166562437;0.000092375412;0.000162653969;
2017;11;23;8;0;0.000103382937;0.000154127858;0.000110136820;0.000139268815;
2017;11;23;9;0;0.000124269653;0.000108656971;0.000140328089;0.000063578400;
2017;11;23;10;0;0.000134146332;0.000098317692;0.000164377993;0.000055093653;
2017;11;23;11;0;0.000142327137;0.000093050256;0.000173099116;0.000054670410;
2017;11;23;12;0;0.000143532696;0.000083754412;0.000173311547;0.000053876375;
2017;11;23;13;0;0.000146190073;0.000069954844;0.000172749336;0.000053051232;
2017;11;23;14;0;0.000149413851;0.000071108373;0.000162089944;0.000053538806;
2017;11;23;15;0;0.000141640907;0.000069262183;0.000141365202;0.000052441746;
2017;11;23;16;0;0.000132989196;0.000065778096;0.000137020161;0.000047383740;
2017;11;23;17;0;0.000133458382;0.000064047956;0.000141111441;0.000045140387;
2017;11;23;18;0;0.000144971918;0.000072575396;0.000150108102;0.000050744657;
2017;11;23;19;0;0.000164838900;0.000149073517;0.000166890584;0.000188317325;
2017;11;23;20;0;0.000174921698;0.000174068596;0.000160160196;0.000247322520;
2017;11;23;21;0;0.000177810435;0.000180142147;0.000142111064;0.000251200721;
2017;11;23;22;0;0.000169800526;0.000181632287;0.000120398267;0.000247289292;
2017;11;23;23;0;0.000145698721;0.000202251551;0.000102824551;0.000217711671;
2017;11;23;24;0;0.000116132178;0.000198989844;0.000091808096;0.000182908614;
2017;11;24;1;0;0.000089604025;0.000188274248;0.000084025614;0.000173163654;
2017;11;24;2;0;0.000072773663;0.000173355405;0.000080974540;0.000180010598;
2017;11;24;3;0;0.000064701509;0.000163203534;0.000079155080;0.000174082862;
2017;11;24;4;0;0.000061162905;0.000158215432;0.000078276968;0.000167294902;
2017;11;24;5;0;0.000060255552;0.000155674371;0.000078709015;0.000164087752;
2017;11;24;6;0;0.000062532180;0.000161257561;0.000081187466;0.000164053635;
2017;11;24;7;0;0.000073913609;0.000169129126;0.000092230957;0.000165812652;
2017;11;24;8;0;0.000102919879;0.000158261324;0.000110112462;0.000146166794;
2017;11;24;9;0;0.000124598644;0.000111406441;0.000138754297;0.000064799772;
2017;11;24;10;0;0.000133918005;0.000100227220;0.000162140671;0.000054384990;
2017;11;24;11;0;0.000142671846;0.000094543377;0.000170542300;0.000057151905;
2017;11;24;12;0;0.000143590088;0.000085565940;0.000170702724;0.000055923146;
2017;11;24;13;0;0.000146612172;0.000071148755;0.000170671095;0.000051369827;
2017;11;24;14;0;0.000149568405;0.000071959296;0.000160119809;0.000052395689;
2017;11;24;15;0;0.000143230873;0.000071044906;0.000139023655;0.000053761694;
2017;11;24;16;0;0.000135860657;0.000067513693;0.000131220645;0.000051900513;
2017;11;24;17;0;0.000135868785;0.000065143589;0.000132055613;0.000049550630;
2017;11;24;18;0;0.000145588226;0.000075075932;0.000140371122;0.000052586933;
2017;11;24;19;0;0.000162095130;0.000151199558;0.000158567227;0.000194795065;
2017;11;24;20;0;0.000167131728;0.000172084716;0.000154707840;0.000245610375;
2017;11;24;21;0;0.000166736779;0.000176111809;0.000142359936;0.000245315946;
2017;11;24;22;0;0.000161510776;0.000178681883;0.000123863767;0.000244520670;
2017;11;24;23;0;0.000143141059;0.000202963073;0.000107795423;0.000217715227;
2017;11;24;24;0;0.000120042582;0.000204595288;0.000097737298;0.000184559001;
2017;11;25;1;0;0.000097808524;0.000193285555;0.000089326423;0.000173551977;
2017;11;25;2;0;0.000080523123;0.000179287788;0.000084118183;0.000179698867;
2017;11;25;3;0;0.000069998797;0.000167658973;0.000081091262;0.000175874744;
2017;11;25;4;0;0.000064585640;0.000160983273;0.000079638314;0.000170781939;
2017;11;25;5;0;0.000062355082;0.000158008500;0.000079146192;0.000163547324;
2017;11;25;6;0;0.000062442363;0.000163166828;0.000080272343;0.000161928015;
2017;11;25;7;0;0.000066196025;0.000166295836;0.000084514069;0.000160771792;
2017;11;25;8;0;0.000075471999;0.000144979100;0.000086895188;0.000138146571;
2017;11;25;9;0;0.000095430621;0.000098798846;0.000088297205;0.000055477296;
2017;11;25;10;0;0.000122622993;0.000100642419;0.000099445350;0.000050506547;
2017;11;25;11;0;0.000141509633;0.000102173384;0.000111316509;0.000057078345;
2017;11;25;12;0;0.000145537517;0.000093579426;0.000116247428;0.000056795196;
2017;11;25;13;0;0.000147670814;0.000076891844;0.000118470016;0.000054689159;
2017;11;25;14;0;0.000152668449;0.000076706610;0.000113512762;0.000054152515;
2017;11;25;15;0;0.000148876266;0.000076185466;0.000102866727;0.000057256946;
2017;11;25;16;0;0.000134379488;0.000069936061;0.000098456423;0.000053105411;
2017;11;25;17;0;0.000127027222;0.000066546938;0.000098081089;0.000046792774;
2017;11;25;18;0;0.000129373515;0.000074752108;0.000105540713;0.000049317676;
2017;11;25;19;0;0.000144271414;0.000149557234;0.000124792510;0.000188931068;
2017;11;25;20;0;0.000150147817;0.000169401944;0.000129704855;0.000240318035;
2017;11;25;21;0;0.000155149496;0.000172483919;0.000127374730;0.000243908535;
2017;11;25;22;0;0.000154990733;0.000175472746;0.000116387694;0.000241891873;
2017;11;25;23;0;0.000140785381;0.000200589739;0.000105109669;0.000212844309;
2017;11;25;24;0;0.000120060121;0.000203358418;0.000097322324;0.000180539687;
2017;11;26;1;0;0.000096573895;0.000180871325;0.000091574208;0.000168752573;
2017;11;26;2;0;0.000080302742;0.000168162512;0.000085870901;0.000171399366;
2017;11;26;3;0;0.000070112735;0.000158603524;0.000082473658;0.000168214266;
2017;11;26;4;0;0.000064762432;0.000152879811;0.000080635106;0.000164126384;
2017;11;26;5;0;0.000062333742;0.000150182247;0.000080113523;0.000159409763;
2017;11;26;6;0;0.000061936837;0.000153930344;0.000081184180;0.000159293981;
2017;11;26;7;0;0.000064077928;0.000156670255;0.000083241944;0.000158482638;
2017;11;26;8;0;0.000070020091;0.000128209305;0.000080915292;0.000126128122;
2017;11;26;9;0;0.000084074982;0.000083223973;0.000075669721;0.000049759758;
2017;11;26;10;0;0.000106192272;0.000086766908;0.000080064758;0.000045519447;
2017;11;26;11;0;0.000125052249;0.000092711743;0.000086070839;0.000049608868;
2017;11;26;12;0;0.000132770293;0.000088418086;0.000091030920;0.000054344262;
2017;11;26;13;0;0.000135921010;0.000075194616;0.000094171151;0.000052171508;
2017;11;26;14;0;0.000141673938;0.000075555725;0.000093581745;0.000052072079;
2017;11;26;15;0;0.000140235582;0.000073613906;0.000090479510;0.000054227740;
2017;11;26;16;0;0.000125468550;0.000066157904;0.000087435610;0.000049355561;
2017;11;26;17;0;0.000118219427;0.000061936038;0.000085200557;0.000046543208;
2017;11;26;18;0;0.000121397567;0.000068963125;0.000087041162;0.000052857409;
2017;11;26;19;0;0.000140417154;0.000143926830;0.000105125914;0.000186062077;
2017;11;26;20;0;0.000151891260;0.000169747561;0.000110224729;0.000245926165;
2017;11;26;21;0;0.000159875070;0.000174035629;0.000109482889;0.000248107489;
2017;11;26;22;0;0.000158154696;0.000175971812;0.000104548786;0.000242901266;
2017;11;26;23;0;0.000137093075;0.000194526372;0.000096913843;0.000212119968;
2017;11;26;24;0;0.000110962763;0.000191922272;0.000089643996;0.000179809772;
2017;11;27;1;0;0.000087566619;0.000182254846;0.000083471553;0.000169012133;
2017;11;27;2;0;0.000071758220;0.000168622166;0.000081171285;0.000172633480;
2017;11;27;3;0;0.000064362801;0.000159758965;0.000079766604;0.000167425098;
2017;11;27;4;0;0.000061333017;0.000154740364;0.000079113670;0.000163033168;
2017;11;27;5;0;0.000060229904;0.000152608898;0.000079440699;0.000159352125;
2017;11;27;6;0;0.000062690898;0.000158089965;0.000082190165;0.000161328304;
2017;11;27;7;0;0.000073727659;0.000165200197;0.000093669196;0.000162469229;
2017;11;27;8;0;0.000102198285;0.000151141490;0.000111541384;0.000137770213;
2017;11;27;9;0;0.000123804828;0.000106014829;0.000141850199;0.000063932630;
2017;11;27;10;0;0.000135920993;0.000097481201;0.000166907531;0.000056191542;
2017;11;27;11;0;0.000145837541;0.000093712909;0.000176138673;0.000056376839;
2017;11;27;12;0;0.000147991433;0.000085436011;0.000176151163;0.000055595450;
2017;11;27;13;0;0.000150385144;0.000071881642;0.000175190318;0.000055960590;
2017;11;27;14;0;0.000154272400;0.000072788963;0.000164774890;0.000058664849;
2017;11;27;15;0;0.000146655020;0.000071392010;0.000143993128;0.000055019874;
2017;11;27;16;0;0.000137007767;0.000067150533;0.000140057590;0.000048408138;
2017;11;27;17;0;0.000137157820;0.000065027272;0.000144175928;0.000046834480;
2017;11;27;18;0;0.000148740744;0.000073545819;0.000153005011;0.000054564578;
2017;11;27;19;0;0.000168598095;0.000150516803;0.000169208741;0.000193021615;
2017;11;27;20;0;0.000178846613;0.000175833344;0.000162155338;0.000250988774;
2017;11;27;21;0;0.000181978181;0.000181651375;0.000144631417;0.000252109409;
2017;11;27;22;0;0.000174245037;0.000183856429;0.000122672288;0.000248004488;
2017;11;27;23;0;0.000148646122;0.000203554465;0.000105165614;0.000219745613;
2017;11;27;24;0;0.000117606990;0.000199828796;0.000094087417;0.000184863691;
2017;11;28;1;0;0.000090994444;0.000186766542;0.000086588636;0.000173604405;
2017;11;28;2;0;0.000073280543;0.000171862951;0.000083596632;0.000180656855;
2017;11;28;3;0;0.000065838253;0.000162440889;0.000081944389;0.000174691149;
2017;11;28;4;0;0.000062529489;0.000157759720;0.000081270213;0.000167692073;
2017;11;28;5;0;0.000061698222;0.000155581039;0.000081223711;0.000163132014;
2017;11;28;6;0;0.000064037942;0.000161471002;0.000084336585;0.000163399042;
2017;11;28;7;0;0.000075998787;0.000169260850;0.000096074159;0.000164138234;
2017;11;28;8;0;0.000106654086;0.000156965451;0.000114795856;0.000140845330;
2017;11;28;9;0;0.000128321719;0.000110761027;0.000146401235;0.000064358308;
2017;11;28;10;0;0.000138636373;0.000100305410;0.000171635494;0.000055816152;
2017;11;28;11;0;0.000147205243;0.000095005212;0.000180882045;0.000055430377;
2017;11;28;12;0;0.000148472698;0.000085525919;0.000181129131;0.000054632876;
2017;11;28;13;0;0.000151125209;0.000071388970;0.000180426558;0.000053761879;
2017;11;28;14;0;0.000154491511;0.000072581978;0.000169330378;0.000054267820;
2017;11;28;15;0;0.000146599307;0.000070767473;0.000147825985;0.000053208412;
2017;11;28;16;0;0.000137682172;0.000067225949;0.000143321342;0.000048089540;
2017;11;28;17;0;0.000138111785;0.000065431135;0.000147540807;0.000045794160;
2017;11;28;18;0;0.000149905310;0.000074082707;0.000156820312;0.000051437919;
2017;11;28;19;0;0.000170272721;0.000152012802;0.000174173569;0.000190693366;
2017;11;28;20;0;0.000180540931;0.000177356339;0.000167013521;0.000250239345;
2017;11;28;21;0;0.000183628270;0.000183650421;0.000148277493;0.000254309812;
2017;11;28;22;0;0.000175214488;0.000185019854;0.000125520964;0.000250147538;
2017;11;28;23;0;0.000150277358;0.000205932061;0.000107151851;0.000220130114;
2017;11;28;24;0;0.000119702748;0.000202477493;0.000095608735;0.000184818587;
2017;11;29;1;0;0.000091377766;0.000187208914;0.000087077579;0.000173843282;
2017;11;29;2;0;0.000073556942;0.000172194406;0.000084031778;0.000180826029;
2017;11;29;3;0;0.000066074319;0.000162723975;0.000082355652;0.000174822294;
2017;11;29;4;0;0.000062804560;0.000158162753;0.000081744301;0.000167953998;
2017;11;29;5;0;0.000061945519;0.000155917801;0.000081665733;0.000163323228;
2017;11;29;6;0;0.000064319599;0.000161883388;0.000084828494;0.000163654132;
2017;11;29;7;0;0.000076362063;0.000169757627;0.000096671257;0.000164456960;
2017;11;29;8;0;0.000107195756;0.000157472946;0.000115543653;0.000141160782;
2017;11;29;9;0;0.000128873272;0.000111032839;0.000147240476;0.000064452358;
2017;11;29;10;0;0.000139234895;0.000100553467;0.000172622657;0.000055898777;
2017;11;29;11;0;0.000147931423;0.000095298568;0.000182033954;0.000055546474;
2017;11;29;12;0;0.000149225653;0.000085801804;0.000182307686;0.000054754834;
2017;11;29;13;0;0.000151976998;0.000071659513;0.000181702624;0.000053912181;
2017;11;29;14;0;0.000155375659;0.000072863319;0.000170542658;0.000054424225;
2017;11;29;15;0;0.000147336572;0.000070992769;0.000148781596;0.000053324949;
2017;11;29;16;0;0.000138390227;0.000067447591;0.000144264132;0.000048200312;
2017;11;29;17;0;0.000138703107;0.000065590614;0.000148384109;0.000045860318;
2017;11;29;18;0;0.000150512883;0.000074246381;0.000157680780;0.000051500513;
2017;11;29;19;0;0.000170972915;0.000152357623;0.000175139569;0.000190936666;
2017;11;29;20;0;0.000181342845;0.000177816987;0.000167994926;0.000250640848;
2017;11;29;21;0;0.000184514178;0.000184197578;0.000149205634;0.000254814905;
2017;11;29;22;0;0.000175945276;0.000185450375;0.000126224497;0.000250481318;
2017;11;29;23;0;0.000150935036;0.000206453507;0.000107774490;0.000220468974;
2017;11;29;24;0;0.000120241415;0.000203015175;0.000096176135;0.000185125871;
2017;11;30;1;0;0.000091815170;0.000187641225;0.000087652320;0.000174009421;
2017;11;30;2;0;0.000073916226;0.000172608823;0.000084594639;0.000181016437;
2017;11;30;3;0;0.000066395429;0.000163111605;0.000082905256;0.000175002094;
2017;11;30;4;0;0.000063080459;0.000158465859;0.000082251592;0.000168048622;
2017;11;30;5;0;0.000062280151;0.000156373550;0.000082255092;0.000163579421;
2017;11;30;6;0;0.000064611482;0.000162217046;0.000085367251;0.000163769979;
2017;11;30;7;0;0.000076721780;0.000170136754;0.000097301952;0.000164601664;
2017;11;30;8;0;0.000107644015;0.000157741540;0.000116236240;0.000141210599;
2017;11;30;9;0;0.000129543395;0.000111334995;0.000148273247;0.000064540478;
2017;11;30;10;0;0.000139914940;0.000100795438;0.000173778868;0.000055957622;
2017;11;30;11;0;0.000148611808;0.000095500817;0.000183201258;0.000055589187;
2017;11;30;12;0;0.000149752509;0.000085892426;0.000183281556;0.000054738643;
2017;11;30;13;0;0.000152431207;0.000071696459;0.000182574614;0.000053867134;
2017;11;30;14;0;0.000155818596;0.000072890862;0.000171337529;0.000054371273;
2017;11;30;15;0;0.000147835387;0.000071057478;0.000149554753;0.000053301476;
2017;11;30;16;0;0.000138935055;0.000067546163;0.000145093497;0.000048205568;
2017;11;30;17;0;0.000139433651;0.000065773497;0.000149434877;0.000045926084;
2017;11;30;18;0;0.000151351930;0.000074476183;0.000158845975;0.000051590150;
2017;11;30;19;0;0.000172028419;0.000152920215;0.000176538862;0.000191382913;
2017;11;30;20;0;0.000182544528;0.000178553954;0.000169413387;0.000251339757;
2017;11;30;21;0;0.000185771419;0.000184995388;0.000150493431;0.000255572975;
2017;11;30;22;0;0.000177234126;0.000186348234;0.000127378623;0.000251354128;
2017;11;30;23;0;0.000152105833;0.000207541954;0.000108806527;0.000221332012;
2017;11;30;24;0;0.000121173623;0.000204084653;0.000097096707;0.000185849791;
