AŃO;MES;DIA;HORA;VERANO(1)/INVIERNO(0);COEF. PERFIL A;COEF. PERFIL B;COEF. PERFIL C;COEF. PERFIL D;
2020;07;01;1;1;0.000103646002;0.000126493043;0.000097311706;0.000133950435;
2020;07;01;2;1;0.000085770862;0.000113130798;0.000090100725;0.000143780273;
2020;07;01;3;1;0.000075627445;0.000104483255;0.000086244326;0.000139330259;
2020;07;01;4;1;0.000070258776;0.000099915168;0.000084096474;0.000133102256;
2020;07;01;5;1;0.000067229524;0.000097317051;0.000083608460;0.000126040957;
2020;07;01;6;1;0.000066409912;0.000096339513;0.000085601038;0.000119960612;
2020;07;01;7;1;0.000070277331;0.000089717021;0.000091220765;0.000111601669;
2020;07;01;8;1;0.000080513494;0.000069029788;0.000101326401;0.000073408496;
2020;07;01;9;1;0.000095289823;0.000078296166;0.000133023095;0.000078351752;
2020;07;01;10;1;0.000110600362;0.000087267409;0.000155351805;0.000085231695;
2020;07;01;11;1;0.000122679356;0.000093148715;0.000169517838;0.000088309796;
2020;07;01;12;1;0.000128405697;0.000095260525;0.000175731793;0.000088893798;
2020;07;01;13;1;0.000135573465;0.000097702848;0.000180028265;0.000089764259;
2020;07;01;14;1;0.000145975960;0.000101803983;0.000176635864;0.000089251429;
2020;07;01;15;1;0.000147692441;0.000102299595;0.000162145285;0.000087885637;
2020;07;01;16;1;0.000141858439;0.000096995023;0.000154414481;0.000084992302;
2020;07;01;17;1;0.000139784554;0.000094162979;0.000153703486;0.000083261608;
2020;07;01;18;1;0.000141836097;0.000094593303;0.000155110088;0.000084502261;
2020;07;01;19;1;0.000141729784;0.000094675258;0.000151267882;0.000085592692;
2020;07;01;20;1;0.000139420790;0.000094287792;0.000144125838;0.000086865163;
2020;07;01;21;1;0.000138701938;0.000095452065;0.000133783812;0.000088418462;
2020;07;01;22;1;0.000145390188;0.000112171041;0.000125327011;0.000099119516;
2020;07;01;23;1;0.000146448771;0.000146707546;0.000121226639;0.000153440877;
2020;07;01;24;1;0.000126972399;0.000142032409;0.000109087348;0.000143546394;
2020;07;02;1;1;0.000103935242;0.000126780277;0.000097522441;0.000134180213;
2020;07;02;2;1;0.000085984884;0.000113350626;0.000090282473;0.000143968240;
2020;07;02;3;1;0.000075945505;0.000104884696;0.000086492062;0.000139842814;
2020;07;02;4;1;0.000070582365;0.000100343496;0.000084354772;0.000133666052;
2020;07;02;5;1;0.000067558628;0.000097765649;0.000083877157;0.000126626129;
2020;07;02;6;1;0.000066755688;0.000096817180;0.000085889009;0.000120570773;
2020;07;02;7;1;0.000070579998;0.000090072129;0.000091486742;0.000112029648;
2020;07;02;8;1;0.000080895130;0.000069336273;0.000101643653;0.000073734339;
2020;07;02;9;1;0.000095635441;0.000078546884;0.000133366058;0.000078577968;
2020;07;02;10;1;0.000111117143;0.000087648175;0.000155833497;0.000085601398;
2020;07;02;11;1;0.000123293773;0.000093589828;0.000170072093;0.000088733776;
2020;07;02;12;1;0.000128937361;0.000095619779;0.000176230356;0.000089213339;
2020;07;02;13;1;0.000136107205;0.000098049137;0.000180521017;0.000090061233;
2020;07;02;14;1;0.000146447864;0.000102085115;0.000177057476;0.000089459192;
2020;07;02;15;1;0.000147936930;0.000102403017;0.000162404118;0.000087898344;
2020;07;02;16;1;0.000141844091;0.000096903940;0.000154525234;0.000084797708;
2020;07;02;17;1;0.000139734396;0.000094047601;0.000153793965;0.000083041177;
2020;07;02;18;1;0.000141569317;0.000094317638;0.000155082980;0.000084100620;
2020;07;02;19;1;0.000141513720;0.000094436779;0.000151268547;0.000085227999;
2020;07;02;20;1;0.000139288391;0.000094110470;0.000144167902;0.000086564286;
2020;07;02;21;1;0.000138434688;0.000095168966;0.000133757551;0.000087992311;
2020;07;02;22;1;0.000145092717;0.000111823500;0.000125294955;0.000098625375;
2020;07;02;23;1;0.000146200524;0.000146310481;0.000121216365;0.000152752048;
2020;07;02;24;1;0.000126942932;0.000141878460;0.000109158330;0.000143192012;
2020;07;03;1;1;0.000102352810;0.000130542949;0.000096183539;0.000135869334;
2020;07;03;2;1;0.000085145444;0.000117414575;0.000088651071;0.000145922062;
2020;07;03;3;1;0.000074844838;0.000108568333;0.000084608577;0.000141433658;
2020;07;03;4;1;0.000069468959;0.000103918915;0.000082434196;0.000135073016;
2020;07;03;5;1;0.000066528006;0.000101331542;0.000082012341;0.000127931327;
2020;07;03;6;1;0.000065739613;0.000100292930;0.000083667547;0.000122221291;
2020;07;03;7;1;0.000069492526;0.000092607872;0.000088788188;0.000113940526;
2020;07;03;8;1;0.000079684396;0.000070339391;0.000098280510;0.000073365136;
2020;07;03;9;1;0.000094224068;0.000079560814;0.000128903619;0.000077580794;
2020;07;03;10;1;0.000109533189;0.000088726161;0.000150032633;0.000084007904;
2020;07;03;11;1;0.000121626921;0.000094637249;0.000163535103;0.000087137671;
2020;07;03;12;1;0.000127101281;0.000096604838;0.000169669423;0.000087658651;
2020;07;03;13;1;0.000133738751;0.000098719468;0.000173582191;0.000089120242;
2020;07;03;14;1;0.000143274662;0.000102358282;0.000170388655;0.000088211488;
2020;07;03;15;1;0.000144417854;0.000102478151;0.000154794885;0.000087132300;
2020;07;03;16;1;0.000138765754;0.000097172579;0.000144457733;0.000084691345;
2020;07;03;17;1;0.000136333688;0.000094170248;0.000141521865;0.000082558401;
2020;07;03;18;1;0.000137748021;0.000094309872;0.000141533339;0.000082871349;
2020;07;03;19;1;0.000137230893;0.000094378836;0.000139436837;0.000083839253;
2020;07;03;20;1;0.000134301493;0.000093855243;0.000135418592;0.000085180098;
2020;07;03;21;1;0.000131636314;0.000093935644;0.000128447650;0.000086147682;
2020;07;03;22;1;0.000134994162;0.000109318559;0.000123090777;0.000095561237;
2020;07;03;23;1;0.000135458864;0.000145600596;0.000121040402;0.000152907679;
2020;07;03;24;1;0.000120379095;0.000143162141;0.000110883658;0.000143841126;
2020;07;04;1;1;0.000103649624;0.000130907478;0.000102075336;0.000135272567;
2020;07;04;2;1;0.000088531512;0.000119711801;0.000092986444;0.000144324129;
2020;07;04;3;1;0.000077763088;0.000110469803;0.000087362848;0.000139343400;
2020;07;04;4;1;0.000071460088;0.000105142555;0.000084818237;0.000133143446;
2020;07;04;5;1;0.000067871605;0.000101985830;0.000083605153;0.000126753530;
2020;07;04;6;1;0.000066344966;0.000100609254;0.000084062626;0.000121460018;
2020;07;04;7;1;0.000066847234;0.000090845480;0.000083941825;0.000110713087;
2020;07;04;8;1;0.000070863335;0.000063333785;0.000080122164;0.000066463586;
2020;07;04;9;1;0.000083510234;0.000069969591;0.000090917496;0.000068360869;
2020;07;04;10;1;0.000101324599;0.000081849379;0.000105955626;0.000077915891;
2020;07;04;11;1;0.000116907580;0.000091178072;0.000120510239;0.000083977632;
2020;07;04;12;1;0.000123837707;0.000094567250;0.000126032314;0.000086378788;
2020;07;04;13;1;0.000129072609;0.000095645457;0.000129469659;0.000086878405;
2020;07;04;14;1;0.000137896831;0.000097939080;0.000127832402;0.000085288424;
2020;07;04;15;1;0.000140178241;0.000098417485;0.000120907390;0.000083742302;
2020;07;04;16;1;0.000132316004;0.000092727033;0.000117204186;0.000078975838;
2020;07;04;17;1;0.000126100265;0.000088383770;0.000114292749;0.000075348468;
2020;07;04;18;1;0.000124180410;0.000086793567;0.000113846220;0.000075037563;
2020;07;04;19;1;0.000123741744;0.000086675044;0.000114951500;0.000076761359;
2020;07;04;20;1;0.000122693890;0.000086792780;0.000117678287;0.000078114641;
2020;07;04;21;1;0.000123204879;0.000088188977;0.000119249440;0.000080538083;
2020;07;04;22;1;0.000129308838;0.000104631121;0.000119322732;0.000091700865;
2020;07;04;23;1;0.000131622521;0.000141400483;0.000120730129;0.000148729161;
2020;07;04;24;1;0.000118747321;0.000140483317;0.000111723260;0.000140205404;
2020;07;05;1;1;0.000104259389;0.000128706985;0.000104477553;0.000133070527;
2020;07;05;2;1;0.000090067388;0.000117882092;0.000094330579;0.000137797240;
2020;07;05;3;1;0.000079557890;0.000109193570;0.000088875967;0.000132935453;
2020;07;05;4;1;0.000072916890;0.000103641596;0.000085907928;0.000126960367;
2020;07;05;5;1;0.000068976928;0.000100244837;0.000084646360;0.000122196454;
2020;07;05;6;1;0.000067098936;0.000098771184;0.000085083271;0.000117922254;
2020;07;05;7;1;0.000066784332;0.000088769829;0.000083084772;0.000108496486;
2020;07;05;8;1;0.000068944789;0.000060227097;0.000075117950;0.000064799705;
2020;07;05;9;1;0.000078890784;0.000064551008;0.000080620588;0.000064634001;
2020;07;05;10;1;0.000094576804;0.000075025530;0.000088910707;0.000072181692;
2020;07;05;11;1;0.000109242992;0.000084671841;0.000097013602;0.000078109072;
2020;07;05;12;1;0.000118168811;0.000090045702;0.000102528110;0.000081324631;
2020;07;05;13;1;0.000123994733;0.000091889705;0.000106837494;0.000082867094;
2020;07;05;14;1;0.000132883651;0.000093850278;0.000109081229;0.000081258951;
2020;07;05;15;1;0.000137647087;0.000095353617;0.000108055411;0.000080977852;
2020;07;05;16;1;0.000130171077;0.000090037843;0.000105737079;0.000077046335;
2020;07;05;17;1;0.000124845980;0.000086412854;0.000102037063;0.000074217718;
2020;07;05;18;1;0.000123208717;0.000085104202;0.000098978357;0.000073870785;
2020;07;05;19;1;0.000124215314;0.000085655778;0.000099053246;0.000075837634;
2020;07;05;20;1;0.000125265767;0.000086762084;0.000101607588;0.000078243744;
2020;07;05;21;1;0.000128672938;0.000089619537;0.000103537982;0.000081188536;
2020;07;05;22;1;0.000138665804;0.000108183050;0.000108916158;0.000094673252;
2020;07;05;23;1;0.000142753453;0.000145253369;0.000113342942;0.000150540896;
2020;07;05;24;1;0.000126764779;0.000143334623;0.000104272776;0.000143076813;
2020;07;06;1;1;0.000104414134;0.000125131105;0.000096267484;0.000131987894;
2020;07;06;2;1;0.000086548640;0.000111700122;0.000089055809;0.000136169674;
2020;07;06;3;1;0.000075935297;0.000102659008;0.000085195331;0.000130861828;
2020;07;06;4;1;0.000070456110;0.000098015848;0.000083354719;0.000125242504;
2020;07;06;5;1;0.000067456692;0.000095498168;0.000083027684;0.000120553428;
2020;07;06;6;1;0.000066583132;0.000094435230;0.000084930186;0.000116171662;
2020;07;06;7;1;0.000070350261;0.000087701374;0.000091016558;0.000109244565;
2020;07;06;8;1;0.000080065059;0.000067490183;0.000101068971;0.000072112471;
2020;07;06;9;1;0.000094614083;0.000076544731;0.000134519073;0.000077935026;
2020;07;06;10;1;0.000110292033;0.000085817292;0.000157140524;0.000084910208;
2020;07;06;11;1;0.000122888967;0.000092359628;0.000171886587;0.000088661722;
2020;07;06;12;1;0.000128820454;0.000094795351;0.000177868954;0.000089823345;
2020;07;06;13;1;0.000135909052;0.000097091790;0.000181820321;0.000090345217;
2020;07;06;14;1;0.000146908583;0.000101340131;0.000178458822;0.000089824472;
2020;07;06;15;1;0.000149925084;0.000102480757;0.000163206110;0.000088676242;
2020;07;06;16;1;0.000143952619;0.000097173881;0.000155329584;0.000085657230;
2020;07;06;17;1;0.000141340218;0.000094123622;0.000154379531;0.000083694699;
2020;07;06;18;1;0.000142962454;0.000094386299;0.000155670841;0.000084750575;
2020;07;06;19;1;0.000142910867;0.000094478370;0.000151987751;0.000085686205;
2020;07;06;20;1;0.000140634876;0.000093988954;0.000144864531;0.000087911548;
2020;07;06;21;1;0.000140457328;0.000095223715;0.000134204506;0.000089155859;
2020;07;06;22;1;0.000148598256;0.000112081581;0.000126016645;0.000100495045;
2020;07;06;23;1;0.000150314142;0.000146264295;0.000122020142;0.000153584528;
2020;07;06;24;1;0.000129738852;0.000141397630;0.000109727030;0.000143444922;
2020;07;07;1;1;0.000105824613;0.000128630460;0.000099567536;0.000135304388;
2020;07;07;2;1;0.000087706308;0.000115235833;0.000092259318;0.000145538434;
2020;07;07;3;1;0.000077282604;0.000106348891;0.000088281011;0.000140904400;
2020;07;07;4;1;0.000071805323;0.000101713250;0.000086087716;0.000134629332;
2020;07;07;5;1;0.000068675367;0.000099013915;0.000085566875;0.000127399600;
2020;07;07;6;1;0.000067804503;0.000097965368;0.000087584378;0.000121170347;
2020;07;07;7;1;0.000071751673;0.000091229048;0.000093333354;0.000112723932;
2020;07;07;8;1;0.000082182641;0.000070174230;0.000103660515;0.000074121615;
2020;07;07;9;1;0.000097009588;0.000079361487;0.000135909303;0.000078822964;
2020;07;07;10;1;0.000112552255;0.000088416268;0.000158691156;0.000085697752;
2020;07;07;11;1;0.000124882918;0.000094407429;0.000173188049;0.000088831095;
2020;07;07;12;1;0.000130735694;0.000096567161;0.000179552605;0.000089441089;
2020;07;07;13;1;0.000138115942;0.000099108800;0.000183996994;0.000090392245;
2020;07;07;14;1;0.000148697986;0.000103257089;0.000180519941;0.000089863258;
2020;07;07;15;1;0.000150627186;0.000103898210;0.000165810399;0.000088635555;
2020;07;07;16;1;0.000144874153;0.000098659650;0.000158012481;0.000085879337;
2020;07;07;17;1;0.000142727468;0.000095757611;0.000157269061;0.000084107126;
2020;07;07;18;1;0.000144724320;0.000096123005;0.000158654582;0.000085280337;
2020;07;07;19;1;0.000144698985;0.000096267720;0.000154769122;0.000086449701;
2020;07;07;20;1;0.000142449130;0.000095954160;0.000147517576;0.000087826800;
2020;07;07;21;1;0.000141549839;0.000097013542;0.000136852350;0.000089253147;
2020;07;07;22;1;0.000148485963;0.000114100376;0.000128249388;0.000100158673;
2020;07;07;23;1;0.000149761108;0.000149445742;0.000124134303;0.000155327713;
2020;07;07;24;1;0.000130128610;0.000145035284;0.000111826422;0.000145752896;
2020;07;08;1;1;0.000106757986;0.000129673431;0.000100301513;0.000136280780;
2020;07;08;2;1;0.000088330387;0.000115952362;0.000092860504;0.000146246059;
2020;07;08;3;1;0.000077761932;0.000106902464;0.000088815777;0.000141411878;
2020;07;08;4;1;0.000072249534;0.000102240906;0.000086608484;0.000135111320;
2020;07;08;5;1;0.000069154268;0.000099614121;0.000086118080;0.000127994879;
2020;07;08;6;1;0.000068303905;0.000098601992;0.000088165457;0.000121803154;
2020;07;08;7;1;0.000072276788;0.000091817172;0.000093950356;0.000113305407;
2020;07;08;8;1;0.000082831562;0.000070671669;0.000104375545;0.000074563542;
2020;07;08;9;1;0.000097797901;0.000079944370;0.000136862226;0.000079318273;
2020;07;08;10;1;0.000113563074;0.000089149541;0.000159871633;0.000086337721;
2020;07;08;11;1;0.000126057628;0.000095234924;0.000174513457;0.000089546566;
2020;07;08;12;1;0.000131871691;0.000097336620;0.000180862661;0.000090072259;
2020;07;08;13;1;0.000139178054;0.000099788419;0.000185248168;0.000090904351;
2020;07;08;14;1;0.000149863779;0.000103982194;0.000181761550;0.000090390462;
2020;07;08;15;1;0.000151606762;0.000104473705;0.000166839885;0.000088991599;
2020;07;08;16;1;0.000145611917;0.000099051709;0.000158881810;0.000086056798;
2020;07;08;17;1;0.000143430573;0.000096120469;0.000158121226;0.000084261561;
2020;07;08;18;1;0.000145222265;0.000096328826;0.000159396143;0.000085261750;
2020;07;08;19;1;0.000144917692;0.000096267792;0.000155342961;0.000086200174;
2020;07;08;20;1;0.000142507538;0.000095837046;0.000147982897;0.000087439804;
2020;07;08;21;1;0.000141817115;0.000097054114;0.000137385736;0.000089041831;
2020;07;08;22;1;0.000148822435;0.000114195955;0.000128773443;0.000099973996;
2020;07;08;23;1;0.000149831445;0.000149273646;0.000124528866;0.000154657982;
2020;07;08;24;1;0.000129947937;0.000144569401;0.000112077567;0.000144750453;
2020;07;09;1;1;0.000104551793;0.000127391794;0.000098146295;0.000134579695;
2020;07;09;2;1;0.000086596369;0.000114045671;0.000090913406;0.000144631579;
2020;07;09;3;1;0.000076408971;0.000105410453;0.000087052734;0.000140292178;
2020;07;09;4;1;0.000071003173;0.000100830836;0.000084895634;0.000134069601;
2020;07;09;5;1;0.000067957788;0.000098234661;0.000084412692;0.000126999073;
2020;07;09;6;1;0.000067147121;0.000097276852;0.000086435450;0.000120918481;
2020;07;09;7;1;0.000071085238;0.000090629328;0.000092127809;0.000112554228;
2020;07;09;8;1;0.000081440478;0.000069733079;0.000102334777;0.000074036887;
2020;07;09;9;1;0.000096236837;0.000078956874;0.000134242780;0.000078850939;
2020;07;09;10;1;0.000111713211;0.000088015716;0.000156786091;0.000085788974;
2020;07;09;11;1;0.000124011709;0.000094029940;0.000171150695;0.000088984630;
2020;07;09;12;1;0.000129586321;0.000095985606;0.000177278418;0.000089367936;
2020;07;09;13;1;0.000136790965;0.000098423254;0.000181593650;0.000090216218;
2020;07;09;14;1;0.000146998473;0.000102331571;0.000177997068;0.000089457120;
2020;07;09;15;1;0.000148758249;0.000102853766;0.000163412029;0.000088113870;
2020;07;09;16;1;0.000142880714;0.000097519358;0.000155620095;0.000085211778;
2020;07;09;17;1;0.000140701612;0.000094604566;0.000154853864;0.000083402306;
2020;07;09;18;1;0.000142519576;0.000094854267;0.000156135527;0.000084441938;
2020;07;09;19;1;0.000142281207;0.000094838992;0.000152197668;0.000085421778;
2020;07;09;20;1;0.000139907555;0.000094409131;0.000144982820;0.000086643895;
2020;07;09;21;1;0.000139045529;0.000095467497;0.000134511532;0.000088069111;
2020;07;09;22;1;0.000145843986;0.000112269276;0.000126049176;0.000098816033;
2020;07;09;23;1;0.000146951791;0.000146887420;0.000121943562;0.000153039291;
2020;07;09;24;1;0.000127546398;0.000142377338;0.000109792170;0.000143385003;
2020;07;10;1;1;0.000104722483;0.000132886861;0.000098984169;0.000136955940;
2020;07;10;2;1;0.000087177921;0.000119615905;0.000091264631;0.000147231805;
2020;07;10;3;1;0.000076635818;0.000110610676;0.000087105720;0.000142713516;
2020;07;10;4;1;0.000071069642;0.000105771755;0.000084830499;0.000136130831;
2020;07;10;5;1;0.000068046189;0.000103113285;0.000084387498;0.000128893605;
2020;07;10;6;1;0.000067320749;0.000102192637;0.000086142941;0.000123345009;
2020;07;10;7;1;0.000071252168;0.000094492071;0.000091471658;0.000115186415;
2020;07;10;8;1;0.000081637325;0.000071707214;0.000101210923;0.000074085356;
2020;07;10;9;1;0.000096673174;0.000081238617;0.000132842884;0.000078500504;
2020;07;10;10;1;0.000112486947;0.000090692981;0.000154690563;0.000085116478;
2020;07;10;11;1;0.000125003878;0.000096818702;0.000168677502;0.000088383121;
2020;07;10;12;1;0.000130771481;0.000098950456;0.000175099079;0.000089045353;
2020;07;10;13;1;0.000137651256;0.000101157770;0.000179170049;0.000090576311;
2020;07;10;14;1;0.000147646942;0.000105029229;0.000175981929;0.000089804933;
2020;07;10;15;1;0.000149065250;0.000105340714;0.000160005630;0.000088904731;
2020;07;10;16;1;0.000143214740;0.000099874286;0.000149311434;0.000086400847;
2020;07;10;17;1;0.000140711996;0.000096794106;0.000146280563;0.000084231104;
2020;07;10;18;1;0.000142100028;0.000096883238;0.000146255669;0.000084490970;
2020;07;10;19;1;0.000141566741;0.000096954227;0.000144089286;0.000085477967;
2020;07;10;20;1;0.000138524938;0.000096400937;0.000139927127;0.000086827499;
2020;07;10;21;1;0.000135620931;0.000096361188;0.000132648156;0.000087674804;
2020;07;10;22;1;0.000138877427;0.000111959492;0.000127023240;0.000097058239;
2020;07;10;23;1;0.000139267473;0.000149013407;0.000124867866;0.000155166913;
2020;07;10;24;1;0.000123708088;0.000146444675;0.000114364159;0.000145875509;
2020;07;11;1;1;0.000106559967;0.000133868906;0.000105472312;0.000136948963;
2020;07;11;2;1;0.000090930418;0.000122290115;0.000096034924;0.000145919304;
2020;07;11;3;1;0.000079860434;0.000112833621;0.000090221611;0.000140859021;
2020;07;11;4;1;0.000073338843;0.000107313306;0.000087564842;0.000134467497;
2020;07;11;5;1;0.000069672847;0.000104119295;0.000086323007;0.000128056673;
2020;07;11;6;1;0.000068060902;0.000102638748;0.000086767007;0.000122596047;
2020;07;11;7;1;0.000068541490;0.000092625835;0.000086620649;0.000111669488;
2020;07;11;8;1;0.000072667123;0.000064582355;0.000082684188;0.000067046433;
2020;07;11;9;1;0.000085683695;0.000071393139;0.000093850999;0.000069013558;
2020;07;11;10;1;0.000104085809;0.000083625594;0.000109439117;0.000078791032;
2020;07;11;11;1;0.000120296990;0.000093332507;0.000124576802;0.000085122142;
2020;07;11;12;1;0.000127631201;0.000096973395;0.000130388687;0.000087750475;
2020;07;11;13;1;0.000133303766;0.000098306291;0.000134084218;0.000088513890;
2020;07;11;14;1;0.000142510786;0.000100737035;0.000132432455;0.000086972701;
2020;07;11;15;1;0.000145033123;0.000101356705;0.000125329886;0.000085530092;
2020;07;11;16;1;0.000136994600;0.000095570705;0.000121533885;0.000080740363;
2020;07;11;17;1;0.000130621470;0.000091142666;0.000118543080;0.000077083263;
2020;07;11;18;1;0.000128469097;0.000089376397;0.000118004502;0.000076629970;
2020;07;11;19;1;0.000127929218;0.000089187712;0.000119110003;0.000078317291;
2020;07;11;20;1;0.000126804669;0.000089276635;0.000121915526;0.000079662145;
2020;07;11;21;1;0.000127244509;0.000090642981;0.000123500255;0.000082054772;
2020;07;11;22;1;0.000133777874;0.000107747864;0.000123682071;0.000093650805;
2020;07;11;23;1;0.000135957788;0.000145358287;0.000125043158;0.000151559381;
2020;07;11;24;1;0.000122423255;0.000144107900;0.000115603196;0.000142493761;
2020;07;12;1;1;0.000105208930;0.000129754303;0.000105088444;0.000134132438;
2020;07;12;2;1;0.000090889477;0.000118844119;0.000094882796;0.000138901587;
2020;07;12;3;1;0.000080327268;0.000110150709;0.000089420014;0.000134101980;
2020;07;12;4;1;0.000073616090;0.000104540749;0.000086430184;0.000128060477;
2020;07;12;5;1;0.000069780768;0.000101344398;0.000085247847;0.000123605962;
2020;07;12;6;1;0.000067809337;0.000099737649;0.000085642671;0.000119107922;
2020;07;12;7;1;0.000067439158;0.000089561317;0.000083598692;0.000109469477;
2020;07;12;8;1;0.000069538566;0.000060684558;0.000075537424;0.000065274568;
2020;07;12;9;1;0.000079327847;0.000064821059;0.000080947630;0.000064831665;
2020;07;12;10;1;0.000094971442;0.000075225433;0.000089210990;0.000072265137;
2020;07;12;11;1;0.000109448487;0.000084682061;0.000097230451;0.000077951042;
2020;07;12;12;1;0.000118347546;0.000090019814;0.000102738268;0.000081118833;
2020;07;12;13;1;0.000124146663;0.000091834051;0.000107041040;0.000082624621;
2020;07;12;14;1;0.000133082464;0.000093821688;0.000109303691;0.000081051851;
2020;07;12;15;1;0.000137898843;0.000095359826;0.000108293645;0.000080808956;
2020;07;12;16;1;0.000130399483;0.000090036261;0.000105966320;0.000076877638;
2020;07;12;17;1;0.000124867806;0.000086259994;0.000102177466;0.000073893292;
2020;07;12;18;1;0.000122891496;0.000084694215;0.000098978212;0.000073267234;
2020;07;12;19;1;0.000123613519;0.000085027537;0.000098940451;0.000074980130;
2020;07;12;20;1;0.000124782103;0.000086220160;0.000101542423;0.000077464612;
2020;07;12;21;1;0.000128632350;0.000089411990;0.000103655722;0.000080777460;
2020;07;12;22;1;0.000138880681;0.000108156292;0.000109141637;0.000094438138;
2020;07;12;23;1;0.000142805661;0.000145027065;0.000113509905;0.000149922086;
2020;07;12;24;1;0.000126704097;0.000142977292;0.000104381996;0.000142322537;
2020;07;13;1;1;0.000103099318;0.000123824003;0.000094922204;0.000131115471;
2020;07;13;2;1;0.000085466193;0.000110543940;0.000087815133;0.000135285806;
2020;07;13;3;1;0.000075086912;0.000101748948;0.000084065183;0.000130256445;
2020;07;13;4;1;0.000069639724;0.000097101693;0.000082231721;0.000124590568;
2020;07;13;5;1;0.000066680714;0.000094616438;0.000081912517;0.000119940182;
2020;07;13;6;1;0.000065820972;0.000093569338;0.000083791735;0.000115590287;
2020;07;13;7;1;0.000069652338;0.000087046453;0.000089865463;0.000108931889;
2020;07;13;8;1;0.000079308316;0.000067021505;0.000099814235;0.000071953621;
2020;07;13;9;1;0.000093761382;0.000076050639;0.000132878459;0.000077811311;
2020;07;13;10;1;0.000109298049;0.000085263235;0.000155224473;0.000084774899;
2020;07;13;11;1;0.000121478739;0.000091509720;0.000169580334;0.000088214115;
2020;07;13;12;1;0.000127196578;0.000093803685;0.000175382271;0.000089227811;
2020;07;13;13;1;0.000134263634;0.000096130061;0.000179323643;0.000089809270;
2020;07;13;14;1;0.000145134759;0.000100339964;0.000176011240;0.000089295629;
2020;07;13;15;1;0.000148103334;0.000101460578;0.000160961463;0.000088144657;
2020;07;13;16;1;0.000142141485;0.000096159983;0.000153159813;0.000085092318;
2020;07;13;17;1;0.000139400218;0.000093021655;0.000152134710;0.000083009049;
2020;07;13;18;1;0.000140910589;0.000093215433;0.000153358371;0.000083982242;
2020;07;13;19;1;0.000140879740;0.000093321077;0.000149740632;0.000084926120;
2020;07;13;20;1;0.000138520803;0.000092751926;0.000142663214;0.000087031304;
2020;07;13;21;1;0.000138476210;0.000094068694;0.000132227608;0.000088378314;
2020;07;13;22;1;0.000146597640;0.000110802108;0.000124200809;0.000099708540;
2020;07;13;23;1;0.000148300449;0.000144605588;0.000120265756;0.000152397386;
2020;07;13;24;1;0.000127971726;0.000139758827;0.000108137124;0.000142291220;
2020;07;14;1;1;0.000102572858;0.000125509213;0.000095912691;0.000133629566;
2020;07;14;2;1;0.000084846040;0.000112197046;0.000088785898;0.000143350470;
2020;07;14;3;1;0.000074797153;0.000103598176;0.000084977114;0.000138876294;
2020;07;14;4;1;0.000069481160;0.000099058942;0.000082856949;0.000132652443;
2020;07;14;5;1;0.000066576453;0.000096629981;0.000082432285;0.000125854600;
2020;07;14;6;1;0.000065780271;0.000095684707;0.000084406112;0.000119824369;
2020;07;14;7;1;0.000069638818;0.000089146841;0.000089965187;0.000111537183;
2020;07;14;8;1;0.000079700471;0.000068513189;0.000099880775;0.000073261824;
2020;07;14;9;1;0.000094096732;0.000077498721;0.000130965401;0.000077928619;
2020;07;14;10;1;0.000109178490;0.000086345921;0.000152923045;0.000084731072;
2020;07;14;11;1;0.000121123119;0.000092182784;0.000166882141;0.000087812021;
2020;07;14;12;1;0.000126560067;0.000094093559;0.000172851765;0.000088182641;
2020;07;14;13;1;0.000133484739;0.000096393556;0.000176985031;0.000088916477;
2020;07;14;14;1;0.000143555768;0.000100306928;0.000173546114;0.000088262715;
2020;07;14;15;1;0.000145282335;0.000100824976;0.000159330136;0.000086944099;
2020;07;14;16;1;0.000139414797;0.000095498812;0.000151663760;0.000083973785;
2020;07;14;17;1;0.000137177311;0.000092560953;0.000150856039;0.000082097903;
2020;07;14;18;1;0.000138971548;0.000092821456;0.000152116513;0.000083139439;
2020;07;14;19;1;0.000138971255;0.000092979060;0.000148404029;0.000084299666;
2020;07;14;20;1;0.000137144067;0.000092927412;0.000141622861;0.000085932978;
2020;07;14;21;1;0.000136455608;0.000094089149;0.000131469508;0.000087486102;
2020;07;14;22;1;0.000143107715;0.000110631390;0.000123190088;0.000098143023;
2020;07;14;23;1;0.000143969867;0.000144493549;0.000119084899;0.000151667139;
2020;07;14;24;1;0.000124923553;0.000140013824;0.000107203389;0.000142044884;
2020;07;15;1;1;0.000102454421;0.000125261262;0.000096046382;0.000133107674;
2020;07;15;2;1;0.000084881936;0.000112171703;0.000088980222;0.000143102672;
2020;07;15;3;1;0.000074900537;0.000103684982;0.000085204131;0.000138820107;
2020;07;15;4;1;0.000069586820;0.000099157143;0.000083084113;0.000132624023;
2020;07;15;5;1;0.000066697700;0.000096757985;0.000082670740;0.000125879885;
2020;07;15;6;1;0.000065880271;0.000095779382;0.000084637735;0.000119797907;
2020;07;15;7;1;0.000069753365;0.000089247387;0.000090217680;0.000111531824;
2020;07;15;8;1;0.000079803601;0.000068563727;0.000100143663;0.000073222486;
2020;07;15;9;1;0.000094291469;0.000077622687;0.000131360783;0.000077970791;
2020;07;15;10;1;0.000109445350;0.000086520019;0.000153413222;0.000084821161;
2020;07;15;11;1;0.000121416982;0.000092366809;0.000167415508;0.000087903231;
2020;07;15;12;1;0.000126874722;0.000094287672;0.000173409418;0.000088281568;
2020;07;15;13;1;0.000133825402;0.000096599478;0.000177561805;0.000089024401;
2020;07;15;14;1;0.000143940251;0.000100535285;0.000174122587;0.000088385355;
2020;07;15;15;1;0.000145575223;0.000100980379;0.000159806489;0.000086985153;
2020;07;15;16;1;0.000139856437;0.000095768140;0.000152204713;0.000084147461;
2020;07;15;17;1;0.000137762637;0.000092935028;0.000151476938;0.000082393017;
2020;07;15;18;1;0.000139748290;0.000093332932;0.000152843137;0.000083590902;
2020;07;15;19;1;0.000139737271;0.000093483435;0.000149107195;0.000084748399;
2020;07;15;20;1;0.000137645147;0.000093239622;0.000142162466;0.000086168568;
2020;07;15;21;1;0.000136997112;0.000094438155;0.000131991101;0.000087764172;
2020;07;15;22;1;0.000143749672;0.000111105331;0.000123710746;0.000098525379;
2020;07;15;23;1;0.000144864856;0.000145390058;0.000119691728;0.000152621003;
2020;07;15;24;1;0.000125652070;0.000140822822;0.000107728843;0.000142862957;
2020;07;16;1;1;0.000103060903;0.000125897788;0.000096587124;0.000133628616;
2020;07;16;2;1;0.000085423346;0.000112798827;0.000089501639;0.000143753588;
2020;07;16;3;1;0.000075343442;0.000104211194;0.000085683479;0.000139362496;
2020;07;16;4;1;0.000070031020;0.000099712145;0.000083571037;0.000133228706;
2020;07;16;5;1;0.000067046054;0.000097174960;0.000083107175;0.000126251688;
2020;07;16;6;1;0.000066178896;0.000096118791;0.000085055315;0.000120037300;
2020;07;16;7;1;0.000070106661;0.000089616399;0.000090686725;0.000111837121;
2020;07;16;8;1;0.000080224663;0.000068863323;0.000100674828;0.000073444464;
2020;07;16;9;1;0.000094650401;0.000077835129;0.000131961346;0.000078047921;
2020;07;16;10;1;0.000109727994;0.000086639206;0.000154020829;0.000084761036;
2020;07;16;11;1;0.000121754466;0.000092514303;0.000168094884;0.000087865129;
2020;07;16;12;1;0.000127382701;0.000094566398;0.000174219180;0.000088393172;
2020;07;16;13;1;0.000134280419;0.000096820304;0.000178337339;0.000089062486;
2020;07;16;14;1;0.000144505658;0.000100824064;0.000174928966;0.000088487947;
2020;07;16;15;1;0.000146166255;0.000101285218;0.000160557126;0.000087102002;
2020;07;16;16;1;0.000140443513;0.000096071874;0.000152930166;0.000084276509;
2020;07;16;17;1;0.000138364621;0.000093247520;0.000152211957;0.000082539007;
2020;07;16;18;1;0.000140321167;0.000093618756;0.000153564107;0.000083707715;
2020;07;16;19;1;0.000140384348;0.000093824848;0.000149850183;0.000084929194;
2020;07;16;20;1;0.000138246898;0.000093553350;0.000142852431;0.000086321494;
2020;07;16;21;1;0.000137627183;0.000094779750;0.000132646727;0.000087947560;
2020;07;16;22;1;0.000144362735;0.000111465986;0.000124304532;0.000098685649;
2020;07;16;23;1;0.000145313601;0.000145673828;0.000120196046;0.000152623323;
2020;07;16;24;1;0.000126230149;0.000141332412;0.000108264057;0.000143161702;
2020;07;17;1;1;0.000104811788;0.000133038783;0.000098948833;0.000137230381;
2020;07;17;2;1;0.000087184652;0.000119649650;0.000091196544;0.000147368612;
2020;07;17;3;1;0.000076600542;0.000110575884;0.000087017217;0.000142739936;
2020;07;17;4;1;0.000071039596;0.000105742923;0.000084745859;0.000136163275;
2020;07;17;5;1;0.000067991847;0.000103042131;0.000084287421;0.000128857099;
2020;07;17;6;1;0.000067284398;0.000102151545;0.000086051821;0.000123354707;
2020;07;17;7;1;0.000071224796;0.000094470460;0.000091381980;0.000115220536;
2020;07;17;8;1;0.000081520755;0.000071607563;0.000101059127;0.000073999482;
2020;07;17;9;1;0.000096435261;0.000081032357;0.000132575383;0.000078296390;
2020;07;17;10;1;0.000112304081;0.000090547006;0.000154443300;0.000084994388;
2020;07;17;11;1;0.000124802295;0.000096664282;0.000168408946;0.000088257990;
2020;07;17;12;1;0.000130605860;0.000098830712;0.000174850524;0.000088962185;
2020;07;17;13;1;0.000137506364;0.000101059404;0.000178934852;0.000090518653;
2020;07;17;14;1;0.000147374316;0.000104834473;0.000175680994;0.000089648804;
2020;07;17;15;1;0.000148650587;0.000105035992;0.000159656927;0.000088634967;
2020;07;17;16;1;0.000142805107;0.000099576608;0.000148980343;0.000086129049;
2020;07;17;17;1;0.000140335276;0.000096525271;0.000145969651;0.000083987459;
2020;07;17;18;1;0.000141729451;0.000096621638;0.000145949842;0.000084254770;
2020;07;17;19;1;0.000141340483;0.000096801169;0.000143860821;0.000085358774;
2020;07;17;20;1;0.000138406688;0.000096328482;0.000139757440;0.000086796125;
2020;07;17;21;1;0.000135610731;0.000096372094;0.000132538970;0.000087737869;
2020;07;17;22;1;0.000138886012;0.000111989203;0.000126927402;0.000097146505;
2020;07;17;23;1;0.000139091900;0.000148834041;0.000124690978;0.000155023237;
2020;07;17;24;1;0.000123586468;0.000146313540;0.000114218066;0.000145796566;
2020;07;18;1;1;0.000106533154;0.000133854459;0.000105336208;0.000137031923;
2020;07;18;2;1;0.000090924105;0.000122301674;0.000095919743;0.000146044636;
2020;07;18;3;1;0.000079827961;0.000112802070;0.000090098100;0.000140914339;
2020;07;18;4;1;0.000073321878;0.000107304236;0.000087452581;0.000134553250;
2020;07;18;5;1;0.000069633553;0.000104072024;0.000086197966;0.000128079220;
2020;07;18;6;1;0.000068051271;0.000102640384;0.000086659552;0.000122689877;
2020;07;18;7;1;0.000068616551;0.000092754705;0.000086566680;0.000111947470;
2020;07;18;8;1;0.000072619394;0.000064546462;0.000082560347;0.000067050002;
2020;07;18;9;1;0.000085654658;0.000071378743;0.000093725186;0.000069047981;
2020;07;18;10;1;0.000104017918;0.000083579549;0.000109275433;0.000078795761;
2020;07;18;11;1;0.000120034167;0.000093121990;0.000124295596;0.000084945196;
2020;07;18;12;1;0.000127189606;0.000096617228;0.000130011378;0.000087412431;
2020;07;18;13;1;0.000132926201;0.000098013849;0.000133738072;0.000088250371;
2020;07;18;14;1;0.000142148521;0.000100469921;0.000132109632;0.000086749082;
2020;07;18;15;1;0.000144569929;0.000101014663;0.000124983281;0.000085233136;
2020;07;18;16;1;0.000136471701;0.000095182065;0.000121159778;0.000080390330;
2020;07;18;17;1;0.000130165018;0.000090804637;0.000118197423;0.000076783427;
2020;07;18;18;1;0.000128173887;0.000089163643;0.000117731259;0.000076458914;
2020;07;18;19;1;0.000127616172;0.000088960633;0.000118825319;0.000078126250;
2020;07;18;20;1;0.000126532482;0.000089079121;0.000121642499;0.000079501013;
2020;07;18;21;1;0.000126841478;0.000090339625;0.000123160674;0.000081772402;
2020;07;18;22;1;0.000133425291;0.000107450922;0.000123374877;0.000093397703;
2020;07;18;23;1;0.000135794748;0.000145189614;0.000124822479;0.000151451917;
2020;07;18;24;1;0.000122426706;0.000144137074;0.000115470312;0.000142635145;
2020;07;19;1;1;0.000107124517;0.000131656401;0.000107321301;0.000135223586;
2020;07;19;2;1;0.000092639249;0.000120723595;0.000096948640;0.000140230529;
2020;07;19;3;1;0.000081873495;0.000111892384;0.000091366818;0.000135384491;
2020;07;19;4;1;0.000074921190;0.000106017707;0.000088245980;0.000129017437;
2020;07;19;5;1;0.000070853088;0.000102511254;0.000086937776;0.000124128462;
2020;07;19;6;1;0.000068873756;0.000100922427;0.000087354694;0.000119665253;
2020;07;19;7;1;0.000068629358;0.000090818701;0.000085351678;0.000110275396;
2020;07;19;8;1;0.000070749635;0.000061520794;0.000077112810;0.000065733764;
2020;07;19;9;1;0.000080740909;0.000065742774;0.000082652037;0.000065323038;
2020;07;19;10;1;0.000096687987;0.000076316903;0.000091100990;0.000072838988;
2020;07;19;11;1;0.000111581919;0.000086043852;0.000099359193;0.000078722606;
2020;07;19;12;1;0.000120476939;0.000091317897;0.000104910433;0.000081754251;
2020;07;19;13;1;0.000126484100;0.000093243276;0.000109348915;0.000083366914;
2020;07;19;14;1;0.000135600222;0.000095270867;0.000111665264;0.000081790223;
2020;07;19;15;1;0.000140552178;0.000096866813;0.000110650882;0.000081580976;
2020;07;19;16;1;0.000132986778;0.000091518910;0.000108304878;0.000077675408;
2020;07;19;17;1;0.000127450644;0.000087760985;0.000104475652;0.000074745730;
2020;07;19;18;1;0.000125752342;0.000086411382;0.000101333045;0.000074374203;
2020;07;19;19;1;0.000126530689;0.000086781672;0.000101309975;0.000076146379;
2020;07;19;20;1;0.000127711699;0.000087987366;0.000103967942;0.000078656795;
2020;07;19;21;1;0.000131201253;0.000090897231;0.000105949924;0.000081630261;
2020;07;19;22;1;0.000141691091;0.000109984699;0.000111571704;0.000095469744;
2020;07;19;23;1;0.000145923568;0.000147735120;0.000116128334;0.000151888502;
2020;07;19;24;1;0.000129498818;0.000145682422;0.000106801709;0.000144232713;
2020;07;20;1;1;0.000105778026;0.000126526395;0.000097517016;0.000133066993;
2020;07;20;2;1;0.000087679186;0.000112945759;0.000090211613;0.000137283438;
2020;07;20;3;1;0.000076979342;0.000103882096;0.000086330094;0.000132056964;
2020;07;20;4;1;0.000071288522;0.000098973381;0.000084384262;0.000126051706;
2020;07;20;5;1;0.000068211883;0.000096365523;0.000084027444;0.000121229221;
2020;07;20;6;1;0.000067296006;0.000095241735;0.000085932135;0.000116744335;
2020;07;20;7;1;0.000071209078;0.000088596532;0.000092158303;0.000110010600;
2020;07;20;8;1;0.000080955383;0.000068097551;0.000102282105;0.000072509325;
2020;07;20;9;1;0.000095635672;0.000077206171;0.000136112124;0.000078329038;
2020;07;20;10;1;0.000111527936;0.000086597740;0.000159033467;0.000085387500;
2020;07;20;11;1;0.000124097332;0.000093058916;0.000173839377;0.000088991669;
2020;07;20;12;1;0.000130129260;0.000095547466;0.000179918731;0.000090198263;
2020;07;20;13;1;0.000137350566;0.000097910215;0.000183956197;0.000090778107;
2020;07;20;14;1;0.000148483434;0.000102207118;0.000180565341;0.000090268947;
2020;07;20;15;1;0.000151520504;0.000103348590;0.000165126154;0.000089105448;
2020;07;20;16;1;0.000145490363;0.000098001170;0.000157160155;0.000086076637;
2020;07;20;17;1;0.000142809991;0.000094895371;0.000156176968;0.000084071774;
2020;07;20;18;1;0.000144390590;0.000095117399;0.000157451343;0.000085084605;
2020;07;20;19;1;0.000144335820;0.000095208229;0.000153724704;0.000086021719;
2020;07;20;20;1;0.000142074272;0.000094742543;0.000146539249;0.000088287804;
2020;07;20;21;1;0.000141788882;0.000095907525;0.000135705231;0.000089444573;
2020;07;20;22;1;0.000150147550;0.000113003953;0.000127485580;0.000100951573;
2020;07;20;23;1;0.000151685067;0.000147256473;0.000123362346;0.000154006387;
2020;07;20;24;1;0.000130922657;0.000142357395;0.000110934311;0.000143839544;
2020;07;21;1;1;0.000106435999;0.000129272019;0.000100122742;0.000135796848;
2020;07;21;2;1;0.000088139747;0.000115703789;0.000092735098;0.000145900117;
2020;07;21;3;1;0.000077693824;0.000106825494;0.000088753039;0.000141328470;
2020;07;21;4;1;0.000072216704;0.000102215163;0.000086565588;0.000135110646;
2020;07;21;5;1;0.000069104131;0.000099559081;0.000086063775;0.000127946111;
2020;07;21;6;1;0.000068290884;0.000098606101;0.000088133359;0.000121847361;
2020;07;21;7;1;0.000072287984;0.000091856293;0.000093932308;0.000113401128;
2020;07;21;8;1;0.000082688327;0.000070553664;0.000104257572;0.000074430696;
2020;07;21;9;1;0.000097682354;0.000079859585;0.000136744883;0.000079237493;
2020;07;21;10;1;0.000113426684;0.000089053085;0.000159732912;0.000086247557;
2020;07;21;11;1;0.000125880062;0.000095109926;0.000174343861;0.000089427283;
2020;07;21;12;1;0.000131801030;0.000097303304;0.000180765710;0.000090061625;
2020;07;21;13;1;0.000139098280;0.000099750122;0.000185145406;0.000090888903;
2020;07;21;14;1;0.000149757838;0.000103926846;0.000181648524;0.000090358351;
2020;07;21;15;1;0.000151607269;0.000104500506;0.000166795563;0.000089047609;
2020;07;21;16;1;0.000145534105;0.000099017966;0.000158796756;0.000086046813;
2020;07;21;17;1;0.000143327152;0.000096067788;0.000158021807;0.000084229943;
2020;07;21;18;1;0.000145244546;0.000096369630;0.000159365674;0.000085333291;
2020;07;21;19;1;0.000145087748;0.000096417722;0.000155392417;0.000086394769;
2020;07;21;20;1;0.000142657293;0.000095973244;0.000148020948;0.000087622287;
2020;07;21;21;1;0.000141811012;0.000097074056;0.000137345919;0.000089092320;
2020;07;21;22;1;0.000148899494;0.000114290589;0.000128772238;0.000100108577;
2020;07;21;23;1;0.000149781999;0.000149256682;0.000124474953;0.000154683883;
2020;07;21;24;1;0.000129917128;0.000144567906;0.000112034244;0.000144793407;
2020;07;22;1;1;0.000105333879;0.000128146050;0.000099026181;0.000135006435;
2020;07;22;2;1;0.000087237607;0.000114711360;0.000091725017;0.000145075091;
2020;07;22;3;1;0.000076903419;0.000105916564;0.000087789123;0.000140541380;
2020;07;22;4;1;0.000071432755;0.000101267858;0.000085595913;0.000134229605;
2020;07;22;5;1;0.000068393474;0.000098699699;0.000085124367;0.000127213643;
2020;07;22;6;1;0.000067621449;0.000097807750;0.000087192551;0.000121231608;
2020;07;22;7;1;0.000071613773;0.000091161292;0.000092951847;0.000112903602;
2020;07;22;8;1;0.000081940179;0.000070041777;0.000103183779;0.000074133254;
2020;07;22;9;1;0.000096786010;0.000079268764;0.000135327760;0.000078906608;
2020;07;22;10;1;0.000112357883;0.000088369758;0.000158058002;0.000085857547;
2020;07;22;11;1;0.000124634208;0.000094329884;0.000172474539;0.000088963583;
2020;07;22;12;1;0.000130412987;0.000096436571;0.000178770329;0.000089514853;
2020;07;22;13;1;0.000137690769;0.000098907424;0.000183139724;0.000090389553;
2020;07;22;14;1;0.000148102802;0.000102941081;0.000179595761;0.000089744677;
2020;07;22;15;1;0.000149828535;0.000103430157;0.000164853649;0.000088358483;
2020;07;22;16;1;0.000143956872;0.000098102282;0.000157019366;0.000085487910;
2020;07;22;17;1;0.000141738598;0.000095153084;0.000156233728;0.000083653889;
2020;07;22;18;1;0.000143773461;0.000095554482;0.000157638466;0.000084863379;
2020;07;22;19;1;0.000143757302;0.000095705001;0.000153782727;0.000086034494;
2020;07;22;20;1;0.000141522586;0.000095393672;0.000146577572;0.000087405510;
2020;07;22;21;1;0.000140630305;0.000096447697;0.000135981017;0.000088825824;
2020;07;22;22;1;0.000147615383;0.000113515197;0.000127473423;0.000099767383;
2020;07;22;23;1;0.000148722275;0.000148501189;0.000123316119;0.000154490174;
2020;07;22;24;1;0.000129138281;0.000144010018;0.000111051582;0.000144830634;
2020;07;23;1;1;0.000106709206;0.000129522649;0.000100503401;0.000135875042;
2020;07;23;2;1;0.000088251324;0.000115761044;0.000093027151;0.000145721441;
2020;07;23;3;1;0.000077769863;0.000106844201;0.000089019937;0.000141098631;
2020;07;23;4;1;0.000072349841;0.000102331172;0.000086863480;0.000135052581;
2020;07;23;5;1;0.000069242294;0.000099689225;0.000086366776;0.000127918354;
2020;07;23;6;1;0.000068435039;0.000098747102;0.000088448767;0.000121839169;
2020;07;23;7;1;0.000072449321;0.000091999980;0.000094274160;0.000113412511;
2020;07;23;8;1;0.000082854311;0.000070646394;0.000104625418;0.000074414794;
2020;07;23;9;1;0.000097860457;0.000079948196;0.000137214847;0.000079200228;
2020;07;23;10;1;0.000113664103;0.000089178681;0.000160303101;0.000086239680;
2020;07;23;11;1;0.000126229308;0.000095316105;0.000175025341;0.000089503930;
2020;07;23;12;1;0.000132225151;0.000097562185;0.000181512301;0.000090194306;
2020;07;23;13;1;0.000139565802;0.000100031393;0.000185923287;0.000091040920;
2020;07;23;14;1;0.000150267771;0.000104224990;0.000182415629;0.000090515074;
2020;07;23;15;1;0.000152144722;0.000104816534;0.000167511648;0.000089219318;
2020;07;23;16;1;0.000146211609;0.000099439456;0.000159566865;0.000086345038;
2020;07;23;17;1;0.000144008257;0.000096487060;0.000158795772;0.000084533226;
2020;07;23;18;1;0.000145947601;0.000096799669;0.000160153302;0.000085650967;
2020;07;23;19;1;0.000145923610;0.000096946553;0.000156231976;0.000086826698;
2020;07;23;20;1;0.000143584819;0.000096578571;0.000148875570;0.000088150311;
2020;07;23;21;1;0.000142693979;0.000097656701;0.000138119794;0.000089595436;
2020;07;23;22;1;0.000149741087;0.000114903631;0.000129460915;0.000100593997;
2020;07;23;23;1;0.000150776406;0.000150220659;0.000125202471;0.000155644684;
2020;07;23;24;1;0.000130782806;0.000145505615;0.000112690229;0.000145698155;
2020;07;24;1;1;0.000108907875;0.000137291581;0.000103284841;0.000139877857;
2020;07;24;2;1;0.000090475657;0.000123298569;0.000095131611;0.000149944655;
2020;07;24;3;1;0.000079459987;0.000113896989;0.000090753774;0.000145153383;
2020;07;24;4;1;0.000073699855;0.000108932605;0.000088390021;0.000138487102;
2020;07;24;5;1;0.000070633157;0.000106309495;0.000087971182;0.000131301852;
2020;07;24;6;1;0.000069822965;0.000105264437;0.000089764600;0.000125506315;
2020;07;24;7;1;0.000073850085;0.000097258517;0.000095285012;0.000117093204;
2020;07;24;8;1;0.000084468868;0.000073665832;0.000105340509;0.000075131599;
2020;07;24;9;1;0.000099994902;0.000083428491;0.000138241614;0.000079574278;
2020;07;24;10;1;0.000116467031;0.000093240232;0.000161055860;0.000086400198;
2020;07;24;11;1;0.000129520027;0.000099617768;0.000175681069;0.000089806369;
2020;07;24;12;1;0.000135713610;0.000101992966;0.000182515217;0.000090681623;
2020;07;24;13;1;0.000143101253;0.000104469236;0.000186920397;0.000092463256;
2020;07;24;14;1;0.000153576662;0.000108533201;0.000183645124;0.000091744881;
2020;07;24;15;1;0.000155099811;0.000108892339;0.000166999182;0.000090863871;
2020;07;24;16;1;0.000149137918;0.000103338224;0.000155903062;0.000088408197;
2020;07;24;17;1;0.000146521303;0.000100143390;0.000152732852;0.000086179746;
2020;07;24;18;1;0.000147843060;0.000100142614;0.000152643012;0.000086345444;
2020;07;24;19;1;0.000147225956;0.000100168949;0.000150350140;0.000087302931;
2020;07;24;20;1;0.000143871813;0.000099450856;0.000145910282;0.000088518444;
2020;07;24;21;1;0.000140812799;0.000099376216;0.000138298940;0.000089344506;
2020;07;24;22;1;0.000144251201;0.000115513482;0.000132460731;0.000098961108;
2020;07;24;23;1;0.000144315218;0.000153341138;0.000130058952;0.000157692444;
2020;07;24;24;1;0.000128133718;0.000150621765;0.000119091660;0.000148156106;
2020;07;25;1;1;0.000108784620;0.000136193651;0.000107785803;0.000138544789;
2020;07;25;2;1;0.000092755231;0.000124304354;0.000098102398;0.000147457671;
2020;07;25;3;1;0.000081426207;0.000114634454;0.000092142981;0.000142254817;
2020;07;25;4;1;0.000074703871;0.000108907988;0.000089386018;0.000135616244;
2020;07;25;5;1;0.000070929665;0.000105600363;0.000088093566;0.000129049522;
2020;07;25;6;1;0.000069308151;0.000104131313;0.000088559154;0.000123594822;
2020;07;25;7;1;0.000069895379;0.000094119242;0.000088471555;0.000112798906;
2020;07;25;8;1;0.000074046484;0.000065568464;0.000084419132;0.000067653296;
2020;07;25;9;1;0.000087316328;0.000072488965;0.000095823624;0.000069645132;
2020;07;25;10;1;0.000106096790;0.000084933859;0.000111753888;0.000079541076;
2020;07;25;11;1;0.000122469654;0.000094662349;0.000127133509;0.000085784452;
2020;07;25;12;1;0.000129858462;0.000098289622;0.000133024812;0.000088359618;
2020;07;25;13;1;0.000135638215;0.000099647354;0.000136799040;0.000089136028;
2020;07;25;14;1;0.000144973466;0.000102085532;0.000135098198;0.000087556683;
2020;07;25;15;1;0.000147474289;0.000102663255;0.000127824159;0.000086052042;
2020;07;25;16;1;0.000139382141;0.000096865693;0.000123989063;0.000081299080;
2020;07;25;17;1;0.000132980462;0.000092441332;0.000120975534;0.000077683406;
2020;07;25;18;1;0.000131006030;0.000090816776;0.000120525963;0.000077404057;
2020;07;25;19;1;0.000130461946;0.000090630037;0.000121658086;0.000079113875;
2020;07;25;20;1;0.000129211661;0.000090639787;0.000124473684;0.000080383148;
2020;07;25;21;1;0.000129604884;0.000091983653;0.000126064923;0.000082748702;
2020;07;25;22;1;0.000136429739;0.000109493362;0.000126329422;0.000094606716;
2020;07;25;23;1;0.000138856388;0.000147953685;0.000127813900;0.000153417173;
2020;07;25;24;1;0.000125042843;0.000146693417;0.000118169263;0.000144255746;
2020;07;26;1;1;0.000109975548;0.000134509007;0.000110625078;0.000136903640;
2020;07;26;2;1;0.000095019757;0.000123216835;0.000099888424;0.000141796595;
2020;07;26;3;1;0.000083961177;0.000114178716;0.000094128388;0.000136859439;
2020;07;26;4;1;0.000076813340;0.000108155341;0.000090902588;0.000130379463;
2020;07;26;5;1;0.000072665951;0.000104615658;0.000089569535;0.000125494890;
2020;07;26;6;1;0.000070618392;0.000102965692;0.000089987935;0.000120940534;
2020;07;26;7;1;0.000070387629;0.000092686476;0.000087936807;0.000111494549;
2020;07;26;8;1;0.000072461875;0.000062689313;0.000079394065;0.000066331731;
2020;07;26;9;1;0.000082773904;0.000067062566;0.000085137744;0.000066004742;
2020;07;26;10;1;0.000099119613;0.000077846471;0.000093839335;0.000073596275;
2020;07;26;11;1;0.000114489326;0.000087854862;0.000102390565;0.000079639626;
2020;07;26;12;1;0.000123813881;0.000093405804;0.000108197297;0.000082890943;
2020;07;26;13;1;0.000130118634;0.000095482205;0.000112831677;0.000084644652;
2020;07;26;14;1;0.000139525681;0.000097580969;0.000115233829;0.000083067654;
2020;07;26;15;1;0.000144713883;0.000099286320;0.000114223942;0.000082928682;
2020;07;26;16;1;0.000137045677;0.000093897039;0.000111851809;0.000079055449;
2020;07;26;17;1;0.000131436850;0.000090114781;0.000107936773;0.000076151095;
2020;07;26;18;1;0.000129664287;0.000088712956;0.000104681400;0.000075755609;
2020;07;26;19;1;0.000130641425;0.000089225581;0.000104727565;0.000077704886;
2020;07;26;20;1;0.000131722647;0.000090360030;0.000107418609;0.000080150334;
2020;07;26;21;1;0.000135304022;0.000093334880;0.000109458853;0.000083165632;
2020;07;26;22;1;0.000145992928;0.000112823505;0.000115215918;0.000097146265;
2020;07;26;23;1;0.000150308464;0.000151497065;0.000119903802;0.000154489384;
2020;07;26;24;1;0.000133310535;0.000149293031;0.000110241014;0.000146580960;
2020;07;27;1;1;0.000109173782;0.000129813139;0.000101093623;0.000135048186;
2020;07;27;2;1;0.000090531284;0.000115932803;0.000093539716;0.000139406891;
2020;07;27;3;1;0.000079470947;0.000106610846;0.000089508074;0.000134070168;
2020;07;27;4;1;0.000073572529;0.000101537248;0.000087476801;0.000127916532;
2020;07;27;5;1;0.000070375320;0.000098827420;0.000087093454;0.000122968825;
2020;07;27;6;1;0.000069486944;0.000097763281;0.000089103979;0.000118553353;
2020;07;27;7;1;0.000073414228;0.000090786422;0.000095486783;0.000111475480;
2020;07;27;8;1;0.000083388160;0.000069711689;0.000105929574;0.000073383454;
2020;07;27;9;1;0.000098535659;0.000079059492;0.000140984456;0.000079302676;
2020;07;27;10;1;0.000114983948;0.000088740273;0.000164778626;0.000086527246;
2020;07;27;11;1;0.000128148037;0.000095531462;0.000180263003;0.000090381318;
2020;07;27;12;1;0.000134486620;0.000098175216;0.000186642960;0.000091710932;
2020;07;27;13;1;0.000142034531;0.000100669734;0.000190888279;0.000092377129;
2020;07;27;14;1;0.000153587467;0.000105118426;0.000187394472;0.000091892400;
2020;07;27;15;1;0.000156872143;0.000106400230;0.000171449973;0.000090822729;
2020;07;27;16;1;0.000150759582;0.000100992074;0.000163249655;0.000087841128;
2020;07;27;17;1;0.000148033485;0.000097829201;0.000162256492;0.000085836546;
2020;07;27;18;1;0.000149669203;0.000098056110;0.000163579079;0.000086868378;
2020;07;27;19;1;0.000149514169;0.000098078171;0.000159654792;0.000087745222;
2020;07;27;20;1;0.000146919747;0.000097413067;0.000152061640;0.000089843207;
2020;07;27;21;1;0.000146520137;0.000098532843;0.000140769060;0.000090930413;
2020;07;27;22;1;0.000155412340;0.000116308904;0.000132351305;0.000102862307;
2020;07;27;23;1;0.000157077141;0.000151641688;0.000128100962;0.000157022271;
2020;07;27;24;1;0.000135496611;0.000146500661;0.000115161317;0.000146536619;
2020;07;28;1;1;0.000110063348;0.000132880864;0.000103948318;0.000138096221;
2020;07;28;2;1;0.000091076422;0.000118836576;0.000096242840;0.000148219107;
2020;07;28;3;1;0.000080243971;0.000109659429;0.000092088117;0.000143479077;
2020;07;28;4;1;0.000074544979;0.000104860973;0.000089793154;0.000137059007;
2020;07;28;5;1;0.000071327798;0.000102129281;0.000089270115;0.000129779928;
2020;07;28;6;1;0.000070443074;0.000101079237;0.000091387822;0.000123482251;
2020;07;28;7;1;0.000074568102;0.000094162865;0.000097402226;0.000114926776;
2020;07;28;8;1;0.000085241159;0.000072273065;0.000108074193;0.000075363558;
2020;07;28;9;1;0.000100617339;0.000081732755;0.000141694371;0.000080140709;
2020;07;28;10;1;0.000116856594;0.000091161043;0.000165529238;0.000087254172;
2020;07;28;11;1;0.000130001267;0.000097624125;0.000180888316;0.000090777349;
2020;07;28;12;1;0.000136203927;0.000099947155;0.000187611546;0.000091503424;
2020;07;28;13;1;0.000143917819;0.000102597411;0.000192272498;0.000092498353;
2020;07;28;14;1;0.000155061812;0.000106981502;0.000188711353;0.000092052981;
2020;07;28;15;1;0.000156983384;0.000107577058;0.000173284614;0.000090722911;
2020;07;28;16;1;0.000150882642;0.000102074231;0.000165077441;0.000087817341;
2020;07;28;17;1;0.000148632982;0.000099061454;0.000164292987;0.000085994034;
2020;07;28;18;1;0.000150597561;0.000099355247;0.000165677135;0.000087101331;
2020;07;28;19;1;0.000150442860;0.000099410644;0.000161550651;0.000088191333;
2020;07;28;20;1;0.000147884037;0.000098923642;0.000153866905;0.000089411951;
2020;07;28;21;1;0.000146927636;0.000099998531;0.000142731666;0.000090844321;
2020;07;28;22;1;0.000154254138;0.000117718660;0.000133814171;0.000102060785;
2020;07;28;23;1;0.000155286670;0.000153863557;0.000129398276;0.000157866437;
2020;07;28;24;1;0.000134637308;0.000148963271;0.000116441762;0.000147690091;
2020;07;29;1;1;0.000110236015;0.000133055886;0.000104133202;0.000138217056;
2020;07;29;2;1;0.000091169594;0.000118921097;0.000096387673;0.000148236773;
2020;07;29;3;1;0.000080361017;0.000109790455;0.000092246815;0.000143582743;
2020;07;29;4;1;0.000074607398;0.000104913897;0.000089919994;0.000137039854;
2020;07;29;5;1;0.000071387304;0.000102180450;0.000089396125;0.000129761093;
2020;07;29;6;1;0.000070535940;0.000101184238;0.000091538931;0.000123547328;
2020;07;29;7;1;0.000074611643;0.000094183777;0.000097527692;0.000114869727;
2020;07;29;8;1;0.000085314612;0.000072311430;0.000108228384;0.000075355258;
2020;07;29;9;1;0.000100762323;0.000081828804;0.000141937315;0.000080196631;
2020;07;29;10;1;0.000117059183;0.000091297848;0.000165837154;0.000087350650;
2020;07;29;11;1;0.000130064298;0.000097635109;0.000181112179;0.000090720003;
2020;07;29;12;1;0.000136189860;0.000099893101;0.000187788562;0.000091370913;
2020;07;29;13;1;0.000143892874;0.000102534020;0.000192446878;0.000092355720;
2020;07;29;14;1;0.000155065975;0.000106939302;0.000188900991;0.000091937030;
2020;07;29;15;1;0.000157117712;0.000107633606;0.000173530783;0.000090712768;
2020;07;29;16;1;0.000151097308;0.000102192127;0.000165358951;0.000087876426;
2020;07;29;17;1;0.000148862522;0.000099189245;0.000164583174;0.000086066380;
2020;07;29;18;1;0.000150886747;0.000099524883;0.000166000990;0.000087219967;
2020;07;29;19;1;0.000150946497;0.000099737943;0.000161981965;0.000088485942;
2020;07;29;20;1;0.000148379564;0.000099249683;0.000154277925;0.000089711042;
2020;07;29;21;1;0.000147279564;0.000100222044;0.000143044528;0.000091028007;
2020;07;29;22;1;0.000154647224;0.000118001771;0.000134117783;0.000102288742;
2020;07;29;23;1;0.000155741221;0.000154298210;0.000129716630;0.000158301416;
2020;07;29;24;1;0.000135026614;0.000149378254;0.000116726045;0.000148090041;
2020;07;30;1;1;0.000111438447;0.000134230761;0.000105424568;0.000138908155;
2020;07;30;2;1;0.000092212007;0.000120040465;0.000097608466;0.000149085326;
2020;07;30;3;1;0.000081312528;0.000110873374;0.000093433968;0.000144485207;
2020;07;30;4;1;0.000075491481;0.000105949812;0.000091077609;0.000137903012;
2020;07;30;5;1;0.000072226924;0.000103179376;0.000090543031;0.000130562617;
2020;07;30;6;1;0.000071358646;0.000102162449;0.000092708842;0.000124293786;
2020;07;30;7;1;0.000075478633;0.000095089750;0.000098772021;0.000115556814;
2020;07;30;8;1;0.000086188574;0.000072896504;0.000109535188;0.000075662030;
2020;07;30;9;1;0.000101760990;0.000082460622;0.000143627684;0.000080486002;
2020;07;30;10;1;0.000118330512;0.000092099086;0.000167890293;0.000087781150;
2020;07;30;11;1;0.000131538191;0.000098543077;0.000183396921;0.000091226457;
2020;07;30;12;1;0.000137946420;0.000100995619;0.000190304336;0.000092079003;
2020;07;30;13;1;0.000145880999;0.000103770105;0.000195113768;0.000093188439;
2020;07;30;14;1;0.000157087728;0.000108136023;0.000191445586;0.000092666608;
2020;07;30;15;1;0.000159093050;0.000108782521;0.000175827866;0.000091374306;
2020;07;30;16;1;0.000152970677;0.000103263283;0.000167533350;0.000088496302;
2020;07;30;17;1;0.000150777273;0.000100279959;0.000166785661;0.000086728598;
2020;07;30;18;1;0.000152795658;0.000100595973;0.000168204896;0.000087865612;
2020;07;30;19;1;0.000152514495;0.000100561130;0.000163948486;0.000088864909;
2020;07;30;20;1;0.000149956845;0.000100095485;0.000156169687;0.000090125199;
2020;07;30;21;1;0.000148974543;0.000101173710;0.000144861628;0.000091558455;
2020;07;30;22;1;0.000156249358;0.000118972017;0.000135744239;0.000102722750;
2020;07;30;23;1;0.000157242385;0.000155443739;0.000131242505;0.000158816429;
2020;07;30;24;1;0.000136460787;0.000150649823;0.000118156832;0.000148771960;
2020;07;31;1;1;0.000112521177;0.000140979893;0.000107125567;0.000142096365;
2020;07;31;2;1;0.000093582731;0.000126769354;0.000098724877;0.000152560679;
2020;07;31;3;1;0.000082229942;0.000117168345;0.000094205219;0.000147788763;
2020;07;31;4;1;0.000076238426;0.000112011480;0.000091733104;0.000140923140;
2020;07;31;5;1;0.000072951425;0.000109123588;0.000091226815;0.000133320151;
2020;07;31;6;1;0.000072083056;0.000107998173;0.000093066408;0.000127357438;
2020;07;31;7;1;0.000076191729;0.000099713257;0.000098758488;0.000118714013;
2020;07;31;8;1;0.000087044205;0.000075425707;0.000109116628;0.000076045589;
2020;07;31;9;1;0.000102863618;0.000085255489;0.000143073146;0.000080345590;
2020;07;31;10;1;0.000119859581;0.000095327700;0.000166719381;0.000087290721;
2020;07;31;11;1;0.000133541855;0.000102059883;0.000182027294;0.000090969095;
2020;07;31;12;1;0.000139957794;0.000104518310;0.000189128320;0.000091883374;
2020;07;31;13;1;0.000147702759;0.000107157830;0.000193775455;0.000093800531;
2020;07;31;14;1;0.000158581002;0.000111377971;0.000190419376;0.000093125915;
2020;07;31;15;1;0.000160216574;0.000111795190;0.000173193387;0.000092281821;
2020;07;31;16;1;0.000154157699;0.000106169242;0.000161738207;0.000089868308;
2020;07;31;17;1;0.000151575386;0.000102979203;0.000158513511;0.000087701176;
2020;07;31;18;1;0.000153103131;0.000103098319;0.000158503595;0.000087997485;
2020;07;31;19;1;0.000152487692;0.000103143186;0.000156134777;0.000088992445;
2020;07;31;20;1;0.000148996015;0.000102390291;0.000151515107;0.000090216645;
2020;07;31;21;1;0.000145843953;0.000102325879;0.000143619115;0.000091072490;
2020;07;31;22;1;0.000149648845;0.000119157491;0.000137668830;0.000101102998;
2020;07;31;23;1;0.000149690867;0.000158149612;0.000135161994;0.000161068067;
2020;07;31;24;1;0.000132854839;0.000155278010;0.000123739806;0.000151246942;
