AŃO;MES;DIA;HORA;VERANO(1)/INVIERNO(0);COEF. PERFIL A;COEF. PERFIL B;COEF. PERFIL C;COEF. PERFIL D;
2020;12;01;1;0;0.000099629021;0.000168833670;0.000079436661;0.000150219346;
2020;12;01;2;0;0.000077800093;0.000149251497;0.000075717145;0.000167072362;
2020;12;01;3;0;0.000067018603;0.000135754034;0.000074233026;0.000164288229;
2020;12;01;4;0;0.000062283078;0.000127826369;0.000073436780;0.000158718325;
2020;12;01;5;0;0.000060552464;0.000125107972;0.000073515288;0.000150348785;
2020;12;01;6;0;0.000062094443;0.000130322515;0.000076151663;0.000143080115;
2020;12;01;7;0;0.000072742903;0.000138652388;0.000086639990;0.000141683755;
2020;12;01;8;0;0.000099116254;0.000155073591;0.000109378905;0.000145653603;
2020;12;01;9;0;0.000120673447;0.000145278469;0.000141624234;0.000119085248;
2020;12;01;10;0;0.000133183716;0.000132694518;0.000161819951;0.000094827793;
2020;12;01;11;0;0.000143290920;0.000131078058;0.000169748635;0.000095267736;
2020;12;01;12;0;0.000143940708;0.000121629650;0.000169292277;0.000091887116;
2020;12;01;13;0;0.000145673794;0.000103373844;0.000167241729;0.000088226072;
2020;12;01;14;0;0.000152516437;0.000104949163;0.000157564157;0.000084785598;
2020;12;01;15;0;0.000151584262;0.000104124183;0.000137776962;0.000081801721;
2020;12;01;16;0;0.000144389247;0.000098226106;0.000131358326;0.000077727659;
2020;12;01;17;0;0.000141264514;0.000094779783;0.000132503042;0.000076502472;
2020;12;01;18;0;0.000147773185;0.000102853422;0.000139802345;0.000083002177;
2020;12;01;19;0;0.000163724906;0.000145089062;0.000150685960;0.000145130925;
2020;12;01;20;0;0.000174315596;0.000158552767;0.000143348261;0.000165283268;
2020;12;01;21;0;0.000183999614;0.000168509289;0.000129481866;0.000168936224;
2020;12;01;22;0;0.000186064038;0.000175282863;0.000111739496;0.000169066999;
2020;12;01;23;0;0.000164888048;0.000199583999;0.000096881332;0.000164632911;
2020;12;01;24;0;0.000132839327;0.000190793431;0.000086832988;0.000156741457;
2020;12;02;1;0;0.000100779018;0.000170407525;0.000080510285;0.000150973182;
2020;12;02;2;0;0.000078765471;0.000150785946;0.000076773439;0.000168109849;
2020;12;02;3;0;0.000067852878;0.000137155732;0.000075270104;0.000165317487;
2020;12;02;4;0;0.000063043901;0.000129113222;0.000074454155;0.000159661740;
2020;12;02;5;0;0.000061451973;0.000126733611;0.000074630902;0.000151790320;
2020;12;02;6;0;0.000062822557;0.000131563652;0.000077188089;0.000143833424;
2020;12;02;7;0;0.000073342865;0.000139437296;0.000087669312;0.000141745701;
2020;12;02;8;0;0.000099822713;0.000155759268;0.000110616450;0.000145493749;
2020;12;02;9;0;0.000121947752;0.000146474196;0.000143469102;0.000119520466;
2020;12;02;10;0;0.000134587145;0.000133783415;0.000163925991;0.000095171543;
2020;12;02;11;0;0.000144866430;0.000132220252;0.000171996634;0.000095673423;
2020;12;02;12;0;0.000145799158;0.000122947936;0.000171696582;0.000092521529;
2020;12;02;13;0;0.000147634531;0.000104557147;0.000169662827;0.000088902045;
2020;12;02;14;0;0.000154531983;0.000106121993;0.000159826029;0.000085406405;
2020;12;02;15;0;0.000153636276;0.000105324936;0.000139777031;0.000082436970;
2020;12;02;16;0;0.000146294417;0.000099321592;0.000133242571;0.000078294682;
2020;12;02;17;0;0.000143115793;0.000095827459;0.000134397637;0.000077051245;
2020;12;02;18;0;0.000149693284;0.000103977650;0.000141793436;0.000083584886;
2020;12;02;19;0;0.000165948787;0.000146769734;0.000152876620;0.000146267727;
2020;12;02;20;0;0.000176543544;0.000160248355;0.000145374806;0.000166394653;
2020;12;02;21;0;0.000186475799;0.000170437632;0.000131356405;0.000170229453;
2020;12;02;22;0;0.000188592333;0.000177314013;0.000113364643;0.000170391254;
2020;12;02;23;0;0.000167232965;0.000202036735;0.000098321171;0.000166065979;
2020;12;02;24;0;0.000134637919;0.000192994127;0.000088093669;0.000157959038;
2020;12;03;1;0;0.000103645049;0.000174313806;0.000083117717;0.000152950740;
2020;12;03;2;0;0.000080941099;0.000154106298;0.000079228324;0.000170124090;
2020;12;03;3;0;0.000069705830;0.000140128409;0.000077665151;0.000167227126;
2020;12;03;4;0;0.000064832356;0.000132062771;0.000076862936;0.000161737223;
2020;12;03;5;0;0.000063035846;0.000129265431;0.000076948247;0.000153224626;
2020;12;03;6;0;0.000064660857;0.000134698881;0.000079720160;0.000145878041;
2020;12;03;7;0;0.000075764935;0.000143341013;0.000090709342;0.000144495154;
2020;12;03;8;0;0.000103202374;0.000160263170;0.000114498582;0.000148481211;
2020;12;03;9;0;0.000125764430;0.000150294638;0.000148321403;0.000121553541;
2020;12;03;10;0;0.000138982849;0.000137474478;0.000169582039;0.000096968253;
2020;12;03;11;0;0.000149632325;0.000135902887;0.000177951850;0.000097510553;
2020;12;03;12;0;0.000150314507;0.000126110080;0.000177475596;0.000094053492;
2020;12;03;13;0;0.000152116562;0.000107175709;0.000175321439;0.000090299735;
2020;12;03;14;0;0.000159253581;0.000108802621;0.000165172281;0.000086771883;
2020;12;03;15;0;0.000158329174;0.000107984420;0.000144452032;0.000083753990;
2020;12;03;16;0;0.000150811690;0.000101865998;0.000137721207;0.000079581192;
2020;12;03;17;0;0.000147635602;0.000098356943;0.000138962312;0.000078391786;
2020;12;03;18;0;0.000154544213;0.000106817157;0.000146667508;0.000085133943;
2020;12;03;19;0;0.000171063115;0.000150520081;0.000158010594;0.000148659428;
2020;12;03;20;0;0.000181658010;0.000164015673;0.000150122026;0.000168694420;
2020;12;03;21;0;0.000191500832;0.000174063812;0.000135512027;0.000172112442;
2020;12;03;22;0;0.000193733442;0.000181148058;0.000116968599;0.000172349919;
2020;12;03;23;0;0.000171998461;0.000206680987;0.000101508148;0.000168254683;
2020;12;03;24;0;0.000138607181;0.000197640340;0.000090992897;0.000160252913;
2020;12;04;1;0;0.000107242510;0.000184334209;0.000087584957;0.000155405509;
2020;12;04;2;0;0.000084797241;0.000163827692;0.000082906434;0.000172720642;
2020;12;04;3;0;0.000072769178;0.000149045335;0.000081296480;0.000169577045;
2020;12;04;4;0;0.000067470759;0.000140386274;0.000080382665;0.000163980570;
2020;12;04;5;0;0.000065560808;0.000137435996;0.000080353054;0.000155975241;
2020;12;04;6;0;0.000067138588;0.000143230008;0.000082932425;0.000148597566;
2020;12;04;7;0;0.000077981174;0.000151795267;0.000093774870;0.000146405506;
2020;12;04;8;0;0.000104738557;0.000167978948;0.000117518127;0.000150226150;
2020;12;04;9;0;0.000128978033;0.000156172956;0.000149049457;0.000122026544;
2020;12;04;10;0;0.000144988067;0.000144315235;0.000168737941;0.000098265646;
2020;12;04;11;0;0.000156323529;0.000143125418;0.000177372371;0.000098553439;
2020;12;04;12;0;0.000157219422;0.000133252008;0.000177921948;0.000095940429;
2020;12;04;13;0;0.000158694176;0.000113215876;0.000176109563;0.000092045412;
2020;12;04;14;0;0.000165577234;0.000114437632;0.000165335231;0.000089040510;
2020;12;04;15;0;0.000164485803;0.000113383515;0.000143291773;0.000085245924;
2020;12;04;16;0;0.000156726609;0.000107105406;0.000133248615;0.000081815075;
2020;12;04;17;0;0.000153583074;0.000103594208;0.000132491612;0.000080789058;
2020;12;04;18;0;0.000159717967;0.000112299476;0.000139590744;0.000087433621;
2020;12;04;19;0;0.000174759066;0.000158620585;0.000154015738;0.000150727037;
2020;12;04;20;0;0.000181922402;0.000170667691;0.000149593064;0.000170077949;
2020;12;04;21;0;0.000187206284;0.000177543943;0.000139710391;0.000173258617;
2020;12;04;22;0;0.000188401292;0.000183678281;0.000123480971;0.000173940880;
2020;12;04;23;0;0.000170479887;0.000212939445;0.000109308237;0.000170413376;
2020;12;04;24;0;0.000143202347;0.000208393006;0.000099358006;0.000163014652;
2020;12;05;1;0;0.000114508971;0.000188213580;0.000091871994;0.000157972300;
2020;12;05;2;0;0.000091914405;0.000168322563;0.000085532150;0.000174337741;
2020;12;05;3;0;0.000077995866;0.000152409779;0.000082457022;0.000170999271;
2020;12;05;4;0;0.000070933199;0.000142627481;0.000080948155;0.000164516115;
2020;12;05;5;0;0.000067639013;0.000138389159;0.000080104998;0.000156097970;
2020;12;05;6;0;0.000067391063;0.000143163190;0.000081076581;0.000148644199;
2020;12;05;7;0;0.000071195338;0.000146928637;0.000084641006;0.000143102273;
2020;12;05;8;0;0.000081706254;0.000150310973;0.000091363419;0.000137721844;
2020;12;05;9;0;0.000103762513;0.000135993216;0.000093532203;0.000106850548;
2020;12;05;10;0;0.000135575311;0.000137473235;0.000102980315;0.000091473824;
2020;12;05;11;0;0.000157452551;0.000145469658;0.000115849207;0.000098138647;
2020;12;05;12;0;0.000162854208;0.000139122718;0.000120303846;0.000098602985;
2020;12;05;13;0;0.000163549082;0.000117541400;0.000121599267;0.000094378018;
2020;12;05;14;0;0.000170305488;0.000117990630;0.000117134804;0.000090974106;
2020;12;05;15;0;0.000170640908;0.000117342732;0.000107159548;0.000087626936;
2020;12;05;16;0;0.000158526153;0.000108691747;0.000102469852;0.000080700486;
2020;12;05;17;0;0.000150674151;0.000102993930;0.000101022994;0.000078142571;
2020;12;05;18;0;0.000152360977;0.000108840182;0.000106879294;0.000081877537;
2020;12;05;19;0;0.000168264052;0.000154385006;0.000122346982;0.000144892506;
2020;12;05;20;0;0.000175299338;0.000165831410;0.000124747864;0.000165067636;
2020;12;05;21;0;0.000181102675;0.000172257359;0.000122344230;0.000168115308;
2020;12;05;22;0;0.000181683913;0.000177118445;0.000113524060;0.000168565792;
2020;12;05;23;0;0.000163678301;0.000205152246;0.000104317112;0.000166454893;
2020;12;05;24;0;0.000141373300;0.000202886241;0.000096871710;0.000160550746;
2020;12;06;1;0;0.000111253067;0.000168459258;0.000087272862;0.000154938640;
2020;12;06;2;0;0.000090863179;0.000150544860;0.000081165117;0.000167402802;
2020;12;06;3;0;0.000077156940;0.000136102055;0.000078575928;0.000163627928;
2020;12;06;4;0;0.000069054541;0.000126409801;0.000077053578;0.000157248470;
2020;12;06;5;0;0.000065132810;0.000122407708;0.000076358655;0.000150138118;
2020;12;06;6;0;0.000064157171;0.000126293356;0.000077429078;0.000143762486;
2020;12;06;7;0;0.000066492523;0.000128972858;0.000080404859;0.000139257180;
2020;12;06;8;0;0.000073298579;0.000130098406;0.000083273799;0.000134125295;
2020;12;06;9;0;0.000088646784;0.000113523930;0.000079315672;0.000098618156;
2020;12;06;10;0;0.000116347024;0.000115550780;0.000082135942;0.000082555651;
2020;12;06;11;0;0.000140610300;0.000126951310;0.000089438742;0.000090506295;
2020;12;06;12;0;0.000151380446;0.000126059409;0.000094379463;0.000092806775;
2020;12;06;13;0;0.000154555444;0.000109425577;0.000097395809;0.000089563524;
2020;12;06;14;0;0.000160770830;0.000109920994;0.000097303925;0.000085821395;
2020;12;06;15;0;0.000160155366;0.000108315575;0.000092565049;0.000083497915;
2020;12;06;16;0;0.000145168490;0.000097936459;0.000088510983;0.000075278195;
2020;12;06;17;0;0.000137675071;0.000092469893;0.000085736537;0.000072245061;
2020;12;06;18;0;0.000140330888;0.000098874150;0.000088421436;0.000076232848;
2020;12;06;19;0;0.000157528348;0.000140677638;0.000102964487;0.000142927899;
2020;12;06;20;0;0.000167594955;0.000152595776;0.000105368616;0.000162913745;
2020;12;06;21;0;0.000177248180;0.000160845119;0.000103715705;0.000167304331;
2020;12;06;22;0;0.000179393126;0.000166118791;0.000099478122;0.000168259143;
2020;12;06;23;0;0.000159343196;0.000188844895;0.000092590496;0.000165394801;
2020;12;06;24;0;0.000131720350;0.000182144864;0.000086006454;0.000158166654;
2020;12;07;1;0;0.000094250171;0.000158120183;0.000074111759;0.000148730319;
2020;12;07;2;0;0.000074490835;0.000139462390;0.000070753192;0.000160240789;
2020;12;07;3;0;0.000064197992;0.000126364201;0.000069513361;0.000156373923;
2020;12;07;4;0;0.000059446567;0.000118663480;0.000069020521;0.000150632425;
2020;12;07;5;0;0.000057734932;0.000116137028;0.000069224633;0.000144003141;
2020;12;07;6;0;0.000058940257;0.000120831092;0.000071602035;0.000138620372;
2020;12;07;7;0;0.000067981042;0.000127431953;0.000080763321;0.000136646412;
2020;12;07;8;0;0.000090741930;0.000140312072;0.000100140040;0.000138608759;
2020;12;07;9;0;0.000109860794;0.000129874149;0.000128114651;0.000108836905;
2020;12;07;10;0;0.000123457171;0.000120907420;0.000147835946;0.000087532813;
2020;12;07;11;0;0.000135328172;0.000122025931;0.000155914390;0.000089931720;
2020;12;07;12;0;0.000138064829;0.000115237580;0.000156303862;0.000089005949;
2020;12;07;13;0;0.000140359963;0.000099103777;0.000154401324;0.000084983956;
2020;12;07;14;0;0.000147397088;0.000100980184;0.000145868197;0.000081883370;
2020;12;07;15;0;0.000147339142;0.000100726630;0.000128470497;0.000079745144;
2020;12;07;16;0;0.000139728528;0.000094716480;0.000121844623;0.000075202148;
2020;12;07;17;0;0.000135948153;0.000090943535;0.000121588178;0.000073619624;
2020;12;07;18;0;0.000141789004;0.000098491660;0.000126636700;0.000079965029;
2020;12;07;19;0;0.000158649593;0.000139349930;0.000136178725;0.000143519704;
2020;12;07;20;0;0.000169688124;0.000152560876;0.000128934054;0.000165366446;
2020;12;07;21;0;0.000178614327;0.000161562732;0.000116300155;0.000168399227;
2020;12;07;22;0;0.000178764199;0.000166623590;0.000101733211;0.000168567895;
2020;12;07;23;0;0.000156446705;0.000187380318;0.000089036208;0.000164732635;
2020;12;07;24;0;0.000126405172;0.000178409111;0.000081153503;0.000155640031;
2020;12;08;1;0;0.000113346019;0.000170830210;0.000089447321;0.000155648593;
2020;12;08;2;0;0.000092714934;0.000152924262;0.000083251730;0.000168527562;
2020;12;08;3;0;0.000078801904;0.000138394613;0.000080633227;0.000164937575;
2020;12;08;4;0;0.000070496114;0.000128476849;0.000079054062;0.000158410399;
2020;12;08;5;0;0.000066564313;0.000124558660;0.000078383291;0.000151474773;
2020;12;08;6;0;0.000065662703;0.000128720653;0.000079539776;0.000145336444;
2020;12;08;7;0;0.000068155149;0.000131671479;0.000082658397;0.000141077042;
2020;12;08;8;0;0.000075391290;0.000133331810;0.000085754891;0.000136534140;
2020;12;08;9;0;0.000091342453;0.000116579565;0.000081751834;0.000100643411;
2020;12;08;10;0;0.000119692135;0.000118448339;0.000084591317;0.000084061234;
2020;12;08;11;0;0.000144460073;0.000129941394;0.000092051708;0.000091984609;
2020;12;08;12;0;0.000155426832;0.000128937775;0.000097106287;0.000094239474;
2020;12;08;13;0;0.000158687859;0.000111925027;0.000100210182;0.000090947014;
2020;12;08;14;0;0.000164963545;0.000112351616;0.000100083557;0.000087069400;
2020;12;08;15;0;0.000164366197;0.000110736179;0.000095219372;0.000084736279;
2020;12;08;16;0;0.000148914830;0.000100072611;0.000091027329;0.000076344831;
2020;12;08;17;0;0.000141133845;0.000094416861;0.000088144480;0.000073201077;
2020;12;08;18;0;0.000143799684;0.000100911702;0.000090886955;0.000077199195;
2020;12;08;19;0;0.000161390476;0.000143545300;0.000105825050;0.000144700295;
2020;12;08;20;0;0.000172093098;0.000156098611;0.000108418628;0.000165453513;
2020;12;08;21;0;0.000182547792;0.000165081833;0.000106877267;0.000170614487;
2020;12;08;22;0;0.000184128346;0.000169850299;0.000102335739;0.000170778923;
2020;12;08;23;0;0.000163257968;0.000192705348;0.000095164991;0.000167458286;
2020;12;08;24;0;0.000134742943;0.000185541908;0.000088327630;0.000159789261;
2020;12;09;1;0;0.000104793133;0.000175767716;0.000084617357;0.000153058935;
2020;12;09;2;0;0.000081757724;0.000155222605;0.000080618750;0.000170011716;
2020;12;09;3;0;0.000070360717;0.000141035283;0.000079001456;0.000166955028;
2020;12;09;4;0;0.000065359367;0.000132731995;0.000078136632;0.000161191697;
2020;12;09;5;0;0.000063553602;0.000129932012;0.000078227396;0.000152722477;
2020;12;09;6;0;0.000065345566;0.000135747326;0.000081141599;0.000145872873;
2020;12;09;7;0;0.000076790888;0.000144926121;0.000092460878;0.000145078596;
2020;12;09;8;0;0.000104899609;0.000162552893;0.000116874447;0.000149680418;
2020;12;09;9;0;0.000128239857;0.000152982046;0.000151638926;0.000123079559;
2020;12;09;10;0;0.000141768321;0.000139987355;0.000173405610;0.000098233596;
2020;12;09;11;0;0.000152776455;0.000138533301;0.000182050800;0.000098913396;
2020;12;09;12;0;0.000153741988;0.000128801260;0.000181722881;0.000095638669;
2020;12;09;13;0;0.000155580431;0.000109459165;0.000179514425;0.000091817830;
2020;12;09;14;0;0.000162875504;0.000111117156;0.000169120839;0.000088226619;
2020;12;09;15;0;0.000161906247;0.000110263521;0.000147894374;0.000085140730;
2020;12;09;16;0;0.000154312915;0.000104086478;0.000141045912;0.000080967577;
2020;12;09;17;0;0.000151237252;0.000100629848;0.000142398519;0.000079885763;
2020;12;09;18;0;0.000158095453;0.000109117827;0.000150189774;0.000086590446;
2020;12;09;19;0;0.000174905023;0.000153674957;0.000161764746;0.000151094857;
2020;12;09;20;0;0.000185828446;0.000167544048;0.000153726416;0.000171573755;
2020;12;09;21;0;0.000196147191;0.000178060053;0.000138854760;0.000175358715;
2020;12;09;22;0;0.000198330133;0.000185198879;0.000119822979;0.000175471725;
2020;12;09;23;0;0.000175949656;0.000211129879;0.000103946755;0.000171127527;
2020;12;09;24;0;0.000141552929;0.000201518076;0.000093100021;0.000162610592;
2020;12;10;1;0;0.000107259083;0.000179445188;0.000086261853;0.000155913876;
2020;12;10;2;0;0.000083633308;0.000158369103;0.000082161269;0.000173046505;
2020;12;10;3;0;0.000071951662;0.000143843113;0.000080499588;0.000169861407;
2020;12;10;4;0;0.000066806414;0.000135305361;0.000079599798;0.000163893714;
2020;12;10;5;0;0.000064978566;0.000132492118;0.000079702655;0.000155344430;
2020;12;10;6;0;0.000066637479;0.000138023543;0.000082564267;0.000147844387;
2020;12;10;7;0;0.000077985580;0.000146678919;0.000093888900;0.000146191554;
2020;12;10;8;0;0.000106464447;0.000164403207;0.000118642733;0.000150694886;
2020;12;10;9;0;0.000129964608;0.000154474530;0.000153822286;0.000123664047;
2020;12;10;10;0;0.000143728904;0.000141412003;0.000175935267;0.000098751616;
2020;12;10;11;0;0.000154896705;0.000139950614;0.000184710992;0.000099441641;
2020;12;10;12;0;0.000155872630;0.000130116220;0.000184376492;0.000096146859;
2020;12;10;13;0;0.000157698563;0.000110547079;0.000182113818;0.000092274882;
2020;12;10;14;0;0.000165050288;0.000112189372;0.000171547413;0.000088634133;
2020;12;10;15;0;0.000164105865;0.000111355958;0.000150033720;0.000085561269;
2020;12;10;16;0;0.000156286097;0.000105025707;0.000143029677;0.000081278589;
2020;12;10;17;0;0.000153059905;0.000101455951;0.000144348976;0.000080111660;
2020;12;10;18;0;0.000159884368;0.000109924543;0.000152191983;0.000086747064;
2020;12;10;19;0;0.000176486042;0.000154424146;0.000163736380;0.000150895821;
2020;12;10;20;0;0.000187329089;0.000168182293;0.000155525501;0.000171121022;
2020;12;10;21;0;0.000197611616;0.000178618801;0.000140436514;0.000174751328;
2020;12;10;22;0;0.000200018526;0.000185995000;0.000121250339;0.000175118126;
2020;12;10;23;0;0.000177737412;0.000212422077;0.000105271192;0.000171169203;
2020;12;10;24;0;0.000143115592;0.000202946988;0.000094327691;0.000162845165;
2020;12;11;1;0;0.000107617209;0.000185076701;0.000087520650;0.000156455898;
2020;12;11;2;0;0.000085031976;0.000164355712;0.000082815287;0.000173714820;
2020;12;11;3;0;0.000072941489;0.000149459645;0.000081190618;0.000170459829;
2020;12;11;4;0;0.000067526129;0.000140535199;0.000080215880;0.000164481516;
2020;12;11;5;0;0.000065559332;0.000137453134;0.000080152399;0.000156269319;
2020;12;11;6;0;0.000067121352;0.000143210935;0.000082715241;0.000148830881;
2020;12;11;7;0;0.000077935955;0.000151720663;0.000093514034;0.000146570051;
2020;12;11;8;0;0.000104724793;0.000167979739;0.000117218037;0.000150487306;
2020;12;11;9;0;0.000128940928;0.000156146359;0.000148657643;0.000122211409;
2020;12;11;10;0;0.000144877745;0.000144214655;0.000168254805;0.000098349475;
2020;12;11;11;0;0.000156404098;0.000143228555;0.000176977699;0.000098812213;
2020;12;11;12;0;0.000157031278;0.000133094445;0.000177374278;0.000095963587;
2020;12;11;13;0;0.000158146026;0.000112798167;0.000175368621;0.000091779125;
2020;12;11;14;0;0.000164947524;0.000113971122;0.000164610581;0.000088739977;
2020;12;11;15;0;0.000163745027;0.000112833146;0.000142613415;0.000084875444;
2020;12;11;16;0;0.000155923597;0.000106511724;0.000132576559;0.000081388960;
2020;12;11;17;0;0.000152683900;0.000102935788;0.000131775190;0.000080285949;
2020;12;11;18;0;0.000158590549;0.000111435283;0.000138752528;0.000086742044;
2020;12;11;19;0;0.000173465076;0.000157339246;0.000153063884;0.000149463327;
2020;12;11;20;0;0.000180636839;0.000169353152;0.000148693692;0.000168732117;
2020;12;11;21;0;0.000185824609;0.000176114708;0.000138848223;0.000171812821;
2020;12;11;22;0;0.000186949906;0.000182134274;0.000122698258;0.000172413560;
2020;12;11;23;0;0.000169179535;0.000211167386;0.000108619602;0.000168934767;
2020;12;11;24;0;0.000142202222;0.000206807297;0.000098764466;0.000161744419;
2020;12;12;1;0;0.000109148695;0.000181031575;0.000086759850;0.000154772132;
2020;12;12;2;0;0.000087630160;0.000161937431;0.000080781076;0.000170856507;
2020;12;12;3;0;0.000074321922;0.000146544335;0.000077856281;0.000167465896;
2020;12;12;4;0;0.000067581852;0.000137115905;0.000076425745;0.000161084012;
2020;12;12;5;0;0.000064487884;0.000133143851;0.000075655590;0.000152989475;
2020;12;12;6;0;0.000064272804;0.000137788143;0.000076585431;0.000145753258;
2020;12;12;7;0;0.000067808245;0.000141197744;0.000079897443;0.000140053990;
2020;12;12;8;0;0.000077815015;0.000144439808;0.000086240731;0.000134778711;
2020;12;12;9;0;0.000098665439;0.000130452957;0.000088218485;0.000104338756;
2020;12;12;10;0;0.000128519775;0.000131422278;0.000096981651;0.000088940862;
2020;12;12;11;0;0.000149080816;0.000138882726;0.000109036101;0.000095263153;
2020;12;12;12;0;0.000154008641;0.000132644667;0.000113160047;0.000095553340;
2020;12;12;13;0;0.000154573232;0.000111993736;0.000114344353;0.000091382996;
2020;12;12;14;0;0.000160947311;0.000112412947;0.000110142059;0.000088078776;
2020;12;12;15;0;0.000161261513;0.000111793633;0.000100761247;0.000084836439;
2020;12;12;16;0;0.000149720244;0.000103480673;0.000096322047;0.000078063283;
2020;12;12;17;0;0.000142084104;0.000097887133;0.000094888931;0.000075425667;
2020;12;12;18;0;0.000143572976;0.000103361405;0.000100355399;0.000078950743;
2020;12;12;19;0;0.000158784095;0.000146845856;0.000114959362;0.000139992123;
2020;12;12;20;0;0.000165396292;0.000157705180;0.000117205505;0.000159450017;
2020;12;12;21;0;0.000170860434;0.000163804533;0.000114942830;0.000162380661;
2020;12;12;22;0;0.000171750591;0.000168800481;0.000106762280;0.000163267695;
2020;12;12;23;0;0.000154976990;0.000195865116;0.000098182437;0.000161580622;
2020;12;12;24;0;0.000134189581;0.000194234828;0.000091288284;0.000156384538;
2020;12;13;1;0;0.000107448030;0.000163613065;0.000083943404;0.000152097008;
2020;12;13;2;0;0.000087869312;0.000146424717;0.000078119277;0.000164628615;
2020;12;13;3;0;0.000074734282;0.000132613065;0.000075687728;0.000161275157;
2020;12;13;4;0;0.000066933120;0.000123265197;0.000074247185;0.000155138733;
2020;12;13;5;0;0.000063049077;0.000119188753;0.000073529308;0.000147854076;
2020;12;13;6;0;0.000062204112;0.000123191338;0.000074619413;0.000141891835;
2020;12;13;7;0;0.000064483419;0.000125837802;0.000077496071;0.000137490423;
2020;12;13;8;0;0.000071113493;0.000126994917;0.000080277888;0.000132500702;
2020;12;13;9;0;0.000085930185;0.000110710059;0.000076429092;0.000097307796;
2020;12;13;10;0;0.000112442604;0.000112309794;0.000079028626;0.000081116829;
2020;12;13;11;0;0.000135595854;0.000123091965;0.000085961740;0.000088659509;
2020;12;13;12;0;0.000145872917;0.000122125914;0.000090676318;0.000090819213;
2020;12;13;13;0;0.000148754362;0.000105870343;0.000093518308;0.000087500045;
2020;12;13;14;0;0.000154507416;0.000106175080;0.000093360350;0.000083672885;
2020;12;13;15;0;0.000154120778;0.000104779294;0.000088872277;0.000081558749;
2020;12;13;16;0;0.000139752628;0.000094779550;0.000084996733;0.000073568763;
2020;12;13;17;0;0.000132449249;0.000089421837;0.000082305012;0.000070537589;
2020;12;13;18;0;0.000135361827;0.000095896231;0.000084995116;0.000074704439;
2020;12;13;19;0;0.000152204788;0.000136694689;0.000099057280;0.000140388736;
2020;12;13;20;0;0.000162119136;0.000148466602;0.000101429001;0.000160277475;
2020;12;13;21;0;0.000171716086;0.000156755329;0.000099913565;0.000164941684;
2020;12;13;22;0;0.000173215342;0.000161296267;0.000095671312;0.000165117485;
2020;12;13;23;0;0.000153716905;0.000183178866;0.000089006774;0.000162104059;
2020;12;13;24;0;0.000127217077;0.000176907726;0.000082725879;0.000155268871;
2020;12;14;1;0;0.000100276826;0.000165592102;0.000080276206;0.000151119287;
2020;12;14;2;0;0.000079560791;0.000146679157;0.000076788364;0.000163681997;
2020;12;14;3;0;0.000068832148;0.000133472240;0.000075589702;0.000160582878;
2020;12;14;4;0;0.000063817152;0.000125511431;0.000075101064;0.000154952184;
2020;12;14;5;0;0.000062031586;0.000122952961;0.000075355362;0.000148302292;
2020;12;14;6;0;0.000063566038;0.000128459330;0.000078091356;0.000143505656;
2020;12;14;7;0;0.000073975096;0.000136832029;0.000088475195;0.000143239543;
2020;12;14;8;0;0.000100055987;0.000152893697;0.000110423923;0.000148002520;
2020;12;14;9;0;0.000121882200;0.000142487746;0.000141703819;0.000117209015;
2020;12;14;10;0;0.000135786305;0.000131378014;0.000162818256;0.000093130964;
2020;12;14;11;0;0.000147749185;0.000131509878;0.000171087245;0.000094703607;
2020;12;14;12;0;0.000150321799;0.000123813551;0.000171279117;0.000093369260;
2020;12;14;13;0;0.000152680817;0.000106370769;0.000169116926;0.000089036707;
2020;12;14;14;0;0.000159588922;0.000107824385;0.000159396997;0.000085235033;
2020;12;14;15;0;0.000159062859;0.000107207009;0.000140180655;0.000082675947;
2020;12;14;16;0;0.000151630149;0.000101391516;0.000133297286;0.000078526910;
2020;12;14;17;0;0.000147912521;0.000097634861;0.000133189961;0.000077153155;
2020;12;14;18;0;0.000154494837;0.000105911927;0.000138821488;0.000083975996;
2020;12;14;19;0;0.000172549682;0.000149543147;0.000149145521;0.000150333751;
2020;12;14;20;0;0.000184405485;0.000163572624;0.000141153868;0.000173021880;
2020;12;14;21;0;0.000193838372;0.000172958882;0.000127234993;0.000175857381;
2020;12;14;22;0;0.000192912125;0.000177265551;0.000110984458;0.000174666722;
2020;12;14;23;0;0.000168057163;0.000198338155;0.000096909029;0.000169617096;
2020;12;14;24;0;0.000135716125;0.000188733478;0.000088307161;0.000160137732;
2020;12;15;1;0;0.000101916336;0.000171930426;0.000081579373;0.000151706887;
2020;12;15;2;0;0.000079564349;0.000151942549;0.000077748877;0.000168662061;
2020;12;15;3;0;0.000068521355;0.000138163541;0.000076215545;0.000165793928;
2020;12;15;4;0;0.000063635517;0.000129994964;0.000075371947;0.000160018634;
2020;12;15;5;0;0.000061877088;0.000127252581;0.000075458693;0.000151612820;
2020;12;15;6;0;0.000063492030;0.000132647274;0.000078189284;0.000144405498;
2020;12;15;7;0;0.000074462090;0.000141298563;0.000089007115;0.000143215412;
2020;12;15;8;0;0.000101514124;0.000158129292;0.000112397561;0.000147340940;
2020;12;15;9;0;0.000123849513;0.000148483219;0.000145683477;0.000120813064;
2020;12;15;10;0;0.000136613284;0.000135538114;0.000166412010;0.000096129477;
2020;12;15;11;0;0.000147057007;0.000133964179;0.000174611001;0.000096645012;
2020;12;15;12;0;0.000147744682;0.000124327184;0.000174153846;0.000093233743;
2020;12;15;13;0;0.000149653407;0.000105768446;0.000172119109;0.000089627008;
2020;12;15;14;0;0.000156514268;0.000107251735;0.000162072148;0.000086002919;
2020;12;15;15;0;0.000155436546;0.000106316650;0.000141663538;0.000082886633;
2020;12;15;16;0;0.000148038794;0.000100279426;0.000135054733;0.000078743886;
2020;12;15;17;0;0.000144937875;0.000096837410;0.000136279882;0.000077579231;
2020;12;15;18;0;0.000151431708;0.000104944486;0.000143700144;0.000084028236;
2020;12;15;19;0;0.000167886891;0.000148145271;0.000154937157;0.000147057308;
2020;12;15;20;0;0.000178689855;0.000161835260;0.000147368988;0.000167402980;
2020;12;15;21;0;0.000188565359;0.000171945735;0.000133095430;0.000171038000;
2020;12;15;22;0;0.000190731200;0.000178909728;0.000114873057;0.000171232873;
2020;12;15;23;0;0.000169462749;0.000204300690;0.000099727972;0.000167341287;
2020;12;15;24;0;0.000136615864;0.000195447058;0.000089414142;0.000159467618;
2020;12;16;1;0;0.000104503236;0.000175607394;0.000083729613;0.000153922694;
2020;12;16;2;0;0.000081606610;0.000155240115;0.000079809198;0.000171191973;
2020;12;16;3;0;0.000070261447;0.000141120404;0.000078224690;0.000168219147;
2020;12;16;4;0;0.000065266396;0.000132810668;0.000077367598;0.000162411033;
2020;12;16;5;0;0.000063400555;0.000129867102;0.000077418435;0.000153670264;
2020;12;16;6;0;0.000064998379;0.000135241198;0.000080184787;0.000146187746;
2020;12;16;7;0;0.000076141013;0.000143877291;0.000091226503;0.000144750291;
2020;12;16;8;0;0.000103827106;0.000161056818;0.000115213443;0.000148968412;
2020;12;16;9;0;0.000126481200;0.000150979780;0.000149221290;0.000121892539;
2020;12;16;10;0;0.000139629943;0.000137941943;0.000170522514;0.000097098449;
2020;12;16;11;0;0.000150226522;0.000136261740;0.000178877692;0.000097549099;
2020;12;16;12;0;0.000151048120;0.000126570364;0.000178479707;0.000094209118;
2020;12;16;13;0;0.000152997980;0.000107675578;0.000176393524;0.000090563402;
2020;12;16;14;0;0.000160187767;0.000109318708;0.000166188298;0.000087033777;
2020;12;16;15;0;0.000159313037;0.000108538307;0.000145365809;0.000084047051;
2020;12;16;16;0;0.000151799769;0.000102426698;0.000138615623;0.000079896928;
2020;12;16;17;0;0.000148568693;0.000098873107;0.000139848553;0.000078677845;
2020;12;16;18;0;0.000155284584;0.000107196323;0.000147490860;0.000085264045;
2020;12;16;19;0;0.000171701177;0.000150877238;0.000158813681;0.000148668466;
2020;12;16;20;0;0.000182427218;0.000164496697;0.000150922840;0.000168822644;
2020;12;16;21;0;0.000192340292;0.000174603188;0.000136244928;0.000172279076;
2020;12;16;22;0;0.000194588165;0.000181715168;0.000117602733;0.000172523941;
2020;12;16;23;0;0.000172827624;0.000207421760;0.000102079294;0.000168519606;
2020;12;16;24;0;0.000139258060;0.000198321295;0.000091499210;0.000160477456;
2020;12;17;1;0;0.000104142643;0.000175080224;0.000083432408;0.000153601422;
2020;12;17;2;0;0.000081293758;0.000154708001;0.000079510593;0.000170743574;
2020;12;17;3;0;0.000069984206;0.000140619067;0.000077927652;0.000167752170;
2020;12;17;4;0;0.000065033896;0.000132395440;0.000077088688;0.000162046637;
2020;12;17;5;0;0.000063211298;0.000129544394;0.000077161698;0.000153448778;
2020;12;17;6;0;0.000064776113;0.000134839750;0.000079901540;0.000145888387;
2020;12;17;7;0;0.000075869724;0.000143427202;0.000090897798;0.000144424698;
2020;12;17;8;0;0.000103519163;0.000160660050;0.000114832457;0.000148757722;
2020;12;17;9;0;0.000126306796;0.000150874323;0.000148845980;0.000121989657;
2020;12;17;10;0;0.000139344949;0.000137743975;0.000170037377;0.000097086143;
2020;12;17;11;0;0.000149867779;0.000136013598;0.000178337849;0.000097489556;
2020;12;17;12;0;0.000150729438;0.000126379003;0.000177965917;0.000094188035;
2020;12;17;13;0;0.000152607329;0.000107459692;0.000175846654;0.000090487244;
2020;12;17;14;0;0.000159730438;0.000109062860;0.000165648042;0.000086924033;
2020;12;17;15;0;0.000158611184;0.000108097319;0.000144780257;0.000083760202;
2020;12;17;16;0;0.000151088277;0.000101978452;0.000138037842;0.000079592844;
2020;12;17;17;0;0.000147902953;0.000098462970;0.000139280279;0.000078400648;
2020;12;17;18;0;0.000154580290;0.000106745079;0.000146887765;0.000084956870;
2020;12;17;19;0;0.000171081331;0.000150397478;0.000158237466;0.000148324841;
2020;12;17;20;0;0.000181918019;0.000164123387;0.000150436969;0.000168624846;
2020;12;17;21;0;0.000191772196;0.000174175419;0.000135795268;0.000172038282;
2020;12;17;22;0;0.000194110451;0.000181370615;0.000117244014;0.000172402123;
2020;12;17;23;0;0.000172486828;0.000207139756;0.000101792683;0.000168513488;
2020;12;17;24;0;0.000139089156;0.000198218968;0.000091277045;0.000160640954;
2020;12;18;1;0;0.000106804798;0.000183806247;0.000086950107;0.000155507940;
2020;12;18;2;0;0.000084422941;0.000163298013;0.000082291594;0.000172755057;
2020;12;18;3;0;0.000072441849;0.000148549647;0.000080690012;0.000169591650;
2020;12;18;4;0;0.000067172809;0.000139932271;0.000079786246;0.000164013768;
2020;12;18;5;0;0.000065207471;0.000136842815;0.000079717730;0.000155795517;
2020;12;18;6;0;0.000066708001;0.000142448841;0.000082234180;0.000148214811;
2020;12;18;7;0;0.000077418950;0.000150832836;0.000092948209;0.000145865386;
2020;12;18;8;0;0.000104047288;0.000167027777;0.000116517990;0.000149799448;
2020;12;18;9;0;0.000128344606;0.000155581986;0.000147906557;0.000121967306;
2020;12;18;10;0;0.000144129435;0.000143606721;0.000167359300;0.000098078988;
2020;12;18;11;0;0.000155409538;0.000142434667;0.000175930010;0.000098376385;
2020;12;18;12;0;0.000156003628;0.000132329349;0.000176307667;0.000095515727;
2020;12;18;13;0;0.000157158633;0.000112187447;0.000174340491;0.000091389150;
2020;12;18;14;0;0.000163711468;0.000113195832;0.000163541958;0.000088209269;
2020;12;18;15;0;0.000162756708;0.000112248350;0.000141792052;0.000084539467;
2020;12;18;16;0;0.000155114039;0.000106059549;0.000131869137;0.000081162103;
2020;12;18;17;0;0.000151915754;0.000102517225;0.000131082676;0.000080080142;
2020;12;18;18;0;0.000158002941;0.000111146591;0.000138114998;0.000086680219;
2020;12;18;19;0;0.000173100464;0.000157212261;0.000152483127;0.000149690743;
2020;12;18;20;0;0.000180118786;0.000169072079;0.000148072784;0.000168808393;
2020;12;18;21;0;0.000185324199;0.000175856623;0.000138280686;0.000171932055;
2020;12;18;22;0;0.000186536538;0.000181964678;0.000122226674;0.000172647685;
2020;12;18;23;0;0.000168805735;0.000210971174;0.000108202180;0.000169164674;
2020;12;18;24;0;0.000141946447;0.000206709839;0.000098404993;0.000162057787;
2020;12;19;1;0;0.000111502769;0.000184191679;0.000089135219;0.000156058151;
2020;12;19;2;0;0.000089314355;0.000164343473;0.000082897300;0.000171726474;
2020;12;19;3;0;0.000075827604;0.000148889860;0.000079937018;0.000168555292;
2020;12;19;4;0;0.000068936559;0.000139277978;0.000078460218;0.000162083983;
2020;12;19;5;0;0.000065785125;0.000135253473;0.000077672509;0.000153952893;
2020;12;19;6;0;0.000065698454;0.000140286049;0.000078706904;0.000147082797;
2020;12;19;7;0;0.000069515396;0.000144225614;0.000082230777;0.000141907320;
2020;12;19;8;0;0.000079809611;0.000147610214;0.000088779023;0.000136646822;
2020;12;19;9;0;0.000101397060;0.000133613231;0.000090905419;0.000106080261;
2020;12;19;10;0;0.000132100785;0.000134631884;0.000099944174;0.000090447013;
2020;12;19;11;0;0.000153237749;0.000142277486;0.000112368216;0.000096878542;
2020;12;19;12;0;0.000158416210;0.000135994832;0.000116660091;0.000097269835;
2020;12;19;13;0;0.000159226551;0.000115006548;0.000117966150;0.000093211122;
2020;12;19;14;0;0.000165875193;0.000115500784;0.000113659508;0.000089902300;
2020;12;19;15;0;0.000166413564;0.000115028877;0.000104046853;0.000086746980;
2020;12;19;16;0;0.000154580314;0.000106534354;0.000099487134;0.000079877160;
2020;12;19;17;0;0.000146665631;0.000100752777;0.000097995827;0.000077157300;
2020;12;19;18;0;0.000148029913;0.000106250227;0.000103579781;0.000080634621;
2020;12;19;19;0;0.000163151649;0.000150373955;0.000118450605;0.000142293706;
2020;12;19;20;0;0.000169693376;0.000161227589;0.000120675534;0.000161736586;
2020;12;19;21;0;0.000175276969;0.000167439320;0.000118338212;0.000164680056;
2020;12;19;22;0;0.000176116570;0.000172466215;0.000109892888;0.000165484200;
2020;12;19;23;0;0.000158732156;0.000199860859;0.000101002506;0.000163511334;
2020;12;19;24;0;0.000137407185;0.000198143023;0.000093898778;0.000158198937;
2020;12;20;1;0;0.000108070855;0.000164455570;0.000084412562;0.000152739699;
2020;12;20;2;0;0.000088265004;0.000146968564;0.000078505230;0.000165029657;
2020;12;20;3;0;0.000075029593;0.000133024386;0.000076040779;0.000161544712;
2020;12;20;4;0;0.000067181382;0.000123614343;0.000074584529;0.000155345855;
2020;12;20;5;0;0.000063365359;0.000119699413;0.000073911394;0.000148319733;
2020;12;20;6;0;0.000062425018;0.000123518643;0.000074952619;0.000142049985;
2020;12;20;7;0;0.000064628435;0.000125990000;0.000077791853;0.000137394625;
2020;12;20;8;0;0.000071252456;0.000127106924;0.000080572485;0.000132354119;
2020;12;20;9;0;0.000086208590;0.000110965804;0.000076758643;0.000097373782;
2020;12;20;10;0;0.000113041902;0.000112830186;0.000079451493;0.000081407945;
2020;12;20;11;0;0.000136444425;0.000123789125;0.000086461692;0.000089091603;
2020;12;20;12;0;0.000146756771;0.000122790475;0.000091194876;0.000091236316;
2020;12;20;13;0;0.000149620352;0.000106418542;0.000094042003;0.000087873123;
2020;12;20;14;0;0.000155245331;0.000106601561;0.000093834377;0.000083908273;
2020;12;20;15;0;0.000154603113;0.000105008822;0.000089250035;0.000081602661;
2020;12;20;16;0;0.000140120993;0.000094935209;0.000085337038;0.000073558002;
2020;12;20;17;0;0.000132892466;0.000089639118;0.000082664005;0.000070596339;
2020;12;20;18;0;0.000135527212;0.000095902838;0.000085275897;0.000074545956;
2020;12;20;19;0;0.000152568877;0.000136882011;0.000099442075;0.000140319947;
2020;12;20;20;0;0.000162715626;0.000148882252;0.000101888295;0.000160484979;
2020;12;20;21;0;0.000172472428;0.000157320378;0.000100402284;0.000165320896;
2020;12;20;22;0;0.000174334080;0.000162245174;0.000096237994;0.000165965658;
2020;12;20;23;0;0.000154646462;0.000184172781;0.000089515712;0.000162844116;
2020;12;20;24;0;0.000127908836;0.000177748052;0.000083173521;0.000155847165;
2020;12;21;1;0;0.000099396695;0.000164478254;0.000079328630;0.000150813982;
2020;12;21;2;0;0.000078807082;0.000145578957;0.000075855138;0.000163192692;
2020;12;21;3;0;0.000068083913;0.000132263626;0.000074618243;0.000159789867;
2020;12;21;4;0;0.000063156290;0.000124446895;0.000074155112;0.000154298759;
2020;12;21;5;0;0.000061356958;0.000121839019;0.000074386576;0.000147569497;
2020;12;21;6;0;0.000062816634;0.000127164832;0.000077051782;0.000142613351;
2020;12;21;7;0;0.000072992015;0.000135224355;0.000087231600;0.000142047140;
2020;12;21;8;0;0.000098727194;0.000151098957;0.000108872105;0.000146772900;
2020;12;21;9;0;0.000120362209;0.000140943625;0.000139769515;0.000116368060;
2020;12;21;10;0;0.000134220077;0.000130091224;0.000160671859;0.000092584572;
2020;12;21;11;0;0.000145919257;0.000130097252;0.000168759170;0.000094035438;
2020;12;21;12;0;0.000148031054;0.000122090537;0.000168703894;0.000092339001;
2020;12;21;13;0;0.000150216362;0.000104783760;0.000166497739;0.000087942385;
2020;12;21;14;0;0.000157135594;0.000106307991;0.000156989250;0.000084279197;
2020;12;21;15;0;0.000156773953;0.000105816442;0.000138132313;0.000081861852;
2020;12;21;16;0;0.000149289074;0.000099957989;0.000131279584;0.000077638704;
2020;12;21;17;0;0.000145795485;0.000096376695;0.000131249307;0.000076401253;
2020;12;21;18;0;0.000152148644;0.000104443969;0.000136738674;0.000083054586;
2020;12;21;19;0;0.000170202065;0.000147733698;0.000147025247;0.000149016743;
2020;12;21;20;0;0.000182030075;0.000161725270;0.000139198162;0.000171681242;
2020;12;21;21;0;0.000191647563;0.000171309483;0.000125572520;0.000174882437;
2020;12;21;22;0;0.000191139858;0.000175992056;0.000109652011;0.000174212762;
2020;12;21;23;0;0.000166652502;0.000197095971;0.000095785896;0.000169371684;
2020;12;21;24;0;0.000134545094;0.000187495034;0.000087271455;0.000159846942;
2020;12;22;1;0;0.000099994311;0.000169498418;0.000079572079;0.000150996595;
2020;12;22;2;0;0.000077999755;0.000149656953;0.000075804340;0.000167682620;
2020;12;22;3;0;0.000067074794;0.000135862413;0.000074254178;0.000164495006;
2020;12;22;4;0;0.000062231170;0.000127691090;0.000073396216;0.000158550013;
2020;12;22;5;0;0.000060513358;0.000125001602;0.000073481627;0.000150228304;
2020;12;22;6;0;0.000062037332;0.000130171933;0.000076106506;0.000142910449;
2020;12;22;7;0;0.000072566105;0.000138259063;0.000086523697;0.000141216577;
2020;12;22;8;0;0.000098907658;0.000154690183;0.000109249407;0.000145240742;
2020;12;22;9;0;0.000120784144;0.000145407311;0.000141669921;0.000119248638;
2020;12;22;10;0;0.000133535682;0.000133066605;0.000162011610;0.000095185324;
2020;12;22;11;0;0.000143825007;0.000131603507;0.000170041841;0.000095770307;
2020;12;22;12;0;0.000144424288;0.000122067520;0.000169553617;0.000092324868;
2020;12;22;13;0;0.000145817841;0.000103473701;0.000167301767;0.000088355760;
2020;12;22;14;0;0.000152636897;0.000105027286;0.000157605200;0.000084886610;
2020;12;22;15;0;0.000151607721;0.000104128259;0.000137769033;0.000081827118;
2020;12;22;16;0;0.000144214008;0.000098080639;0.000131260853;0.000077604111;
2020;12;22;17;0;0.000141112344;0.000094653729;0.000132413929;0.000076395159;
2020;12;22;18;0;0.000147386654;0.000102540626;0.000139601354;0.000082707647;
2020;12;22;19;0;0.000163448405;0.000144797520;0.000150538527;0.000144804084;
2020;12;22;20;0;0.000173755988;0.000157966320;0.000143098687;0.000164562442;
2020;12;22;21;0;0.000183242734;0.000167717281;0.000129197426;0.000167989054;
2020;12;22;22;0;0.000185635037;0.000174811050;0.000111595032;0.000168543595;
2020;12;22;23;0;0.000165237965;0.000200027649;0.000096971433;0.000165132509;
2020;12;22;24;0;0.000133096722;0.000191178580;0.000086905595;0.000157177473;
2020;12;23;1;0;0.000097321188;0.000166000969;0.000077040351;0.000149490162;
2020;12;23;2;0;0.000075899287;0.000146536258;0.000073384872;0.000165964211;
2020;12;23;3;0;0.000065243081;0.000132971967;0.000071869926;0.000162722310;
2020;12;23;4;0;0.000060514548;0.000124935203;0.000071029281;0.000156780262;
2020;12;23;5;0;0.000058776830;0.000122148507;0.000071071102;0.000148316285;
2020;12;23;6;0;0.000060223057;0.000127121150;0.000073588983;0.000140981438;
2020;12;23;7;0;0.000070417663;0.000134962813;0.000083646015;0.000139238238;
2020;12;23;8;0;0.000095517795;0.000150194616;0.000105363054;0.000142246353;
2020;12;23;9;0;0.000116587657;0.000141105437;0.000136596249;0.000116712416;
2020;12;23;10;0;0.000129369808;0.000129657585;0.000156495165;0.000093638009;
2020;12;23;11;0;0.000139494574;0.000128391958;0.000164344103;0.000094360474;
2020;12;23;12;0;0.000140244175;0.000119247680;0.000163970837;0.000091117472;
2020;12;23;13;0;0.000141877264;0.000101305391;0.000161953001;0.000087439681;
2020;12;23;14;0;0.000148398985;0.000102739349;0.000152508656;0.000083917338;
2020;12;23;15;0;0.000147455951;0.000101904096;0.000133340006;0.000080936617;
2020;12;23;16;0;0.000140193816;0.000095931891;0.000127008552;0.000076706190;
2020;12;23;17;0;0.000137197554;0.000092594380;0.000128132779;0.000075526138;
2020;12;23;18;0;0.000143141101;0.000100187845;0.000135013860;0.000081642770;
2020;12;23;19;0;0.000158348128;0.000141086660;0.000145412370;0.000142448232;
2020;12;23;20;0;0.000168150332;0.000153731285;0.000138150462;0.000161639647;
2020;12;23;21;0;0.000177245969;0.000163133971;0.000124699788;0.000164896045;
2020;12;23;22;0;0.000179522062;0.000169994342;0.000107698340;0.000165393364;
2020;12;23;23;0;0.000159792270;0.000194510417;0.000093583849;0.000162040703;
2020;12;23;24;0;0.000128894162;0.000186200183;0.000083929852;0.000154539452;
2020;12;24;1;0;0.000086786584;0.000152092865;0.000067100617;0.000143461325;
2020;12;24;2;0;0.000067457621;0.000133763245;0.000063807996;0.000158543749;
2020;12;24;3;0;0.000057888901;0.000121155150;0.000062436908;0.000155089227;
2020;12;24;4;0;0.000053620060;0.000113660573;0.000061663736;0.000149146369;
2020;12;24;5;0;0.000052003726;0.000110944466;0.000061653877;0.000140810185;
2020;12;24;6;0;0.000053123169;0.000115076265;0.000063741289;0.000133292006;
2020;12;24;7;0;0.000061728688;0.000121328024;0.000072227468;0.000130500940;
2020;12;24;8;0;0.000083314699;0.000134272749;0.000090754973;0.000132393078;
2020;12;24;9;0;0.000101521490;0.000125911253;0.000117558442;0.000108374485;
2020;12;24;10;0;0.000113110131;0.000116220514;0.000134954547;0.000087444591;
2020;12;24;11;0;0.000122576072;0.000115729909;0.000142078639;0.000088736523;
2020;12;24;12;0;0.000123401641;0.000107649106;0.000141852109;0.000085847730;
2020;12;24;13;0;0.000124606396;0.000091263060;0.000139975840;0.000082170218;
2020;12;24;14;0;0.000130237950;0.000092478977;0.000131764227;0.000078779491;
2020;12;24;15;0;0.000129295951;0.000091637113;0.000115151886;0.000075888179;
2020;12;24;16;0;0.000122783736;0.000086153877;0.000109619893;0.000071803865;
2020;12;24;17;0;0.000120028045;0.000083055197;0.000110530262;0.000070590944;
2020;12;24;18;0;0.000125584228;0.000090150712;0.000116631450;0.000076610031;
2020;12;24;19;0;0.000139596449;0.000127633446;0.000125916067;0.000134565877;
2020;12;24;20;0;0.000148296792;0.000139133718;0.000119651675;0.000152779376;
2020;12;24;21;0;0.000155858827;0.000147161096;0.000107843388;0.000155220411;
2020;12;24;22;0;0.000156849432;0.000152259131;0.000092841362;0.000154305912;
2020;12;24;23;0;0.000138971764;0.000173331108;0.000080488689;0.000150217896;
2020;12;24;24;0;0.000113062931;0.000167510612;0.000072495252;0.000144975968;
2020;12;25;1;0;0.000095237791;0.000148694645;0.000073083667;0.000144356229;
2020;12;25;2;0;0.000078019542;0.000133331062;0.000068072059;0.000156628501;
2020;12;25;3;0;0.000066057878;0.000120150560;0.000065803893;0.000152481450;
2020;12;25;4;0;0.000058898876;0.000111128625;0.000064407473;0.000145773285;
2020;12;25;5;0;0.000055478152;0.000107447286;0.000063783095;0.000138918185;
2020;12;25;6;0;0.000054678072;0.000110927911;0.000064695379;0.000133124322;
2020;12;25;7;0;0.000056637551;0.000113212925;0.000067163515;0.000128854905;
2020;12;25;8;0;0.000062343917;0.000114015874;0.000069509584;0.000123854243;
2020;12;25;9;0;0.000075227536;0.000099239497;0.000066131325;0.000090777905;
2020;12;25;10;0;0.000098316120;0.000100535003;0.000068338597;0.000075542876;
2020;12;25;11;0;0.000119001759;0.000110643620;0.000074470472;0.000082998211;
2020;12;25;12;0;0.000128540748;0.000110270729;0.000078713669;0.000085500622;
2020;12;25;13;0;0.000131388193;0.000095843004;0.000081276228;0.000082644951;
2020;12;25;14;0;0.000136429414;0.000096087301;0.000081127200;0.000078997392;
2020;12;25;15;0;0.000135554616;0.000094411525;0.000077075269;0.000076583473;
2020;12;25;16;0;0.000122232339;0.000084872728;0.000073508277;0.000068547220;
2020;12;25;17;0;0.000116136933;0.000080299332;0.000071270652;0.000065952429;
2020;12;25;18;0;0.000118518839;0.000085974181;0.000073547515;0.000069706360;
2020;12;25;19;0;0.000133555315;0.000122847610;0.000085807797;0.000131394142;
2020;12;25;20;0;0.000142512712;0.000133695895;0.000087941720;0.000150386975;
2020;12;25;21;0;0.000151049690;0.000141264655;0.000086656599;0.000154907027;
2020;12;25;22;0;0.000153129128;0.000146162507;0.000083185022;0.000156144550;
2020;12;25;23;0;0.000136432409;0.000166724261;0.000077545661;0.000154135976;
2020;12;25;24;0;0.000113045311;0.000161226828;0.000072116293;0.000147876923;
2020;12;26;1;0;0.000100055272;0.000168289566;0.000079893889;0.000146463751;
2020;12;26;2;0;0.000080183013;0.000150233488;0.000074321313;0.000161271087;
2020;12;26;3;0;0.000068019172;0.000135981767;0.000071638472;0.000158109182;
2020;12;26;4;0;0.000061818722;0.000127159256;0.000070304689;0.000151971530;
2020;12;26;5;0;0.000059053512;0.000123626217;0.000069634961;0.000144553474;
2020;12;26;6;0;0.000059058914;0.000128427212;0.000070612040;0.000138373652;
2020;12;26;7;0;0.000062630708;0.000132364148;0.000073856108;0.000133923270;
2020;12;26;8;0;0.000072024584;0.000135720260;0.000079803095;0.000129257195;
2020;12;26;9;0;0.000091442697;0.000122755312;0.000081686857;0.000100244755;
2020;12;26;10;0;0.000119453383;0.000124062830;0.000089928504;0.000085794876;
2020;12;26;11;0;0.000139355009;0.000131938437;0.000101392882;0.000092626148;
2020;12;26;12;0;0.000144125634;0.000126172019;0.000105287871;0.000093055402;
2020;12;26;13;0;0.000144794931;0.000106644119;0.000106441606;0.000089114525;
2020;12;26;14;0;0.000151071299;0.000107284058;0.000102634138;0.000086133153;
2020;12;26;15;0;0.000151841966;0.000107065004;0.000094041395;0.000083322579;
2020;12;26;16;0;0.000141156824;0.000099246053;0.000089955825;0.000076808562;
2020;12;26;17;0;0.000133950416;0.000093876555;0.000088613923;0.000074210060;
2020;12;26;18;0;0.000135338672;0.000099115059;0.000093711585;0.000077669636;
2020;12;26;19;0;0.000149915320;0.000141060677;0.000107435718;0.000138019890;
2020;12;26;20;0;0.000156601692;0.000151969445;0.000109691553;0.000157820171;
2020;12;26;21;0;0.000161928595;0.000158011819;0.000107626780;0.000160926399;
2020;12;26;22;0;0.000162929651;0.000163003826;0.000100018098;0.000162013098;
2020;12;26;23;0;0.000146968448;0.000189068129;0.000091965665;0.000160261820;
2020;12;26;24;0;0.000126992473;0.000187065661;0.000085418427;0.000154668407;
2020;12;27;1;0;0.000107282944;0.000163511790;0.000084006766;0.000151947646;
2020;12;27;2;0;0.000087614354;0.000146111611;0.000078124979;0.000164153815;
2020;12;27;3;0;0.000074299669;0.000131899532;0.000075582972;0.000160155847;
2020;12;27;4;0;0.000066415623;0.000122339052;0.000074073415;0.000153647620;
2020;12;27;5;0;0.000062645390;0.000118469147;0.000073406464;0.000146704774;
2020;12;27;6;0;0.000061776463;0.000122382656;0.000074477357;0.000140694665;
2020;12;27;7;0;0.000064045352;0.000125022950;0.000077351943;0.000136345013;
2020;12;27;8;0;0.000070623971;0.000126159849;0.000080124940;0.000131380319;
2020;12;27;9;0;0.000085581147;0.000110329533;0.000076391514;0.000096866672;
2020;12;27;10;0;0.000112126439;0.000112080238;0.000079038815;0.000080891060;
2020;12;27;11;0;0.000135563879;0.000123193671;0.000086082865;0.000088732220;
2020;12;27;12;0;0.000145957207;0.000122337426;0.000090840915;0.000090996696;
2020;12;27;13;0;0.000149131321;0.000106284108;0.000093779623;0.000087909167;
2020;12;27;14;0;0.000155194076;0.000106815468;0.000093710790;0.000084285827;
2020;12;27;15;0;0.000155054572;0.000105598926;0.000089278632;0.000082337544;
2020;12;27;16;0;0.000140635777;0.000095548629;0.000085396085;0.000074298598;
2020;12;27;17;0;0.000133372951;0.000090212950;0.000082717958;0.000071302925;
2020;12;27;18;0;0.000135799427;0.000096345721;0.000085262035;0.000075126920;
2020;12;27;19;0;0.000152751679;0.000137389959;0.000099386582;0.000141251947;
2020;12;27;20;0;0.000162823211;0.000149345496;0.000101804381;0.000161429711;
2020;12;27;21;0;0.000172458602;0.000157679718;0.000100282764;0.000166121814;
2020;12;27;22;0;0.000174367874;0.000162664866;0.000096137097;0.000166831340;
2020;12;27;23;0;0.000154444198;0.000184341480;0.000089354400;0.000163353451;
2020;12;27;24;0;0.000127571408;0.000177648045;0.000082967911;0.000156047188;
2020;12;28;1;0;0.000096289149;0.000160590376;0.000076502194;0.000149070573;
2020;12;28;2;0;0.000076068870;0.000141570731;0.000073020452;0.000160503601;
2020;12;28;3;0;0.000065649682;0.000128472793;0.000071792322;0.000156928827;
2020;12;28;4;0;0.000060759035;0.000120572965;0.000071265329;0.000151054291;
2020;12;28;5;0;0.000058997357;0.000117977912;0.000071469541;0.000144360933;
2020;12;28;6;0;0.000060382807;0.000123093398;0.000074019836;0.000139451653;
2020;12;28;7;0;0.000069984084;0.000130520832;0.000083693242;0.000138397746;
2020;12;28;8;0;0.000093925130;0.000144586510;0.000104052445;0.000141459070;
2020;12;28;9;0;0.000114580952;0.000134966359;0.000133621191;0.000112261022;
2020;12;28;10;0;0.000128684424;0.000125563221;0.000154147090;0.000090207599;
2020;12;28;11;0;0.000140844228;0.000126510327;0.000162449858;0.000092481366;
2020;12;28;12;0;0.000143435693;0.000119234997;0.000162711068;0.000091301116;
2020;12;28;13;0;0.000145833651;0.000102552016;0.000160738328;0.000087186276;
2020;12;28;14;0;0.000152764321;0.000104204946;0.000151666158;0.000083715149;
2020;12;28;15;0;0.000152442624;0.000103745666;0.000133461831;0.000081335948;
2020;12;28;16;0;0.000144650780;0.000097617128;0.000126614644;0.000076762971;
2020;12;28;17;0;0.000141222439;0.000094087795;0.000126565650;0.000075507828;
2020;12;28;18;0;0.000147302177;0.000101906690;0.000131825403;0.000082026751;
2020;12;28;19;0;0.000164761437;0.000144126065;0.000141734435;0.000147148260;
2020;12;28;20;0;0.000176281852;0.000157846018;0.000134215992;0.000169622396;
2020;12;28;21;0;0.000185400726;0.000167005063;0.000121014718;0.000172532392;
2020;12;28;22;0;0.000185193630;0.000171862258;0.000105753952;0.000172235915;
2020;12;28;23;0;0.000161535738;0.000192560295;0.000092400419;0.000167546136;
2020;12;28;24;0;0.000130346153;0.000183074660;0.000084164549;0.000158011272;
2020;12;29;1;0;0.000097278921;0.000165933831;0.000077358032;0.000149039193;
2020;12;29;2;0;0.000075634371;0.000145979445;0.000073574785;0.000164761176;
2020;12;29;3;0;0.000064945301;0.000132307559;0.000072017690;0.000161298159;
2020;12;29;4;0;0.000060200286;0.000124223215;0.000071153363;0.000155269218;
2020;12;29;5;0;0.000058535235;0.000121598751;0.000071234632;0.000147106055;
2020;12;29;6;0;0.000059989064;0.000126579563;0.000073768044;0.000139869058;
2020;12;29;7;0;0.000070086031;0.000134263001;0.000083816465;0.000137975043;
2020;12;29;8;0;0.000095034273;0.000149357283;0.000105558672;0.000140887663;
2020;12;29;9;0;0.000116255360;0.000140666976;0.000136998893;0.000115960312;
2020;12;29;10;0;0.000129461201;0.000129768295;0.000157233100;0.000093499744;
2020;12;29;11;0;0.000140094336;0.000129014584;0.000165414605;0.000094692100;
2020;12;29;12;0;0.000141094246;0.000120059459;0.000165183857;0.000091660265;
2020;12;29;13;0;0.000142758043;0.000102011550;0.000163162985;0.000087978376;
2020;12;29;14;0;0.000149631117;0.000103694549;0.000153808826;0.000084677520;
2020;12;29;15;0;0.000148846089;0.000102978867;0.000134552100;0.000081795868;
2020;12;29;16;0;0.000141516110;0.000096944401;0.000128162685;0.000077521891;
2020;12;29;17;0;0.000138375511;0.000093484774;0.000129242236;0.000076241333;
2020;12;29;18;0;0.000144411102;0.000101183499;0.000136201395;0.000082449521;
2020;12;29;19;0;0.000159961810;0.000142695402;0.000146787721;0.000144115827;
2020;12;29;20;0;0.000170038706;0.000155661867;0.000139529104;0.000163765079;
2020;12;29;21;0;0.000179460374;0.000165411462;0.000126023519;0.000167352242;
2020;12;29;22;0;0.000182025291;0.000172640762;0.000108921112;0.000168185800;
2020;12;29;23;0;0.000162070876;0.000197606084;0.000094661905;0.000164844926;
2020;12;29;24;0;0.000130506922;0.000188802319;0.000084822769;0.000156840767;
2020;12;30;1;0;0.000097525730;0.000166236729;0.000077513826;0.000149264337;
2020;12;30;2;0;0.000075831131;0.000146256473;0.000073725195;0.000165025402;
2020;12;30;3;0;0.000065128372;0.000132590684;0.000072172625;0.000161606045;
2020;12;30;4;0;0.000060377148;0.000124505547;0.000071310569;0.000155591723;
2020;12;30;5;0;0.000058705358;0.000121870939;0.000071390797;0.000147405597;
2020;12;30;6;0;0.000060230709;0.000127021075;0.000073970525;0.000140374047;
2020;12;30;7;0;0.000070244742;0.000134468031;0.000083973117;0.000138133913;
2020;12;30;8;0;0.000095331928;0.000149729550;0.000105801279;0.000141220784;
2020;12;30;9;0;0.000116585348;0.000140971417;0.000137294256;0.000116186133;
2020;12;30;10;0;0.000129683988;0.000129887793;0.000157485064;0.000093535807;
2020;12;30;11;0;0.000140298347;0.000129095446;0.000165657890;0.000094693747;
2020;12;30;12;0;0.000141240379;0.000120078682;0.000165392002;0.000091608483;
2020;12;30;13;0;0.000142686654;0.000101854036;0.000163243017;0.000087741599;
2020;12;30;14;0;0.000149450999;0.000103453649;0.000153829485;0.000084367773;
2020;12;30;15;0;0.000148545492;0.000102646508;0.000134514909;0.000081404612;
2020;12;30;16;0;0.000141285073;0.000096672945;0.000128152643;0.000077191924;
2020;12;30;17;0;0.000138221932;0.000093277068;0.000129266418;0.000075971417;
2020;12;30;18;0;0.000144258861;0.000100964758;0.000136231161;0.000082163346;
2020;12;30;19;0;0.000160023755;0.000142615497;0.000146925140;0.000143904697;
2020;12;30;20;0;0.000170254861;0.000155727462;0.000139721395;0.000163725937;
2020;12;30;21;0;0.000179672559;0.000165464862;0.000126191577;0.000167291681;
2020;12;30;22;0;0.000182414109;0.000172879051;0.000109118608;0.000168346392;
2020;12;30;23;0;0.000162583487;0.000198103628;0.000094882608;0.000165235378;
2020;12;30;24;0;0.000131101104;0.000189568752;0.000085079757;0.000157513538;
2020;12;31;1;0;0.000092154977;0.000159443504;0.000072024133;0.000147118131;
2020;12;31;2;0;0.000071508800;0.000139963741;0.000068431629;0.000162202630;
2020;12;31;3;0;0.000061215955;0.000126428113;0.000066879638;0.000158131648;
2020;12;31;4;0;0.000056661051;0.000118512296;0.000066028211;0.000151918207;
2020;12;31;5;0;0.000055010094;0.000115812968;0.000066052745;0.000143630052;
2020;12;31;6;0;0.000056295011;0.000120364401;0.000068351460;0.000136294941;
2020;12;31;7;0;0.000065457293;0.000126995125;0.000077477938;0.000133558482;
2020;12;31;8;0;0.000088403449;0.000140644016;0.000097383216;0.000135615029;
2020;12;31;9;0;0.000107874656;0.000132093782;0.000126232066;0.000111232752;
2020;12;31;10;0;0.000120327932;0.000122085008;0.000144994198;0.000089897550;
2020;12;31;11;0;0.000130597083;0.000121776179;0.000152764301;0.000091419958;
2020;12;31;12;0;0.000131594713;0.000113386140;0.000152589336;0.000088553917;
2020;12;31;13;0;0.000132808042;0.000096069457;0.000150530464;0.000084697359;
2020;12;31;14;0;0.000138695701;0.000097260187;0.000141641039;0.000081109456;
2020;12;31;15;0;0.000137895882;0.000096532873;0.000123875064;0.000078292637;
2020;12;31;16;0;0.000131244935;0.000090983484;0.000118056386;0.000074310487;
2020;12;31;17;0;0.000128387407;0.000087778205;0.000119077081;0.000073125651;
2020;12;31;18;0;0.000134172453;0.000095152672;0.000125575965;0.000079231338;
2020;12;31;19;0;0.000149309557;0.000134881983;0.000135649124;0.000139384478;
2020;12;31;20;0;0.000158629436;0.000147049872;0.000128906437;0.000158269348;
2020;12;31;21;0;0.000166604224;0.000155415736;0.000116144932;0.000160645524;
2020;12;31;22;0;0.000168329434;0.000161509744;0.000100186797;0.000160580421;
2020;12;31;23;0;0.000149269506;0.000184035023;0.000086893411;0.000156510515;
2020;12;31;24;0;0.000121395173;0.000177779628;0.000078250225;0.000150965861;
