AŃO;MES;DIA;HORA;VERANO(1)/INVIERNO(0);COEF. PERFIL A;COEF. PERFIL B;COEF. PERFIL C;COEF. PERFIL D;
2017;04;01;1;1;0.000091978274;0.000166660721;0.000089636390;0.000175883750;
2017;04;01;2;1;0.000075070456;0.000155745302;0.000083517861;0.000170675780;
2017;04;01;3;1;0.000064899753;0.000145475122;0.000080434270;0.000168187562;
2017;04;01;4;1;0.000059878177;0.000139936009;0.000078277084;0.000163033929;
2017;04;01;5;1;0.000057629716;0.000136682798;0.000077909502;0.000157346582;
2017;04;01;6;1;0.000057803960;0.000136151519;0.000079028482;0.000156990392;
2017;04;01;7;1;0.000061185603;0.000138946301;0.000082763998;0.000157160416;
2017;04;01;8;1;0.000068288465;0.000104167008;0.000080627453;0.000092136835;
2017;04;01;9;1;0.000085695251;0.000073815674;0.000084726158;0.000040528751;
2017;04;01;10;1;0.000109537290;0.000079922394;0.000096046041;0.000042833616;
2017;04;01;11;1;0.000126350922;0.000083838100;0.000107994411;0.000048361086;
2017;04;01;12;1;0.000130272928;0.000079955700;0.000111861735;0.000049240167;
2017;04;01;13;1;0.000131587521;0.000073457337;0.000113753975;0.000045627029;
2017;04;01;14;1;0.000135630992;0.000068666865;0.000110328547;0.000046614658;
2017;04;01;15;1;0.000131356448;0.000066522034;0.000101314576;0.000049823870;
2017;04;01;16;1;0.000116418890;0.000060052784;0.000096675336;0.000042779369;
2017;04;01;17;1;0.000107784454;0.000055634988;0.000094912855;0.000036922766;
2017;04;01;18;1;0.000105297185;0.000054085222;0.000096529983;0.000035855316;
2017;04;01;19;1;0.000106583817;0.000054357494;0.000096890158;0.000035803086;
2017;04;01;20;1;0.000108806231;0.000056728862;0.000099448686;0.000036880711;
2017;04;01;21;1;0.000120627554;0.000076993735;0.000105740991;0.000049021254;
2017;04;01;22;1;0.000138069397;0.000149846483;0.000114678892;0.000211143561;
2017;04;01;23;1;0.000130465373;0.000158663030;0.000106610003;0.000233599701;
2017;04;01;24;1;0.000111774630;0.000169825330;0.000098198833;0.000203343669;
2017;04;02;1;1;0.000093613325;0.000165634752;0.000091112585;0.000173064218;
2017;04;02;2;1;0.000077353379;0.000155012091;0.000084621114;0.000166092840;
2017;04;02;3;1;0.000066621319;0.000144737687;0.000081361633;0.000159016818;
2017;04;02;4;1;0.000061314476;0.000139189041;0.000079253668;0.000157598515;
2017;04;02;5;1;0.000058805915;0.000135939822;0.000078983843;0.000155561125;
2017;04;02;6;1;0.000058481184;0.000135201513;0.000079651537;0.000152826827;
2017;04;02;7;1;0.000060232295;0.000137031094;0.000081981723;0.000154003063;
2017;04;02;8;1;0.000064481932;0.000100522942;0.000076820869;0.000094151137;
2017;04;02;9;1;0.000075941259;0.000066096266;0.000073349594;0.000036696956;
2017;04;02;10;1;0.000096266577;0.000071769743;0.000078025787;0.000039508358;
2017;04;02;11;1;0.000113957388;0.000079111701;0.000083456161;0.000044021107;
2017;04;02;12;1;0.000120754497;0.000078268102;0.000087946976;0.000048576450;
2017;04;02;13;1;0.000123605837;0.000073101836;0.000090824102;0.000046615706;
2017;04;02;14;1;0.000127217454;0.000067780991;0.000091020400;0.000045760585;
2017;04;02;15;1;0.000125837013;0.000065592074;0.000088586280;0.000048797740;
2017;04;02;16;1;0.000111534822;0.000057706151;0.000085383976;0.000043382890;
2017;04;02;17;1;0.000102975125;0.000053235791;0.000082659720;0.000037520165;
2017;04;02;18;1;0.000100710079;0.000051979266;0.000080307847;0.000036253530;
2017;04;02;19;1;0.000103552618;0.000052637475;0.000079662748;0.000036348906;
2017;04;02;20;1;0.000109329258;0.000056166375;0.000081810135;0.000040114808;
2017;04;02;21;1;0.000126185363;0.000079031197;0.000089160003;0.000053190643;
2017;04;02;22;1;0.000146313378;0.000153739478;0.000103669283;0.000216365556;
2017;04;02;23;1;0.000132291492;0.000160346048;0.000098096427;0.000232636885;
2017;04;02;24;1;0.000108401773;0.000168340261;0.000090515024;0.000202468115;
2017;04;03;1;1;0.000083176095;0.000161746556;0.000082105173;0.000172295532;
2017;04;03;2;1;0.000067306186;0.000149836472;0.000079009038;0.000165253359;
2017;04;03;3;1;0.000059830324;0.000140958203;0.000077208438;0.000160306570;
2017;04;03;4;1;0.000056835535;0.000136906944;0.000076327471;0.000156957013;
2017;04;03;5;1;0.000055648864;0.000133983466;0.000076431277;0.000154865418;
2017;04;03;6;1;0.000057458495;0.000134046373;0.000078630975;0.000154817881;
2017;04;03;7;1;0.000067531977;0.000139167835;0.000088856434;0.000156717532;
2017;04;03;8;1;0.000089789707;0.000110822125;0.000102100215;0.000095428000;
2017;04;03;9;1;0.000108859714;0.000083018746;0.000131277365;0.000046417060;
2017;04;03;10;1;0.000121826919;0.000080221326;0.000153905317;0.000046853460;
2017;04;03;11;1;0.000130523896;0.000079527966;0.000161925941;0.000045277535;
2017;04;03;12;1;0.000132699516;0.000075621235;0.000162129701;0.000051761247;
2017;04;03;13;1;0.000135444757;0.000069922659;0.000162142055;0.000049407809;
2017;04;03;14;1;0.000138581885;0.000066378214;0.000153561078;0.000047911418;
2017;04;03;15;1;0.000130530808;0.000063753053;0.000135149069;0.000048104245;
2017;04;03;16;1;0.000119468886;0.000058934224;0.000129574709;0.000040982413;
2017;04;03;17;1;0.000116585129;0.000055932731;0.000130779873;0.000037074173;
2017;04;03;18;1;0.000120525584;0.000055376250;0.000131585890;0.000037720579;
2017;04;03;19;1;0.000123550364;0.000056025223;0.000126648912;0.000038383238;
2017;04;03;20;1;0.000127819508;0.000060047234;0.000120149327;0.000042112415;
2017;04;03;21;1;0.000141121598;0.000082315694;0.000115779682;0.000055299357;
2017;04;03;22;1;0.000154855901;0.000157058628;0.000117485488;0.000216897982;
2017;04;03;23;1;0.000136610785;0.000163620649;0.000103146508;0.000236702043;
2017;04;03;24;1;0.000107908993;0.000168969487;0.000092020693;0.000203783043;
2017;04;04;1;1;0.000084366960;0.000162726818;0.000084077635;0.000173207978;
2017;04;04;2;1;0.000067605099;0.000151032774;0.000080227939;0.000169808707;
2017;04;04;3;1;0.000060163022;0.000141620964;0.000078516166;0.000165705835;
2017;04;04;4;1;0.000057084418;0.000136818123;0.000077269076;0.000160188294;
2017;04;04;5;1;0.000055981972;0.000134373118;0.000077258505;0.000156366629;
2017;04;04;6;1;0.000057689237;0.000134661138;0.000079768298;0.000154079133;
2017;04;04;7;1;0.000067904097;0.000140756852;0.000089481704;0.000154692609;
2017;04;04;8;1;0.000091489041;0.000114072566;0.000102307902;0.000096378795;
2017;04;04;9;1;0.000110965411;0.000085827356;0.000130923779;0.000050060917;
2017;04;04;10;1;0.000122366419;0.000081613915;0.000153298488;0.000048897066;
2017;04;04;11;1;0.000130099219;0.000079577141;0.000161554820;0.000046319056;
2017;04;04;12;1;0.000132010873;0.000074859085;0.000162410269;0.000047772147;
2017;04;04;13;1;0.000134560781;0.000070100283;0.000162662311;0.000045951488;
2017;04;04;14;1;0.000137546313;0.000066154124;0.000154053924;0.000046378154;
2017;04;04;15;1;0.000130100467;0.000064050370;0.000135743180;0.000048429221;
2017;04;04;16;1;0.000119628902;0.000059165571;0.000130722878;0.000041073244;
2017;04;04;17;1;0.000117266908;0.000056302108;0.000132141777;0.000036728445;
2017;04;04;18;1;0.000120806564;0.000056187636;0.000133099774;0.000037227742;
2017;04;04;19;1;0.000123598137;0.000056719108;0.000128145240;0.000039037236;
2017;04;04;20;1;0.000127975377;0.000060516575;0.000122089135;0.000043270900;
2017;04;04;21;1;0.000140825059;0.000083161494;0.000118232516;0.000056932524;
2017;04;04;22;1;0.000152644988;0.000156376581;0.000118764194;0.000214297602;
2017;04;04;23;1;0.000136011184;0.000162501095;0.000103977789;0.000234656779;
2017;04;04;24;1;0.000109792711;0.000169134139;0.000092814136;0.000200414413;
2017;04;05;1;1;0.000084006892;0.000162349082;0.000083605084;0.000172971625;
2017;04;05;2;1;0.000067323282;0.000150697211;0.000079784982;0.000169593905;
2017;04;05;3;1;0.000059872807;0.000141213338;0.000078031284;0.000165387332;
2017;04;05;4;1;0.000056827729;0.000136469167;0.000076817139;0.000159932954;
2017;04;05;5;1;0.000055735724;0.000134043588;0.000076814188;0.000156132744;
2017;04;05;6;1;0.000057397285;0.000134241571;0.000079256806;0.000153746359;
2017;04;05;7;1;0.000067561813;0.000140321123;0.000088909721;0.000154361624;
2017;04;05;8;1;0.000091107522;0.000113818947;0.000101742880;0.000096256732;
2017;04;05;9;1;0.000110429959;0.000085580183;0.000130115042;0.000049964615;
2017;04;05;10;1;0.000121794998;0.000081391604;0.000152375366;0.000048810636;
2017;04;05;11;1;0.000129574567;0.000079411171;0.000160684758;0.000046266776;
2017;04;05;12;1;0.000131422366;0.000074671054;0.000161466619;0.000047697849;
2017;04;05;13;1;0.000133927477;0.000069906757;0.000161676841;0.000045868573;
2017;04;05;14;1;0.000136912470;0.000065978003;0.000153135720;0.000046299039;
2017;04;05;15;1;0.000129508246;0.000063883455;0.000134941730;0.000048349335;
2017;04;05;16;1;0.000119082615;0.000059010528;0.000129949178;0.000041004896;
2017;04;05;17;1;0.000116691616;0.000056135427;0.000131314901;0.000036654828;
2017;04;05;18;1;0.000120311046;0.000056066561;0.000132373781;0.000037183145;
2017;04;05;19;1;0.000123074085;0.000056589033;0.000127428584;0.000038985060;
2017;04;05;20;1;0.000127470370;0.000060395608;0.000121442174;0.000043225817;
2017;04;05;21;1;0.000140311454;0.000083020177;0.000117641297;0.000056890281;
2017;04;05;22;1;0.000152125559;0.000156149121;0.000118199286;0.000214191093;
2017;04;05;23;1;0.000135421582;0.000162112964;0.000103386428;0.000234320793;
2017;04;05;24;1;0.000109315022;0.000168727474;0.000092284794;0.000200124264;
2017;04;06;1;1;0.000083677903;0.000162040372;0.000083144208;0.000172826467;
2017;04;06;2;1;0.000067021472;0.000150325073;0.000079300015;0.000169355162;
2017;04;06;3;1;0.000059604976;0.000140865986;0.000077557730;0.000165156114;
2017;04;06;4;1;0.000056542859;0.000136059708;0.000076309575;0.000159622807;
2017;04;06;5;1;0.000055461831;0.000133654666;0.000076314214;0.000155845426;
2017;04;06;6;1;0.000057169909;0.000133980226;0.000078816322;0.000153610361;
2017;04;06;7;1;0.000067292410;0.000140044276;0.000088413274;0.000154221045;
2017;04;06;8;1;0.000090665383;0.000113495686;0.000101086866;0.000096085509;
2017;04;06;9;1;0.000109845297;0.000085299265;0.000129218740;0.000049853611;
2017;04;06;10;1;0.000121143558;0.000081120012;0.000151317471;0.000048699539;
2017;04;06;11;1;0.000128896978;0.000079155681;0.000159588316;0.000046167007;
2017;04;06;12;1;0.000130815298;0.000074476466;0.000160463199;0.000047624186;
2017;04;06;13;1;0.000133297267;0.000069718532;0.000160658169;0.000045793760;
2017;04;06;14;1;0.000136270463;0.000065801443;0.000152173373;0.000046224286;
2017;04;06;15;1;0.000128945734;0.000063734632;0.000134140299;0.000048288040;
2017;04;06;16;1;0.000118599436;0.000058889963;0.000129214495;0.000040964673;
2017;04;06;17;1;0.000116229032;0.000056025987;0.000130584736;0.000036622304;
2017;04;06;18;1;0.000119781295;0.000055932592;0.000131579707;0.000037133778;
2017;04;06;19;1;0.000122445907;0.000056414073;0.000126575005;0.000038905892;
2017;04;06;20;1;0.000126784170;0.000060191986;0.000120594849;0.000043125934;
2017;04;06;21;1;0.000139454230;0.000082679862;0.000116735193;0.000056717380;
2017;04;06;22;1;0.000151202196;0.000155515249;0.000117293570;0.000213548652;
2017;04;06;23;1;0.000134773846;0.000161663884;0.000102727024;0.000233920392;
2017;04;06;24;1;0.000108842978;0.000168338672;0.000091739033;0.000199875624;
2017;04;07;1;1;0.000083431884;0.000164962897;0.000082106385;0.000171415061;
2017;04;07;2;1;0.000066829668;0.000153378368;0.000078412594;0.000166202326;
2017;04;07;3;1;0.000059124014;0.000143716127;0.000076474364;0.000166229736;
2017;04;07;4;1;0.000055779983;0.000138026405;0.000075023418;0.000159957589;
2017;04;07;5;1;0.000054522999;0.000135274413;0.000074973624;0.000156937091;
2017;04;07;6;1;0.000056217592;0.000135278417;0.000077337574;0.000155432093;
2017;04;07;7;1;0.000066366530;0.000141503235;0.000086885246;0.000155865830;
2017;04;07;8;1;0.000090030181;0.000117793600;0.000099891681;0.000095825292;
2017;04;07;9;1;0.000110125845;0.000090148036;0.000128762451;0.000047593215;
2017;04;07;10;1;0.000121097536;0.000085186188;0.000151442262;0.000048348012;
2017;04;07;11;1;0.000128650499;0.000082432381;0.000159818550;0.000047925836;
2017;04;07;12;1;0.000130220607;0.000077338616;0.000160412065;0.000048412130;
2017;04;07;13;1;0.000132714035;0.000071512531;0.000160461801;0.000045449702;
2017;04;07;14;1;0.000136147590;0.000066938135;0.000151711923;0.000044276819;
2017;04;07;15;1;0.000129338535;0.000064583037;0.000132140239;0.000047781325;
2017;04;07;16;1;0.000120044294;0.000060100210;0.000123686810;0.000043462373;
2017;04;07;17;1;0.000116955034;0.000057666755;0.000122670403;0.000039753969;
2017;04;07;18;1;0.000119503409;0.000056788957;0.000122924815;0.000040564565;
2017;04;07;19;1;0.000120806138;0.000056817079;0.000119790148;0.000040342197;
2017;04;07;20;1;0.000122480868;0.000059347447;0.000116368775;0.000041377399;
2017;04;07;21;1;0.000131009147;0.000079586988;0.000116485640;0.000053567202;
2017;04;07;22;1;0.000144013109;0.000152208799;0.000119723673;0.000212867830;
2017;04;07;23;1;0.000132689791;0.000160951805;0.000106378907;0.000234273609;
2017;04;07;24;1;0.000111321983;0.000171669407;0.000096003511;0.000204760613;
2017;04;08;1;1;0.000091302293;0.000165953608;0.000088814942;0.000175416812;
2017;04;08;2;1;0.000074522850;0.000155093063;0.000082757053;0.000170232065;
2017;04;08;3;1;0.000064445629;0.000144909270;0.000079725418;0.000167800546;
2017;04;08;4;1;0.000059477611;0.000139434886;0.000077611279;0.000162709163;
2017;04;08;5;1;0.000057250398;0.000136208089;0.000077255198;0.000157050169;
2017;04;08;6;1;0.000057440983;0.000135719976;0.000078388646;0.000156742370;
2017;04;08;7;1;0.000060800513;0.000138503900;0.000082092732;0.000156909861;
2017;04;08;8;1;0.000067859465;0.000103836558;0.000079974452;0.000091991021;
2017;04;08;9;1;0.000085236357;0.000073650165;0.000084118378;0.000040502368;
2017;04;08;10;1;0.000108933881;0.000079730866;0.000095342318;0.000042799115;
2017;04;08;11;1;0.000125668986;0.000083646570;0.000107215168;0.000048327553;
2017;04;08;12;1;0.000129688404;0.000079846046;0.000111156221;0.000049251057;
2017;04;08;13;1;0.000131055370;0.000073389227;0.000113086810;0.000045657421;
2017;04;08;14;1;0.000134996361;0.000068559455;0.000109611539;0.000046615967;
2017;04;08;15;1;0.000130697177;0.000066395301;0.000100621780;0.000049808256;
2017;04;08;16;1;0.000115838997;0.000059940656;0.000096017917;0.000042767590;
2017;04;08;17;1;0.000107304185;0.000055560424;0.000094317184;0.000036932085;
2017;04;08;18;1;0.000104843610;0.000054020778;0.000095938448;0.000035869707;
2017;04;08;19;1;0.000106083702;0.000054271752;0.000096259215;0.000035803619;
2017;04;08;20;1;0.000108246535;0.000056613672;0.000098756238;0.000036864521;
2017;04;08;21;1;0.000119768531;0.000076684679;0.000104796030;0.000048902346;
2017;04;08;22;1;0.000137074258;0.000149232029;0.000113644184;0.000210613101;
2017;04;08;23;1;0.000129478657;0.000157955839;0.000105610266;0.000232929383;
2017;04;08;24;1;0.000110748628;0.000168793065;0.000097119558;0.000202429983;
2017;04;09;1;1;0.000091289729;0.000163276934;0.000088198937;0.000171539170;
2017;04;09;2;1;0.000075439732;0.000152818365;0.000081921957;0.000164643098;
2017;04;09;3;1;0.000065001104;0.000142750704;0.000078800305;0.000157696602;
2017;04;09;4;1;0.000059801844;0.000137228946;0.000076731142;0.000156233964;
2017;04;09;5;1;0.000057345857;0.000134003721;0.000076457489;0.000154189174;
2017;04;09;6;1;0.000057045206;0.000133313359;0.000077125482;0.000151521535;
2017;04;09;7;1;0.000058771800;0.000135159891;0.000079406739;0.000152735754;
2017;04;09;8;1;0.000062865466;0.000099066865;0.000074345392;0.000093297808;
2017;04;09;9;1;0.000074112155;0.000065204521;0.000071057529;0.000036401013;
2017;04;09;10;1;0.000094045790;0.000070875207;0.000075666339;0.000039230567;
2017;04;09;11;1;0.000111515465;0.000078256868;0.000081068428;0.000043784999;
2017;04;09;12;1;0.000118233852;0.000077466236;0.000085479146;0.000048343275;
2017;04;09;13;1;0.000120912766;0.000072285400;0.000088193184;0.000046348663;
2017;04;09;14;1;0.000124432067;0.000067016641;0.000088374118;0.000045493459;
2017;04;09;15;1;0.000123012420;0.000064815825;0.000085962248;0.000048485518;
2017;04;09;16;1;0.000109016424;0.000057015467;0.000082843524;0.000043099448;
2017;04;09;17;1;0.000100654303;0.000052600862;0.000080203752;0.000037276621;
2017;04;09;18;1;0.000098474919;0.000051377382;0.000077949156;0.000036030872;
2017;04;09;19;1;0.000101281080;0.000052041693;0.000077343400;0.000036135191;
2017;04;09;20;1;0.000106777068;0.000055450710;0.000079313924;0.000039821543;
2017;04;09;21;1;0.000122916480;0.000077819569;0.000086212839;0.000052663309;
2017;04;09;22;1;0.000142557733;0.000151419313;0.000100266898;0.000214272601;
2017;04;09;23;1;0.000129101312;0.000158178017;0.000095028236;0.000230753920;
2017;04;09;24;1;0.000105961918;0.000166337644;0.000087828372;0.000201160097;
2017;04;10;1;1;0.000080901643;0.000159312233;0.000079099957;0.000170795426;
2017;04;10;2;1;0.000065524319;0.000147713552;0.000076185307;0.000163961255;
2017;04;10;3;1;0.000058268620;0.000139014145;0.000074477493;0.000159113891;
2017;04;10;4;1;0.000055342951;0.000134996684;0.000073615649;0.000155763783;
2017;04;10;5;1;0.000054165137;0.000132059612;0.000073685420;0.000153624822;
2017;04;10;6;1;0.000055903099;0.000132066288;0.000075774348;0.000153513353;
2017;04;10;7;1;0.000065554460;0.000136800259;0.000085433573;0.000155043573;
2017;04;10;8;1;0.000086835662;0.000108530875;0.000097801414;0.000094056928;
2017;04;10;9;1;0.000105135417;0.000081192009;0.000125579461;0.000045688078;
2017;04;10;10;1;0.000117925456;0.000078633825;0.000147558705;0.000046222068;
2017;04;10;11;1;0.000126595808;0.000078109604;0.000155558101;0.000044756433;
2017;04;10;12;1;0.000128794255;0.000074323505;0.000155860708;0.000051200627;
2017;04;10;13;1;0.000131492840;0.000068740567;0.000155913058;0.000048885369;
2017;04;10;14;1;0.000134637943;0.000065304308;0.000147770950;0.000047439863;
2017;04;10;15;1;0.000126906240;0.000062766253;0.000130145729;0.000047664688;
2017;04;10;16;1;0.000116077617;0.000057985112;0.000124698383;0.000040582107;
2017;04;10;17;1;0.000113279904;0.000055033991;0.000125862844;0.000036713399;
2017;04;10;18;1;0.000117179153;0.000054519255;0.000126714799;0.000037376003;
2017;04;10;19;1;0.000120128787;0.000055162244;0.000121969553;0.000038035408;
2017;04;10;20;1;0.000124241030;0.000059103905;0.000115674107;0.000041717805;
2017;04;10;21;1;0.000136819883;0.000080815310;0.000111182131;0.000054641072;
2017;04;10;22;1;0.000150136310;0.000154196687;0.000112820783;0.000214317133;
2017;04;10;23;1;0.000132525912;0.000160734532;0.000099109949;0.000234024443;
2017;04;10;24;1;0.000104746680;0.000166091029;0.000088473872;0.000201601644;
2017;04;11;1;1;0.000081641456;0.000159835663;0.000080465099;0.000171402489;
2017;04;11;2;1;0.000065443832;0.000148400950;0.000076807499;0.000168097058;
2017;04;11;3;1;0.000058194408;0.000139044999;0.000075110287;0.000163908058;
2017;04;11;4;1;0.000055238765;0.000134383587;0.000073947045;0.000158514156;
2017;04;11;5;1;0.000054165338;0.000131965948;0.000073927886;0.000154713509;
2017;04;11;6;1;0.000055799262;0.000132206303;0.000076304950;0.000152401199;
2017;04;11;7;1;0.000065631200;0.000138089332;0.000085533715;0.000152895542;
2017;04;11;8;1;0.000088120710;0.000111523487;0.000097455603;0.000094929524;
2017;04;11;9;1;0.000106765594;0.000083819611;0.000124580752;0.000049255348;
2017;04;11;10;1;0.000118097172;0.000079949854;0.000146320050;0.000048258180;
2017;04;11;11;1;0.000125795822;0.000078100906;0.000154489927;0.000045799646;
2017;04;11;12;1;0.000127711964;0.000073509354;0.000155390365;0.000047261503;
2017;04;11;13;1;0.000130192779;0.000068843729;0.000155648185;0.000045465176;
2017;04;11;14;1;0.000133149038;0.000065001326;0.000147485921;0.000045910649;
2017;04;11;15;1;0.000125964891;0.000062946055;0.000129980259;0.000047950047;
2017;04;11;16;1;0.000115821647;0.000058143195;0.000125168182;0.000040665257;
2017;04;11;17;1;0.000113553433;0.000055338281;0.000126547525;0.000036369575;
2017;04;11;18;1;0.000117012589;0.000055240682;0.000127499387;0.000036873948;
2017;04;11;19;1;0.000119622716;0.000055719517;0.000122657168;0.000038635958;
2017;04;11;20;1;0.000123771104;0.000059407791;0.000116777342;0.000042795654;
2017;04;11;21;1;0.000135944106;0.000081485238;0.000112877165;0.000056202000;
2017;04;11;22;1;0.000147399160;0.000153271141;0.000113419233;0.000211612181;
2017;04;11;23;1;0.000131420235;0.000159374973;0.000099361221;0.000231863088;
2017;04;11;24;1;0.000106226047;0.000166098230;0.000088809691;0.000198288423;
2017;04;12;1;1;0.000080595311;0.000158793952;0.000079017290;0.000170854045;
2017;04;12;2;1;0.000064621367;0.000147470562;0.000075444328;0.000167601012;
2017;04;12;3;1;0.000057437578;0.000138112019;0.000073744534;0.000163351932;
2017;04;12;4;1;0.000054511218;0.000133459468;0.000072590251;0.000157949802;
2017;04;12;5;1;0.000053456866;0.000131070560;0.000072578147;0.000154176925;
2017;04;12;6;1;0.000055048921;0.000131260407;0.000074883927;0.000151816103;
2017;04;12;7;1;0.000064678332;0.000136952457;0.000083849668;0.000152143146;
2017;04;12;8;1;0.000086806356;0.000110560785;0.000095498358;0.000094424337;
2017;04;12;9;1;0.000105148421;0.000083076523;0.000122050041;0.000048981708;
2017;04;12;10;1;0.000116276586;0.000079219425;0.000143308571;0.000047976970;
2017;04;12;11;1;0.000123906393;0.000077418510;0.000151371187;0.000045551085;
2017;04;12;12;1;0.000125745931;0.000072839373;0.000152195564;0.000046987138;
2017;04;12;13;1;0.000128129931;0.000068185074;0.000152378363;0.000045180567;
2017;04;12;14;1;0.000131051715;0.000064385508;0.000144401196;0.000045627557;
2017;04;12;15;1;0.000124083945;0.000062401615;0.000127367619;0.000047694052;
2017;04;12;16;1;0.000114071975;0.000057630098;0.000122630562;0.000040440996;
2017;04;12;17;1;0.000111806980;0.000054834710;0.000123947524;0.000036158964;
2017;04;12;18;1;0.000115254103;0.000054757558;0.000124924451;0.000036673516;
2017;04;12;19;1;0.000117840977;0.000055239693;0.000120196317;0.000038431157;
2017;04;12;20;1;0.000121888213;0.000058877191;0.000114397513;0.000042555061;
2017;04;12;21;1;0.000133773316;0.000080695494;0.000110491980;0.000055843160;
2017;04;12;22;1;0.000144976593;0.000151713597;0.000110969886;0.000210161253;
2017;04;12;23;1;0.000129217076;0.000157702665;0.000097182964;0.000230196328;
2017;04;12;24;1;0.000104536344;0.000164498721;0.000086938510;0.000197034714;
2017;04;13;1;1;0.000072033982;0.000149987558;0.000067389670;0.000165689824;
2017;04;13;2;1;0.000057701284;0.000139158041;0.000064280535;0.000162378642;
2017;04;13;3;1;0.000051247663;0.000130227604;0.000062784339;0.000158141242;
2017;04;13;4;1;0.000048563623;0.000125651656;0.000061708792;0.000152681777;
2017;04;13;5;1;0.000047581810;0.000123292382;0.000061643442;0.000148901736;
2017;04;13;6;1;0.000048881493;0.000123175132;0.000063449444;0.000146270391;
2017;04;13;7;1;0.000057149687;0.000127884675;0.000070696830;0.000145864754;
2017;04;13;8;1;0.000076203105;0.000102568945;0.000079994586;0.000089938991;
2017;04;13;9;1;0.000091981749;0.000076801703;0.000101877995;0.000046491736;
2017;04;13;10;1;0.000101950720;0.000073404611;0.000119898497;0.000045642957;
2017;04;13;11;1;0.000108922686;0.000071922217;0.000126973004;0.000043447649;
2017;04;13;12;1;0.000110697990;0.000067765028;0.000127847234;0.000044881536;
2017;04;13;13;1;0.000112807343;0.000063440957;0.000128012869;0.000043159994;
2017;04;13;14;1;0.000115383928;0.000059907938;0.000121315684;0.000043588583;
2017;04;13;15;1;0.000109326450;0.000058103075;0.000107080954;0.000045594955;
2017;04;13;16;1;0.000100327639;0.000053565433;0.000102916237;0.000038592811;
2017;04;13;17;1;0.000098196386;0.000050895076;0.000103874272;0.000034457637;
2017;04;13;18;1;0.000101119541;0.000050771079;0.000104585070;0.000034911955;
2017;04;13;19;1;0.000103475721;0.000051260993;0.000100710983;0.000036615799;
2017;04;13;20;1;0.000107180529;0.000054713551;0.000095987419;0.000040602084;
2017;04;13;21;1;0.000117825210;0.000075112401;0.000092863069;0.000053368088;
2017;04;13;22;1;0.000127993652;0.000141549610;0.000093484418;0.000201319626;
2017;04;13;23;1;0.000114474775;0.000147646294;0.000082153028;0.000221274418;
2017;04;13;24;1;0.000092733490;0.000154214587;0.000073591057;0.000189650928;
2017;04;14;1;1;0.000085814242;0.000157869822;0.000081088006;0.000168257302;
2017;04;14;2;1;0.000070968255;0.000147868740;0.000075373751;0.000161614635;
2017;04;14;3;1;0.000061147500;0.000138125246;0.000072500615;0.000154793768;
2017;04;14;4;1;0.000056239061;0.000132741292;0.000070575013;0.000153310570;
2017;04;14;5;1;0.000053940902;0.000129649200;0.000070338323;0.000151336331;
2017;04;14;6;1;0.000053638968;0.000128935277;0.000070927551;0.000148665016;
2017;04;14;7;1;0.000055277305;0.000130756272;0.000073045093;0.000149896586;
2017;04;14;8;1;0.000059046104;0.000095707144;0.000068295011;0.000091437367;
2017;04;14;9;1;0.000069462184;0.000062859877;0.000065136573;0.000035599641;
2017;04;14;10;1;0.000088122486;0.000068309098;0.000069343526;0.000038357044;
2017;04;14;11;1;0.000104435386;0.000075382731;0.000074254050;0.000042786926;
2017;04;14;12;1;0.000110723039;0.000074618316;0.000078291056;0.000047239511;
2017;04;14;13;1;0.000113239256;0.000069632544;0.000080782203;0.000045293432;
2017;04;14;14;1;0.000116608015;0.000064597479;0.000080998504;0.000044485473;
2017;04;14;15;1;0.000115322086;0.000062500201;0.000078818308;0.000047429520;
2017;04;14;16;1;0.000102195848;0.000054975708;0.000075954883;0.000042158601;
2017;04;14;17;1;0.000094445500;0.000050766663;0.000073603662;0.000036497122;
2017;04;14;18;1;0.000092423043;0.000049597916;0.000071552015;0.000035286011;
2017;04;14;19;1;0.000094921251;0.000050167606;0.000070894771;0.000035337730;
2017;04;14;20;1;0.000100059108;0.000053446907;0.000072691544;0.000038937663;
2017;04;14;21;1;0.000115088019;0.000074945515;0.000078949205;0.000051451887;
2017;04;14;22;1;0.000133219477;0.000145544248;0.000091641109;0.000208937670;
2017;04;14;23;1;0.000120605160;0.000151991112;0.000086824786;0.000224935232;
2017;04;14;24;1;0.000099089936;0.000159995259;0.000080328635;0.000196288445;
2017;04;15;1;1;0.000082116728;0.000156412320;0.000077124602;0.000169088636;
2017;04;15;2;1;0.000067042154;0.000146212728;0.000071882052;0.000164131949;
2017;04;15;3;1;0.000058021742;0.000136718654;0.000069302843;0.000161913821;
2017;04;15;4;1;0.000053557205;0.000131574017;0.000067475509;0.000157025306;
2017;04;15;5;1;0.000051526929;0.000128467408;0.000067133673;0.000151491204;
2017;04;15;6;1;0.000051747988;0.000128129664;0.000068183881;0.000151339143;
2017;04;15;7;1;0.000054818440;0.000130862657;0.000071462974;0.000151622243;
2017;04;15;8;1;0.000061107958;0.000097987783;0.000069533735;0.000088782227;
2017;04;15;9;1;0.000076672876;0.000069426441;0.000073057484;0.000039047258;
2017;04;15;10;1;0.000097966759;0.000075140928;0.000082786289;0.000041251886;
2017;04;15;11;1;0.000113131924;0.000078911356;0.000093190199;0.000046627821;
2017;04;15;12;1;0.000116867374;0.000075401479;0.000096712556;0.000047566473;
2017;04;15;13;1;0.000118209499;0.000069368799;0.000098484176;0.000044136936;
2017;04;15;14;1;0.000121931790;0.000064892806;0.000095589043;0.000045125584;
2017;04;15;15;1;0.000118222922;0.000062937159;0.000087878863;0.000048286983;
2017;04;15;16;1;0.000104836879;0.000056847987;0.000083901267;0.000041482730;
2017;04;15;17;1;0.000097078703;0.000052675317;0.000082386315;0.000035810005;
2017;04;15;18;1;0.000094907822;0.000051245435;0.000083851276;0.000034800150;
2017;04;15;19;1;0.000096084006;0.000051512258;0.000084178600;0.000034755426;
2017;04;15;20;1;0.000098130019;0.000053782813;0.000086438927;0.000035817043;
2017;04;15;21;1;0.000108436004;0.000072756817;0.000091607823;0.000047451913;
2017;04;15;22;1;0.000124153411;0.000141644300;0.000099381813;0.000204447305;
2017;04;15;23;1;0.000117304822;0.000149964225;0.000092380596;0.000226170111;
2017;04;15;24;1;0.000100312213;0.000160215439;0.000084933516;0.000196509501;
2017;04;16;1;1;0.000085010814;0.000156987167;0.000080155580;0.000167556648;
2017;04;16;2;1;0.000070264947;0.000146960695;0.000074465835;0.000160852650;
2017;04;16;3;1;0.000060517535;0.000137222656;0.000071598934;0.000154002914;
2017;04;16;4;1;0.000055725232;0.000132029234;0.000069779385;0.000152706973;
2017;04;16;5;1;0.000053440739;0.000128936040;0.000069535823;0.000150719829;
2017;04;16;6;1;0.000053156538;0.000128262078;0.000070138034;0.000148101004;
2017;04;16;7;1;0.000054740635;0.000129979763;0.000072179914;0.000149220215;
2017;04;16;8;1;0.000058433596;0.000095074918;0.000067440796;0.000090963680;
2017;04;16;9;1;0.000068844521;0.000062538104;0.000064418143;0.000035468230;
2017;04;16;10;1;0.000087404989;0.000068010861;0.000068630593;0.000038244374;
2017;04;16;11;1;0.000103638760;0.000075092512;0.000073528723;0.000042683356;
2017;04;16;12;1;0.000109868924;0.000074324595;0.000077519572;0.000047121077;
2017;04;16;13;1;0.000112461620;0.000069417637;0.000080054429;0.000045218432;
2017;04;16;14;1;0.000115794051;0.000064390775;0.000080259635;0.000044406751;
2017;04;16;15;1;0.000114632346;0.000062362905;0.000078177925;0.000047393236;
2017;04;16;16;1;0.000101514229;0.000054816933;0.000075285564;0.000042097160;
2017;04;16;17;1;0.000093767948;0.000050594346;0.000072918027;0.000036425432;
2017;04;16;18;1;0.000091799287;0.000049450730;0.000070915840;0.000035231777;
2017;04;16;19;1;0.000094309149;0.000050033857;0.000070285691;0.000035294088;
2017;04;16;20;1;0.000099474689;0.000053337023;0.000072111112;0.000038913365;
2017;04;16;21;1;0.000114479361;0.000074832967;0.000078362302;0.000051448336;
2017;04;16;22;1;0.000132767506;0.000145602675;0.000091133228;0.000209321464;
2017;04;16;23;1;0.000120164331;0.000152012083;0.000086320858;0.000225289065;
2017;04;16;24;1;0.000098574649;0.000159769191;0.000079738566;0.000196292347;
2017;04;17;1;1;0.000072316852;0.000150105174;0.000067807168;0.000165052057;
2017;04;17;2;1;0.000058472321;0.000138941675;0.000065198294;0.000158180007;
2017;04;17;3;1;0.000051963750;0.000130673980;0.000063695389;0.000153403896;
2017;04;17;4;1;0.000049333788;0.000126843911;0.000062931704;0.000150110536;
2017;04;17;5;1;0.000048292063;0.000124105292;0.000063002049;0.000148074354;
2017;04;17;6;1;0.000049754900;0.000123895724;0.000064675438;0.000147709583;
2017;04;17;7;1;0.000058141691;0.000127890034;0.000072665987;0.000148662599;
2017;04;17;8;1;0.000076729848;0.000101084342;0.000082875955;0.000089850303;
2017;04;17;9;1;0.000092830553;0.000075564803;0.000106335359;0.000043612132;
2017;04;17;10;1;0.000104276878;0.000073291604;0.000125130299;0.000044186781;
2017;04;17;11;1;0.000111998861;0.000072838851;0.000131978779;0.000042806753;
2017;04;17;12;1;0.000114031624;0.000069361643;0.000132337417;0.000049007961;
2017;04;17;13;1;0.000116449268;0.000064167059;0.000132414131;0.000046803259;
2017;04;17;14;1;0.000119345003;0.000061015893;0.000125615441;0.000045461392;
2017;04;17;15;1;0.000112583124;0.000058692268;0.000110722894;0.000045714040;
2017;04;17;16;1;0.000102891539;0.000054176638;0.000106000813;0.000038889137;
2017;04;17;17;1;0.000100416389;0.000051421780;0.000106995734;0.000035183485;
2017;04;17;18;1;0.000103894339;0.000050951364;0.000107742256;0.000035825885;
2017;04;17;19;1;0.000106626289;0.000051608768;0.000103821148;0.000036497895;
2017;04;17;20;1;0.000110432683;0.000055374922;0.000098602046;0.000040088201;
2017;04;17;21;1;0.000121743067;0.000075797177;0.000094873999;0.000052562592;
2017;04;17;22;1;0.000133898837;0.000144954092;0.000096493347;0.000206638146;
2017;04;17;23;1;0.000118480038;0.000151466972;0.000084972584;0.000226187261;
2017;04;17;24;1;0.000093556558;0.000156366789;0.000075782024;0.000194666212;
2017;04;18;1;1;0.000079891484;0.000157683348;0.000078367411;0.000169696070;
2017;04;18;2;1;0.000064033129;0.000146384496;0.000074795906;0.000166402953;
2017;04;18;3;1;0.000056989396;0.000137274723;0.000073206632;0.000162397008;
2017;04;18;4;1;0.000054119902;0.000132733842;0.000072106110;0.000157125258;
2017;04;18;5;1;0.000053112616;0.000130454934;0.000072147738;0.000153486215;
2017;04;18;6;1;0.000054755959;0.000130790889;0.000074523604;0.000151306027;
2017;04;18;7;1;0.000064495222;0.000136804290;0.000083655159;0.000152011669;
2017;04;18;8;1;0.000086731208;0.000110658848;0.000095464615;0.000094528686;
2017;04;18;9;1;0.000105201895;0.000083264577;0.000122174731;0.000049103284;
2017;04;18;10;1;0.000116263476;0.000079349443;0.000143365894;0.000048066186;
2017;04;18;11;1;0.000123865113;0.000077528478;0.000151398355;0.000045625729;
2017;04;18;12;1;0.000125784055;0.000072989269;0.000152319777;0.000047094094;
2017;04;18;13;1;0.000128279431;0.000068384380;0.000152634387;0.000045322506;
2017;04;18;14;1;0.000131221737;0.000064582130;0.000144662683;0.000045776870;
2017;04;18;15;1;0.000124212190;0.000062575686;0.000127564639;0.000047837519;
2017;04;18;16;1;0.000114216242;0.000057804204;0.000122848618;0.000040572014;
2017;04;18;17;1;0.000111994649;0.000055023102;0.000124219239;0.000036291101;
2017;04;18;18;1;0.000115511005;0.000054975881;0.000125267114;0.000036827762;
2017;04;18;19;1;0.000118193255;0.000055502018;0.000120617457;0.000038622077;
2017;04;18;20;1;0.000122342191;0.000059200147;0.000114882473;0.000042797812;
2017;04;18;21;1;0.000134373778;0.000081199897;0.000111044855;0.000056204466;
2017;04;18;22;1;0.000145599753;0.000152632992;0.000111504024;0.000211480926;
2017;04;18;23;1;0.000129742714;0.000158621942;0.000097628330;0.000231588647;
2017;04;18;24;1;0.000104803834;0.000165208942;0.000087205667;0.000197928538;
2017;04;19;1;1;0.000082736062;0.000160991966;0.000081924854;0.000172114804;
2017;04;19;2;1;0.000066295208;0.000149415795;0.000078170172;0.000168729310;
2017;04;19;3;1;0.000058991417;0.000140090719;0.000076494643;0.000164636029;
2017;04;19;4;1;0.000056017245;0.000135447323;0.000075339483;0.000159280584;
2017;04;19;5;1;0.000054966647;0.000133102459;0.000075372011;0.000155568986;
2017;04;19;6;1;0.000056612025;0.000133314934;0.000077778035;0.000153209470;
2017;04;19;7;1;0.000066565639;0.000139202264;0.000087156768;0.000153656728;
2017;04;19;8;1;0.000089410916;0.000112467051;0.000099344401;0.000095440093;
2017;04;19;9;1;0.000108385909;0.000084573355;0.000127062232;0.000049546376;
2017;04;19;10;1;0.000119604920;0.000080477344;0.000148880361;0.000048428106;
2017;04;19;11;1;0.000127503767;0.000078679082;0.000157318934;0.000045997679;
2017;04;19;12;1;0.000129453585;0.000074057922;0.000158245225;0.000047468666;
2017;04;19;13;1;0.000132008953;0.000069378880;0.000158556691;0.000045678555;
2017;04;19;14;1;0.000134995592;0.000065501340;0.000150229820;0.000046122409;
2017;04;19;15;1;0.000127683266;0.000063416081;0.000132368881;0.000048160446;
2017;04;19;16;1;0.000117374856;0.000058563988;0.000127439279;0.000040834370;
2017;04;19;17;1;0.000115070683;0.000055736090;0.000128837445;0.000036519065;
2017;04;19;18;1;0.000118678377;0.000055685798;0.000129918540;0.000037057460;
2017;04;19;19;1;0.000121402649;0.000056204134;0.000125063755;0.000038852877;
2017;04;19;20;1;0.000125697095;0.000059964717;0.000119148502;0.000043064820;
2017;04;19;21;1;0.000138114721;0.000082282018;0.000115215181;0.000056578099;
2017;04;19;22;1;0.000149517289;0.000154526585;0.000115586507;0.000212693427;
2017;04;19;23;1;0.000133206552;0.000160557237;0.000101182241;0.000232869152;
2017;04;19;24;1;0.000107568766;0.000167173172;0.000090352371;0.000198961718;
2017;04;20;1;1;0.000083051976;0.000161304589;0.000082334510;0.000172288840;
2017;04;20;2;1;0.000066581279;0.000149780027;0.000078599932;0.000168983508;
2017;04;20;3;1;0.000059224774;0.000140381974;0.000076887672;0.000164825067;
2017;04;20;4;1;0.000056230042;0.000135707699;0.000075714735;0.000159438537;
2017;04;20;5;1;0.000055177199;0.000133362546;0.000075749820;0.000155728184;
2017;04;20;6;1;0.000056835944;0.000133592043;0.000078177623;0.000153385320;
2017;04;20;7;1;0.000066865146;0.000139567208;0.000087652018;0.000153916462;
2017;04;20;8;1;0.000089778316;0.000112718088;0.000099870083;0.000095564273;
2017;04;20;9;1;0.000108835935;0.000084765757;0.000127740047;0.000049612964;
2017;04;20;10;1;0.000120166421;0.000080704010;0.000149755437;0.000048519393;
2017;04;20;11;1;0.000128000541;0.000078837977;0.000158117845;0.000046047760;
2017;04;20;12;1;0.000129896457;0.000074172367;0.000158973575;0.000047497860;
2017;04;20;13;1;0.000132407708;0.000069458367;0.000159222912;0.000045688410;
2017;04;20;14;1;0.000135406200;0.000065577755;0.000150864207;0.000046133324;
2017;04;20;15;1;0.000128098776;0.000063503519;0.000132956017;0.000048182052;
2017;04;20;16;1;0.000117772938;0.000058652763;0.000128022070;0.000040858281;
2017;04;20;17;1;0.000115461071;0.000055820637;0.000129426766;0.000036540488;
2017;04;20;18;1;0.000119032867;0.000055747724;0.000130460047;0.000037064209;
2017;04;20;19;1;0.000121724153;0.000056247634;0.000125542615;0.000038846830;
2017;04;20;20;1;0.000125980710;0.000059987671;0.000119557962;0.000043041287;
2017;04;20;21;1;0.000138364354;0.000082276647;0.000115559343;0.000056521854;
2017;04;20;22;1;0.000150180556;0.000154921930;0.000116235969;0.000213039512;
2017;04;20;23;1;0.000133888195;0.000161077166;0.000101819766;0.000233406237;
2017;04;20;24;1;0.000108057146;0.000167618243;0.000090869463;0.000199306114;
2017;04;21;1;1;0.000083024199;0.000164533958;0.000081548514;0.000171164150;
2017;04;21;2;1;0.000066540776;0.000153066199;0.000077923933;0.000166053044;
2017;04;21;3;1;0.000058837572;0.000143348440;0.000075957942;0.000165993369;
2017;04;21;4;1;0.000055509526;0.000137672736;0.000074516503;0.000159729517;
2017;04;21;5;1;0.000054269857;0.000134955700;0.000074482447;0.000156745735;
2017;04;21;6;1;0.000055960464;0.000134969057;0.000076836239;0.000155253342;
2017;04;21;7;1;0.000066026558;0.000141101797;0.000086274424;0.000155600739;
2017;04;21;8;1;0.000089281963;0.000117083023;0.000098871565;0.000095355762;
2017;04;21;9;1;0.000109397545;0.000089757597;0.000127665644;0.000047441078;
2017;04;21;10;1;0.000120371706;0.000084870140;0.000150245917;0.000048223521;
2017;04;21;11;1;0.000127970656;0.000082185159;0.000158669187;0.000047836546;
2017;04;21;12;1;0.000129500982;0.000077087928;0.000159219722;0.000048310188;
2017;04;21;13;1;0.000131959833;0.000071269495;0.000159243989;0.000045346851;
2017;04;21;14;1;0.000135330439;0.000066689240;0.000150512209;0.000044162448;
2017;04;21;15;1;0.000128488136;0.000064305805;0.000131019719;0.000047630427;
2017;04;21;16;1;0.000119297897;0.000059863746;0.000122682083;0.000043340697;
2017;04;21;17;1;0.000116242749;0.000057447230;0.000121689534;0.000039647758;
2017;04;21;18;1;0.000118829264;0.000056598332;0.000121997002;0.000040474465;
2017;04;21;19;1;0.000120224662;0.000056673508;0.000118984983;0.000040286107;
2017;04;21;20;1;0.000121827862;0.000059166657;0.000115526419;0.000041298353;
2017;04;21;21;1;0.000130153048;0.000079248568;0.000115502558;0.000053400199;
2017;04;21;22;1;0.000143185423;0.000151681693;0.000118807346;0.000212372365;
2017;04;21;23;1;0.000132029549;0.000160518876;0.000105646628;0.000233909676;
2017;04;21;24;1;0.000110725118;0.000171141272;0.000095305688;0.000204363263;
2017;04;22;1;1;0.000091071402;0.000165715049;0.000088518514;0.000175253047;
2017;04;22;2;1;0.000074363018;0.000154929755;0.000082512606;0.000170138635;
2017;04;22;3;1;0.000064294417;0.000144727439;0.000079473866;0.000167674566;
2017;04;22;4;1;0.000059370059;0.000139335032;0.000077408124;0.000162674694;
2017;04;22;5;1;0.000057153830;0.000136127116;0.000077062355;0.000157036015;
2017;04;22;6;1;0.000057350399;0.000135654208;0.000078201572;0.000156745477;
2017;04;22;7;1;0.000060662178;0.000138339967;0.000081839544;0.000156803234;
2017;04;22;8;1;0.000067522262;0.000103433626;0.000079512528;0.000091680298;
2017;04;22;9;1;0.000084902934;0.000073442332;0.000083721393;0.000040408457;
2017;04;22;10;1;0.000108536006;0.000079526571;0.000094917066;0.000042710994;
2017;04;22;11;1;0.000125215896;0.000083436178;0.000106741997;0.000048230325;
2017;04;22;12;1;0.000129306963;0.000079698307;0.000110739429;0.000049184737;
2017;04;22;13;1;0.000130751610;0.000073299236;0.000112733221;0.000045624448;
2017;04;22;14;1;0.000134791313;0.000068530218;0.000109356312;0.000046619602;
2017;04;22;15;1;0.000130573880;0.000066405242;0.000100445350;0.000049840852;
2017;04;22;16;1;0.000115694584;0.000059931430;0.000095820460;0.000042782587;
2017;04;22;17;1;0.000107099390;0.000055515058;0.000094060850;0.000036920552;
2017;04;22;18;1;0.000104645851;0.000053977876;0.000095679847;0.000035859307;
2017;04;22;19;1;0.000105817401;0.000054194745;0.000095939726;0.000035770860;
2017;04;22;20;1;0.000108003623;0.000056548430;0.000098454732;0.000036840620;
2017;04;22;21;1;0.000119297806;0.000076466858;0.000104299518;0.000048788049;
2017;04;22;22;1;0.000136620728;0.000148901012;0.000113176340;0.000210251983;
2017;04;22;23;1;0.000129156005;0.000157734616;0.000105261678;0.000232720542;
2017;04;22;24;1;0.000110495973;0.000168592249;0.000096819432;0.000202291185;
2017;04;23;1;1;0.000090993056;0.000163081814;0.000087771791;0.000171516889;
2017;04;23;2;1;0.000075178155;0.000152602426;0.000081507415;0.000164585779;
2017;04;23;3;1;0.000064788207;0.000142576466;0.000078416671;0.000157672085;
2017;04;23;4;1;0.000059608086;0.000137066301;0.000076360285;0.000156215205;
2017;04;23;5;1;0.000057123757;0.000133759899;0.000076039634;0.000154072753;
2017;04;23;6;1;0.000056794258;0.000133000513;0.000076663465;0.000151327164;
2017;04;23;7;1;0.000058491322;0.000134792162;0.000078901467;0.000152482642;
2017;04;23;8;1;0.000062386553;0.000098514835;0.000073661097;0.000092876864;
2017;04;23;9;1;0.000073608050;0.000064894508;0.000070461397;0.000036266579;
2017;04;23;10;1;0.000093457969;0.000070577405;0.000075073209;0.000039107388;
2017;04;23;11;1;0.000110769809;0.000077893843;0.000080397647;0.000043628362;
2017;04;23;12;1;0.000117432644;0.000077099901;0.000084764197;0.000048165971;
2017;04;23;13;1;0.000120276058;0.000072052985;0.000087588548;0.000046248909;
2017;04;23;14;1;0.000123918899;0.000066877842;0.000087868983;0.000045447651;
2017;04;23;15;1;0.000122608932;0.000064736403;0.000085543337;0.000048477748;
2017;04;23;16;1;0.000108644481;0.000056938075;0.000082428913;0.000043086845;
2017;04;23;17;1;0.000100310761;0.000052529395;0.000079802250;0.000037265673;
2017;04;23;18;1;0.000098125340;0.000051300532;0.000077548292;0.000036015344;
2017;04;23;19;1;0.000100859061;0.000051931681;0.000076898016;0.000036097258;
2017;04;23;20;1;0.000106417770;0.000055378048;0.000078920691;0.000039811771;
2017;04;23;21;1;0.000122404963;0.000077655478;0.000085716837;0.000052608305;
2017;04;23;22;1;0.000141713998;0.000150833429;0.000099514146;0.000213671137;
2017;04;23;23;1;0.000128275003;0.000157489597;0.000094269092;0.000229994642;
2017;04;23;24;1;0.000105357983;0.000165730540;0.000087188207;0.000200639632;
2017;04;24;1;1;0.000079444254;0.000157810459;0.000077159653;0.000169917547;
2017;04;24;2;1;0.000064284542;0.000146186035;0.000074247892;0.000162967918;
2017;04;24;3;1;0.000057176349;0.000137601191;0.000072596488;0.000158178201;
2017;04;24;4;1;0.000054289693;0.000133585613;0.000071735494;0.000154802657;
2017;04;24;5;1;0.000053081250;0.000130548784;0.000071731802;0.000152524477;
2017;04;24;6;1;0.000054771408;0.000130524339;0.000073747805;0.000152377564;
2017;04;24;7;1;0.000064215221;0.000135177424;0.000083132948;0.000153867307;
2017;04;24;8;1;0.000084938428;0.000107088026;0.000095029863;0.000093208117;
2017;04;24;9;1;0.000102943300;0.000080194363;0.000122145235;0.000045321970;
2017;04;24;10;1;0.000115342477;0.000077584081;0.000143369053;0.000045802367;
2017;04;24;11;1;0.000123741397;0.000077016121;0.000151041816;0.000044320843;
2017;04;24;12;1;0.000125990963;0.000073341637;0.000151456676;0.000050742871;
2017;04;24;13;1;0.000128647246;0.000067841120;0.000151526904;0.000048454502;
2017;04;24;14;1;0.000131729098;0.000064452177;0.000143619096;0.000047023454;
2017;04;24;15;1;0.000124214606;0.000061972270;0.000126540189;0.000047265394;
2017;04;24;16;1;0.000113674395;0.000057281210;0.000121306441;0.000040262951;
2017;04;24;17;1;0.000111001933;0.000054398909;0.000122513537;0.000036446775;
2017;04;24;18;1;0.000114837270;0.000053896918;0.000123358398;0.000037109253;
2017;04;24;19;1;0.000117772749;0.000054553316;0.000118784022;0.000037778320;
2017;04;24;20;1;0.000121889554;0.000058492358;0.000112731808;0.000041464816;
2017;04;24;21;1;0.000134323897;0.000080034866;0.000108429619;0.000054347570;
2017;04;24;22;1;0.000147250111;0.000152555001;0.000109917762;0.000212952937;
2017;04;24;23;1;0.000130087021;0.000159156312;0.000096640527;0.000232729392;
2017;04;24;24;1;0.000102733080;0.000164322763;0.000086197357;0.000200318454;
2017;04;25;1;1;0.000082948117;0.000161134360;0.000082269510;0.000172100227;
2017;04;25;2;1;0.000066505628;0.000149639084;0.000078546868;0.000168817833;
2017;04;25;3;1;0.000059188952;0.000140324484;0.000076876639;0.000164751066;
2017;04;25;4;1;0.000056190740;0.000135639351;0.000075696742;0.000159351947;
2017;04;25;5;1;0.000055123680;0.000133259233;0.000075711283;0.000155601404;
2017;04;25;6;1;0.000056789650;0.000133509318;0.000078150006;0.000153284289;
2017;04;25;7;1;0.000066818266;0.000139496614;0.000087630999;0.000153832539;
2017;04;25;8;1;0.000089838490;0.000112815684;0.000099983156;0.000095643241;
2017;04;25;9;1;0.000108981334;0.000084895588;0.000127969749;0.000049686993;
2017;04;25;10;1;0.000120346556;0.000080840786;0.000150049165;0.000048599706;
2017;04;25;11;1;0.000128114576;0.000078923636;0.000158331771;0.000046095972;
2017;04;25;12;1;0.000130001165;0.000074246665;0.000159175170;0.000047543563;
2017;04;25;13;1;0.000132533967;0.000069538188;0.000159448314;0.000045739110;
2017;04;25;14;1;0.000135561243;0.000065665675;0.000151106674;0.000046193352;
2017;04;25;15;1;0.000128258991;0.000063595371;0.000133183762;0.000048249839;
2017;04;25;16;1;0.000117961710;0.000058758257;0.000128286465;0.000040930153;
2017;04;25;17;1;0.000115718888;0.000055956216;0.000129775651;0.000036627793;
2017;04;25;18;1;0.000119328907;0.000055897295;0.000130844883;0.000037162185;
2017;04;25;19;1;0.000122072628;0.000056419686;0.000125960142;0.000038964118;
2017;04;25;20;1;0.000126444248;0.000060220159;0.000120053264;0.000043206393;
2017;04;25;21;1;0.000138852343;0.000082582961;0.000116020437;0.000056730045;
2017;04;25;22;1;0.000150330125;0.000155106530;0.000116405444;0.000213284946;
2017;04;25;23;1;0.000133953951;0.000161187774;0.000101916800;0.000233557294;
2017;04;25;24;1;0.000108113867;0.000167739007;0.000090959133;0.000199441838;
2017;04;26;1;1;0.000083849840;0.000162189897;0.000083398132;0.000172866625;
2017;04;26;2;1;0.000067223836;0.000150608633;0.000079618772;0.000169557582;
2017;04;26;3;1;0.000059834434;0.000141248526;0.000077933940;0.000165490388;
2017;04;26;4;1;0.000056778340;0.000136472006;0.000076703792;0.000159996071;
2017;04;26;5;1;0.000055663038;0.000133988011;0.000076667449;0.000156126353;
2017;04;26;6;1;0.000057359988;0.000134273827;0.000079157229;0.000153840792;
2017;04;26;7;1;0.000067458819;0.000140232001;0.000088720300;0.000154321254;
2017;04;26;8;1;0.000090645532;0.000113342653;0.000101165519;0.000095889764;
2017;04;26;9;1;0.000109823956;0.000085186352;0.000129322471;0.000049753276;
2017;04;26;10;1;0.000121186896;0.000081057360;0.000151522555;0.000048628362;
2017;04;26;11;1;0.000129082009;0.000079179761;0.000159976779;0.000046149198;
2017;04;26;12;1;0.000131154825;0.000074585415;0.000161040109;0.000047660956;
2017;04;26;13;1;0.000133783866;0.000069893993;0.000161405446;0.000045877342;
2017;04;26;14;1;0.000136881840;0.000066021994;0.000153008532;0.000046347229;
2017;04;26;15;1;0.000129494222;0.000063933431;0.000134845221;0.000048405247;
2017;04;26;16;1;0.000119027009;0.000059035507;0.000129809659;0.000041037589;
2017;04;26;17;1;0.000116675328;0.000056177582;0.000131216878;0.000036696068;
2017;04;26;18;1;0.000120312469;0.000056117161;0.000132294998;0.000037230616;
2017;04;26;19;1;0.000123055678;0.000056630965;0.000127332191;0.000039028532;
2017;04;26;20;1;0.000127466476;0.000060447554;0.000121364754;0.000043279169;
2017;04;26;21;1;0.000139963063;0.000082887799;0.000117277967;0.000056820802;
2017;04;26;22;1;0.000151540985;0.000155687629;0.000117673613;0.000213637898;
2017;04;26;23;1;0.000135130542;0.000161908639;0.000103101618;0.000234112945;
2017;04;26;24;1;0.000109070430;0.000168499891;0.000092022419;0.000199929046;
2017;04;27;1;1;0.000084665371;0.000163082760;0.000084472376;0.000173448046;
2017;04;27;2;1;0.000067852582;0.000151381789;0.000080614539;0.000170065017;
2017;04;27;3;1;0.000060377582;0.000141934878;0.000078887096;0.000165940342;
2017;04;27;4;1;0.000057317336;0.000137191611;0.000077673871;0.000160497142;
2017;04;27;5;1;0.000056209549;0.000134737914;0.000077662081;0.000156665761;
2017;04;27;6;1;0.000057908964;0.000134992235;0.000080164509;0.000154334468;
2017;04;27;7;1;0.000068104170;0.000140981712;0.000089848904;0.000154815840;
2017;04;27;8;1;0.000091446442;0.000113866104;0.000102378257;0.000096127432;
2017;04;27;9;1;0.000110979754;0.000085723003;0.000131091785;0.000049960070;
2017;04;27;10;1;0.000122566855;0.000081637654;0.000153726760;0.000048872178;
2017;04;27;11;1;0.000130545075;0.000079742463;0.000162295522;0.000046378170;
2017;04;27;12;1;0.000132544128;0.000075060389;0.000163254472;0.000047862310;
2017;04;27;13;1;0.000135151431;0.000070313292;0.000163564820;0.000046054263;
2017;04;27;14;1;0.000138178085;0.000066368599;0.000154940086;0.000046491310;
2017;04;27;15;1;0.000130685103;0.000064251664;0.000136510501;0.000048542576;
2017;04;27;16;1;0.000120180969;0.000059358669;0.000131477670;0.000041174345;
2017;04;27;17;1;0.000117814942;0.000056489153;0.000132912507;0.000036820997;
2017;04;27;18;1;0.000121469557;0.000056420013;0.000133984649;0.000037351815;
2017;04;27;19;1;0.000124267518;0.000056949590;0.000128987905;0.000039164525;
2017;04;27;20;1;0.000128657050;0.000060757098;0.000122881074;0.000043408142;
2017;04;27;21;1;0.000141272367;0.000083313441;0.000118744916;0.000056990940;
2017;04;27;22;1;0.000152992774;0.000156522074;0.000119172132;0.000214325471;
2017;04;27;23;1;0.000136490520;0.000162854465;0.000104464627;0.000234979015;
2017;04;27;24;1;0.000110148469;0.000169453968;0.000093222317;0.000200632837;
2017;04;28;1;1;0.000084496278;0.000166133042;0.000083504045;0.000172142511;
2017;04;28;2;1;0.000067703939;0.000154515824;0.000079772925;0.000166961124;
2017;04;28;3;1;0.000059887821;0.000144758582;0.000077788524;0.000166961733;
2017;04;28;4;1;0.000056520053;0.000139075481;0.000076338932;0.000160717311;
2017;04;28;5;1;0.000055251822;0.000136315970;0.000076295765;0.000157697968;
2017;04;28;6;1;0.000056955105;0.000136286596;0.000078682114;0.000156147394;
2017;04;28;7;1;0.000067176657;0.000142429470;0.000088316199;0.000156442166;
2017;04;28;8;1;0.000090973215;0.000118361736;0.000101363080;0.000096015024;
2017;04;28;9;1;0.000111548130;0.000090801604;0.000130974675;0.000047802621;
2017;04;28;10;1;0.000122666649;0.000085807370;0.000154050580;0.000048562769;
2017;04;28;11;1;0.000130444903;0.000083114673;0.000162730098;0.000048185788;
2017;04;28;12;1;0.000132001358;0.000077957749;0.000163290444;0.000048661613;
2017;04;28;13;1;0.000134565916;0.000072104867;0.000163386035;0.000045696494;
2017;04;28;14;1;0.000137976485;0.000067457919;0.000154397366;0.000044494380;
2017;04;28;15;1;0.000131030466;0.000065061942;0.000134432567;0.000047999440;
2017;04;28;16;1;0.000121621248;0.000060549162;0.000125839325;0.000043663143;
2017;04;28;17;1;0.000118401085;0.000058053243;0.000124710095;0.000039907166;
2017;04;28;18;1;0.000120994588;0.000057175999;0.000124982807;0.000040725469;
2017;04;28;19;1;0.000122413620;0.000057251102;0.000121895282;0.000040535349;
2017;04;28;20;1;0.000124090757;0.000059791222;0.000118394818;0.000041568848;
2017;04;28;21;1;0.000132612844;0.000080110650;0.000118408102;0.000053767094;
2017;04;28;22;1;0.000145699735;0.000153130149;0.000121635914;0.000213550403;
2017;04;28;23;1;0.000134462232;0.000162189550;0.000108253859;0.000235407233;
2017;04;28;24;1;0.000112757633;0.000172910807;0.000097651111;0.000205657743;
2017;04;29;1;1;0.000092098754;0.000166835385;0.000089859322;0.000176014310;
2017;04;29;2;1;0.000075153635;0.000155877095;0.000083708697;0.000170768041;
2017;04;29;3;1;0.000064964281;0.000145581684;0.000080608902;0.000168259361;
2017;04;29;4;1;0.000059939268;0.000140042146;0.000078449068;0.000163107758;
2017;04;29;5;1;0.000057671544;0.000136746232;0.000078057710;0.000157371532;
2017;04;29;6;1;0.000057874206;0.000136281329;0.000079217545;0.000157092080;
2017;04;29;7;1;0.000061220041;0.000138988149;0.000082907937;0.000157159740;
2017;04;29;8;1;0.000068186381;0.000103984089;0.000080601572;0.000091946953;
2017;04;29;9;1;0.000085801268;0.000073887666;0.000084930708;0.000040555890;
2017;04;29;10;1;0.000109708608;0.000080026461;0.000096309353;0.000042876292;
2017;04;29;11;1;0.000126690219;0.000084041252;0.000108411721;0.000048463467;
2017;04;29;12;1;0.000130781950;0.000080247124;0.000112430843;0.000049404546;
2017;04;29;13;1;0.000132307949;0.000073840194;0.000114511235;0.000045850828;
2017;04;29;14;1;0.000136375887;0.000069025932;0.000111064901;0.000046844102;
2017;04;29;15;1;0.000132166610;0.000066914816;0.000102059297;0.000050102751;
2017;04;29;16;1;0.000117092479;0.000060384448;0.000097349006;0.000043002498;
2017;04;29;17;1;0.000108419647;0.000055948220;0.000095584437;0.000037119306;
2017;04;29;18;1;0.000105905885;0.000054383651;0.000097202144;0.000036042146;
2017;04;29;19;1;0.000107161206;0.000054637669;0.000097529561;0.000035976636;
2017;04;29;20;1;0.000109385465;0.000057015946;0.000100095645;0.000037056031;
2017;04;29;21;1;0.000120869860;0.000077128218;0.000106077959;0.000049091882;
2017;04;29;22;1;0.000138111320;0.000149852784;0.000114848577;0.000211087954;
2017;04;29;23;1;0.000130680665;0.000158883292;0.000106911473;0.000233852555;
2017;04;29;24;1;0.000111796688;0.000169814425;0.000098333684;0.000203268516;
2017;04;30;1;1;0.000091906370;0.000164065297;0.000088973025;0.000172207665;
2017;04;30;2;1;0.000075919979;0.000153496929;0.000082609040;0.000165220888;
2017;04;30;3;1;0.000065390641;0.000143331391;0.000079431739;0.000158191328;
2017;04;30;4;1;0.000060131607;0.000137721633;0.000077309206;0.000156649556;
2017;04;30;5;1;0.000057630692;0.000134411629;0.000076991562;0.000154515178;
2017;04;30;6;1;0.000057319948;0.000133699106;0.000077652570;0.000151819121;
2017;04;30;7;1;0.000059009007;0.000135445739;0.000079887345;0.000152916908;
2017;04;30;8;1;0.000063000215;0.000099089242;0.000074654373;0.000093232388;
2017;04;30;9;1;0.000074425959;0.000065355314;0.000071501707;0.000036451377;
2017;04;30;10;1;0.000094502991;0.000071083489;0.000076186887;0.000039309386;
2017;04;30;11;1;0.000112120470;0.000078530880;0.000081671940;0.000043897585;
2017;04;30;12;1;0.000118959752;0.000077792704;0.000086176667;0.000048502012;
2017;04;30;13;1;0.000121866111;0.000072715933;0.000089067063;0.000046581502;
2017;04;30;14;1;0.000125551356;0.000067490080;0.000089348135;0.000045772384;
2017;04;30;15;1;0.000124191231;0.000065311735;0.000086960303;0.000048811200;
2017;04;30;16;1;0.000109911432;0.000057373562;0.000083691395;0.000043329943;
2017;04;30;17;1;0.000101490645;0.000052936439;0.000081032579;0.000037479663;
2017;04;30;18;1;0.000099270675;0.000051693449;0.000078736856;0.000036218928;
2017;04;30;19;1;0.000102018046;0.000052320067;0.000078062643;0.000036294809;
2017;04;30;20;1;0.000107525606;0.000055732589;0.000080030339;0.000039986875;
2017;04;30;21;1;0.000123532932;0.000078060199;0.000086819223;0.000052777189;
2017;04;30;22;1;0.000142802448;0.000151389007;0.000100640725;0.000214031152;
2017;04;30;23;1;0.000129394655;0.000158234073;0.000095435436;0.000230621742;
2017;04;30;24;1;0.000106231817;0.000166442236;0.000088228915;0.000201100019;
