AŃO;MES;DIA;HORA;VERANO(1)/INVIERNO(0);COEF. PERFIL A;COEF. PERFIL B;COEF. PERFIL C;COEF. PERFIL D;
2018;05;01;1;1;0.000089656251;0.000141383804;0.000091416330;0.000164330718;
2018;05;01;2;1;0.000074811873;0.000130989958;0.000084341814;0.000162120511;
2018;05;01;3;1;0.000065218713;0.000122348780;0.000080701372;0.000157407427;
2018;05;01;4;1;0.000060183781;0.000118188180;0.000078581537;0.000153325284;
2018;05;01;5;1;0.000057856004;0.000115566386;0.000078134264;0.000148997185;
2018;05;01;6;1;0.000057321764;0.000114722801;0.000078822071;0.000145096724;
2018;05;01;7;1;0.000058835049;0.000104015276;0.000077757295;0.000129707188;
2018;05;01;8;1;0.000062781559;0.000056154428;0.000068899383;0.000037921870;
2018;05;01;9;1;0.000075207457;0.000055019896;0.000072643081;0.000036521815;
2018;05;01;10;1;0.000094711405;0.000064878661;0.000078526081;0.000042538201;
2018;05;01;11;1;0.000110640225;0.000073314863;0.000084652819;0.000049166900;
2018;05;01;12;1;0.000117388461;0.000075157249;0.000088673453;0.000053311232;
2018;05;01;13;1;0.000119183734;0.000073112002;0.000091721440;0.000049761295;
2018;05;01;14;1;0.000123389774;0.000069840678;0.000092492483;0.000050752865;
2018;05;01;15;1;0.000120200479;0.000067559692;0.000090944291;0.000051955982;
2018;05;01;16;1;0.000105897763;0.000059671336;0.000088556518;0.000045653315;
2018;05;01;17;1;0.000098560799;0.000055259678;0.000085645974;0.000040301647;
2018;05;01;18;1;0.000097391522;0.000053444428;0.000083280609;0.000040503111;
2018;05;01;19;1;0.000099714254;0.000053895858;0.000082143335;0.000040621428;
2018;05;01;20;1;0.000104613119;0.000056460977;0.000084161392;0.000041113698;
2018;05;01;21;1;0.000115582824;0.000063154903;0.000086519800;0.000045180235;
2018;05;01;22;1;0.000132681902;0.000111745934;0.000097611378;0.000128030598;
2018;05;01;23;1;0.000125865671;0.000147689088;0.000098257422;0.000217104117;
2018;05;01;24;1;0.000103473998;0.000148380956;0.000090581780;0.000192191981;
2018;05;02;1;1;0.000076892229;0.000129994908;0.000081048957;0.000153408408;
2018;05;02;2;1;0.000062968930;0.000119566239;0.000077382212;0.000153906999;
2018;05;02;3;1;0.000056550217;0.000112462137;0.000075356549;0.000150289078;
2018;05;02;4;1;0.000053944708;0.000109663401;0.000074306490;0.000144737042;
2018;05;02;5;1;0.000052919971;0.000108096497;0.000074291369;0.000139420295;
2018;05;02;6;1;0.000054522696;0.000108152889;0.000076492401;0.000135648655;
2018;05;02;7;1;0.000063158642;0.000101055566;0.000081823473;0.000120036712;
2018;05;02;8;1;0.000082399250;0.000065460185;0.000088835290;0.000042770145;
2018;05;02;9;1;0.000099357058;0.000070548397;0.000118926571;0.000047790515;
2018;05;02;10;1;0.000108300319;0.000071808383;0.000141250233;0.000048543333;
2018;05;02;11;1;0.000114878864;0.000072513313;0.000150856051;0.000048322228;
2018;05;02;12;1;0.000117427446;0.000070554388;0.000153495663;0.000048665244;
2018;05;02;13;1;0.000120964325;0.000068765450;0.000155674325;0.000049034826;
2018;05;02;14;1;0.000124728733;0.000067981834;0.000149490767;0.000049132048;
2018;05;02;15;1;0.000118733741;0.000065845537;0.000133489095;0.000049311215;
2018;05;02;16;1;0.000109235925;0.000060807301;0.000129728639;0.000044650643;
2018;05;02;17;1;0.000107506692;0.000058170215;0.000131345804;0.000041222608;
2018;05;02;18;1;0.000111535242;0.000058308250;0.000133108199;0.000041640440;
2018;05;02;19;1;0.000114223218;0.000058899060;0.000128329881;0.000043011933;
2018;05;02;20;1;0.000117198132;0.000061231589;0.000121793196;0.000044739429;
2018;05;02;21;1;0.000124451601;0.000067306964;0.000112837686;0.000050041570;
2018;05;02;22;1;0.000134025482;0.000111753117;0.000109933572;0.000130439439;
2018;05;02;23;1;0.000123504560;0.000146302794;0.000102025334;0.000220206354;
2018;05;02;24;1;0.000099651861;0.000143330817;0.000091008353;0.000193670249;
2018;05;03;1;1;0.000080815045;0.000134839885;0.000085385316;0.000161125583;
2018;05;03;2;1;0.000066193853;0.000124164772;0.000081553126;0.000162508330;
2018;05;03;3;1;0.000059450410;0.000116836654;0.000079429063;0.000159027067;
2018;05;03;4;1;0.000056715207;0.000113977513;0.000078333162;0.000153460568;
2018;05;03;5;1;0.000055627873;0.000112229590;0.000078289222;0.000147175897;
2018;05;03;6;1;0.000057300078;0.000112143110;0.000080573555;0.000142447089;
2018;05;03;7;1;0.000066335792;0.000104400518;0.000086084630;0.000123985068;
2018;05;03;8;1;0.000086514190;0.000067484643;0.000093396494;0.000043760329;
2018;05;03;9;1;0.000104308441;0.000072685942;0.000125007752;0.000048759471;
2018;05;03;10;1;0.000113660964;0.000073841860;0.000148377789;0.000049114201;
2018;05;03;11;1;0.000120530955;0.000074440072;0.000158378494;0.000048532331;
2018;05;03;12;1;0.000123193291;0.000072387992;0.000161119280;0.000048755967;
2018;05;03;13;1;0.000126896467;0.000070528012;0.000163387178;0.000049052498;
2018;05;03;14;1;0.000130850381;0.000069740312;0.000156909053;0.000049202791;
2018;05;03;15;1;0.000124537330;0.000067471402;0.000140059740;0.000049139327;
2018;05;03;16;1;0.000114567941;0.000062284688;0.000136096750;0.000044418559;
2018;05;03;17;1;0.000112767053;0.000059623710;0.000137824426;0.000041125164;
2018;05;03;18;1;0.000116989689;0.000059755789;0.000139666492;0.000041512364;
2018;05;03;19;1;0.000119807251;0.000060355494;0.000134648532;0.000042860215;
2018;05;03;20;1;0.000122913715;0.000062703023;0.000127761107;0.000044448296;
2018;05;03;21;1;0.000130495539;0.000068844104;0.000118320747;0.000049466784;
2018;05;03;22;1;0.000140509630;0.000114190680;0.000115235339;0.000128496064;
2018;05;03;23;1;0.000129485028;0.000149532644;0.000106954591;0.000217210589;
2018;05;03;24;1;0.000104499652;0.000146679672;0.000095445994;0.000192007475;
2018;05;04;1;1;0.000083136640;0.000136369428;0.000087665532;0.000162025179;
2018;05;04;2;1;0.000068675143;0.000125859954;0.000082988366;0.000163397549;
2018;05;04;3;1;0.000061183032;0.000118490286;0.000080930485;0.000159812693;
2018;05;04;4;1;0.000057958728;0.000115547975;0.000079511247;0.000155162107;
2018;05;04;5;1;0.000056876594;0.000113625827;0.000079677154;0.000149989833;
2018;05;04;6;1;0.000058419508;0.000113498121;0.000081926640;0.000145341706;
2018;05;04;7;1;0.000067393520;0.000105162509;0.000087091205;0.000125963116;
2018;05;04;8;1;0.000087251872;0.000067965600;0.000094101743;0.000044088406;
2018;05;04;9;1;0.000105707142;0.000073321724;0.000125258236;0.000049289044;
2018;05;04;10;1;0.000116140144;0.000075196488;0.000149070574;0.000050800455;
2018;05;04;11;1;0.000123527528;0.000075851914;0.000158932762;0.000050465564;
2018;05;04;12;1;0.000126687579;0.000074230480;0.000161739672;0.000049731983;
2018;05;04;13;1;0.000130095126;0.000071813505;0.000164342102;0.000049464372;
2018;05;04;14;1;0.000133869357;0.000071110597;0.000157261398;0.000051107435;
2018;05;04;15;1;0.000127887765;0.000069312179;0.000139293074;0.000050242855;
2018;05;04;16;1;0.000118239217;0.000064138822;0.000131634125;0.000045645898;
2018;05;04;17;1;0.000115664376;0.000061484516;0.000131001413;0.000043370897;
2018;05;04;18;1;0.000119144727;0.000061139724;0.000131708575;0.000045012531;
2018;05;04;19;1;0.000120161448;0.000061082577;0.000128643266;0.000044921547;
2018;05;04;20;1;0.000120913460;0.000062571457;0.000125008904;0.000045188122;
2018;05;04;21;1;0.000124644023;0.000066218224;0.000119684468;0.000047695285;
2018;05;04;22;1;0.000134414735;0.000110441942;0.000119565044;0.000124051127;
2018;05;04;23;1;0.000128381394;0.000149729146;0.000113645271;0.000220701389;
2018;05;04;24;1;0.000108772882;0.000149788021;0.000103083561;0.000195065141;
2018;05;05;1;1;0.000089172444;0.000140585124;0.000092213861;0.000165819253;
2018;05;05;2;1;0.000074240670;0.000130057724;0.000085666957;0.000167245711;
2018;05;05;3;1;0.000064910414;0.000121876619;0.000082103746;0.000165108134;
2018;05;05;4;1;0.000060359655;0.000118072871;0.000080269721;0.000159120423;
2018;05;05;5;1;0.000058167681;0.000115461807;0.000079640825;0.000152051876;
2018;05;05;6;1;0.000058249943;0.000114916553;0.000080938214;0.000148042873;
2018;05;05;7;1;0.000061089854;0.000103030917;0.000080837195;0.000127137139;
2018;05;05;8;1;0.000067815342;0.000057431022;0.000075232337;0.000036938764;
2018;05;05;9;1;0.000085523090;0.000060574102;0.000085830869;0.000038729411;
2018;05;05;10;1;0.000108216867;0.000071325315;0.000098519437;0.000046657240;
2018;05;05;11;1;0.000122514064;0.000077589799;0.000110665367;0.000054727209;
2018;05;05;12;1;0.000125647779;0.000076885911;0.000115596984;0.000053155277;
2018;05;05;13;1;0.000126903689;0.000073432914;0.000118286967;0.000049903529;
2018;05;05;14;1;0.000131597671;0.000071168056;0.000115202989;0.000052608848;
2018;05;05;15;1;0.000127505322;0.000069457179;0.000106848006;0.000054218226;
2018;05;05;16;1;0.000112550862;0.000062677989;0.000103011427;0.000047122115;
2018;05;05;17;1;0.000104620258;0.000058134211;0.000101540733;0.000041284274;
2018;05;05;18;1;0.000103067655;0.000056579359;0.000103436821;0.000040476263;
2018;05;05;19;1;0.000104509801;0.000056379063;0.000103731101;0.000040402436;
2018;05;05;20;1;0.000106473509;0.000057976285;0.000106359265;0.000041303771;
2018;05;05;21;1;0.000113258497;0.000061984918;0.000107739306;0.000043932134;
2018;05;05;22;1;0.000127093123;0.000107413164;0.000112512849;0.000120708428;
2018;05;05;23;1;0.000123680365;0.000147019531;0.000110941759;0.000215319508;
2018;05;05;24;1;0.000106833503;0.000148337630;0.000102025640;0.000191263693;
2018;05;06;1;1;0.000089787710;0.000141263583;0.000091522433;0.000163167281;
2018;05;06;2;1;0.000074938026;0.000131050455;0.000084476780;0.000161875350;
2018;05;06;3;1;0.000065321712;0.000122326782;0.000080813243;0.000156731359;
2018;05;06;4;1;0.000060280837;0.000118190453;0.000078695711;0.000152795988;
2018;05;06;5;1;0.000057938962;0.000115444647;0.000078219844;0.000147788702;
2018;05;06;6;1;0.000057418221;0.000114772994;0.000078947630;0.000144854394;
2018;05;06;7;1;0.000058936617;0.000104088109;0.000077887945;0.000129641050;
2018;05;06;8;1;0.000062883970;0.000056161518;0.000069002026;0.000037805765;
2018;05;06;9;1;0.000075346206;0.000055097513;0.000072782362;0.000036615419;
2018;05;06;10;1;0.000094889961;0.000064985932;0.000078682986;0.000042692453;
2018;05;06;11;1;0.000110861145;0.000073485108;0.000084840841;0.000049487917;
2018;05;06;12;1;0.000117633913;0.000075374115;0.000088887103;0.000053788187;
2018;05;06;13;1;0.000119429653;0.000073310893;0.000091937376;0.000050171040;
2018;05;06;14;1;0.000123627802;0.000069974408;0.000092685390;0.000050993227;
2018;05;06;15;1;0.000120425262;0.000067665140;0.000091123236;0.000052122187;
2018;05;06;16;1;0.000106090924;0.000059748037;0.000088722614;0.000045745342;
2018;05;06;17;1;0.000098764030;0.000055409597;0.000085847377;0.000040632821;
2018;05;06;18;1;0.000097581709;0.000053554454;0.000083458266;0.000040721341;
2018;05;06;19;1;0.000099908447;0.000054005135;0.000082317696;0.000040835329;
2018;05;06;20;1;0.000104820301;0.000056586711;0.000084345595;0.000041366965;
2018;05;06;21;1;0.000115790680;0.000063226277;0.000086677621;0.000045240015;
2018;05;06;22;1;0.000132876327;0.000111649458;0.000097724445;0.000127100541;
2018;05;06;23;1;0.000126109804;0.000147981022;0.000098464419;0.000218185247;
2018;05;06;24;1;0.000103715589;0.000149024877;0.000090844159;0.000195096312;
2018;05;07;1;1;0.000082271089;0.000138461200;0.000083593502;0.000165466456;
2018;05;07;2;1;0.000067540559;0.000127199947;0.000079947705;0.000160202522;
2018;05;07;3;1;0.000060310282;0.000119458109;0.000077894219;0.000154818485;
2018;05;07;4;1;0.000057177363;0.000116421007;0.000076883492;0.000151577263;
2018;05;07;5;1;0.000056002177;0.000114596685;0.000077094886;0.000147784605;
2018;05;07;6;1;0.000057434317;0.000114034245;0.000078858236;0.000144658918;
2018;05;07;7;1;0.000065818461;0.000105930665;0.000084323448;0.000127705893;
2018;05;07;8;1;0.000084223380;0.000067014939;0.000090646107;0.000042108355;
2018;05;07;9;1;0.000102009404;0.000071416697;0.000120618487;0.000047097449;
2018;05;07;10;1;0.000112471371;0.000073698934;0.000143170343;0.000047674389;
2018;05;07;11;1;0.000120530948;0.000074501106;0.000152678699;0.000049352769;
2018;05;07;12;1;0.000123831116;0.000072928780;0.000155608117;0.000049954500;
2018;05;07;13;1;0.000127269849;0.000070679444;0.000157426678;0.000048370187;
2018;05;07;14;1;0.000131747813;0.000070059254;0.000151397705;0.000049936377;
2018;05;07;15;1;0.000125181210;0.000067835492;0.000135296822;0.000050296617;
2018;05;07;16;1;0.000114108667;0.000062003364;0.000131707961;0.000042828487;
2018;05;07;17;1;0.000111670504;0.000058882324;0.000133448742;0.000038946717;
2018;05;07;18;1;0.000115101957;0.000058831917;0.000135143335;0.000039172039;
2018;05;07;19;1;0.000117783244;0.000059095940;0.000130415426;0.000041644804;
2018;05;07;20;1;0.000121142919;0.000061562811;0.000123457881;0.000042964862;
2018;05;07;21;1;0.000129477680;0.000067689424;0.000114652733;0.000047516402;
2018;05;07;22;1;0.000141204117;0.000114305525;0.000112658885;0.000129403977;
2018;05;07;23;1;0.000129451198;0.000150900668;0.000104839962;0.000224108915;
2018;05;07;24;1;0.000103352900;0.000148327158;0.000093864518;0.000198216036;
2018;05;08;1;1;0.000080298360;0.000134284805;0.000084816974;0.000160684573;
2018;05;08;2;1;0.000065777941;0.000123735546;0.000081028241;0.000162520806;
2018;05;08;3;1;0.000059069194;0.000116342155;0.000078897353;0.000158506277;
2018;05;08;4;1;0.000056347442;0.000113445672;0.000077797496;0.000152668401;
2018;05;08;5;1;0.000055270412;0.000111745153;0.000077763002;0.000146634205;
2018;05;08;6;1;0.000056925138;0.000111578997;0.000080013011;0.000141463546;
2018;05;08;7;1;0.000065904554;0.000103902216;0.000085493086;0.000123269790;
2018;05;08;8;1;0.000085961261;0.000067207331;0.000092775207;0.000043637331;
2018;05;08;9;1;0.000103635923;0.000072362839;0.000124162151;0.000048553108;
2018;05;08;10;1;0.000112933095;0.000073533019;0.000147387028;0.000048963171;
2018;05;08;11;1;0.000119770999;0.000074172952;0.000157352242;0.000048508119;
2018;05;08;12;1;0.000122433435;0.000072187989;0.000160119439;0.000048907241;
2018;05;08;13;1;0.000126121364;0.000070358569;0.000162392819;0.000049281900;
2018;05;08;14;1;0.000130050448;0.000069570435;0.000155952469;0.000049423926;
2018;05;08;15;1;0.000123791587;0.000067357905;0.000139240952;0.000049521395;
2018;05;08;16;1;0.000113888234;0.000062200772;0.000135316204;0.000044830112;
2018;05;08;17;1;0.000112083789;0.000059498116;0.000136999173;0.000041370963;
2018;05;08;18;1;0.000116292920;0.000059667162;0.000138859066;0.000041874463;
2018;05;08;19;1;0.000119085512;0.000060241168;0.000133851714;0.000043157612;
2018;05;08;20;1;0.000122168285;0.000062568991;0.000126994704;0.000044709913;
2018;05;08;21;1;0.000129698234;0.000068678161;0.000117600278;0.000049698310;
2018;05;08;22;1;0.000139606463;0.000113697117;0.000114460399;0.000128031861;
2018;05;08;23;1;0.000128631326;0.000148739042;0.000106200057;0.000215529875;
2018;05;08;24;1;0.000103791131;0.000145736528;0.000094736965;0.000189593988;
2018;05;09;1;1;0.000080161247;0.000134074025;0.000084662676;0.000160124128;
2018;05;09;2;1;0.000065672566;0.000123619439;0.000080897931;0.000162391486;
2018;05;09;3;1;0.000058982896;0.000116331404;0.000078792716;0.000158959455;
2018;05;09;4;1;0.000056262928;0.000113408797;0.000077688268;0.000152953559;
2018;05;09;5;1;0.000055189840;0.000111737266;0.000077660379;0.000147074256;
2018;05;09;6;1;0.000056843141;0.000111583287;0.000079910219;0.000141967455;
2018;05;09;7;1;0.000065798320;0.000103798591;0.000085353895;0.000123142104;
2018;05;09;8;1;0.000085817128;0.000067114047;0.000092612130;0.000043516878;
2018;05;09;9;1;0.000103454577;0.000072230662;0.000123925750;0.000048327194;
2018;05;09;10;1;0.000112743998;0.000073432069;0.000147128649;0.000048832371;
2018;05;09;11;1;0.000119567721;0.000074060962;0.000157069217;0.000048349656;
2018;05;09;12;1;0.000122222128;0.000072066562;0.000159822253;0.000048710884;
2018;05;09;13;1;0.000125921921;0.000070301287;0.000162138357;0.000049269590;
2018;05;09;14;1;0.000129836247;0.000069486374;0.000155687612;0.000049327395;
2018;05;09;15;1;0.000123580601;0.000067253391;0.000138988524;0.000049351607;
2018;05;09;16;1;0.000113691884;0.000062096893;0.000135065559;0.000044653246;
2018;05;09;17;1;0.000111906040;0.000059448068;0.000136783268;0.000041355798;
2018;05;09;18;1;0.000116112500;0.000059629314;0.000138649795;0.000041896699;
2018;05;09;19;1;0.000118899567;0.000060199355;0.000133647310;0.000043169626;
2018;05;09;20;1;0.000121969947;0.000062502230;0.000126785012;0.000044649753;
2018;05;09;21;1;0.000129492197;0.000068619303;0.000117414310;0.000049677077;
2018;05;09;22;1;0.000139371046;0.000113533102;0.000114257036;0.000127654613;
2018;05;09;23;1;0.000128416397;0.000148538242;0.000106014644;0.000214981376;
2018;05;09;24;1;0.000103623608;0.000145589258;0.000094582324;0.000189384594;
2018;05;10;1;1;0.000079911530;0.000133929076;0.000084411228;0.000160432858;
2018;05;10;2;1;0.000065456166;0.000123352683;0.000080628570;0.000161958970;
2018;05;10;3;1;0.000058795356;0.000116161000;0.000078548572;0.000159010042;
2018;05;10;4;1;0.000056088705;0.000113299269;0.000077460442;0.000153334266;
2018;05;10;5;1;0.000055018697;0.000111626619;0.000077431960;0.000147429901;
2018;05;10;6;1;0.000056666144;0.000111464781;0.000079673166;0.000142279281;
2018;05;10;7;1;0.000065595592;0.000103708988;0.000085106293;0.000123523444;
2018;05;10;8;1;0.000085546999;0.000067028976;0.000092331098;0.000043572537;
2018;05;10;9;1;0.000103116196;0.000072085412;0.000123519158;0.000048229954;
2018;05;10;10;1;0.000112370688;0.000073266587;0.000146634064;0.000048682403;
2018;05;10;11;1;0.000119163293;0.000073862330;0.000156518819;0.000048111233;
2018;05;10;12;1;0.000121803179;0.000071853622;0.000159247708;0.000048412858;
2018;05;10;13;1;0.000125488578;0.000070087876;0.000161551088;0.000048951487;
2018;05;10;14;1;0.000129394626;0.000069292190;0.000155136167;0.000049061204;
2018;05;10;15;1;0.000123153886;0.000067044645;0.000138481899;0.000049019501;
2018;05;10;16;1;0.000113300379;0.000061907600;0.000134575759;0.000044362909;
2018;05;10;17;1;0.000111523486;0.000059275751;0.000136294080;0.000041113274;
2018;05;10;18;1;0.000115723299;0.000059480326;0.000138172399;0.000041723588;
2018;05;10;19;1;0.000118503095;0.000060055229;0.000133191791;0.000043010675;
2018;05;10;20;1;0.000121563042;0.000062351983;0.000126352477;0.000044483335;
2018;05;10;21;1;0.000129033483;0.000068369143;0.000116965280;0.000049222533;
2018;05;10;22;1;0.000138876737;0.000113117218;0.000113819162;0.000126495205;
2018;05;10;23;1;0.000127979662;0.000148123812;0.000105639246;0.000213832167;
2018;05;10;24;1;0.000103309558;0.000145505632;0.000094317392;0.000190162646;
2018;05;11;1;1;0.000081892224;0.000135064080;0.000086320214;0.000160685720;
2018;05;11;2;1;0.000067650717;0.000124694007;0.000081723332;0.000162261491;
2018;05;11;3;1;0.000060278381;0.000117486271;0.000079718019;0.000159249735;
2018;05;11;4;1;0.000057098816;0.000114533561;0.000078311991;0.000154409328;
2018;05;11;5;1;0.000056035621;0.000112663175;0.000078483476;0.000149465129;
2018;05;11;6;1;0.000057552431;0.000112497946;0.000080690034;0.000144617999;
2018;05;11;7;1;0.000066383500;0.000104143486;0.000085751432;0.000124844605;
2018;05;11;8;1;0.000085923223;0.000067208033;0.000092608790;0.000043415774;
2018;05;11;9;1;0.000104096604;0.000072501226;0.000123268987;0.000048531890;
2018;05;11;10;1;0.000114392723;0.000074441426;0.000146759824;0.000050275699;
2018;05;11;11;1;0.000121676896;0.000075119661;0.000156489555;0.000050028905;
2018;05;11;12;1;0.000124802801;0.000073560537;0.000159287001;0.000049437403;
2018;05;11;13;1;0.000128171653;0.000071205360;0.000161880275;0.000049291153;
2018;05;11;14;1;0.000131896268;0.000070528132;0.000154920153;0.000050988785;
2018;05;11;15;1;0.000125997218;0.000068726089;0.000137207099;0.000050068726;
2018;05;11;16;1;0.000116487711;0.000063584761;0.000129654857;0.000045451992;
2018;05;11;17;1;0.000113961539;0.000060987189;0.000129055502;0.000043290674;
2018;05;11;18;1;0.000117414010;0.000060717640;0.000129803805;0.000045162510;
2018;05;11;19;1;0.000118423393;0.000060683864;0.000126798757;0.000045146977;
2018;05;11;20;1;0.000119145431;0.000062103292;0.000123177016;0.000045226305;
2018;05;11;21;1;0.000122794989;0.000065637755;0.000117879792;0.000047467002;
2018;05;11;22;1;0.000132400920;0.000109375632;0.000117726902;0.000122981851;
2018;05;11;23;1;0.000126442124;0.000148172931;0.000111870138;0.000218114123;
2018;05;11;24;1;0.000107135187;0.000148275304;0.000101483564;0.000193015376;
2018;05;12;1;1;0.000088526002;0.000139809624;0.000091513229;0.000164465082;
2018;05;12;2;1;0.000073710126;0.000129420420;0.000085033701;0.000166315584;
2018;05;12;3;1;0.000064458868;0.000121418157;0.000081527974;0.000164995356;
2018;05;12;4;1;0.000059934931;0.000117571919;0.000079693959;0.000158682019;
2018;05;12;5;1;0.000057760062;0.000114991987;0.000079074174;0.000151747191;
2018;05;12;6;1;0.000057845574;0.000114494432;0.000080372969;0.000148001482;
2018;05;12;7;1;0.000060659555;0.000102589351;0.000080256206;0.000126763081;
2018;05;12;8;1;0.000067319650;0.000057092768;0.000074651628;0.000036569621;
2018;05;12;9;1;0.000084900531;0.000060228267;0.000085173503;0.000038372607;
2018;05;12;10;1;0.000107425799;0.000070905091;0.000097758872;0.000046191975;
2018;05;12;11;1;0.000121633169;0.000077188891;0.000109837587;0.000054356843;
2018;05;12;12;1;0.000124758783;0.000076541782;0.000114758867;0.000052955109;
2018;05;12;13;1;0.000126026674;0.000073176928;0.000117468246;0.000049930377;
2018;05;12;14;1;0.000130685724;0.000070911789;0.000114401243;0.000052610096;
2018;05;12;15;1;0.000126605919;0.000069155283;0.000106077910;0.000054044651;
2018;05;12;16;1;0.000111757018;0.000062405793;0.000102269114;0.000046971915;
2018;05;12;17;1;0.000103882855;0.000057883424;0.000100809995;0.000041157743;
2018;05;12;18;1;0.000102353329;0.000056375418;0.000102716796;0.000040477595;
2018;05;12;19;1;0.000103796444;0.000056211601;0.000103030812;0.000040517058;
2018;05;12;20;1;0.000105754988;0.000057831213;0.000105657708;0.000041506642;
2018;05;12;21;1;0.000112505613;0.000061867817;0.000107050423;0.000044269633;
2018;05;12;22;1;0.000126210696;0.000107017773;0.000111726824;0.000120669530;
2018;05;12;23;1;0.000122800840;0.000146329891;0.000110129424;0.000214313276;
2018;05;12;24;1;0.000106072273;0.000147629265;0.000101275714;0.000190300763;
2018;05;13;1;1;0.000089953652;0.000141300782;0.000091679944;0.000162574231;
2018;05;13;2;1;0.000075083305;0.000131155840;0.000084637444;0.000161661533;
2018;05;13;3;1;0.000065458837;0.000122542778;0.000080992889;0.000157173726;
2018;05;13;4;1;0.000060413139;0.000118466856;0.000078885684;0.000153606962;
2018;05;13;5;1;0.000058073839;0.000115807149;0.000078429519;0.000149093609;
2018;05;13;6;1;0.000057538250;0.000114969701;0.000079121744;0.000145232897;
2018;05;13;7;1;0.000059043160;0.000104090117;0.000078015685;0.000129029079;
2018;05;13;8;1;0.000063000281;0.000056176479;0.000069120954;0.000037665151;
2018;05;13;9;1;0.000075481430;0.000055093919;0.000072899800;0.000036425077;
2018;05;13;10;1;0.000095045447;0.000064920853;0.000078785375;0.000042297277;
2018;05;13;11;1;0.000111048558;0.000073434784;0.000084960085;0.000049102312;
2018;05;13;12;1;0.000117833795;0.000075326669;0.000089013595;0.000053385096;
2018;05;13;13;1;0.000119650824;0.000073331742;0.000092096279;0.000049992123;
2018;05;13;14;1;0.000123881587;0.000070078485;0.000092882822;0.000051075596;
2018;05;13;15;1;0.000120700390;0.000067859522;0.000091359563;0.000052515035;
2018;05;13;16;1;0.000106332682;0.000059917744;0.000088951692;0.000046085911;
2018;05;13;17;1;0.000098971423;0.000055507644;0.000086038324;0.000040748083;
2018;05;13;18;1;0.000097791003;0.000053663708;0.000083651405;0.000040885396;
2018;05;13;19;1;0.000100118002;0.000054100000;0.000082500403;0.000040949987;
2018;05;13;20;1;0.000105043321;0.000056696416;0.000084537901;0.000041516613;
2018;05;13;21;1;0.000116033681;0.000063337873;0.000086870214;0.000045369933;
2018;05;13;22;1;0.000133165126;0.000111896386;0.000097956194;0.000127706935;
2018;05;13;23;1;0.000126381192;0.000148288705;0.000098693675;0.000219086589;
2018;05;13;24;1;0.000103904616;0.000149041739;0.000090995869;0.000194271393;
2018;05;14;1;1;0.000081526299;0.000137649051;0.000082821509;0.000164482277;
2018;05;14;2;1;0.000066936939;0.000126542299;0.000079227873;0.000159729135;
2018;05;14;3;1;0.000059778879;0.000118931206;0.000077212508;0.000154873009;
2018;05;14;4;1;0.000056673661;0.000115908826;0.000076210892;0.000151641467;
2018;05;14;5;1;0.000055505585;0.000114052745;0.000076411516;0.000147628601;
2018;05;14;6;1;0.000056924865;0.000113491579;0.000078158819;0.000144510498;
2018;05;14;7;1;0.000065218029;0.000105264581;0.000083532949;0.000126705871;
2018;05;14;8;1;0.000083456949;0.000066602748;0.000089800435;0.000041804639;
2018;05;14;9;1;0.000101091931;0.000071023114;0.000119518765;0.000046889748;
2018;05;14;10;1;0.000111466130;0.000073317712;0.000141881111;0.000047533866;
2018;05;14;11;1;0.000119470747;0.000074179309;0.000151347100;0.000049390319;
2018;05;14;12;1;0.000122720449;0.000072537729;0.000154197094;0.000049766234;
2018;05;14;13;1;0.000126127800;0.000070298648;0.000155997831;0.000048182474;
2018;05;14;14;1;0.000130551842;0.000069637850;0.000149992011;0.000049607213;
2018;05;14;15;1;0.000124036281;0.000067399590;0.000134022113;0.000049876453;
2018;05;14;16;1;0.000113052423;0.000061563804;0.000130438020;0.000042347980;
2018;05;14;17;1;0.000110634250;0.000058456638;0.000132155843;0.000038485366;
2018;05;14;18;1;0.000114033710;0.000058406136;0.000133833665;0.000038706749;
2018;05;14;19;1;0.000116704128;0.000058710481;0.000129182593;0.000041277898;
2018;05;14;20;1;0.000120041364;0.000061186778;0.000122307819;0.000042663463;
2018;05;14;21;1;0.000128290653;0.000067245382;0.000113567534;0.000047088640;
2018;05;14;22;1;0.000139905387;0.000113535857;0.000111585903;0.000128154022;
2018;05;14;23;1;0.000128298701;0.000150150990;0.000103903151;0.000223628966;
2018;05;14;24;1;0.000102431470;0.000147579456;0.000093023460;0.000197735282;
2018;05;15;1;1;0.000078928298;0.000133061181;0.000083378784;0.000160115771;
2018;05;15;2;1;0.000064653490;0.000122584160;0.000079649047;0.000161818218;
2018;05;15;3;1;0.000058065673;0.000115334276;0.000077571128;0.000158271763;
2018;05;15;4;1;0.000055385629;0.000112408129;0.000076477265;0.000152131016;
2018;05;15;5;1;0.000054328807;0.000110745909;0.000076448508;0.000146258491;
2018;05;15;6;1;0.000055957818;0.000110611911;0.000078667506;0.000141300670;
2018;05;15;7;1;0.000064756698;0.000102734060;0.000083982846;0.000121720977;
2018;05;15;8;1;0.000084434495;0.000066311481;0.000091072433;0.000042688050;
2018;05;15;9;1;0.000101789957;0.000071376399;0.000121870706;0.000047438041;
2018;05;15;10;1;0.000110930857;0.000072567490;0.000144691334;0.000047947001;
2018;05;15;11;1;0.000117670645;0.000073285439;0.000154535006;0.000047745831;
2018;05;15;12;1;0.000120278355;0.000071295607;0.000157231642;0.000048054646;
2018;05;15;13;1;0.000123902578;0.000069492894;0.000159467137;0.000048435402;
2018;05;15;14;1;0.000127765429;0.000068723898;0.000153149762;0.000048605316;
2018;05;15;15;1;0.000121604995;0.000066500452;0.000136712628;0.000048581842;
2018;05;15;16;1;0.000111862619;0.000061362973;0.000132826004;0.000043836190;
2018;05;15;17;1;0.000110093861;0.000058708055;0.000134486755;0.000040485715;
2018;05;15;18;1;0.000114235302;0.000058896657;0.000136329344;0.000041044564;
2018;05;15;19;1;0.000116981726;0.000059473073;0.000131420489;0.000042331769;
2018;05;15;20;1;0.000120013303;0.000061781258;0.000124694807;0.000043884719;
2018;05;15;21;1;0.000127414717;0.000067827252;0.000115478296;0.000048824367;
2018;05;15;22;1;0.000137186094;0.000112473185;0.000112456696;0.000126678733;
2018;05;15;23;1;0.000126462403;0.000147562248;0.000104441809;0.000215847407;
2018;05;15;24;1;0.000102042025;0.000144593105;0.000093170333;0.000189956975;
2018;05;16;1;1;0.000080673382;0.000134776527;0.000085239055;0.000161489461;
2018;05;16;2;1;0.000066083087;0.000124165685;0.000081426404;0.000163209912;
2018;05;16;3;1;0.000059346534;0.000116785924;0.000079293913;0.000159415282;
2018;05;16;4;1;0.000056617970;0.000113950484;0.000078205014;0.000153966718;
2018;05;16;5;1;0.000055533850;0.000112219535;0.000078164956;0.000147760050;
2018;05;16;6;1;0.000057197694;0.000112068102;0.000080430102;0.000142656577;
2018;05;16;7;1;0.000066206820;0.000104231523;0.000085904237;0.000123646668;
2018;05;16;8;1;0.000086354852;0.000067417129;0.000093219937;0.000043760537;
2018;05;16;9;1;0.000104100380;0.000072546449;0.000124733205;0.000048565026;
2018;05;16;10;1;0.000113416736;0.000073631925;0.000148006208;0.000048722640;
2018;05;16;11;1;0.000120287659;0.000074286558;0.000158023100;0.000048308807;
2018;05;16;12;1;0.000122967933;0.000072320988;0.000160818715;0.000048772007;
2018;05;16;13;1;0.000126677573;0.000070506950;0.000163116474;0.000049202553;
2018;05;16;14;1;0.000130632125;0.000069743219;0.000156666950;0.000049424213;
2018;05;16;15;1;0.000124324717;0.000067458367;0.000139832649;0.000049311089;
2018;05;16;16;1;0.000114369655;0.000062263914;0.000135869693;0.000044547405;
2018;05;16;17;1;0.000112572818;0.000059606830;0.000137596778;0.000041253926;
2018;05;16;18;1;0.000116801854;0.000059780918;0.000139468463;0.000041770337;
2018;05;16;19;1;0.000119607085;0.000060357252;0.000134440068;0.000043053779;
2018;05;16;20;1;0.000122699321;0.000062677123;0.000127544515;0.000044563258;
2018;05;16;21;1;0.000130247591;0.000068751055;0.000118083271;0.000049390694;
2018;05;16;22;1;0.000140187844;0.000113770475;0.000114914267;0.000127031719;
2018;05;16;23;1;0.000129201531;0.000149073112;0.000106678147;0.000215313402;
2018;05;16;24;1;0.000104276966;0.000146279564;0.000095210416;0.000190600407;
2018;05;17;1;1;0.000080138773;0.000134314625;0.000084678204;0.000161391146;
2018;05;17;2;1;0.000065650789;0.000123803576;0.000080904489;0.000163469143;
2018;05;17;3;1;0.000058959776;0.000116463040;0.000078789613;0.000159779640;
2018;05;17;4;1;0.000056244603;0.000113582460;0.000077695517;0.000154012585;
2018;05;17;5;1;0.000055172187;0.000111912727;0.000077668554;0.000148127348;
2018;05;17;6;1;0.000056829007;0.000111807602;0.000079930080;0.000143286266;
2018;05;17;7;1;0.000065769292;0.000103886929;0.000085342219;0.000123659807;
2018;05;17;8;1;0.000085762652;0.000067092690;0.000092563549;0.000043473925;
2018;05;17;9;1;0.000103376527;0.000072155612;0.000123831063;0.000048126337;
2018;05;17;10;1;0.000112649499;0.000073318881;0.000146991593;0.000048523353;
2018;05;17;11;1;0.000119464905;0.000073937131;0.000156916073;0.000048016175;
2018;05;17;12;1;0.000122114477;0.000071937018;0.000159659747;0.000048348242;
2018;05;17;13;1;0.000125808212;0.000070165604;0.000161966298;0.000048875325;
2018;05;17;14;1;0.000129734441;0.000069401852;0.000155559424;0.000049085116;
2018;05;17;15;1;0.000123470063;0.000067127136;0.000138843421;0.000048969126;
2018;05;17;16;1;0.000113577872;0.000061939937;0.000134895279;0.000044181490;
2018;05;17;17;1;0.000111788029;0.000059279284;0.000136596658;0.000040862305;
2018;05;17;18;1;0.000115986737;0.000059449806;0.000138452718;0.000041365877;
2018;05;17;19;1;0.000118787791;0.000060069703;0.000133495563;0.000042781496;
2018;05;17;20;1;0.000121873695;0.000062424243;0.000126679334;0.000044423525;
2018;05;17;21;1;0.000129381319;0.000068506003;0.000117300678;0.000049338061;
2018;05;17;22;1;0.000139230842;0.000113244540;0.000114112304;0.000126308804;
2018;05;17;23;1;0.000128307196;0.000148298983;0.000105913327;0.000213570367;
2018;05;17;24;1;0.000103553448;0.000145505397;0.000094524685;0.000188972979;
2018;05;18;1;1;0.000081771833;0.000134974502;0.000086196706;0.000160704333;
2018;05;18;2;1;0.000067555029;0.000124652998;0.000081615503;0.000162515619;
2018;05;18;3;1;0.000060198903;0.000117515376;0.000079628133;0.000159898999;
2018;05;18;4;1;0.000057028002;0.000114615902;0.000078235962;0.000155356665;
2018;05;18;5;1;0.000055969942;0.000112790619;0.000078417991;0.000150657862;
2018;05;18;6;1;0.000057481261;0.000112582343;0.000080612329;0.000145549964;
2018;05;18;7;1;0.000066283262;0.000104049754;0.000085621916;0.000124736410;
2018;05;18;8;1;0.000085795197;0.000067155631;0.000092472621;0.000043401029;
2018;05;18;9;1;0.000103939302;0.000072435432;0.000123082523;0.000048487654;
2018;05;18;10;1;0.000114214197;0.000074351699;0.000146523282;0.000050164568;
2018;05;18;11;1;0.000121487170;0.000075029740;0.000156237764;0.000049920122;
2018;05;18;12;1;0.000124610365;0.000073480141;0.000159036233;0.000049352222;
2018;05;18;13;1;0.000127977729;0.000071139896;0.000161634788;0.000049243208;
2018;05;18;14;1;0.000131700077;0.000070474048;0.000154693125;0.000050972200;
2018;05;18;15;1;0.000125808492;0.000068669112;0.000137003179;0.000050039107;
2018;05;18;16;1;0.000116295468;0.000063473944;0.000129422636;0.000045246403;
2018;05;18;17;1;0.000113764688;0.000060852696;0.000128804476;0.000043008070;
2018;05;18;18;1;0.000117210286;0.000060580938;0.000129549315;0.000044858904;
2018;05;18;19;1;0.000118217746;0.000060546660;0.000126549785;0.000044840961;
2018;05;18;20;1;0.000118956984;0.000062020593;0.000122973308;0.000045101447;
2018;05;18;21;1;0.000122602455;0.000065555748;0.000117688078;0.000047352754;
2018;05;18;22;1;0.000132159545;0.000109072076;0.000117475410;0.000121884722;
2018;05;18;23;1;0.000126223921;0.000147848345;0.000111652941;0.000216721993;
2018;05;18;24;1;0.000106951811;0.000147962720;0.000101289376;0.000191845780;
2018;05;19;1;1;0.000088290539;0.000139463451;0.000091249913;0.000163663362;
2018;05;19;2;1;0.000073524303;0.000129207411;0.000084812617;0.000166093347;
2018;05;19;3;1;0.000064300592;0.000121265969;0.000081326685;0.000165052431;
2018;05;19;4;1;0.000059789238;0.000117441927;0.000079501120;0.000158838473;
2018;05;19;5;1;0.000057621548;0.000114887480;0.000078888017;0.000152026300;
2018;05;19;6;1;0.000057705086;0.000114369382;0.000080178837;0.000148157186;
2018;05;19;7;1;0.000060499774;0.000102350736;0.000080029390;0.000126217864;
2018;05;19;8;1;0.000067155109;0.000057025164;0.000074469009;0.000036594230;
2018;05;19;9;1;0.000084697814;0.000060177482;0.000084974773;0.000038456340;
2018;05;19;10;1;0.000107181057;0.000070892027;0.000097552188;0.000046426021;
2018;05;19;11;1;0.000121343904;0.000077128047;0.000109583388;0.000054486207;
2018;05;19;12;1;0.000124454534;0.000076453580;0.000114479383;0.000052996985;
2018;05;19;13;1;0.000125723220;0.000073106164;0.000117189409;0.000050010050;
2018;05;19;14;1;0.000130378259;0.000070866638;0.000114142296;0.000052768581;
2018;05;19;15;1;0.000126308076;0.000069111268;0.000105837836;0.000054206759;
2018;05;19;16;1;0.000111488644;0.000062347828;0.000102027671;0.000047054204;
2018;05;19;17;1;0.000103631762;0.000057824251;0.000100568842;0.000041213668;
2018;05;19;18;1;0.000102106883;0.000056320948;0.000102472990;0.000040542680;
2018;05;19;19;1;0.000103539876;0.000056135645;0.000102773061;0.000040514277;
2018;05;19;20;1;0.000105477654;0.000057700650;0.000105361554;0.000041339114;
2018;05;19;21;1;0.000112190587;0.000061661833;0.000106712294;0.000043881571;
2018;05;19;22;1;0.000125853154;0.000106641283;0.000111366658;0.000119530865;
2018;05;19;23;1;0.000122489402;0.000146075788;0.000109839764;0.000213943234;
2018;05;19;24;1;0.000105796921;0.000147320066;0.000100997242;0.000189680277;
2018;05;20;1;1;0.000089303791;0.000140772255;0.000091015875;0.000162599920;
2018;05;20;2;1;0.000074529126;0.000130542024;0.000083997917;0.000161033053;
2018;05;20;3;1;0.000064988639;0.000122114921;0.000080412919;0.000157369842;
2018;05;20;4;1;0.000059973915;0.000117991123;0.000078307049;0.000153450522;
2018;05;20;5;1;0.000057650041;0.000115323164;0.000077849959;0.000148837241;
2018;05;20;6;1;0.000057127282;0.000114596597;0.000078561607;0.000145574322;
2018;05;20;7;1;0.000058619340;0.000103729942;0.000077457819;0.000129210482;
2018;05;20;8;1;0.000062541062;0.000055944646;0.000068611350;0.000037610106;
2018;05;20;9;1;0.000074936872;0.000054891480;0.000072373240;0.000036445299;
2018;05;20;10;1;0.000094370554;0.000064726877;0.000078234233;0.000042448427;
2018;05;20;11;1;0.000110240409;0.000073136850;0.000084335694;0.000049044688;
2018;05;20;12;1;0.000116962847;0.000074969373;0.000088339136;0.000053162688;
2018;05;20;13;1;0.000118761240;0.000072964725;0.000091390450;0.000049727318;
2018;05;20;14;1;0.000122971217;0.000069764043;0.000092186960;0.000050919506;
2018;05;20;15;1;0.000119791383;0.000067480873;0.000090641820;0.000052109582;
2018;05;20;16;1;0.000105541770;0.000059616750;0.000088269390;0.000045838857;
2018;05;20;17;1;0.000098235954;0.000055231092;0.000085379565;0.000040536417;
2018;05;20;18;1;0.000097079937;0.000053447933;0.000083037656;0.000040843305;
2018;05;20;19;1;0.000099397638;0.000053907337;0.000081907668;0.000040990578;
2018;05;20;20;1;0.000104267500;0.000056429375;0.000083898299;0.000041349330;
2018;05;20;21;1;0.000115155161;0.000062968519;0.000086180708;0.000044962188;
2018;05;20;22;1;0.000132132587;0.000111121588;0.000097142971;0.000125966833;
2018;05;20;23;1;0.000125424483;0.000147426693;0.000097910638;0.000217177215;
2018;05;20;24;1;0.000103124666;0.000148232189;0.000090285475;0.000192894868;
2018;05;21;1;1;0.000079961743;0.000136179574;0.000081224304;0.000163787776;
2018;05;21;2;1;0.000065661141;0.000125291835;0.000077720747;0.000159608164;
2018;05;21;3;1;0.000058635609;0.000117709307;0.000075733654;0.000154498375;
2018;05;21;4;1;0.000055587473;0.000114689687;0.000074745032;0.000151118653;
2018;05;21;5;1;0.000054435760;0.000112778563;0.000074925230;0.000146706282;
2018;05;21;6;1;0.000055826276;0.000112207097;0.000076634698;0.000143525460;
2018;05;21;7;1;0.000063946332;0.000103945034;0.000081870550;0.000125155895;
2018;05;21;8;1;0.000081811196;0.000065678711;0.000087973666;0.000041046919;
2018;05;21;9;1;0.000099085675;0.000069983912;0.000117057358;0.000045888933;
2018;05;21;10;1;0.000109258880;0.000072264631;0.000138971644;0.000046577557;
2018;05;21;11;1;0.000117102790;0.000073105674;0.000148237957;0.000048373962;
2018;05;21;12;1;0.000120312821;0.000071576124;0.000151091536;0.000049003566;
2018;05;21;13;1;0.000123671966;0.000069429528;0.000152902103;0.000047630877;
2018;05;21;14;1;0.000128016296;0.000068797609;0.000147030231;0.000049103099;
2018;05;21;15;1;0.000121626449;0.000066583638;0.000131373889;0.000049360956;
2018;05;21;16;1;0.000110855486;0.000060816848;0.000127859453;0.000041905441;
2018;05;21;17;1;0.000108491900;0.000057771651;0.000129561458;0.000038152699;
2018;05;21;18;1;0.000111825412;0.000057721367;0.000131206059;0.000038371078;
2018;05;21;19;1;0.000114449152;0.000058037503;0.000126657455;0.000040967367;
2018;05;21;20;1;0.000117724242;0.000060492663;0.000119921827;0.000042365069;
2018;05;21;21;1;0.000125817948;0.000066494222;0.000111358523;0.000046796299;
2018;05;21;22;1;0.000137194380;0.000112196279;0.000109392383;0.000126998619;
2018;05;21;23;1;0.000125803330;0.000148314017;0.000101845653;0.000221195332;
2018;05;21;24;1;0.000100431508;0.000145707150;0.000091167432;0.000195201149;
2018;05;22;1;1;0.000079582619;0.000133372777;0.000084023636;0.000159058248;
2018;05;22;2;1;0.000065192532;0.000122905165;0.000080272558;0.000160927512;
2018;05;22;3;1;0.000058550882;0.000115648552;0.000078181260;0.000157456942;
2018;05;22;4;1;0.000055861092;0.000112867190;0.000077113687;0.000152227350;
2018;05;22;5;1;0.000054795707;0.000111204002;0.000077086109;0.000146375289;
2018;05;22;6;1;0.000056438568;0.000111066668;0.000079323144;0.000141375248;
2018;05;22;7;1;0.000065324227;0.000103262745;0.000084711807;0.000122335667;
2018;05;22;8;1;0.000085202315;0.000066784319;0.000091923053;0.000043281061;
2018;05;22;9;1;0.000102721819;0.000071911372;0.000123023864;0.000048171398;
2018;05;22;10;1;0.000111944823;0.000073105070;0.000146056286;0.000048668442;
2018;05;22;11;1;0.000118728021;0.000073760410;0.000155945006;0.000048270413;
2018;05;22;12;1;0.000121377803;0.000071823888;0.000158714999;0.000048777761;
2018;05;22;13;1;0.000125041022;0.000070027501;0.000160986686;0.000049223839;
2018;05;22;14;1;0.000128942742;0.000069263234;0.000154617174;0.000049426553;
2018;05;22;15;1;0.000122728213;0.000067031120;0.000138028559;0.000049431066;
2018;05;22;16;1;0.000112902417;0.000061874345;0.000134120140;0.000044671733;
2018;05;22;17;1;0.000111129076;0.000059235367;0.000135826081;0.000041374276;
2018;05;22;18;1;0.000115307618;0.000059419940;0.000137682619;0.000041927516;
2018;05;22;19;1;0.000118085960;0.000060020328;0.000132738855;0.000043303004;
2018;05;22;20;1;0.000121143419;0.000062341441;0.000125940035;0.000044867352;
2018;05;22;21;1;0.000128584091;0.000068344966;0.000116576270;0.000049608804;
2018;05;22;22;1;0.000138362743;0.000112928162;0.000113390880;0.000126751553;
2018;05;22;23;1;0.000127534846;0.000148075888;0.000105289313;0.000215492084;
2018;05;22;24;1;0.000102910707;0.000145123382;0.000093932403;0.000189771109;
2018;05;23;1;1;0.000080842439;0.000134780857;0.000085393430;0.000160835524;
2018;05;23;2;1;0.000066222753;0.000124182675;0.000081576776;0.000162615883;
2018;05;23;3;1;0.000059478708;0.000116880948;0.000079458347;0.000159290656;
2018;05;23;4;1;0.000056738042;0.000113970558;0.000078350549;0.000153421902;
2018;05;23;5;1;0.000055655874;0.000112290455;0.000078322367;0.000147521290;
2018;05;23;6;1;0.000057323973;0.000112145396;0.000080593732;0.000142449054;
2018;05;23;7;1;0.000066350279;0.000104277567;0.000086071957;0.000123328066;
2018;05;23;8;1;0.000086537509;0.000067426114;0.000093392319;0.000043590176;
2018;05;23;9;1;0.000104311781;0.000072519666;0.000124942826;0.000048273434;
2018;05;23;10;1;0.000113685210;0.000073753458;0.000148354547;0.000048859371;
2018;05;23;11;1;0.000120577307;0.000074427372;0.000158407917;0.000048495970;
2018;05;23;12;1;0.000123261290;0.000072448387;0.000161203159;0.000048932498;
2018;05;23;13;1;0.000126994851;0.000070681482;0.000163545228;0.000049517234;
2018;05;23;14;1;0.000130965694;0.000069936165;0.000157094048;0.000049801065;
2018;05;23;15;1;0.000124648552;0.000067665748;0.000140228191;0.000049753213;
2018;05;23;16;1;0.000114672154;0.000062470411;0.000136264956;0.000044994698;
2018;05;23;17;1;0.000112876830;0.000059824488;0.000138012392;0.000041729158;
2018;05;23;18;1;0.000117122619;0.000060015593;0.000139902469;0.000042301389;
2018;05;23;19;1;0.000119934620;0.000060591483;0.000134856346;0.000043594223;
2018;05;23;20;1;0.000123040042;0.000062934986;0.000127949273;0.000045170050;
2018;05;23;21;1;0.000130606191;0.000069024213;0.000118452423;0.000050033796;
2018;05;23;22;1;0.000140519562;0.000113957749;0.000115184522;0.000127387823;
2018;05;23;23;1;0.000129503821;0.000149294997;0.000106923377;0.000215775583;
2018;05;23;24;1;0.000104509911;0.000146404810;0.000095409157;0.000190492966;
2018;05;24;1;1;0.000080897095;0.000134965578;0.000085470198;0.000161523219;
2018;05;24;2;1;0.000066267155;0.000124348905;0.000081649211;0.000163292896;
2018;05;24;3;1;0.000059513252;0.000116974787;0.000079514657;0.000159590813;
2018;05;24;4;1;0.000056778825;0.000114156443;0.000078427701;0.000154261969;
2018;05;24;5;1;0.000055695336;0.000112467294;0.000078397976;0.000148299228;
2018;05;24;6;1;0.000057361316;0.000112283756;0.000080662274;0.000143000997;
2018;05;24;7;1;0.000066384785;0.000104323651;0.000086122518;0.000123375009;
2018;05;24;8;1;0.000086567548;0.000067385580;0.000093414842;0.000043405427;
2018;05;24;9;1;0.000104360944;0.000072530355;0.000125004022;0.000048228410;
2018;05;24;10;1;0.000113731772;0.000073736978;0.000148408886;0.000048734904;
2018;05;24;11;1;0.000120627071;0.000074412150;0.000158466936;0.000048376460;
2018;05;24;12;1;0.000123312908;0.000072436203;0.000161265169;0.000048819649;
2018;05;24;13;1;0.000127047568;0.000070668066;0.000163606948;0.000049398642;
2018;05;24;14;1;0.000131010258;0.000069891639;0.000157129841;0.000049587189;
2018;05;24;15;1;0.000124697711;0.000067644549;0.000140275305;0.000049608202;
2018;05;24;16;1;0.000114719869;0.000062458942;0.000136316652;0.000044888392;
2018;05;24;17;1;0.000112926454;0.000059821935;0.000138071245;0.000041655837;
2018;05;24;18;1;0.000117176410;0.000060020094;0.000139967621;0.000042248537;
2018;05;24;19;1;0.000119989321;0.000060594871;0.000134918290;0.000043536150;
2018;05;24;20;1;0.000123097136;0.000062941504;0.000128010077;0.000045119210;
2018;05;24;21;1;0.000130644127;0.000068959384;0.000118467581;0.000049750146;
2018;05;24;22;1;0.000140551952;0.000113810330;0.000115185488;0.000126481696;
2018;05;24;23;1;0.000129561858;0.000149296295;0.000106970796;0.000215445461;
2018;05;24;24;1;0.000104551984;0.000146366173;0.000095442777;0.000189979274;
2018;05;25;1;1;0.000082454040;0.000135682932;0.000086929426;0.000161451817;
2018;05;25;2;1;0.000068123086;0.000125356373;0.000082320052;0.000163546728;
2018;05;25;3;1;0.000060706240;0.000118191760;0.000080318532;0.000160992300;
2018;05;25;4;1;0.000057500042;0.000115172663;0.000078890769;0.000155817902;
2018;05;25;5;1;0.000056430975;0.000113311364;0.000079068016;0.000150947256;
2018;05;25;6;1;0.000057958744;0.000113148937;0.000081291765;0.000146090080;
2018;05;25;7;1;0.000066838755;0.000104619590;0.000086356232;0.000125444134;
2018;05;25;8;1;0.000086504897;0.000067479583;0.000093245588;0.000043522087;
2018;05;25;9;1;0.000104798956;0.000072784348;0.000124111043;0.000048622063;
2018;05;25;10;1;0.000115155659;0.000074697539;0.000147739547;0.000050268227;
2018;05;25;11;1;0.000122500286;0.000075421982;0.000157564775;0.000050148057;
2018;05;25;12;1;0.000125662788;0.000073911069;0.000160420869;0.000049713794;
2018;05;25;13;1;0.000129053132;0.000071538914;0.000163028250;0.000049549098;
2018;05;25;14;1;0.000132801515;0.000070852525;0.000156014419;0.000051235915;
2018;05;25;15;1;0.000126866437;0.000069056718;0.000138185960;0.000050356786;
2018;05;25;16;1;0.000117275475;0.000063838996;0.000130544562;0.000045555174;
2018;05;25;17;1;0.000114731242;0.000061227910;0.000129938882;0.000043379332;
2018;05;25;18;1;0.000118197141;0.000060926718;0.000130670438;0.000045156958;
2018;05;25;19;1;0.000119205282;0.000060868353;0.000127628247;0.000045062341;
2018;05;25;20;1;0.000119945216;0.000062333014;0.000124009960;0.000045270050;
2018;05;25;21;1;0.000123616114;0.000065870391;0.000118670842;0.000047480383;
2018;05;25;22;1;0.000133229872;0.000109485614;0.000118416688;0.000121688015;
2018;05;25;23;1;0.000127257433;0.000148487939;0.000112567490;0.000216878290;
2018;05;25;24;1;0.000107828143;0.000148607725;0.000102120201;0.000192007255;
2018;05;26;1;1;0.000088029703;0.000139315571;0.000090985794;0.000164087877;
2018;05;26;2;1;0.000073296670;0.000128960760;0.000084543107;0.000165920732;
2018;05;26;3;1;0.000064097451;0.000120988512;0.000081057974;0.000164611632;
2018;05;26;4;1;0.000059608884;0.000117273723;0.000079261127;0.000158999084;
2018;05;26;5;1;0.000057442597;0.000114661506;0.000078635816;0.000151829498;
2018;05;26;6;1;0.000057523842;0.000114120197;0.000079916859;0.000147828807;
2018;05;26;7;1;0.000060313644;0.000102167285;0.000079778196;0.000126149401;
2018;05;26;8;1;0.000066950718;0.000056934285;0.000074240179;0.000036606418;
2018;05;26;9;1;0.000084431115;0.000060043359;0.000084695758;0.000038361307;
2018;05;26;10;1;0.000106837328;0.000070709257;0.000097220529;0.000046240948;
2018;05;26;11;1;0.000120958505;0.000076943656;0.000109217610;0.000054315042;
2018;05;26;12;1;0.000124080242;0.000076348260;0.000114135870;0.000053063536;
2018;05;26;13;1;0.000125349625;0.000073021216;0.000116846176;0.000050119581;
2018;05;26;14;1;0.000129991948;0.000070787873;0.000113809937;0.000052894836;
2018;05;26;15;1;0.000125934154;0.000069035487;0.000105530204;0.000054339307;
2018;05;26;16;1;0.000111154431;0.000062265552;0.000101723503;0.000047124709;
2018;05;26;17;1;0.000103317144;0.000057734717;0.000100261347;0.000041234987;
2018;05;26;18;1;0.000101789681;0.000056209829;0.000102145194;0.000040488825;
2018;05;26;19;1;0.000103228349;0.000056057928;0.000102464415;0.000040564576;
2018;05;26;20;1;0.000105172344;0.000057660495;0.000105069216;0.000041515682;
2018;05;26;21;1;0.000111867775;0.000061625458;0.000106419897;0.000044091301;
2018;05;26;22;1;0.000125441237;0.000106324165;0.000110973339;0.000118851365;
2018;05;26;23;1;0.000122063462;0.000145463187;0.000109407003;0.000211622967;
2018;05;26;24;1;0.000105475435;0.000147089417;0.000100687871;0.000189762504;
2018;05;27;1;1;0.000088959081;0.000140424415;0.000090653729;0.000162314483;
2018;05;27;2;1;0.000074243913;0.000130245358;0.000083669253;0.000160887303;
2018;05;27;3;1;0.000064726906;0.000121690521;0.000080066051;0.000156411524;
2018;05;27;4;1;0.000059739037;0.000117659614;0.000077986645;0.000152955656;
2018;05;27;5;1;0.000057428891;0.000115054676;0.000077543915;0.000148666111;
2018;05;27;6;1;0.000056907723;0.000114324805;0.000078251626;0.000145379398;
2018;05;27;7;1;0.000058393419;0.000103477258;0.000077150534;0.000129001687;
2018;05;27;8;1;0.000062306893;0.000055845344;0.000068354232;0.000037657979;
2018;05;27;9;1;0.000074647426;0.000054754859;0.000072084889;0.000036376787;
2018;05;27;10;1;0.000094001152;0.000064545581;0.000077914417;0.000042310816;
2018;05;27;11;1;0.000109813261;0.000072949552;0.000083997637;0.000048938130;
2018;05;27;12;1;0.000116518709;0.000074812322;0.000087998716;0.000053155329;
2018;05;27;13;1;0.000118311958;0.000072818094;0.000091040864;0.000049738823;
2018;05;27;14;1;0.000122509438;0.000069635507;0.000091839466;0.000050967870;
2018;05;27;15;1;0.000119372827;0.000067462054;0.000090347452;0.000052507569;
2018;05;27;16;1;0.000105163258;0.000059567250;0.000087966449;0.000046081927;
2018;05;27;17;1;0.000097883376;0.000055184431;0.000085086086;0.000040750100;
2018;05;27;18;1;0.000096719265;0.000053362319;0.000082731291;0.000040925019;
2018;05;27;19;1;0.000099021207;0.000053797694;0.000081593692;0.000040995801;
2018;05;27;20;1;0.000103884072;0.000056351943;0.000083595121;0.000041474845;
2018;05;27;21;1;0.000114726874;0.000062866312;0.000085862071;0.000045050213;
2018;05;27;22;1;0.000131625975;0.000110864140;0.000096761461;0.000125827180;
2018;05;27;23;1;0.000124922838;0.000146939151;0.000097493742;0.000216018612;
2018;05;27;24;1;0.000102714097;0.000147758307;0.000089904350;0.000191958662;
2018;05;28;1;1;0.000081320203;0.000137210517;0.000082573689;0.000163215293;
2018;05;28;2;1;0.000066782215;0.000126302847;0.000079025070;0.000159378050;
2018;05;28;3;1;0.000059637910;0.000118672725;0.000077007651;0.000154341735;
2018;05;28;4;1;0.000056540887;0.000115667485;0.000076011031;0.000151178083;
2018;05;28;5;1;0.000055377794;0.000113842762;0.000076217304;0.000147326677;
2018;05;28;6;1;0.000056788788;0.000113221606;0.000077946345;0.000143856251;
2018;05;28;7;1;0.000065056889;0.000104963165;0.000083292434;0.000125860751;
2018;05;28;8;1;0.000083257807;0.000066446275;0.000089557107;0.000041623459;
2018;05;28;9;1;0.000100865775;0.000070920238;0.000119230576;0.000046874768;
2018;05;28;10;1;0.000111223331;0.000073237518;0.000141555720;0.000047592685;
2018;05;28;11;1;0.000119216339;0.000074119905;0.000151014762;0.000049514285;
2018;05;28;12;1;0.000122475827;0.000072538964;0.000153900477;0.000050068062;
2018;05;28;13;1;0.000125900303;0.000070379911;0.000155756905;0.000048713032;
2018;05;28;14;1;0.000130310785;0.000069700243;0.000149747507;0.000050094626;
2018;05;28;15;1;0.000123785622;0.000067389508;0.000133756918;0.000050141748;
2018;05;28;16;1;0.000112827248;0.000061565398;0.000130187507;0.000042606128;
2018;05;28;17;1;0.000110418632;0.000058473260;0.000131913366;0.000038763869;
2018;05;28;18;1;0.000113818677;0.000058444936;0.000133605032;0.000039050872;
2018;05;28;19;1;0.000116497204;0.000058789348;0.000128991024;0.000041768415;
2018;05;28;20;1;0.000119822398;0.000061250280;0.000122113974;0.000043114584;
2018;05;28;21;1;0.000128051755;0.000067299904;0.000113378906;0.000047541528;
2018;05;28;22;1;0.000139577790;0.000113300637;0.000111293569;0.000127774923;
2018;05;28;23;1;0.000127996138;0.000149825645;0.000103627509;0.000222895110;
2018;05;28;24;1;0.000102194777;0.000147301223;0.000092785496;0.000197314959;
2018;05;29;1;1;0.000079768209;0.000133608494;0.000084224738;0.000159540422;
2018;05;29;2;1;0.000065347908;0.000123160142;0.000080472916;0.000161628875;
2018;05;29;3;1;0.000058690140;0.000115885165;0.000078375632;0.000158126093;
2018;05;29;4;1;0.000055987357;0.000113018244;0.000077287197;0.000152407883;
2018;05;29;5;1;0.000054922097;0.000111383662;0.000077266683;0.000146725272;
2018;05;29;6;1;0.000056568871;0.000111247634;0.000079509309;0.000141723309;
2018;05;29;7;1;0.000065468514;0.000103368701;0.000084893659;0.000122308370;
2018;05;29;8;1;0.000085388138;0.000066841692;0.000092115268;0.000043239954;
2018;05;29;9;1;0.000102963690;0.000072048321;0.000123323877;0.000048347498;
2018;05;29;10;1;0.000112217990;0.000073281776;0.000146437461;0.000048954280;
2018;05;29;11;1;0.000119031647;0.000073990532;0.000156388527;0.000048701337;
2018;05;29;12;1;0.000121678039;0.000072011849;0.000159139801;0.000049106268;
2018;05;29;13;1;0.000125356588;0.000070231759;0.000161433704;0.000049618706;
2018;05;29;14;1;0.000129248233;0.000069401037;0.000154998718;0.000049623538;
2018;05;29;15;1;0.000123013361;0.000067146137;0.000138356536;0.000049570115;
2018;05;29;16;1;0.000113157548;0.000061956942;0.000134421759;0.000044724170;
2018;05;29;17;1;0.000111377291;0.000059305141;0.000136124424;0.000041394650;
2018;05;29;18;1;0.000115562922;0.000059483006;0.000137979683;0.000041927056;
2018;05;29;19;1;0.000118345127;0.000060077040;0.000133020103;0.000043280468;
2018;05;29;20;1;0.000121405497;0.000062388583;0.000126198973;0.000044806774;
2018;05;29;21;1;0.000128861726;0.000068394869;0.000116814969;0.000049535493;
2018;05;29;22;1;0.000138646002;0.000112935456;0.000113597711;0.000126210705;
2018;05;29;23;1;0.000127787110;0.000148025124;0.000105466843;0.000214219292;
2018;05;29;24;1;0.000103128337;0.000145191490;0.000094116426;0.000189293867;
2018;05;30;1;1;0.000079133474;0.000133122377;0.000083562539;0.000159844635;
2018;05;30;2;1;0.000064818275;0.000122603036;0.000079816484;0.000161325407;
2018;05;30;3;1;0.000058213789;0.000115353019;0.000077734503;0.000157784735;
2018;05;30;4;1;0.000055534780;0.000112521636;0.000076660046;0.000152210838;
2018;05;30;5;1;0.000054475392;0.000110860858;0.000076631995;0.000146346282;
2018;05;30;6;1;0.000056108130;0.000110718020;0.000078854403;0.000141319413;
2018;05;30;7;1;0.000064934604;0.000102870114;0.000084192629;0.000121926938;
2018;05;30;8;1;0.000084692072;0.000066520649;0.000091355235;0.000043108696;
2018;05;30;9;1;0.000102118651;0.000071678132;0.000122292676;0.000048128938;
2018;05;30;10;1;0.000111279208;0.000072835336;0.000145166567;0.000048530575;
2018;05;30;11;1;0.000118039189;0.000073552245;0.000155040009;0.000048315814;
2018;05;30;12;1;0.000120666063;0.000071594345;0.000157774219;0.000048744219;
2018;05;30;13;1;0.000124313604;0.000069823220;0.000160047377;0.000049249237;
2018;05;30;14;1;0.000128192656;0.000069061162;0.000153715085;0.000049450536;
2018;05;30;15;1;0.000122010629;0.000066823618;0.000137215053;0.000049417416;
2018;05;30;16;1;0.000112240331;0.000061676415;0.000133325037;0.000044639923;
2018;05;30;17;1;0.000110473462;0.000059033313;0.000135011267;0.000041307045;
2018;05;30;18;1;0.000114626932;0.000059215951;0.000136855664;0.000041855378;
2018;05;30;19;1;0.000117372576;0.000059764468;0.000131904961;0.000043072661;
2018;05;30;20;1;0.000120400051;0.000062039986;0.000125124910;0.000044516337;
2018;05;30;21;1;0.000127789156;0.000067995462;0.000115811021;0.000049159162;
2018;05;30;22;1;0.000137487321;0.000112253433;0.000112613784;0.000125150520;
2018;05;30;23;1;0.000126740542;0.000147279863;0.000104588588;0.000213345900;
2018;05;30;24;1;0.000102276177;0.000144396770;0.000093318928;0.000188166505;
2018;05;31;1;1;0.000078311799;0.000132267187;0.000082679233;0.000158978908;
2018;05;31;2;1;0.000064143640;0.000121797235;0.000078968839;0.000160348770;
2018;05;31;3;1;0.000057604933;0.000114559526;0.000076901061;0.000156619965;
2018;05;31;4;1;0.000054953648;0.000111743971;0.000075837306;0.000151064963;
2018;05;31;5;1;0.000053904583;0.000110085219;0.000075807406;0.000145188031;
2018;05;31;6;1;0.000055522726;0.000109973118;0.000078012955;0.000140362570;
2018;05;31;7;1;0.000064257021;0.000102177100;0.000083293987;0.000121095100;
2018;05;31;8;1;0.000083797625;0.000066021651;0.000090357045;0.000042668757;
2018;05;31;9;1;0.000101041994;0.000071148519;0.000120960879;0.000047665058;
2018;05;31;10;1;0.000110123689;0.000072367174;0.000143631908;0.000048266748;
2018;05;31;11;1;0.000116783245;0.000072966004;0.000153321575;0.000047729812;
2018;05;31;12;1;0.000119387111;0.000071041375;0.000156038401;0.000048205236;
2018;05;31;13;1;0.000123019975;0.000069365092;0.000158348297;0.000048953135;
2018;05;31;14;1;0.000126852156;0.000068587021;0.000152067645;0.000049089168;
2018;05;31;15;1;0.000120745928;0.000066401522;0.000135769518;0.000049172500;
2018;05;31;16;1;0.000111088399;0.000061324831;0.000131947780;0.000044537316;
2018;05;31;17;1;0.000109345046;0.000058714151;0.000133629751;0.000041265125;
2018;05;31;18;1;0.000113449640;0.000058875731;0.000135439873;0.000041751444;
2018;05;31;19;1;0.000116171719;0.000059435371;0.000130550809;0.000043011049;
2018;05;31;20;1;0.000119167051;0.000061694797;0.000123837942;0.000044442428;
2018;05;31;21;1;0.000126468453;0.000067578514;0.000114598041;0.000048955701;
2018;05;31;22;1;0.000136069486;0.000111580212;0.000111439358;0.000124703211;
2018;05;31;23;1;0.000125455061;0.000146546331;0.000103533335;0.000213501071;
2018;05;31;24;1;0.000101257604;0.000143837286;0.000092411636;0.000189206101;
