AŃO;MES;DIA;HORA;VERANO(1)/INVIERNO(0);COEF. PERFIL A;COEF. PERFIL B;COEF. PERFIL C;COEF. PERFIL D;
2019;11;01;1;0;0.000090157726;0.000160979998;0.000082542403;0.000154458877;
2019;11;01;2;0;0.000074774482;0.000147638580;0.000076917855;0.000163440310;
2019;11;01;3;0;0.000065184786;0.000137337006;0.000073967423;0.000159667130;
2019;11;01;4;0;0.000059827198;0.000131052993;0.000072531635;0.000154236114;
2019;11;01;5;0;0.000057388726;0.000128129913;0.000072049512;0.000147102309;
2019;11;01;6;0;0.000057068595;0.000132142884;0.000072765662;0.000142635147;
2019;11;01;7;0;0.000059102090;0.000134853771;0.000074852033;0.000141148235;
2019;11;01;8;0;0.000064698144;0.000121194865;0.000073096902;0.000116268386;
2019;11;01;9;0;0.000079090988;0.000086193818;0.000068755754;0.000057053781;
2019;11;01;10;0;0.000101638587;0.000092099561;0.000072825119;0.000060902180;
2019;11;01;11;0;0.000119593930;0.000100105197;0.000078260665;0.000067476972;
2019;11;01;12;0;0.000126565295;0.000097730209;0.000082405993;0.000070730131;
2019;11;01;13;0;0.000128870373;0.000084067756;0.000084866015;0.000068361309;
2019;11;01;14;0;0.000134723727;0.000085037616;0.000084700346;0.000066663425;
2019;11;01;15;0;0.000133263685;0.000083133743;0.000081928940;0.000067150910;
2019;11;01;16;0;0.000118902878;0.000074031742;0.000078707673;0.000060197961;
2019;11;01;17;0;0.000110953287;0.000068419408;0.000076515198;0.000056558700;
2019;11;01;18;0;0.000112795000;0.000072195633;0.000077257611;0.000056940083;
2019;11;01;19;0;0.000130131681;0.000128827289;0.000092303454;0.000147321261;
2019;11;01;20;0;0.000141515489;0.000149213811;0.000096789257;0.000185455035;
2019;11;01;21;0;0.000150550562;0.000155468889;0.000095969548;0.000189151081;
2019;11;01;22;0;0.000149593500;0.000158512335;0.000091583519;0.000190887363;
2019;11;01;23;0;0.000128589495;0.000176408704;0.000084848937;0.000183879063;
2019;11;01;24;0;0.000103213613;0.000171337414;0.000078705592;0.000156114279;
2019;11;02;1;0;0.000082623688;0.000153740163;0.000074978202;0.000151926037;
2019;11;02;2;0;0.000067853748;0.000140053163;0.000070124362;0.000162795633;
2019;11;02;3;0;0.000058618785;0.000129971105;0.000067682938;0.000160069575;
2019;11;02;4;0;0.000053939865;0.000124014774;0.000066451492;0.000153190424;
2019;11;02;5;0;0.000052028968;0.000121626364;0.000066001482;0.000145710421;
2019;11;02;6;0;0.000052299413;0.000126653397;0.000066830902;0.000141743994;
2019;11;02;7;0;0.000055395128;0.000130165529;0.000070063987;0.000137620872;
2019;11;02;8;0;0.000063572594;0.000120939311;0.000072100134;0.000118522830;
2019;11;02;9;0;0.000081203104;0.000090177524;0.000073785103;0.000061585510;
2019;11;02;10;0;0.000104144754;0.000096142143;0.000083154092;0.000065782778;
2019;11;02;11;0;0.000118820045;0.000100235545;0.000093214200;0.000073085123;
2019;11;02;12;0;0.000121297979;0.000094741725;0.000096902312;0.000071697051;
2019;11;02;13;0;0.000122943522;0.000080792690;0.000098488395;0.000068975717;
2019;11;02;14;0;0.000128742937;0.000081538653;0.000094581860;0.000068611879;
2019;11;02;15;0;0.000126744681;0.000081246304;0.000086181724;0.000069247418;
2019;11;02;16;0;0.000113940615;0.000073369065;0.000082698119;0.000061385784;
2019;11;02;17;0;0.000106769356;0.000068333337;0.000082065435;0.000055557175;
2019;11;02;18;0;0.000108117755;0.000072075411;0.000087098317;0.000056721434;
2019;11;02;19;0;0.000120095674;0.000124915627;0.000102045330;0.000146578199;
2019;11;02;20;0;0.000125066945;0.000140231795;0.000106360461;0.000180314955;
2019;11;02;21;0;0.000130004750;0.000144174330;0.000104740242;0.000184330978;
2019;11;02;22;0;0.000131191794;0.000148477671;0.000096200441;0.000187112698;
2019;11;02;23;0;0.000118221985;0.000169499370;0.000087486423;0.000181884973;
2019;11;02;24;0;0.000101278908;0.000168571907;0.000080637073;0.000155896105;
2019;11;03;1;0;0.000085469988;0.000154502866;0.000078168976;0.000149729671;
2019;11;03;2;0;0.000070771688;0.000141176082;0.000072724363;0.000157386093;
2019;11;03;3;0;0.000061702309;0.000131358050;0.000069942683;0.000153818055;
2019;11;03;4;0;0.000056653199;0.000125459337;0.000068611965;0.000148823468;
2019;11;03;5;0;0.000054351378;0.000122697812;0.000068165031;0.000142014832;
2019;11;03;6;0;0.000054087990;0.000126752101;0.000068893266;0.000138114852;
2019;11;03;7;0;0.000056026381;0.000129410688;0.000070882650;0.000136785859;
2019;11;03;8;0;0.000061285610;0.000116105214;0.000069169126;0.000112326920;
2019;11;03;9;0;0.000075001855;0.000082781223;0.000065132939;0.000055368867;
2019;11;03;10;0;0.000096424501;0.000088539297;0.000069017085;0.000059208980;
2019;11;03;11;0;0.000113537557;0.000096388889;0.000074219934;0.000065791630;
2019;11;03;12;0;0.000120241338;0.000094255215;0.000078206812;0.000069167295;
2019;11;03;13;0;0.000122400665;0.000081032302;0.000080521364;0.000066781742;
2019;11;03;14;0;0.000127926951;0.000081918656;0.000080343319;0.000065053556;
2019;11;03;15;0;0.000126652896;0.000080246707;0.000077783461;0.000065768822;
2019;11;03;16;0;0.000112930574;0.000071354393;0.000074676313;0.000058800772;
2019;11;03;17;0;0.000105367680;0.000065926929;0.000072587456;0.000055218323;
2019;11;03;18;0;0.000107193937;0.000069680781;0.000073344621;0.000055758587;
2019;11;03;19;0;0.000123812871;0.000124670421;0.000087729838;0.000144965109;
2019;11;03;20;0;0.000134833806;0.000144866646;0.000092123111;0.000183566677;
2019;11;03;21;0;0.000143557958;0.000151217524;0.000091416579;0.000187849554;
2019;11;03;22;0;0.000142719442;0.000154358448;0.000087283945;0.000189968967;
2019;11;03;23;0;0.000122707822;0.000171870271;0.000080883471;0.000183149934;
2019;11;03;24;0;0.000098401488;0.000166574897;0.000074957811;0.000154893062;
2019;11;04;1;0;0.000078661991;0.000160516317;0.000071335117;0.000154964977;
2019;11;04;2;0;0.000064031286;0.000146046916;0.000068875804;0.000162635472;
2019;11;04;3;0;0.000057050928;0.000136453092;0.000067629218;0.000158896671;
2019;11;04;4;0;0.000054066379;0.000130714234;0.000067092810;0.000153396746;
2019;11;04;5;0;0.000053101067;0.000128707484;0.000067351835;0.000147607618;
2019;11;04;6;0;0.000055193941;0.000133915921;0.000069599893;0.000144147377;
2019;11;04;7;0;0.000065258187;0.000141462262;0.000079245312;0.000144832234;
2019;11;04;8;0;0.000089792055;0.000142296161;0.000096525635;0.000130454741;
2019;11;04;9;0;0.000107990479;0.000110464038;0.000124922208;0.000074351517;
2019;11;04;10;0;0.000116230314;0.000103590092;0.000146990001;0.000071271079;
2019;11;04;11;0;0.000124038131;0.000101245070;0.000154230938;0.000071619136;
2019;11;04;12;0;0.000126009835;0.000093852403;0.000154301199;0.000070007438;
2019;11;04;13;0;0.000128628731;0.000079445959;0.000153264083;0.000068995270;
2019;11;04;14;0;0.000133623517;0.000080610664;0.000144659272;0.000069269637;
2019;11;04;15;0;0.000129613494;0.000079680039;0.000126346272;0.000065870642;
2019;11;04;16;0;0.000121806741;0.000074557301;0.000121405987;0.000059423036;
2019;11;04;17;0;0.000119823194;0.000071221227;0.000124091693;0.000058196732;
2019;11;04;18;0;0.000127039557;0.000077291911;0.000129726532;0.000061400242;
2019;11;04;19;0;0.000143814955;0.000135534963;0.000141899024;0.000161022321;
2019;11;04;20;0;0.000155190711;0.000155944083;0.000135966979;0.000200779278;
2019;11;04;21;0;0.000162411057;0.000163556421;0.000121640058;0.000205898227;
2019;11;04;22;0;0.000158676963;0.000167533625;0.000103389452;0.000206129246;
2019;11;04;23;0;0.000135451739;0.000187760904;0.000088633493;0.000196940361;
2019;11;04;24;0;0.000106607140;0.000181221289;0.000079575098;0.000164870731;
2019;11;05;1;0;0.000080373893;0.000155103534;0.000074630638;0.000151713286;
2019;11;05;2;0;0.000064633295;0.000140346344;0.000071555885;0.000164763570;
2019;11;05;3;0;0.000057487055;0.000131106869;0.000070121598;0.000161554610;
2019;11;05;4;0;0.000054304652;0.000125942830;0.000069538180;0.000154522029;
2019;11;05;5;0;0.000053431132;0.000123931133;0.000069548446;0.000146370097;
2019;11;05;6;0;0.000055440748;0.000128815752;0.000071862895;0.000140994784;
2019;11;05;7;0;0.000066066145;0.000136499366;0.000081588100;0.000140632096;
2019;11;05;8;0;0.000091967421;0.000138531505;0.000099177554;0.000127734227;
2019;11;05;9;0;0.000109546933;0.000109657877;0.000127509699;0.000075519741;
2019;11;05;10;0;0.000116595761;0.000102294916;0.000149296084;0.000072251871;
2019;11;05;11;0;0.000123067207;0.000099274950;0.000156559848;0.000072017117;
2019;11;05;12;0;0.000124187100;0.000091932221;0.000156310851;0.000070350595;
2019;11;05;13;0;0.000127091452;0.000079067163;0.000155784931;0.000068561597;
2019;11;05;14;0;0.000132032527;0.000080485404;0.000147112073;0.000067475656;
2019;11;05;15;0;0.000128267008;0.000078924765;0.000128435137;0.000064899493;
2019;11;05;16;0;0.000120649589;0.000074114850;0.000123420618;0.000060336475;
2019;11;05;17;0;0.000118744101;0.000071164178;0.000125297500;0.000058882348;
2019;11;05;18;0;0.000126066130;0.000076904846;0.000131505369;0.000062500697;
2019;11;05;19;0;0.000142773920;0.000132468386;0.000144906223;0.000151069175;
2019;11;05;20;0;0.000153796252;0.000152206137;0.000139224155;0.000189054091;
2019;11;05;21;0;0.000160900985;0.000159987428;0.000125083799;0.000194444241;
2019;11;05;22;0;0.000157267907;0.000163370091;0.000106598464;0.000195206353;
2019;11;05;23;0;0.000135040211;0.000181223414;0.000091352453;0.000187176579;
2019;11;05;24;0;0.000106922032;0.000173576585;0.000081361843;0.000158079132;
2019;11;06;1;0;0.000080813915;0.000155755612;0.000075051377;0.000152201118;
2019;11;06;2;0;0.000064979026;0.000140896388;0.000071950303;0.000165209066;
2019;11;06;3;0;0.000057777179;0.000131530619;0.000070486907;0.000161791733;
2019;11;06;4;0;0.000054608939;0.000126509578;0.000069939158;0.000155102565;
2019;11;06;5;0;0.000053732427;0.000124499196;0.000069951960;0.000146943085;
2019;11;06;6;0;0.000055771065;0.000129501328;0.000072302770;0.000141739007;
2019;11;06;7;0;0.000066438411;0.000137125040;0.000082061124;0.000141186210;
2019;11;06;8;0;0.000092471590;0.000139117420;0.000099737409;0.000128153661;
2019;11;06;9;0;0.000110154153;0.000110136809;0.000128237265;0.000075786367;
2019;11;06;10;0;0.000117221910;0.000102701164;0.000150122167;0.000072454783;
2019;11;06;11;0;0.000123672071;0.000099565924;0.000157354821;0.000072083542;
2019;11;06;12;0;0.000124787099;0.000092184175;0.000157091505;0.000070391287;
2019;11;06;13;0;0.000127646829;0.000079200746;0.000156491051;0.000068471182;
2019;11;06;14;0;0.000132584972;0.000080587689;0.000147751553;0.000067336464;
2019;11;06;15;0;0.000128759599;0.000078963267;0.000128949267;0.000064673901;
2019;11;06;16;0;0.000121135976;0.000074183021;0.000123938258;0.000060173290;
2019;11;06;17;0;0.000119278962;0.000071306073;0.000125882275;0.000058836784;
2019;11;06;18;0;0.000126678159;0.000077119578;0.000132165219;0.000062542359;
2019;11;06;19;0;0.000143431122;0.000132762057;0.000145596832;0.000151012274;
2019;11;06;20;0;0.000154559271;0.000152668334;0.000139937552;0.000189264589;
2019;11;06;21;0;0.000161764809;0.000160621884;0.000125775711;0.000194987282;
2019;11;06;22;0;0.000158118742;0.000164033003;0.000107192540;0.000195782803;
2019;11;06;23;0;0.000135777547;0.000181979300;0.000091866134;0.000187767264;
2019;11;06;24;0;0.000107510880;0.000174319390;0.000081823182;0.000158609330;
2019;11;07;1;0;0.000082455563;0.000157969760;0.000076624516;0.000153440742;
2019;11;07;2;0;0.000066283811;0.000142824702;0.000073441605;0.000166397807;
2019;11;07;3;0;0.000058946119;0.000133375767;0.000071958582;0.000163054567;
2019;11;07;4;0;0.000055699738;0.000128210469;0.000071381401;0.000156150410;
2019;11;07;5;0;0.000054814661;0.000126219833;0.000071406118;0.000148034334;
2019;11;07;6;0;0.000056868842;0.000131155330;0.000073772695;0.000142520601;
2019;11;07;7;0;0.000067780624;0.000139038434;0.000083772031;0.000142266402;
2019;11;07;8;0;0.000094328740;0.000141021229;0.000101804987;0.000129072580;
2019;11;07;9;0;0.000112365277;0.000111641581;0.000130894307;0.000076327088;
2019;11;07;10;0;0.000119586907;0.000104128387;0.000153248039;0.000073002572;
2019;11;07;11;0;0.000126209787;0.000101027585;0.000160685509;0.000072730492;
2019;11;07;12;0;0.000127328319;0.000093504930;0.000160392213;0.000070978245;
2019;11;07;13;0;0.000130263680;0.000080360032;0.000159800482;0.000069080427;
2019;11;07;14;0;0.000135322825;0.000081794540;0.000150898203;0.000067976585;
2019;11;07;15;0;0.000131407126;0.000080130034;0.000131684131;0.000065265529;
2019;11;07;16;0;0.000123666292;0.000075334159;0.000126607327;0.000060804098;
2019;11;07;17;0;0.000121778777;0.000072423933;0.000128601964;0.000059470703;
2019;11;07;18;0;0.000129369157;0.000078379046;0.000135058352;0.000063291055;
2019;11;07;19;0;0.000146510291;0.000134998121;0.000148816785;0.000152959052;
2019;11;07;20;0;0.000157845902;0.000155168418;0.000143003868;0.000191543048;
2019;11;07;21;0;0.000165128872;0.000163080615;0.000128472747;0.000196957370;
2019;11;07;22;0;0.000161358064;0.000166428880;0.000109457908;0.000197514193;
2019;11;07;23;0;0.000138570512;0.000184671687;0.000093815276;0.000189491311;
2019;11;07;24;0;0.000109826929;0.000177282219;0.000083638849;0.000160691650;
2019;11;08;1;0;0.000085051419;0.000162495121;0.000079988986;0.000157537087;
2019;11;08;2;0;0.000069053875;0.000147208195;0.000076389977;0.000171132959;
2019;11;08;3;0;0.000061303844;0.000137408659;0.000074721599;0.000167311026;
2019;11;08;4;0;0.000057755580;0.000131863949;0.000073984518;0.000160368371;
2019;11;08;5;0;0.000056636895;0.000129675351;0.000074096689;0.000151646709;
2019;11;08;6;0;0.000058774541;0.000135234196;0.000076426602;0.000146759144;
2019;11;08;7;0;0.000069850893;0.000142871268;0.000086318246;0.000145765458;
2019;11;08;8;0;0.000096894603;0.000144217242;0.000103971649;0.000132240423;
2019;11;08;9;0;0.000115821240;0.000112811263;0.000132649965;0.000076569072;
2019;11;08;10;0;0.000122814770;0.000105350723;0.000155345891;0.000072107917;
2019;11;08;11;0;0.000129259459;0.000102203829;0.000162691088;0.000073272288;
2019;11;08;12;0;0.000129557850;0.000094901883;0.000162396775;0.000071188797;
2019;11;08;13;0;0.000132648330;0.000081745669;0.000162050044;0.000069115827;
2019;11;08;14;0;0.000137257162;0.000083063065;0.000153208006;0.000066789849;
2019;11;08;15;0;0.000134538845;0.000082009673;0.000133024182;0.000065006233;
2019;11;08;16;0;0.000127175358;0.000077244367;0.000124747490;0.000062929016;
2019;11;08;17;0;0.000124877451;0.000074004726;0.000124331136;0.000060738304;
2019;11;08;18;0;0.000131417261;0.000080158245;0.000130243761;0.000065588545;
2019;11;08;19;0;0.000146142850;0.000137877170;0.000146471387;0.000159466860;
2019;11;08;20;0;0.000152385299;0.000155958421;0.000143946642;0.000195533065;
2019;11;08;21;0;0.000155525288;0.000160502741;0.000133338825;0.000198826657;
2019;11;08;22;0;0.000153755294;0.000164185666;0.000116648650;0.000199868627;
2019;11;08;23;0;0.000136756500;0.000185368562;0.000101688178;0.000192571327;
2019;11;08;24;0;0.000114623077;0.000181515015;0.000092023261;0.000165786955;
2019;11;09;1;0;0.000093112498;0.000167998423;0.000084777175;0.000161435477;
2019;11;09;2;0;0.000076451776;0.000152970084;0.000079272614;0.000172838706;
2019;11;09;3;0;0.000065991216;0.000141686878;0.000076448512;0.000169358503;
2019;11;09;4;0;0.000060710073;0.000135123858;0.000075040576;0.000161929279;
2019;11;09;5;0;0.000058546312;0.000132454119;0.000074515829;0.000153880548;
2019;11;09;6;0;0.000058825268;0.000137792942;0.000075419724;0.000149425136;
2019;11;09;7;0;0.000062261123;0.000141373753;0.000079009760;0.000144631102;
2019;11;09;8;0;0.000071492539;0.000131523512;0.000081351841;0.000124854942;
2019;11;09;9;0;0.000091344935;0.000098132605;0.000083276228;0.000064952315;
2019;11;09;10;0;0.000117140221;0.000104599131;0.000093841035;0.000069349024;
2019;11;09;11;0;0.000133630249;0.000109021505;0.000105181089;0.000077006768;
2019;11;09;12;0;0.000136386572;0.000102993401;0.000109318258;0.000075473914;
2019;11;09;13;0;0.000138159011;0.000087716517;0.000111045034;0.000072440092;
2019;11;09;14;0;0.000144474774;0.000088245922;0.000106491999;0.000071646660;
2019;11;09;15;0;0.000142202247;0.000087887799;0.000097013553;0.000072249802;
2019;11;09;16;0;0.000128045353;0.000079661807;0.000093244111;0.000064476879;
2019;11;09;17;0;0.000120001143;0.000074214925;0.000092542144;0.000058384063;
2019;11;09;18;0;0.000121574808;0.000078364836;0.000098264546;0.000059726141;
2019;11;09;19;0;0.000134965129;0.000135635368;0.000115060925;0.000153970055;
2019;11;09;20;0;0.000140543864;0.000152246090;0.000119919574;0.000189363808;
2019;11;09;21;0;0.000146006915;0.000156316695;0.000118023447;0.000193112670;
2019;11;09;22;0;0.000147313164;0.000160916208;0.000108380829;0.000195883653;
2019;11;09;23;0;0.000132804062;0.000183871139;0.000098603944;0.000190733833;
2019;11;09;24;0;0.000113692651;0.000182578313;0.000090821497;0.000163019778;
2019;11;10;1;0;0.000092546106;0.000163386429;0.000084851719;0.000154615744;
2019;11;10;2;0;0.000076628640;0.000149282783;0.000078939288;0.000162499881;
2019;11;10;3;0;0.000066797062;0.000138845390;0.000075906671;0.000158699808;
2019;11;10;4;0;0.000061303531;0.000132474333;0.000074429077;0.000153260636;
2019;11;10;5;0;0.000058798862;0.000129487931;0.000073926767;0.000146103482;
2019;11;10;6;0;0.000058540692;0.000133906196;0.000074750739;0.000142359266;
2019;11;10;7;0;0.000060637269;0.000136707531;0.000076907506;0.000140975342;
2019;11;10;8;0;0.000066384693;0.000122886356;0.000075110981;0.000116169785;
2019;11;10;9;0;0.000081206593;0.000087527667;0.000070697113;0.000057157104;
2019;11;10;10;0;0.000104454283;0.000093724877;0.000074950956;0.000061251552;
2019;11;10;11;0;0.000123100493;0.000102239733;0.000080671944;0.000068310879;
2019;11;10;12;0;0.000130363710;0.000099967291;0.000085002013;0.000071803507;
2019;11;10;13;0;0.000132622728;0.000085821619;0.000087463533;0.000069149706;
2019;11;10;14;0;0.000138580646;0.000086717736;0.000087251323;0.000067300525;
2019;11;10;15;0;0.000137220453;0.000084976268;0.000084483657;0.000068082138;
2019;11;10;16;0;0.000122505128;0.000075773829;0.000081209589;0.000061180333;
2019;11;10;17;0;0.000114311393;0.000070025095;0.000078945138;0.000057475863;
2019;11;10;18;0;0.000116354689;0.000074103870;0.000079811165;0.000058171181;
2019;11;10;19;0;0.000134330980;0.000132440975;0.000095420005;0.000150937863;
2019;11;10;20;0;0.000146240904;0.000153781658;0.000100166011;0.000190870137;
2019;11;10;21;0;0.000155765317;0.000160669452;0.000099437494;0.000195644133;
2019;11;10;22;0;0.000154810692;0.000163897629;0.000094914791;0.000197611100;
2019;11;10;23;0;0.000133217875;0.000182847418;0.000088030213;0.000191185190;
2019;11;10;24;0;0.000106801512;0.000177107206;0.000081559461;0.000161512694;
2019;11;11;1;0;0.000085746190;0.000170641875;0.000077955640;0.000160689057;
2019;11;11;2;0;0.000069772107;0.000155129039;0.000075240309;0.000168386333;
2019;11;11;3;0;0.000062148177;0.000144843923;0.000073857452;0.000164320054;
2019;11;11;4;0;0.000058897693;0.000138755356;0.000073272541;0.000158636931;
2019;11;11;5;0;0.000057823654;0.000136502834;0.000073526853;0.000152399320;
2019;11;11;6;0;0.000060139045;0.000142221846;0.000076027019;0.000149193358;
2019;11;11;7;0;0.000071110563;0.000150262666;0.000086569908;0.000149948769;
2019;11;11;8;0;0.000098004493;0.000151717431;0.000105619719;0.000135995754;
2019;11;11;9;0;0.000117917365;0.000117891920;0.000136749648;0.000077645692;
2019;11;11;10;0;0.000126911618;0.000110549331;0.000160902959;0.000074420207;
2019;11;11;11;0;0.000135449781;0.000108069879;0.000168845255;0.000074812132;
2019;11;11;12;0;0.000137533507;0.000100063491;0.000168837006;0.000072976019;
2019;11;11;13;0;0.000140323331;0.000084609199;0.000167620277;0.000071775870;
2019;11;11;14;0;0.000145740118;0.000085806522;0.000158174605;0.000071996083;
2019;11;11;15;0;0.000141317635;0.000084749112;0.000138102914;0.000068365950;
2019;11;11;16;0;0.000132840899;0.000079348037;0.000132737873;0.000061740805;
2019;11;11;17;0;0.000130729827;0.000075866661;0.000135728412;0.000060566327;
2019;11;11;18;0;0.000138640002;0.000082383739;0.000141929496;0.000063971724;
2019;11;11;19;0;0.000156932132;0.000144431811;0.000155232088;0.000167698396;
2019;11;11;20;0;0.000169306236;0.000166092416;0.000148708210;0.000208901679;
2019;11;11;21;0;0.000177231035;0.000174307275;0.000133074568;0.000214466187;
2019;11;11;22;0;0.000173238951;0.000178739979;0.000113162404;0.000215126848;
2019;11;11;23;0;0.000147961343;0.000200563771;0.000097063469;0.000205986612;
2019;11;11;24;0;0.000116335222;0.000193133713;0.000087055532;0.000171731348;
2019;11;12;1;0;0.000086247660;0.000163126657;0.000080250612;0.000156458704;
2019;11;12;2;0;0.000069313802;0.000147398059;0.000076896692;0.000169485391;
2019;11;12;3;0;0.000061636329;0.000137624103;0.000075338574;0.000166030319;
2019;11;12;4;0;0.000058236748;0.000132267959;0.000074727815;0.000158942360;
2019;11;12;5;0;0.000057290580;0.000130105949;0.000074726588;0.000150452437;
2019;11;12;6;0;0.000059480986;0.000135419036;0.000077259638;0.000145286193;
2019;11;12;7;0;0.000070839077;0.000143302130;0.000087663666;0.000144551923;
2019;11;12;8;0;0.000098722790;0.000145813438;0.000106683116;0.000131920146;
2019;11;12;9;0;0.000117725681;0.000115719078;0.000137313456;0.000078359510;
2019;11;12;10;0;0.000125298910;0.000107945060;0.000160772525;0.000074962874;
2019;11;12;11;0;0.000132210962;0.000104681285;0.000168540546;0.000074619479;
2019;11;12;12;0;0.000133329833;0.000096798796;0.000168166259;0.000072702076;
2019;11;12;13;0;0.000136293796;0.000083037896;0.000167411033;0.000070522485;
2019;11;12;14;0;0.000141520000;0.000084428839;0.000158009821;0.000069260140;
2019;11;12;15;0;0.000137448872;0.000082743467;0.000137914191;0.000066545342;
2019;11;12;16;0;0.000129358873;0.000077800405;0.000132604107;0.000062009690;
2019;11;12;17;0;0.000127360556;0.000074762703;0.000134667932;0.000060602304;
2019;11;12;18;0;0.000135286987;0.000080893555;0.000141416463;0.000064470649;
2019;11;12;19;0;0.000153285936;0.000139483032;0.000155897571;0.000156124195;
2019;11;12;20;0;0.000165121482;0.000160269489;0.000149786027;0.000195387346;
2019;11;12;21;0;0.000172776422;0.000168522737;0.000134594007;0.000201085588;
2019;11;12;22;0;0.000168931141;0.000172214940;0.000114741213;0.000202144489;
2019;11;12;23;0;0.000145128901;0.000191255896;0.000098380698;0.000194232191;
2019;11;12;24;0;0.000114853267;0.000182980584;0.000087578159;0.000163708942;
2019;11;13;1;0;0.000086711159;0.000163887868;0.000080687692;0.000157133792;
2019;11;13;2;0;0.000069676059;0.000148036489;0.000077304146;0.000170114834;
2019;11;13;3;0;0.000061926114;0.000138055697;0.000075698230;0.000166288823;
2019;11;13;4;0;0.000058526935;0.000132767596;0.000075105582;0.000159374042;
2019;11;13;5;0;0.000057583922;0.000130638309;0.000075114616;0.000150946936;
2019;11;13;6;0;0.000059761809;0.000135849298;0.000077629986;0.000145521822;
2019;11;13;7;0;0.000071206635;0.000143911457;0.000088124865;0.000145070610;
2019;11;13;8;0;0.000099258771;0.000146513438;0.000107270037;0.000132524362;
2019;11;13;9;0;0.000118293384;0.000116113736;0.000137985548;0.000078520220;
2019;11;13;10;0;0.000125887204;0.000108281921;0.000161539002;0.000075077360;
2019;11;13;11;0;0.000132907290;0.000105144534;0.000169440412;0.000074909616;
2019;11;13;12;0;0.000134108838;0.000097354390;0.000169160980;0.000073157695;
2019;11;13;13;0;0.000137061586;0.000083474855;0.000168366238;0.000070903549;
2019;11;13;14;0;0.000142287642;0.000084832665;0.000158878347;0.000069573974;
2019;11;13;15;0;0.000138179720;0.000083119111;0.000138657494;0.000066817781;
2019;11;13;16;0;0.000129996918;0.000078085325;0.000133267753;0.000062165175;
2019;11;13;17;0;0.000127943737;0.000074976109;0.000135294314;0.000060665473;
2019;11;13;18;0;0.000135905835;0.000081123361;0.000142073578;0.000064535755;
2019;11;13;19;0;0.000154025743;0.000139959985;0.000156661261;0.000156446777;
2019;11;13;20;0;0.000165887790;0.000160749656;0.000150491999;0.000195641221;
2019;11;13;21;0;0.000173614819;0.000169109234;0.000135256861;0.000201523749;
2019;11;13;22;0;0.000169582494;0.000172424528;0.000115191917;0.000201763083;
2019;11;13;23;0;0.000145723608;0.000191594201;0.000098790953;0.000194059379;
2019;11;13;24;0;0.000115376837;0.000183495255;0.000087983727;0.000163869257;
2019;11;14;1;0;0.000088539930;0.000166033840;0.000082449368;0.000157743810;
2019;11;14;2;0;0.000071142424;0.000149958936;0.000078988473;0.000170739683;
2019;11;14;3;0;0.000063266398;0.000140034577;0.000077392854;0.000167298614;
2019;11;14;4;0;0.000059771713;0.000134557359;0.000076758768;0.000160096090;
2019;11;14;5;0;0.000058805142;0.000132380283;0.000076763429;0.000151587967;
2019;11;14;6;0;0.000061056132;0.000137798075;0.000079369002;0.000146399883;
2019;11;14;7;0;0.000072761723;0.000146034539;0.000090114947;0.000146050910;
2019;11;14;8;0;0.000101357730;0.000148445385;0.000109618100;0.000133048701;
2019;11;14;9;0;0.000120823581;0.000117710065;0.000141039484;0.000078912418;
2019;11;14;10;0;0.000128653460;0.000109915010;0.000165208784;0.000075633659;
2019;11;14;11;0;0.000135854486;0.000106778500;0.000173323734;0.000075526948;
2019;11;14;12;0;0.000137153795;0.000098984608;0.000173127667;0.000073919371;
2019;11;14;13;0;0.000140321517;0.000085077235;0.000172496141;0.000071954409;
2019;11;14;14;0;0.000145732690;0.000086543123;0.000162843477;0.000070725464;
2019;11;14;15;0;0.000141540845;0.000084816449;0.000142133575;0.000067955081;
2019;11;14;16;0;0.000133256100;0.000079812583;0.000136708329;0.000063413957;
2019;11;14;17;0;0.000131183044;0.000076677562;0.000138820649;0.000061948640;
2019;11;14;18;0;0.000139352264;0.000082973353;0.000145782401;0.000065916954;
2019;11;14;19;0;0.000157755104;0.000142784092;0.000160571173;0.000159045897;
2019;11;14;20;0;0.000169841863;0.000163854899;0.000154191201;0.000198585845;
2019;11;14;21;0;0.000177685926;0.000172226545;0.000138529223;0.000204233733;
2019;11;14;22;0;0.000173645281;0.000175801215;0.000118037453;0.000204891212;
2019;11;14;23;0;0.000149186372;0.000195261224;0.000101212061;0.000196912462;
2019;11;14;24;0;0.000118092727;0.000186914887;0.000090120322;0.000166131495;
2019;11;15;1;0;0.000090193350;0.000169562814;0.000084963487;0.000161719600;
2019;11;15;2;0;0.000073200731;0.000153477244;0.000081109724;0.000175399530;
2019;11;15;3;0;0.000064907305;0.000142867399;0.000079243053;0.000170629666;
2019;11;15;4;0;0.000061155693;0.000137128581;0.000078468070;0.000163604026;
2019;11;15;5;0;0.000059958930;0.000134788501;0.000078571025;0.000154569183;
2019;11;15;6;0;0.000062243865;0.000140677561;0.000081070160;0.000149795629;
2019;11;15;7;0;0.000074050123;0.000148973376;0.000091656995;0.000149423877;
2019;11;15;8;0;0.000102827432;0.000150740507;0.000110518127;0.000136160621;
2019;11;15;9;0;0.000122898938;0.000117883092;0.000140986083;0.000078801206;
2019;11;15;10;0;0.000130351729;0.000110148727;0.000165148695;0.000074285264;
2019;11;15;11;0;0.000137319766;0.000107086069;0.000173118574;0.000075776046;
2019;11;15;12;0;0.000137576425;0.000099335728;0.000172729640;0.000073487822;
2019;11;15;13;0;0.000140798673;0.000085482261;0.000172288031;0.000071223160;
2019;11;15;14;0;0.000145663384;0.000086822652;0.000162856845;0.000068772771;
2019;11;15;15;0;0.000142755173;0.000085689547;0.000141378685;0.000066891052;
2019;11;15;16;0;0.000134971176;0.000080750269;0.000132610850;0.000064811477;
2019;11;15;17;0;0.000132618635;0.000077478725;0.000132254242;0.000062724155;
2019;11;15;18;0;0.000139641682;0.000084028979;0.000138620917;0.000067892690;
2019;11;15;19;0;0.000155270257;0.000144494470;0.000155873639;0.000164981657;
2019;11;15;20;0;0.000161762170;0.000163119231;0.000153053975;0.000201566703;
2019;11;15;21;0;0.000165006098;0.000167664896;0.000141698347;0.000204503768;
2019;11;15;22;0;0.000163158408;0.000171584525;0.000123984752;0.000205731991;
2019;11;15;23;0;0.000145143341;0.000193792829;0.000108100769;0.000198351159;
2019;11;15;24;0;0.000121574858;0.000189488275;0.000097763897;0.000170315514;
2019;11;16;1;0;0.000098638662;0.000175277273;0.000089954618;0.000165877374;
2019;11;16;2;0;0.000080940663;0.000159380031;0.000084063541;0.000177156792;
2019;11;16;3;0;0.000069842876;0.000147512572;0.000081042036;0.000173351470;
2019;11;16;4;0;0.000064219824;0.000140510830;0.000079507818;0.000165385287;
2019;11;16;5;0;0.000061918538;0.000137671228;0.000078935980;0.000157032942;
2019;11;16;6;0;0.000062247165;0.000143397032;0.000079936648;0.000152826868;
2019;11;16;7;0;0.000065883326;0.000147125358;0.000083742253;0.000147926142;
2019;11;16;8;0;0.000075693101;0.000137045853;0.000086271686;0.000127991133;
2019;11;16;9;0;0.000096756811;0.000102361933;0.000088353436;0.000066713365;
2019;11;16;10;0;0.000124123968;0.000109194979;0.000099597337;0.000071333576;
2019;11;16;11;0;0.000141664979;0.000113936143;0.000111686507;0.000079367109;
2019;11;16;12;0;0.000144526244;0.000107532736;0.000116030759;0.000077651378;
2019;11;16;13;0;0.000146342553;0.000091494099;0.000117813723;0.000074399755;
2019;11;16;14;0;0.000152962327;0.000091950066;0.000112931413;0.000073445673;
2019;11;16;15;0;0.000150550960;0.000091569639;0.000102876174;0.000074053604;
2019;11;16;16;0;0.000135543179;0.000082971496;0.000098864547;0.000066047018;
2019;11;16;17;0;0.000127009912;0.000077273072;0.000098106348;0.000059770077;
2019;11;16;18;0;0.000128736214;0.000081681805;0.000104221980;0.000061262903;
2019;11;16;19;0;0.000142968764;0.000141497644;0.000122082321;0.000158178029;
2019;11;16;20;0;0.000148891064;0.000158857307;0.000127248345;0.000194607794;
2019;11;16;21;0;0.000154789606;0.000163372055;0.000125326234;0.000199049416;
2019;11;16;22;0;0.000156234794;0.000168326525;0.000115131455;0.000202222422;
2019;11;16;23;0;0.000140813893;0.000192235080;0.000104720994;0.000196713523;
2019;11;16;24;0;0.000120570596;0.000190958199;0.000096472381;0.000168248879;
2019;11;17;1;0;0.000099792435;0.000172920925;0.000091696235;0.000160597313;
2019;11;17;2;0;0.000082566488;0.000157723262;0.000085242718;0.000168263478;
2019;11;17;3;0;0.000071905230;0.000146379338;0.000081890677;0.000163685255;
2019;11;17;4;0;0.000065956916;0.000139494041;0.000080254403;0.000157727122;
2019;11;17;5;0;0.000063277324;0.000136424010;0.000079731931;0.000150509759;
2019;11;17;6;0;0.000062968462;0.000140919047;0.000080580901;0.000146348397;
2019;11;17;7;0;0.000065264730;0.000144075312;0.000082958145;0.000145308357;
2019;11;17;8;0;0.000071496496;0.000129699668;0.000081072140;0.000120061768;
2019;11;17;9;0;0.000087443279;0.000092340058;0.000076293618;0.000059023727;
2019;11;17;10;0;0.000112482206;0.000098890186;0.000080888381;0.000063266906;
2019;11;17;11;0;0.000132676296;0.000108089011;0.000087137975;0.000070815037;
2019;11;17;12;0;0.000140641143;0.000105921332;0.000091904394;0.000074735134;
2019;11;17;13;0;0.000143209478;0.000091123776;0.000094652527;0.000072246467;
2019;11;17;14;0;0.000149737786;0.000092207754;0.000094482687;0.000070496247;
2019;11;17;15;0;0.000148214896;0.000090280998;0.000091452820;0.000071205707;
2019;11;17;16;0;0.000132256340;0.000080415524;0.000087866016;0.000063861133;
2019;11;17;17;0;0.000123399689;0.000074300659;0.000085408546;0.000059975470;
2019;11;17;18;0;0.000125590146;0.000078607857;0.000086334965;0.000060674733;
2019;11;17;19;0;0.000144894736;0.000140271532;0.000103149529;0.000156986206;
2019;11;17;20;0;0.000157628375;0.000162607112;0.000108202502;0.000197927589;
2019;11;17;21;0;0.000167860401;0.000169811556;0.000107393762;0.000202708136;
2019;11;17;22;0;0.000166814437;0.000173182833;0.000102498608;0.000204659999;
2019;11;17;23;0;0.000143444151;0.000192890673;0.000094995599;0.000197424092;
2019;11;17;24;0;0.000114969782;0.000186723726;0.000087989742;0.000166604541;
2019;11;18;1;0;0.000088957876;0.000175508534;0.000080961227;0.000163886514;
2019;11;18;2;0;0.000072284544;0.000159046451;0.000078032253;0.000170752850;
2019;11;18;3;0;0.000064316276;0.000148133392;0.000076515035;0.000165879956;
2019;11;18;4;0;0.000060950922;0.000141897845;0.000075907243;0.000160122511;
2019;11;18;5;0;0.000059878394;0.000139801887;0.000076220284;0.000154240692;
2019;11;18;6;0;0.000062294520;0.000145757127;0.000078835396;0.000151178242;
2019;11;18;7;0;0.000073708713;0.000154235954;0.000089827981;0.000152374514;
2019;11;18;8;0;0.000101657814;0.000155984712;0.000109673009;0.000138609836;
2019;11;18;9;0;0.000122341758;0.000121272587;0.000142030998;0.000079214139;
2019;11;18;10;0;0.000131638639;0.000113650349;0.000167072898;0.000075839355;
2019;11;18;11;0;0.000140372499;0.000110880506;0.000175167106;0.000075964544;
2019;11;18;12;0;0.000142465598;0.000102556757;0.000175077002;0.000073957594;
2019;11;18;13;0;0.000145250942;0.000086575021;0.000173690312;0.000072525200;
2019;11;18;14;0;0.000150959668;0.000087935753;0.000164013103;0.000072951915;
2019;11;18;15;0;0.000146423971;0.000086913153;0.000143244723;0.000069361398;
2019;11;18;16;0;0.000137698859;0.000081452282;0.000137737868;0.000062748476;
2019;11;18;17;0;0.000135499435;0.000077863923;0.000140829468;0.000061533804;
2019;11;18;18;0;0.000143754298;0.000084628153;0.000147321086;0.000065099207;
2019;11;18;19;0;0.000162877371;0.000148692767;0.000161283651;0.000171336021;
2019;11;18;20;0;0.000175675799;0.000170893003;0.000154466355;0.000213206551;
2019;11;18;21;0;0.000183867932;0.000179275838;0.000138204204;0.000218729582;
2019;11;18;22;0;0.000179712295;0.000183801208;0.000117515291;0.000219327985;
2019;11;18;23;0;0.000153503264;0.000206282666;0.000100805709;0.000210081019;
2019;11;18;24;0;0.000120685531;0.000198614922;0.000090406640;0.000175105161;
2019;11;19;1;0;0.000091136652;0.000169613111;0.000084929765;0.000159948514;
2019;11;19;2;0;0.000073213356;0.000153117507;0.000081347475;0.000172974681;
2019;11;19;3;0;0.000065098117;0.000142934169;0.000079692027;0.000169381187;
2019;11;19;4;0;0.000061498683;0.000137325239;0.000079034519;0.000162049603;
2019;11;19;5;0;0.000060520559;0.000135187148;0.000079060707;0.000153610697;
2019;11;19;6;0;0.000062828373;0.000140674305;0.000081732756;0.000148265699;
2019;11;19;7;0;0.000074901807;0.000149211667;0.000092833528;0.000148147463;
2019;11;19;8;0;0.000104454373;0.000152060316;0.000113050041;0.000135583890;
2019;11;19;9;0;0.000124607883;0.000120781615;0.000145563747;0.000080662816;
2019;11;19;10;0;0.000132685648;0.000112787299;0.000170511751;0.000077314675;
2019;11;19;11;0;0.000139974928;0.000109323109;0.000178711708;0.000076891676;
2019;11;19;12;0;0.000141105267;0.000101002431;0.000178246321;0.000074797031;
2019;11;19;13;0;0.000144161795;0.000086533779;0.000177347060;0.000072387578;
2019;11;19;14;0;0.000149715698;0.000088018250;0.000167416950;0.000071143144;
2019;11;19;15;0;0.000145482602;0.000086361185;0.000146199086;0.000068497877;
2019;11;19;16;0;0.000136924248;0.000081208122;0.000140574628;0.000063837913;
2019;11;19;17;0;0.000134848385;0.000078089577;0.000142804146;0.000062465068;
2019;11;19;18;0;0.000143365240;0.000084662117;0.000150090649;0.000066695403;
2019;11;19;19;0;0.000162399301;0.000145898395;0.000165419620;0.000161342213;
2019;11;19;20;0;0.000174811847;0.000167362952;0.000158819713;0.000201309221;
2019;11;19;21;0;0.000182886839;0.000175916716;0.000142688681;0.000207040176;
2019;11;19;22;0;0.000178762591;0.000179647017;0.000121605211;0.000207870678;
2019;11;19;23;0;0.000153525758;0.000199364010;0.000104232478;0.000199472081;
2019;11;19;24;0;0.000121478969;0.000190668182;0.000092772526;0.000168014446;
2019;11;20;1;0;0.000092125576;0.000171196299;0.000085868262;0.000161272302;
2019;11;20;2;0;0.000074013224;0.000154573035;0.000082252421;0.000174461244;
2019;11;20;3;0;0.000065760100;0.000144046692;0.000080518286;0.000170310057;
2019;11;20;4;0;0.000062127011;0.000138409157;0.000079857748;0.000162970528;
2019;11;20;5;0;0.000061143593;0.000136278261;0.000079890349;0.000154533526;
2019;11;20;6;0;0.000063466195;0.000141763794;0.000082578768;0.000149068592;
2019;11;20;7;0;0.000075640774;0.000150269060;0.000093767886;0.000148770988;
2019;11;20;8;0;0.000105484928;0.000153138479;0.000114187905;0.000136156655;
2019;11;20;9;0;0.000125818801;0.000121597389;0.000147007283;0.000080954909;
2019;11;20;10;0;0.000133899974;0.000113403909;0.000172106177;0.000077415376;
2019;11;20;11;0;0.000141321566;0.000110037456;0.000180466583;0.000077139933;
2019;11;20;12;0;0.000142560831;0.000101822265;0.000180120511;0.000075252240;
2019;11;20;13;0;0.000145787167;0.000087425500;0.000179381938;0.000073114654;
2019;11;20;14;0;0.000151350965;0.000088854262;0.000169278921;0.000071753251;
2019;11;20;15;0;0.000147073322;0.000087183770;0.000147826775;0.000069088666;
2019;11;20;16;0;0.000138442529;0.000082010233;0.000142161404;0.000064429217;
2019;11;20;17;0;0.000136363094;0.000078886824;0.000144436686;0.000063081721;
2019;11;20;18;0;0.000144900451;0.000085425500;0.000151727782;0.000067210501;
2019;11;20;19;0;0.000163968407;0.000146865216;0.000167050832;0.000161889189;
2019;11;20;20;0;0.000176469047;0.000168402567;0.000160356914;0.000201840824;
2019;11;20;21;0;0.000184502786;0.000176752435;0.000143977822;0.000207044036;
2019;11;20;22;0;0.000180373054;0.000180572504;0.000122724934;0.000208028579;
2019;11;20;23;0;0.000154974185;0.000200583666;0.000105236592;0.000199969910;
2019;11;20;24;0;0.000122652478;0.000191931792;0.000093687190;0.000168586310;
2019;11;21;1;0;0.000091922340;0.000170912908;0.000085675337;0.000161105976;
2019;11;21;2;0;0.000073812689;0.000154139625;0.000082026218;0.000173919096;
2019;11;21;3;0;0.000065617238;0.000143819439;0.000080340086;0.000170158809;
2019;11;21;4;0;0.000062013474;0.000138300223;0.000079708558;0.000163060171;
2019;11;21;5;0;0.000061025736;0.000136139948;0.000079733107;0.000154555035;
2019;11;21;6;0;0.000063346021;0.000141631556;0.000082419044;0.000149113267;
2019;11;21;7;0;0.000075494537;0.000150115362;0.000093582788;0.000148791696;
2019;11;21;8;0;0.000105232567;0.000152819698;0.000113910080;0.000135910883;
2019;11;21;9;0;0.000125495052;0.000121294042;0.000146623035;0.000080748213;
2019;11;21;10;0;0.000133585813;0.000113179919;0.000171695375;0.000077290784;
2019;11;21;11;0;0.000141001994;0.000109841479;0.000180051151;0.000077042931;
2019;11;21;12;0;0.000142203063;0.000101583161;0.000179661158;0.000075080308;
2019;11;21;13;0;0.000145433931;0.000087237516;0.000178940007;0.000072973843;
2019;11;21;14;0;0.000151029220;0.000088723452;0.000168912178;0.000071703013;
2019;11;21;15;0;0.000146754079;0.000087046511;0.000147499882;0.000069027554;
2019;11;21;16;0;0.000138099989;0.000081824326;0.000141803880;0.000064291610;
2019;11;21;17;0;0.000135994258;0.000078666412;0.000144040140;0.000062886705;
2019;11;21;18;0;0.000144490652;0.000085162435;0.000151292506;0.000066967334;
2019;11;21;19;0;0.000163575137;0.000146557554;0.000166643374;0.000161593374;
2019;11;21;20;0;0.000175929038;0.000167794736;0.000159859691;0.000200916847;
2019;11;21;21;0;0.000184078463;0.000176422084;0.000143640843;0.000206750677;
2019;11;21;22;0;0.000180031114;0.000180401218;0.000122487285;0.000208079107;
2019;11;21;23;0;0.000154721881;0.000200515340;0.000105060980;0.000200236743;
2019;11;21;24;0;0.000122443139;0.000191832491;0.000093523474;0.000168758671;
2019;11;22;1;0;0.000092725288;0.000173178175;0.000087403163;0.000164122619;
2019;11;22;2;0;0.000075211087;0.000156537884;0.000083389336;0.000177571147;
2019;11;22;3;0;0.000066700308;0.000145768183;0.000081482926;0.000172852465;
2019;11;22;4;0;0.000062849784;0.000139936844;0.000080692101;0.000165786729;
2019;11;22;5;0;0.000061648995;0.000137697906;0.000080836164;0.000156940398;
2019;11;22;6;0;0.000063974689;0.000143592121;0.000083376529;0.000151858024;
2019;11;22;7;0;0.000076076794;0.000151910245;0.000094224356;0.000151207456;
2019;11;22;8;0;0.000105686816;0.000153863870;0.000113662313;0.000138036196;
2019;11;22;9;0;0.000126377883;0.000120459762;0.000145067570;0.000080048741;
2019;11;22;10;0;0.000134077899;0.000112625750;0.000169975644;0.000075545330;
2019;11;22;11;0;0.000141245510;0.000109494657;0.000178178956;0.000077061495;
2019;11;22;12;0;0.000141539417;0.000101618992;0.000177816230;0.000074799659;
2019;11;22;13;0;0.000144876240;0.000087477009;0.000177388256;0.000072539276;
2019;11;22;14;0;0.000149928480;0.000088911352;0.000167730063;0.000070132076;
2019;11;22;15;0;0.000146934142;0.000087749867;0.000145608240;0.000068212005;
2019;11;22;16;0;0.000138925928;0.000082696910;0.000136581690;0.000066098964;
2019;11;22;17;0;0.000136387934;0.000079192226;0.000136098129;0.000063745875;
2019;11;22;18;0;0.000143568291;0.000085829687;0.000142607831;0.000068914995;
2019;11;22;19;0;0.000159456045;0.000147209932;0.000160175665;0.000166682317;
2019;11;22;20;0;0.000166035860;0.000165985659;0.000157195712;0.000203202803;
2019;11;22;21;0;0.000169415504;0.000170727012;0.000145575768;0.000206419418;
2019;11;22;22;0;0.000167513636;0.000174707820;0.000127373808;0.000207639948;
2019;11;22;23;0;0.000149061328;0.000197452300;0.000111088167;0.000200432844;
2019;11;22;24;0;0.000124822981;0.000192947141;0.000100438550;0.000171909362;
2019;11;23;1;0;0.000097165818;0.000173460623;0.000088573318;0.000164984895;
2019;11;23;2;0;0.000079723778;0.000157690871;0.000082764084;0.000176128904;
2019;11;23;3;0;0.000068818725;0.000146074931;0.000079819310;0.000172615442;
2019;11;23;4;0;0.000063293493;0.000139219059;0.000078327254;0.000164850881;
2019;11;23;5;0;0.000061020297;0.000136379602;0.000077757403;0.000156471882;
2019;11;23;6;0;0.000061296975;0.000141801703;0.000078682565;0.000151794404;
2019;11;23;7;0;0.000064862535;0.000145410872;0.000082409287;0.000146783803;
2019;11;23;8;0;0.000074519255;0.000135444394;0.000084897247;0.000126995166;
2019;11;23;9;0;0.000095233511;0.000101110064;0.000086925022;0.000066127527;
2019;11;23;10;0;0.000122161474;0.000107842952;0.000097980456;0.000070687856;
2019;11;23;11;0;0.000139457985;0.000112586345;0.000109899245;0.000078726522;
2019;11;23;12;0;0.000142291811;0.000106288070;0.000114187729;0.000077063131;
2019;11;23;13;0;0.000144161223;0.000090551561;0.000116007702;0.000074008545;
2019;11;23;14;0;0.000150746268;0.000091090851;0.000111247424;0.000073187033;
2019;11;23;15;0;0.000148337045;0.000090668038;0.000101319728;0.000073724845;
2019;11;23;16;0;0.000133485169;0.000082063766;0.000097321556;0.000065622755;
2019;11;23;17;0;0.000125052146;0.000076386822;0.000096552552;0.000059328765;
2019;11;23;18;0;0.000126698520;0.000080667076;0.000102528179;0.000060703654;
2019;11;23;19;0;0.000140700001;0.000139726976;0.000120093314;0.000156708828;
2019;11;23;20;0;0.000146491475;0.000156779372;0.000125143695;0.000192600081;
2019;11;23;21;0;0.000152264488;0.000161161829;0.000123228720;0.000196835254;
2019;11;23;22;0;0.000153699174;0.000166082355;0.000113214195;0.000200047668;
2019;11;23;23;0;0.000138664586;0.000190096637;0.000103078224;0.000195383999;
2019;11;23;24;0;0.000118724358;0.000188812558;0.000094954277;0.000167077637;
2019;11;24;1;0;0.000096927472;0.000169263747;0.000088981512;0.000158474792;
2019;11;24;2;0;0.000080207466;0.000154438102;0.000082730810;0.000166139512;
2019;11;24;3;0;0.000069873005;0.000143435239;0.000079502796;0.000161835298;
2019;11;24;4;0;0.000064123194;0.000136837356;0.000077951177;0.000156254862;
2019;11;24;5;0;0.000061489330;0.000133682803;0.000077407484;0.000148816283;
2019;11;24;6;0;0.000061193658;0.000138111078;0.000078237408;0.000144747992;
2019;11;24;7;0;0.000063382102;0.000140984210;0.000080490778;0.000143310603;
2019;11;24;8;0;0.000069413536;0.000126830639;0.000078637564;0.000118264069;
2019;11;24;9;0;0.000084926446;0.000090372762;0.000074029315;0.000058228959;
2019;11;24;10;0;0.000109229461;0.000096752114;0.000078476769;0.000062377835;
2019;11;24;11;0;0.000128804155;0.000105685146;0.000084516791;0.000069739053;
2019;11;24;12;0;0.000136352741;0.000103247602;0.000089019831;0.000073191007;
2019;11;24;13;0;0.000138722510;0.000088647870;0.000091602303;0.000070500368;
2019;11;24;14;0;0.000144955913;0.000089575618;0.000091380971;0.000068618130;
2019;11;24;15;0;0.000143502194;0.000087733803;0.000088463230;0.000069354110;
2019;11;24;16;0;0.000128106306;0.000078223067;0.000085030346;0.000062309361;
2019;11;24;17;0;0.000119616705;0.000072397156;0.000082713824;0.000058695481;
2019;11;24;18;0;0.000121797469;0.000076675777;0.000083650477;0.000059492963;
2019;11;24;19;0;0.000140664793;0.000137149280;0.000100045845;0.000154595585;
2019;11;24;20;0;0.000153097830;0.000159156833;0.000104995563;0.000195289982;
2019;11;24;21;0;0.000163087189;0.000166327645;0.000104243660;0.000200265047;
2019;11;24;22;0;0.000162115831;0.000169736091;0.000099519633;0.000202420051;
2019;11;24;23;0;0.000139449221;0.000189190721;0.000092264735;0.000195518938;
2019;11;24;24;0;0.000111749343;0.000183073079;0.000085446115;0.000164885044;
2019;11;25;1;0;0.000087290373;0.000173142942;0.000079394653;0.000162624096;
2019;11;25;2;0;0.000070972233;0.000157118392;0.000076568370;0.000169859585;
2019;11;25;3;0;0.000063193602;0.000146576694;0.000075133088;0.000165503266;
2019;11;25;4;0;0.000059893722;0.000140443619;0.000074544649;0.000159837724;
2019;11;25;5;0;0.000058805041;0.000138182722;0.000074807856;0.000153591582;
2019;11;25;6;0;0.000061165284;0.000144002438;0.000077358607;0.000150419140;
2019;11;25;7;0;0.000072365351;0.000152344440;0.000088136483;0.000151546681;
2019;11;25;8;0;0.000099801228;0.000154056472;0.000107603677;0.000137827874;
2019;11;25;9;0;0.000120079756;0.000119709706;0.000139319033;0.000078690087;
2019;11;25;10;0;0.000129097651;0.000111973269;0.000163746940;0.000075079263;
2019;11;25;11;0;0.000137650321;0.000109221461;0.000171664299;0.000075174739;
2019;11;25;12;0;0.000139655260;0.000100943600;0.000171517574;0.000073085317;
2019;11;25;13;0;0.000142492392;0.000085359325;0.000170286630;0.000071892662;
2019;11;25;14;0;0.000148018922;0.000086602396;0.000160718948;0.000072167048;
2019;11;25;15;0;0.000143573347;0.000085597675;0.000140369421;0.000068618540;
2019;11;25;16;0;0.000135022729;0.000080225736;0.000134977734;0.000062085227;
2019;11;25;17;0;0.000132902907;0.000076739958;0.000138045663;0.000060953080;
2019;11;25;18;0;0.000141046700;0.000083470406;0.000144457214;0.000064574638;
2019;11;25;19;0;0.000159718795;0.000146467843;0.000158058498;0.000169553868;
2019;11;25;20;0;0.000172121489;0.000168006241;0.000151247877;0.000210239632;
2019;11;25;21;0;0.000180171324;0.000176300871;0.000135342179;0.000215807346;
2019;11;25;22;0;0.000176086817;0.000180723305;0.000115073591;0.000216341347;
2019;11;25;23;0;0.000150413422;0.000202850031;0.000098715725;0.000207261766;
2019;11;25;24;0;0.000118273848;0.000195375261;0.000088545416;0.000172857890;
2019;11;26;1;0;0.000087525029;0.000164901034;0.000081466861;0.000157586288;
2019;11;26;2;0;0.000070325572;0.000148929871;0.000078045686;0.000170558969;
2019;11;26;3;0;0.000062525636;0.000139001435;0.000076451574;0.000166966575;
2019;11;26;4;0;0.000059078679;0.000133600213;0.000075833942;0.000159856729;
2019;11;26;5;0;0.000058137360;0.000131512127;0.000075856872;0.000151517517;
2019;11;26;6;0;0.000060341843;0.000136787120;0.000078404460;0.000146127745;
2019;11;26;7;0;0.000071937251;0.000145088327;0.000089052941;0.000146012633;
2019;11;26;8;0;0.000100321057;0.000147858985;0.000108447129;0.000133625631;
2019;11;26;9;0;0.000119543935;0.000117145027;0.000139481664;0.000079128935;
2019;11;26;10;0;0.000127179288;0.000109167477;0.000163240765;0.000075563537;
2019;11;26;11;0;0.000134165891;0.000105814146;0.000171090831;0.000075149700;
2019;11;26;12;0;0.000135287651;0.000097823783;0.000170693651;0.000073188066;
2019;11;26;13;0;0.000138304626;0.000083930329;0.000169938737;0.000071014073;
2019;11;26;14;0;0.000143697695;0.000085457965;0.000160495830;0.000069922902;
2019;11;26;15;0;0.000139593374;0.000083792460;0.000140113592;0.000067240902;
2019;11;26;16;0;0.000131337735;0.000078732837;0.000134678405;0.000062580441;
2019;11;26;17;0;0.000129287103;0.000075629761;0.000136751512;0.000061117899;
2019;11;26;18;0;0.000137466798;0.000082014314;0.000143743910;0.000065284148;
2019;11;26;19;0;0.000155560736;0.000141009569;0.000158264940;0.000157267919;
2019;11;26;20;0;0.000167459540;0.000161774884;0.000151958607;0.000196270446;
2019;11;26;21;0;0.000175134952;0.000169911564;0.000136477721;0.000201579808;
2019;11;26;22;0;0.000171237928;0.000173637466;0.000116347585;0.000202652866;
2019;11;26;23;0;0.000147221939;0.000193168127;0.000099833481;0.000195326506;
2019;11;26;24;0;0.000116519379;0.000184844788;0.000088878826;0.000164686233;
2019;11;27;1;0;0.000086198453;0.000163455303;0.000080198223;0.000157348169;
2019;11;27;2;0;0.000069257450;0.000147614218;0.000076827849;0.000170283164;
2019;11;27;3;0;0.000061525562;0.000137517370;0.000075196990;0.000166140325;
2019;11;27;4;0;0.000058105457;0.000132027264;0.000074553207;0.000158747324;
2019;11;27;5;0;0.000057166643;0.000129896347;0.000074558793;0.000150324912;
2019;11;27;6;0;0.000059330250;0.000135085498;0.000077057503;0.000144937052;
2019;11;27;7;0;0.000070735014;0.000143300978;0.000087527681;0.000144855551;
2019;11;27;8;0;0.000098596912;0.000145875950;0.000106538315;0.000132299326;
2019;11;27;9;0;0.000117486192;0.000115566812;0.000137022836;0.000078335083;
2019;11;27;10;0;0.000124967191;0.000107651638;0.000160333691;0.000074748765;
2019;11;27;11;0;0.000131821771;0.000104325863;0.000168030574;0.000074314830;
2019;11;27;12;0;0.000132926610;0.000096452300;0.000167643877;0.000072380941;
2019;11;27;13;0;0.000135924210;0.000082799977;0.000166943320;0.000070302272;
2019;11;27;14;0;0.000141177563;0.000084243351;0.000157614506;0.000069127896;
2019;11;27;15;0;0.000137167672;0.000082632318;0.000137620706;0.000066521096;
2019;11;27;16;0;0.000129093370;0.000077694739;0.000132321048;0.000061985458;
2019;11;27;17;0;0.000127091250;0.000074650605;0.000134372110;0.000060563215;
2019;11;27;18;0;0.000135068149;0.000080864714;0.000141176085;0.000064563806;
2019;11;27;19;0;0.000152933517;0.000139214932;0.000155526341;0.000155903550;
2019;11;27;20;0;0.000164524961;0.000159479551;0.000149232619;0.000194044207;
2019;11;27;21;0;0.000172231524;0.000167870145;0.000134158481;0.000200092285;
2019;11;27;22;0;0.000168462242;0.000171697321;0.000114413307;0.000201464836;
2019;11;27;23;0;0.000144767255;0.000190804637;0.000098127464;0.000193805389;
2019;11;27;24;0;0.000114604575;0.000182684732;0.000087381331;0.000163567909;
2019;11;28;1;0;0.000086282223;0.000163311584;0.000080282490;0.000156814386;
2019;11;28;2;0;0.000069337387;0.000147545065;0.000076922588;0.000169829649;
2019;11;28;3;0;0.000061618197;0.000137562308;0.000075316147;0.000165933908;
2019;11;28;4;0;0.000058219536;0.000132208109;0.000074705467;0.000158848932;
2019;11;28;5;0;0.000057282958;0.000130095397;0.000074716385;0.000150465243;
2019;11;28;6;0;0.000059464353;0.000135362437;0.000077237763;0.000145209173;
2019;11;28;7;0;0.000070850912;0.000143389699;0.000087678004;0.000144748009;
2019;11;28;8;0;0.000098765448;0.000145990728;0.000106728839;0.000132243353;
2019;11;28;9;0;0.000117671938;0.000115624035;0.000137250289;0.000078260868;
2019;11;28;10;0;0.000125201263;0.000107776857;0.000160646669;0.000074768561;
2019;11;28;11;0;0.000132107406;0.000104517263;0.000168407942;0.000074424960;
2019;11;28;12;0;0.000133235655;0.000096664121;0.000168046883;0.000072535659;
2019;11;28;13;0;0.000136243786;0.000082986767;0.000167349018;0.000070460145;
2019;11;28;14;0;0.000141525937;0.000084455685;0.000158015896;0.000069315978;
2019;11;28;15;0;0.000137467744;0.000082787822;0.000137932643;0.000066625323;
2019;11;28;16;0;0.000129399683;0.000077873798;0.000132645476;0.000062130002;
2019;11;28;17;0;0.000127419698;0.000074858853;0.000134729995;0.000060757916;
2019;11;28;18;0;0.000135415782;0.000081088582;0.000141550597;0.000064769400;
2019;11;28;19;0;0.000153257914;0.000139455814;0.000155868525;0.000156105113;
2019;11;28;20;0;0.000164991372;0.000160016300;0.000149667475;0.000194872337;
2019;11;28;21;0;0.000172614033;0.000168198826;0.000134467033;0.000200433389;
2019;11;28;22;0;0.000168813276;0.000171979774;0.000114660754;0.000201694333;
2019;11;28;23;0;0.000145121513;0.000191276006;0.000098375344;0.000194313571;
2019;11;28;24;0;0.000114895929;0.000183175790;0.000087610383;0.000164061329;
2019;11;29;1;0;0.000086178464;0.000164337492;0.000081074230;0.000159176148;
2019;11;29;2;0;0.000069910278;0.000148593520;0.000077361486;0.000172320821;
2019;11;29;3;0;0.000062045316;0.000138605983;0.000075648949;0.000168262541;
2019;11;29;4;0;0.000058456590;0.000133025749;0.000074905867;0.000161308578;
2019;11;29;5;0;0.000057303433;0.000130708884;0.000074992091;0.000152305462;
2019;11;29;6;0;0.000059489307;0.000136433282;0.000077380167;0.000147635366;
2019;11;29;7;0;0.000070690106;0.000144090089;0.000087382554;0.000146546735;
2019;11;29;8;0;0.000098174815;0.000145842775;0.000105378229;0.000133608011;
2019;11;29;9;0;0.000117329005;0.000114032097;0.000134418726;0.000077297374;
2019;11;29;10;0;0.000124328415;0.000106323911;0.000157309526;0.000072586463;
2019;11;29;11;0;0.000130865594;0.000103171445;0.000164764015;0.000073788950;
2019;11;29;12;0;0.000131097538;0.000095683288;0.000164377987;0.000071532036;
2019;11;29;13;0;0.000134153139;0.000082318334;0.000163939520;0.000069295905;
2019;11;29;14;0;0.000138786343;0.000083606776;0.000154963220;0.000066909002;
2019;11;29;15;0;0.000136051978;0.000082566128;0.000134562243;0.000065150067;
2019;11;29;16;0;0.000128644450;0.000077821967;0.000126227899;0.000063146621;
2019;11;29;17;0;0.000126301215;0.000074532624;0.000125787898;0.000060910292;
2019;11;29;18;0;0.000133044566;0.000080909567;0.000131897666;0.000066040392;
2019;11;29;19;0;0.000147895846;0.000139047263;0.000148274563;0.000160308548;
2019;11;29;20;0;0.000154052861;0.000156908271;0.000145567255;0.000195718740;
2019;11;29;21;0;0.000157219448;0.000161462736;0.000134833352;0.000198978530;
2019;11;29;22;0;0.000155539808;0.000165434110;0.000118039307;0.000200606482;
2019;11;29;23;0;0.000138466345;0.000187155187;0.000102991687;0.000193986070;
2019;11;29;24;0;0.000116044452;0.000183222423;0.000093193450;0.000166936125;
2019;11;30;1;0;0.000093346217;0.000168669663;0.000084985424;0.000162504363;
2019;11;30;2;0;0.000076587799;0.000153326679;0.000079409407;0.000173464200;
2019;11;30;3;0;0.000066112782;0.000142038018;0.000076585245;0.000170018027;
2019;11;30;4;0;0.000060811885;0.000135408005;0.000075162398;0.000162450503;
2019;11;30;5;0;0.000058582939;0.000132414475;0.000074558456;0.000153705978;
2019;11;30;6;0;0.000058896118;0.000137934159;0.000075506521;0.000149614859;
2019;11;30;7;0;0.000062333088;0.000141503049;0.000079096853;0.000144786089;
2019;11;30;8;0;0.000071639604;0.000131915684;0.000081514825;0.000125459190;
2019;11;30;9;0;0.000091532488;0.000098424846;0.000083442749;0.000065267089;
2019;11;30;10;0;0.000117294515;0.000104733453;0.000093959612;0.000069469982;
2019;11;30;11;0;0.000133775847;0.000109104498;0.000105290056;0.000077067522;
2019;11;30;12;0;0.000136515023;0.000103036984;0.000109415362;0.000075487105;
2019;11;30;13;0;0.000138212852;0.000087642993;0.000111082365;0.000072287172;
2019;11;30;14;0;0.000144526258;0.000088165397;0.000106524248;0.000071486123;
2019;11;30;15;0;0.000142240478;0.000087790240;0.000097034443;0.000072062497;
2019;11;30;16;0;0.000127986427;0.000079441130;0.000093196214;0.000064116659;
2019;11;30;17;0;0.000119927795;0.000073983343;0.000092480630;0.000058020046;
2019;11;30;18;0;0.000121531008;0.000078164313;0.000098223888;0.000059412693;
2019;11;30;19;0;0.000135014917;0.000135515090;0.000115097213;0.000153631053;
2019;11;30;20;0;0.000140498376;0.000151870311;0.000119874346;0.000188404581;
2019;11;30;21;0;0.000145994145;0.000156015450;0.000118006810;0.000192324542;
2019;11;30;22;0;0.000147417065;0.000160897487;0.000108451468;0.000195726809;
2019;11;30;23;0;0.000132964606;0.000184060575;0.000098717862;0.000190975512;
2019;11;30;24;0;0.000113858297;0.000182869472;0.000090948954;0.000163392097;
