AŃO;MES;DIA;HORA;VERANO(1)/INVIERNO(0);COEF. PERFIL A;COEF. PERFIL B;COEF. PERFIL C;COEF. PERFIL D;
2015;12;01;1;0;0.000091821647;0.000228571562;0.000085240435;0.000145871940;
2015;12;01;2;0;0.000073485307;0.000212911978;0.000084873044;0.000147497064;
2015;12;01;3;0;0.000064720420;0.000197160900;0.000083555074;0.000139997493;
2015;12;01;4;0;0.000060557737;0.000186327288;0.000082149913;0.000134698153;
2015;12;01;5;0;0.000059081113;0.000183863797;0.000082786662;0.000130252372;
2015;12;01;6;0;0.000060651830;0.000191696855;0.000090359186;0.000127047335;
2015;12;01;7;0;0.000071133558;0.000198743179;0.000113197382;0.000132383499;
2015;12;01;8;0;0.000096537048;0.000201896277;0.000136773033;0.000141079398;
2015;12;01;9;0;0.000117253076;0.000152999482;0.000150233486;0.000090826911;
2015;12;01;10;0;0.000133899703;0.000127003918;0.000234713177;0.000059909709;
2015;12;01;11;0;0.000148048910;0.000119588596;0.000242388379;0.000066014413;
2015;12;01;12;0;0.000149179971;0.000104256428;0.000237898953;0.000065220786;
2015;12;01;13;0;0.000151050178;0.000077577706;0.000227889498;0.000060895637;
2015;12;01;14;0;0.000152267533;0.000077755158;0.000166043249;0.000056832644;
2015;12;01;15;0;0.000143006966;0.000076117793;0.000150657856;0.000053306921;
2015;12;01;16;0;0.000134817168;0.000072831116;0.000143687102;0.000051485031;
2015;12;01;17;0;0.000135846836;0.000071789195;0.000146940058;0.000050151173;
2015;12;01;18;0;0.000147979414;0.000085311618;0.000161639405;0.000061452664;
2015;12;01;19;0;0.000164231160;0.000157852287;0.000163332545;0.000174873524;
2015;12;01;20;0;0.000170809328;0.000175756172;0.000166952516;0.000207835676;
2015;12;01;21;0;0.000171424968;0.000182267716;0.000155402069;0.000203664523;
2015;12;01;22;0;0.000164290569;0.000185155952;0.000122854687;0.000197854284;
2015;12;01;23;0;0.000142551721;0.000225837255;0.000108935936;0.000170592243;
2015;12;01;24;0;0.000116820644;0.000234645521;0.000089499292;0.000160696840;
2015;12;02;1;0;0.000091852185;0.000228362694;0.000085796370;0.000146052807;
2015;12;02;2;0;0.000073405238;0.000212614482;0.000084939114;0.000147536039;
2015;12;02;3;0;0.000064575818;0.000196807822;0.000083252474;0.000139923958;
2015;12;02;4;0;0.000060479816;0.000186054551;0.000082146562;0.000134715598;
2015;12;02;5;0;0.000059011337;0.000183601507;0.000082813636;0.000130278843;
2015;12;02;6;0;0.000060588384;0.000191432510;0.000090430766;0.000127085122;
2015;12;02;7;0;0.000070926745;0.000198340304;0.000112519162;0.000132251894;
2015;12;02;8;0;0.000096182577;0.000201432262;0.000135599958;0.000140863656;
2015;12;02;9;0;0.000117022728;0.000152739693;0.000149844311;0.000090796110;
2015;12;02;10;0;0.000133570555;0.000126766545;0.000233674420;0.000059868920;
2015;12;02;11;0;0.000147501225;0.000119314053;0.000240159585;0.000065912955;
2015;12;02;12;0;0.000148707154;0.000104036276;0.000236174175;0.000065144504;
2015;12;02;13;0;0.000150311514;0.000077367989;0.000224730837;0.000060752136;
2015;12;02;14;0;0.000152018543;0.000077631982;0.000165818641;0.000056826312;
2015;12;02;15;0;0.000143077850;0.000076053292;0.000151658581;0.000053379538;
2015;12;02;16;0;0.000134901465;0.000072772415;0.000144734235;0.000051559615;
2015;12;02;17;0;0.000135718925;0.000071692542;0.000147137694;0.000050169547;
2015;12;02;18;0;0.000147823624;0.000085193453;0.000161792027;0.000061470434;
2015;12;02;19;0;0.000163928371;0.000157590824;0.000162985085;0.000174828806;
2015;12;02;20;0;0.000170329444;0.000175406772;0.000165973976;0.000207644171;
2015;12;02;21;0;0.000170949751;0.000181907471;0.000154523281;0.000203481849;
2015;12;02;22;0;0.000163692584;0.000184734302;0.000121764619;0.000197557949;
2015;12;02;23;0;0.000142355310;0.000225499507;0.000108895715;0.000170603542;
2015;12;02;24;0;0.000116746740;0.000234353802;0.000089740101;0.000160789480;
2015;12;03;1;0;0.000091727664;0.000227507157;0.000086402438;0.000146229545;
2015;12;03;2;0;0.000073342396;0.000211856027;0.000085670458;0.000147766559;
2015;12;03;3;0;0.000064513304;0.000196098972;0.000083917470;0.000140132292;
2015;12;03;4;0;0.000060370130;0.000185330820;0.000082526828;0.000134837767;
2015;12;03;5;0;0.000058870150;0.000182851092;0.000083006858;0.000130345067;
2015;12;03;6;0;0.000060524091;0.000190739173;0.000091072212;0.000127267598;
2015;12;03;7;0;0.000070833452;0.000197605511;0.000113186420;0.000132419111;
2015;12;03;8;0;0.000095897946;0.000200571577;0.000135570718;0.000140881293;
2015;12;03;9;0;0.000116261080;0.000151897227;0.000147921917;0.000090582779;
2015;12;03;10;0;0.000132822146;0.000126107412;0.000231437116;0.000059765999;
2015;12;03;11;0;0.000146767746;0.000118719652;0.000238428986;0.000065828430;
2015;12;03;12;0;0.000147856522;0.000103491268;0.000233793600;0.000065027315;
2015;12;03;13;0;0.000149524057;0.000076975465;0.000222883723;0.000060663044;
2015;12;03;14;0;0.000150719768;0.000077149525;0.000162394779;0.000056612894;
2015;12;03;15;0;0.000141781180;0.000075566756;0.000148254059;0.000053159700;
2015;12;03;16;0;0.000133714721;0.000072313894;0.000141597702;0.000051356992;
2015;12;03;17;0;0.000134654602;0.000071264651;0.000144459662;0.000050005698;
2015;12;03;18;0;0.000146653537;0.000084682986;0.000158787813;0.000061266666;
2015;12;03;19;0;0.000162955097;0.000156753599;0.000161201871;0.000174488181;
2015;12;03;20;0;0.000169384155;0.000174498134;0.000164410454;0.000207295075;
2015;12;03;21;0;0.000169780916;0.000180884330;0.000152317397;0.000202958327;
2015;12;03;22;0;0.000162590847;0.000183701880;0.000120081206;0.000197064083;
2015;12;03;23;0;0.000141534765;0.000224314602;0.000107784218;0.000170291329;
2015;12;03;24;0;0.000116138767;0.000233167305;0.000089013750;0.000160557138;
2015;12;04;1;0;0.000090111339;0.000224731582;0.000082698616;0.000143811211;
2015;12;04;2;0;0.000072445932;0.000209372972;0.000081530345;0.000147494528;
2015;12;04;3;0;0.000063304665;0.000194964573;0.000079636941;0.000140894070;
2015;12;04;4;0;0.000058959028;0.000183608912;0.000078043124;0.000132988331;
2015;12;04;5;0;0.000057479026;0.000180777002;0.000078734583;0.000128624115;
2015;12;04;6;0;0.000058529501;0.000187821913;0.000085670849;0.000126523554;
2015;12;04;7;0;0.000067263640;0.000193615485;0.000106085641;0.000131912920;
2015;12;04;8;0;0.000087189169;0.000193660537;0.000126026022;0.000139919904;
2015;12;04;9;0;0.000106915422;0.000145848677;0.000138519078;0.000087920448;
2015;12;04;10;0;0.000124441476;0.000122789322;0.000218279434;0.000057904867;
2015;12;04;11;0;0.000137939726;0.000117451673;0.000229329453;0.000063671405;
2015;12;04;12;0;0.000139098015;0.000101298888;0.000226738436;0.000066477276;
2015;12;04;13;0;0.000140472068;0.000075069089;0.000215744644;0.000061171988;
2015;12;04;14;0;0.000142382415;0.000075132938;0.000155971259;0.000060454955;
2015;12;04;15;0;0.000135599724;0.000073537582;0.000142346060;0.000054069654;
2015;12;04;16;0;0.000127217017;0.000069628716;0.000134159812;0.000051728999;
2015;12;04;17;0;0.000126078060;0.000068511834;0.000136398732;0.000049153347;
2015;12;04;18;0;0.000135245587;0.000081335713;0.000149930678;0.000057120392;
2015;12;04;19;0;0.000150258478;0.000152355516;0.000154067890;0.000171520270;
2015;12;04;20;0;0.000155812758;0.000168148737;0.000156152486;0.000204244270;
2015;12;04;21;0;0.000156474707;0.000173540592;0.000144477593;0.000202090205;
2015;12;04;22;0;0.000152346246;0.000177537517;0.000114056345;0.000195822121;
2015;12;04;23;0;0.000136749735;0.000219376374;0.000101299951;0.000169091457;
2015;12;04;24;0;0.000115440524;0.000230393242;0.000084467756;0.000162056261;
2015;12;05;1;0;0.000096243429;0.000229209355;0.000066013264;0.000144387904;
2015;12;05;2;0;0.000079283658;0.000215109035;0.000064627334;0.000143304482;
2015;12;05;3;0;0.000068965715;0.000199721661;0.000063689645;0.000139480466;
2015;12;05;4;0;0.000062689233;0.000188854326;0.000063460847;0.000136998780;
2015;12;05;5;0;0.000060424124;0.000186399928;0.000069192006;0.000131511308;
2015;12;05;6;0;0.000060410476;0.000193304738;0.000075431332;0.000130812048;
2015;12;05;7;0;0.000064305266;0.000195234283;0.000089107966;0.000132049551;
2015;12;05;8;0;0.000072898037;0.000189455136;0.000107846286;0.000136179507;
2015;12;05;9;0;0.000089538865;0.000139724733;0.000119569773;0.000081574733;
2015;12;05;10;0;0.000116315481;0.000122185078;0.000153420358;0.000053411791;
2015;12;05;11;0;0.000135042928;0.000120994153;0.000159550157;0.000062119364;
2015;12;05;12;0;0.000139346309;0.000105949531;0.000155577713;0.000063605388;
2015;12;05;13;0;0.000140159057;0.000077418899;0.000146366891;0.000058141830;
2015;12;05;14;0;0.000141458229;0.000076702973;0.000110377297;0.000053320153;
2015;12;05;15;0;0.000136261831;0.000076378780;0.000089710878;0.000052995289;
2015;12;05;16;0;0.000125150071;0.000070510533;0.000081703076;0.000052115385;
2015;12;05;17;0;0.000120052570;0.000068269828;0.000079549446;0.000048953464;
2015;12;05;18;0;0.000123300064;0.000080149454;0.000083764152;0.000049654691;
2015;12;05;19;0;0.000138388491;0.000152711817;0.000090351084;0.000166196800;
2015;12;05;20;0;0.000143318886;0.000168604300;0.000091827629;0.000199940415;
2015;12;05;21;0;0.000147970595;0.000172949901;0.000089226130;0.000198987564;
2015;12;05;22;0;0.000148837003;0.000177862928;0.000083830984;0.000193261582;
2015;12;05;23;0;0.000136469255;0.000220992902;0.000075259446;0.000168477511;
2015;12;05;24;0;0.000116754976;0.000234075500;0.000067441013;0.000161628712;
2015;12;06;1;0;0.000097706856;0.000231733700;0.000056678377;0.000143789588;
2015;12;06;2;0;0.000080333506;0.000216917225;0.000055098691;0.000145736693;
2015;12;06;3;0;0.000069658239;0.000202287281;0.000055692178;0.000137982158;
2015;12;06;4;0;0.000063765442;0.000191021062;0.000056243931;0.000133515863;
2015;12;06;5;0;0.000061087926;0.000188005227;0.000057354512;0.000129188466;
2015;12;06;6;0;0.000060858729;0.000194410305;0.000061994366;0.000125528684;
2015;12;06;7;0;0.000063654018;0.000196869688;0.000071015319;0.000131161968;
2015;12;06;8;0;0.000070074477;0.000187890204;0.000089081698;0.000137004991;
2015;12;06;9;0;0.000081622347;0.000135287944;0.000100463690;0.000077208342;
2015;12;06;10;0;0.000103028173;0.000120598004;0.000129362342;0.000050181768;
2015;12;06;11;0;0.000121832384;0.000122532552;0.000130583682;0.000059430811;
2015;12;06;12;0;0.000128853901;0.000110436844;0.000123236183;0.000063830670;
2015;12;06;13;0;0.000131077377;0.000081096343;0.000115587054;0.000058919866;
2015;12;06;14;0;0.000134197024;0.000079326332;0.000085325857;0.000056293938;
2015;12;06;15;0;0.000133836569;0.000078031394;0.000072101679;0.000056502183;
2015;12;06;16;0;0.000123484923;0.000071253441;0.000070422687;0.000053910107;
2015;12;06;17;0;0.000118179435;0.000068224732;0.000071684583;0.000049105294;
2015;12;06;18;0;0.000121340165;0.000080252095;0.000076395558;0.000051518778;
2015;12;06;19;0;0.000138365328;0.000154367425;0.000079946457;0.000167315377;
2015;12;06;20;0;0.000146704387;0.000171672833;0.000079647947;0.000201958553;
2015;12;06;21;0;0.000154257473;0.000176412313;0.000076190301;0.000200005287;
2015;12;06;22;0;0.000157353623;0.000181553830;0.000071686226;0.000194919758;
2015;12;06;23;0;0.000139901474;0.000225756410;0.000066641284;0.000168481132;
2015;12;06;24;0;0.000114650547;0.000236368263;0.000057650017;0.000157936299;
2015;12;07;1;0;0.000085062353;0.000216079894;0.000060954183;0.000140956872;
2015;12;07;2;0;0.000068730464;0.000201620395;0.000063110081;0.000142246339;
2015;12;07;3;0;0.000060862799;0.000187535802;0.000065119737;0.000136556606;
2015;12;07;4;0;0.000057193251;0.000178118653;0.000071048915;0.000132605496;
2015;12;07;5;0;0.000056155029;0.000175816048;0.000080055482;0.000128781207;
2015;12;07;6;0;0.000057550959;0.000182083092;0.000090244295;0.000126445271;
2015;12;07;7;0;0.000065930949;0.000187071467;0.000106497170;0.000131928627;
2015;12;07;8;0;0.000087781693;0.000186990429;0.000117486290;0.000138031712;
2015;12;07;9;0;0.000107090111;0.000141767723;0.000122954882;0.000082993123;
2015;12;07;10;0;0.000125387077;0.000120241941;0.000193615395;0.000060161820;
2015;12;07;11;0;0.000141001742;0.000113966676;0.000205945955;0.000066506506;
2015;12;07;12;0;0.000141331636;0.000099247239;0.000205861941;0.000061990443;
2015;12;07;13;0;0.000140545954;0.000072941385;0.000196151707;0.000060627294;
2015;12;07;14;0;0.000142645871;0.000073041173;0.000145126812;0.000058806239;
2015;12;07;15;0;0.000134908097;0.000072420881;0.000134689886;0.000056151625;
2015;12;07;16;0;0.000127083717;0.000069334286;0.000126319835;0.000049629326;
2015;12;07;17;0;0.000129015025;0.000067900118;0.000126609134;0.000046785115;
2015;12;07;18;0;0.000140910761;0.000079525632;0.000137944396;0.000053778335;
2015;12;07;19;0;0.000155324067;0.000147899396;0.000139142128;0.000166724233;
2015;12;07;20;0;0.000159949680;0.000164719452;0.000141082975;0.000197483106;
2015;12;07;21;0;0.000160701394;0.000171065840;0.000131398339;0.000196202488;
2015;12;07;22;0;0.000156289883;0.000175635288;0.000105146078;0.000191287777;
2015;12;07;23;0;0.000138754489;0.000216199454;0.000096425128;0.000171246714;
2015;12;07;24;0;0.000113061302;0.000224169158;0.000082312353;0.000160972555;
2015;12;08;1;0;0.000097937364;0.000233134738;0.000056061941;0.000143449888;
2015;12;08;2;0;0.000080581988;0.000218281745;0.000054677975;0.000145464510;
2015;12;08;3;0;0.000069672408;0.000203357110;0.000054670514;0.000137450536;
2015;12;08;4;0;0.000063862139;0.000192115146;0.000055531291;0.000133119823;
2015;12;08;5;0;0.000061197068;0.000189097680;0.000056713334;0.000128827970;
2015;12;08;6;0;0.000060982799;0.000195554856;0.000061389246;0.000125198860;
2015;12;08;7;0;0.000064060977;0.000198326229;0.000071468571;0.000131209887;
2015;12;08;8;0;0.000070706907;0.000189452954;0.000090498586;0.000137303561;
2015;12;08;9;0;0.000082499581;0.000136495046;0.000102672453;0.000077468524;
2015;12;08;10;0;0.000103863162;0.000121562033;0.000131000298;0.000050259183;
2015;12;08;11;0;0.000122708930;0.000123473140;0.000131806844;0.000059485236;
2015;12;08;12;0;0.000130079098;0.000111373755;0.000125424242;0.000063990894;
2015;12;08;13;0;0.000132345987;0.000081788968;0.000117721811;0.000059074540;
2015;12;08;14;0;0.000135624834;0.000080030237;0.000087209043;0.000056478866;
2015;12;08;15;0;0.000135264186;0.000078724590;0.000073698454;0.000056688882;
2015;12;08;16;0;0.000124769509;0.000071879793;0.000071917890;0.000054078385;
2015;12;08;17;0;0.000119515000;0.000068845432;0.000073459889;0.000049288691;
2015;12;08;18;0;0.000122945863;0.000081035212;0.000078871026;0.000051779103;
2015;12;08;19;0;0.000139929432;0.000155771044;0.000081951798;0.000167939626;
2015;12;08;20;0;0.000148641372;0.000173344863;0.000082253520;0.000202973341;
2015;12;08;21;0;0.000156827764;0.000178338944;0.000079728560;0.000201482179;
2015;12;08;22;0;0.000159442732;0.000183326759;0.000074049643;0.000195909037;
2015;12;08;23;0;0.000141202563;0.000227654370;0.000067786405;0.000168879238;
2015;12;08;24;0;0.000115292101;0.000238057602;0.000057776881;0.000157911204;
2015;12;09;1;0;0.000087906395;0.000222465964;0.000076487744;0.000143965574;
2015;12;09;2;0;0.000070259777;0.000207125564;0.000075889622;0.000145434250;
2015;12;09;3;0;0.000061934251;0.000191856608;0.000075047810;0.000138120632;
2015;12;09;4;0;0.000057915393;0.000181274636;0.000073648004;0.000132835237;
2015;12;09;5;0;0.000056516609;0.000178889859;0.000074340225;0.000128470105;
2015;12;09;6;0;0.000058236586;0.000186748490;0.000082367100;0.000125630535;
2015;12;09;7;0;0.000068709819;0.000194010136;0.000105587752;0.000131446101;
2015;12;09;8;0;0.000093640973;0.000197376216;0.000129574230;0.000140488821;
2015;12;09;9;0;0.000114094271;0.000149739097;0.000143934385;0.000090644746;
2015;12;09;10;0;0.000130302380;0.000124300471;0.000224959895;0.000059792568;
2015;12;09;11;0;0.000144202288;0.000117079306;0.000233147080;0.000065926417;
2015;12;09;12;0;0.000145557436;0.000102129794;0.000230391407;0.000065211935;
2015;12;09;13;0;0.000147420129;0.000076002072;0.000220903866;0.000060898221;
2015;12;09;14;0;0.000148688031;0.000076190624;0.000161222185;0.000056856527;
2015;12;09;15;0;0.000139938099;0.000074640600;0.000147407848;0.000053406774;
2015;12;09;16;0;0.000131987857;0.000071428987;0.000140902096;0.000051598246;
2015;12;09;17;0;0.000133021950;0.000070411467;0.000144238488;0.000050267963;
2015;12;09;18;0;0.000144959341;0.000083685327;0.000158943213;0.000061612219;
2015;12;09;19;0;0.000160571569;0.000154740589;0.000159462649;0.000175095764;
2015;12;09;20;0;0.000166484885;0.000172108224;0.000161029990;0.000207655634;
2015;12;09;21;0;0.000166945261;0.000178433896;0.000149384912;0.000203371567;
2015;12;09;22;0;0.000159945503;0.000181241414;0.000117944768;0.000197525852;
2015;12;09;23;0;0.000138947381;0.000221153360;0.000105063623;0.000170449127;
2015;12;09;24;0;0.000114104817;0.000229940506;0.000087076078;0.000160790739;
2015;12;10;1;0;0.000090730932;0.000226018356;0.000084143412;0.000145793125;
2015;12;10;2;0;0.000072469108;0.000210391968;0.000083123347;0.000147217766;
2015;12;10;3;0;0.000063814397;0.000194815844;0.000081776195;0.000139715834;
2015;12;10;4;0;0.000059613869;0.000184008770;0.000079912456;0.000134277836;
2015;12;10;5;0;0.000058159006;0.000181574373;0.000080529536;0.000129843854;
2015;12;10;6;0;0.000059869461;0.000189490342;0.000088794629;0.000126889702;
2015;12;10;7;0;0.000070040830;0.000196284906;0.000110226936;0.000131990726;
2015;12;10;8;0;0.000094740685;0.000199167603;0.000131651531;0.000140337878;
2015;12;10;9;0;0.000115319392;0.000151046746;0.000145675300;0.000090485495;
2015;12;10;10;0;0.000131629174;0.000125362914;0.000227151285;0.000059665216;
2015;12;10;11;0;0.000145726818;0.000118096571;0.000235686377;0.000065803944;
2015;12;10;12;0;0.000147213040;0.000103045552;0.000233581252;0.000065126532;
2015;12;10;13;0;0.000148957724;0.000076658866;0.000223169274;0.000060779309;
2015;12;10;14;0;0.000150197794;0.000076841278;0.000162758836;0.000056734443;
2015;12;10;15;0;0.000141258948;0.000075259295;0.000148444100;0.000053265849;
2015;12;10;16;0;0.000133240655;0.000072022788;0.000141883013;0.000051464241;
2015;12;10;17;0;0.000134086554;0.000070961031;0.000144399699;0.000050086641;
2015;12;10;18;0;0.000146004030;0.000084315911;0.000158608383;0.000061356799;
2015;12;10;19;0;0.000161909672;0.000155967245;0.000159775493;0.000174504953;
2015;12;10;20;0;0.000168105734;0.000173554978;0.000162232017;0.000207152583;
2015;12;10;21;0;0.000168723437;0.000179988904;0.000151064812;0.000203004498;
2015;12;10;22;0;0.000161652801;0.000182821797;0.000119297249;0.000197171890;
2015;12;10;23;0;0.000140594427;0.000223172093;0.000106726601;0.000170281026;
2015;12;10;24;0;0.000115454970;0.000232039556;0.000088414289;0.000160631017;
2015;12;11;1;0;0.000089963041;0.000224536938;0.000082374553;0.000143785522;
2015;12;11;2;0;0.000072192231;0.000209057517;0.000080638071;0.000147279093;
2015;12;11;3;0;0.000063157957;0.000194750313;0.000079126296;0.000140803395;
2015;12;11;4;0;0.000058835414;0.000183421067;0.000077609116;0.000132922991;
2015;12;11;5;0;0.000057268311;0.000180493503;0.000077841891;0.000128421068;
2015;12;11;6;0;0.000058396581;0.000187618078;0.000085145582;0.000126445912;
2015;12;11;7;0;0.000067081123;0.000193375284;0.000105269856;0.000131791328;
2015;12;11;8;0;0.000086899344;0.000193378486;0.000124792907;0.000139731253;
2015;12;11;9;0;0.000106701834;0.000145704313;0.000137805977;0.000087883182;
2015;12;11;10;0;0.000124344387;0.000122719593;0.000218143929;0.000057929114;
2015;12;11;11;0;0.000137745665;0.000117359534;0.000228646902;0.000063670488;
2015;12;11;12;0;0.000138898014;0.000101218350;0.000226035559;0.000066474904;
2015;12;11;13;0;0.000140408114;0.000075034804;0.000215885766;0.000061211274;
2015;12;11;14;0;0.000142282269;0.000075092264;0.000155919818;0.000060483478;
2015;12;11;15;0;0.000135503716;0.000073497681;0.000142294129;0.000054095009;
2015;12;11;16;0;0.000127350755;0.000069633074;0.000135016288;0.000051816016;
2015;12;11;17;0;0.000126294154;0.000068531537;0.000137635974;0.000049258356;
2015;12;11;18;0;0.000135480861;0.000081359643;0.000151321580;0.000057243314;
2015;12;11;19;0;0.000150236232;0.000152301766;0.000154363595;0.000171666478;
2015;12;11;20;0;0.000155814149;0.000168098573;0.000156542683;0.000204440572;
2015;12;11;21;0;0.000156347667;0.000173440021;0.000144375364;0.000202170268;
2015;12;11;22;0;0.000152046577;0.000177363934;0.000113474684;0.000195743550;
2015;12;11;23;0;0.000136291922;0.000219057447;0.000100251869;0.000168862425;
2015;12;11;24;0;0.000115264500;0.000230203350;0.000084174566;0.000162040876;
2015;12;12;1;0;0.000096505768;0.000230183729;0.000066010176;0.000144351813;
2015;12;12;2;0;0.000079344180;0.000215877053;0.000064153809;0.000143074890;
2015;12;12;3;0;0.000069019103;0.000200434235;0.000063244017;0.000139257213;
2015;12;12;4;0;0.000062750227;0.000189540736;0.000063069977;0.000136797984;
2015;12;12;5;0;0.000060538166;0.000187135952;0.000069010493;0.000131401026;
2015;12;12;6;0;0.000060468361;0.000194004662;0.000074990833;0.000130617931;
2015;12;12;7;0;0.000064364144;0.000195937672;0.000088585609;0.000131849320;
2015;12;12;8;0;0.000073105711;0.000190265395;0.000107972626;0.000136154849;
2015;12;12;9;0;0.000089846243;0.000140351222;0.000119947559;0.000081593122;
2015;12;12;10;0;0.000116518002;0.000122660878;0.000152959640;0.000053361430;
2015;12;12;11;0;0.000135346560;0.000121487321;0.000159330889;0.000062082849;
2015;12;12;12;0;0.000140122023;0.000106503237;0.000157288036;0.000063713378;
2015;12;12;13;0;0.000141274847;0.000077887332;0.000149317533;0.000058336131;
2015;12;12;14;0;0.000142780456;0.000077203938;0.000113171694;0.000053549258;
2015;12;12;15;0;0.000137654897;0.000076901136;0.000092258353;0.000053255188;
2015;12;12;16;0;0.000126316222;0.000070970325;0.000083763627;0.000052338257;
2015;12;12;17;0;0.000121063820;0.000068693645;0.000081301388;0.000049132517;
2015;12;12;18;0;0.000124431529;0.000080667449;0.000085868887;0.000049861777;
2015;12;12;19;0;0.000139553186;0.000153658353;0.000092371437;0.000166802703;
2015;12;12;20;0;0.000144399384;0.000169598764;0.000093563321;0.000200549315;
2015;12;12;21;0;0.000148972136;0.000173924594;0.000090636444;0.000199488806;
2015;12;12;22;0;0.000149739858;0.000178822619;0.000084922656;0.000193655526;
2015;12;12;23;0;0.000137123951;0.000222089397;0.000075863072;0.000168674623;
2015;12;12;24;0;0.000117294213;0.000235222862;0.000067930124;0.000161798207;
2015;12;13;1;0;0.000098604779;0.000234519027;0.000056926578;0.000143664238;
2015;12;13;2;0;0.000081115299;0.000219563397;0.000055475759;0.000145662475;
2015;12;13;3;0;0.000070178078;0.000204595573;0.000055606822;0.000137697667;
2015;12;13;4;0;0.000064147193;0.000193101428;0.000055871222;0.000133104800;
2015;12;13;5;0;0.000061411400;0.000190005343;0.000056859322;0.000128728154;
2015;12;13;6;0;0.000061161719;0.000196454126;0.000061429737;0.000125052380;
2015;12;13;7;0;0.000064027758;0.000198998375;0.000070635451;0.000130743152;
2015;12;13;8;0;0.000070576365;0.000190003319;0.000089084419;0.000136686689;
2015;12;13;9;0;0.000082371049;0.000136904552;0.000101197205;0.000077135497;
2015;12;13;10;0;0.000103654603;0.000121907120;0.000128926127;0.000050027314;
2015;12;13;11;0;0.000123135855;0.000124062982;0.000132220929;0.000059437372;
2015;12;13;12;0;0.000130827460;0.000111994492;0.000126838251;0.000064040002;
2015;12;13;13;0;0.000133356865;0.000082298219;0.000119878840;0.000059196461;
2015;12;13;14;0;0.000136710079;0.000080538664;0.000088923368;0.000056609587;
2015;12;13;15;0;0.000136504275;0.000079256579;0.000075466042;0.000056865593;
2015;12;13;16;0;0.000126009698;0.000072384512;0.000073861013;0.000054275502;
2015;12;13;17;0;0.000120424496;0.000069273322;0.000074802844;0.000049389394;
2015;12;13;18;0;0.000123825114;0.000081526014;0.000080177054;0.000051868581;
2015;12;13;19;0;0.000140981246;0.000156733761;0.000083431947;0.000168271572;
2015;12;13;20;0;0.000149770428;0.000174420857;0.000083765408;0.000203385482;
2015;12;13;21;0;0.000158141628;0.000179493997;0.000081431993;0.000201999384;
2015;12;13;22;0;0.000161093918;0.000184638112;0.000076210919;0.000196676840;
2015;12;13;23;0;0.000142975391;0.000229453382;0.000070363498;0.000169794549;
2015;12;13;24;0;0.000116467447;0.000239743970;0.000059469503;0.000158510545;
2015;12;14;1;0;0.000089440580;0.000230206670;0.000060586187;0.000140005881;
2015;12;14;2;0;0.000072279506;0.000214795180;0.000063014094;0.000141290634;
2015;12;14;3;0;0.000064042322;0.000199820584;0.000065293060;0.000135686957;
2015;12;14;4;0;0.000060390959;0.000190011357;0.000072235780;0.000132075685;
2015;12;14;5;0;0.000059408033;0.000187675915;0.000082031082;0.000128434032;
2015;12;14;6;0;0.000061279503;0.000194801767;0.000094709301;0.000126669132;
2015;12;14;7;0;0.000071458102;0.000201387085;0.000119003461;0.000133801259;
2015;12;14;8;0;0.000097854126;0.000203291608;0.000145125106;0.000142752430;
2015;12;14;9;0;0.000120743852;0.000154719815;0.000159131497;0.000086500973;
2015;12;14;10;0;0.000139490766;0.000130617051;0.000238560093;0.000062125263;
2015;12;14;11;0;0.000155494305;0.000123425203;0.000245638947;0.000068262560;
2015;12;14;12;0;0.000155557599;0.000107412478;0.000243765967;0.000063542532;
2015;12;14;13;0;0.000154804744;0.000078962011;0.000232916515;0.000062176200;
2015;12;14;14;0;0.000156281650;0.000078926226;0.000168717746;0.000060088224;
2015;12;14;15;0;0.000146846352;0.000078080452;0.000152792777;0.000057118871;
2015;12;14;16;0;0.000139023017;0.000074881724;0.000146035288;0.000050658667;
2015;12;14;17;0;0.000141691198;0.000073431270;0.000148657420;0.000047884426;
2015;12;14;18;0;0.000155103563;0.000086069313;0.000163455168;0.000055126587;
2015;12;14;19;0;0.000170598283;0.000159949291;0.000163537258;0.000170648502;
2015;12;14;20;0;0.000175768222;0.000178171403;0.000166119076;0.000202202765;
2015;12;14;21;0;0.000176382577;0.000184962028;0.000153910039;0.000200727981;
2015;12;14;22;0;0.000170590719;0.000189541434;0.000120530806;0.000194953908;
2015;12;14;23;0;0.000150437583;0.000232779404;0.000107721613;0.000173723731;
2015;12;14;24;0;0.000121767855;0.000240815056;0.000089513210;0.000162558281;
2015;12;15;1;0;0.000092087329;0.000228031954;0.000087349488;0.000146528297;
2015;12;15;2;0;0.000073368039;0.000212084992;0.000085426034;0.000147705679;
2015;12;15;3;0;0.000064534802;0.000196309559;0.000083677580;0.000140072813;
2015;12;15;4;0;0.000060370201;0.000185508355;0.000082192422;0.000134749507;
2015;12;15;5;0;0.000058843207;0.000182996886;0.000082534895;0.000130218253;
2015;12;15;6;0;0.000060525262;0.000190922430;0.000090723056;0.000127185476;
2015;12;15;7;0;0.000070876712;0.000197835790;0.000113002639;0.000132387696;
2015;12;15;8;0;0.000096131654;0.000200933673;0.000136230018;0.000141026466;
2015;12;15;9;0;0.000116835528;0.000152303406;0.000150009622;0.000090832826;
2015;12;15;10;0;0.000132969700;0.000126276656;0.000231457901;0.000059772651;
2015;12;15;11;0;0.000147111264;0.000118929367;0.000239558237;0.000065891544;
2015;12;15;12;0;0.000148544252;0.000103756011;0.000237008457;0.000065192857;
2015;12;15;13;0;0.000150146365;0.000077159448;0.000225526356;0.000060797069;
2015;12;15;14;0;0.000151127112;0.000077295448;0.000163386221;0.000056681300;
2015;12;15;15;0;0.000141886986;0.000075658702;0.000148059412;0.000053152284;
2015;12;15;16;0;0.000133773845;0.000072394400;0.000141239169;0.000051339138;
2015;12;15;17;0;0.000134786599;0.000071357227;0.000144387223;0.000050006859;
2015;12;15;18;0;0.000146934940;0.000084820248;0.000159287220;0.000061307598;
2015;12;15;19;0;0.000163092202;0.000156949873;0.000161028382;0.000174475698;
2015;12;15;20;0;0.000169358414;0.000174657046;0.000163605664;0.000207138607;
2015;12;15;21;0;0.000169949158;0.000181119821;0.000152253376;0.000202964370;
2015;12;15;22;0;0.000162937592;0.000184013307;0.000120552319;0.000197224889;
2015;12;15;23;0;0.000141872605;0.000224714517;0.000108311909;0.000170460101;
2015;12;15;24;0;0.000116205751;0.000233438350;0.000088821545;0.000160516625;
2015;12;16;1;0;0.000091207201;0.000226458085;0.000085553225;0.000146139601;
2015;12;16;2;0;0.000072789169;0.000210742518;0.000084222083;0.000147484281;
2015;12;16;3;0;0.000064110706;0.000195156283;0.000082914971;0.000139991003;
2015;12;16;4;0;0.000059889542;0.000184329316;0.000081015543;0.000134540675;
2015;12;16;5;0;0.000058520335;0.000181990874;0.000082109781;0.000130240573;
2015;12;16;6;0;0.000060206560;0.000189888050;0.000090318988;0.000127227199;
2015;12;16;7;0;0.000070380275;0.000196644212;0.000111782928;0.000132270761;
2015;12;16;8;0;0.000095297707;0.000199605341;0.000133963106;0.000140736931;
2015;12;16;9;0;0.000115911428;0.000151337902;0.000147902644;0.000090695213;
2015;12;16;10;0;0.000132123878;0.000125544120;0.000229521530;0.000059746534;
2015;12;16;11;0;0.000146007475;0.000118192415;0.000236534444;0.000065810454;
2015;12;16;12;0;0.000147309546;0.000103084218;0.000233280643;0.000065076096;
2015;12;16;13;0;0.000149008960;0.000076679423;0.000222615215;0.000060719217;
2015;12;16;14;0;0.000149997991;0.000076817323;0.000161344124;0.000056612789;
2015;12;16;15;0;0.000141143670;0.000075249057;0.000147453256;0.000053170416;
2015;12;16;16;0;0.000133028977;0.000071994028;0.000140500986;0.000051344802;
2015;12;16;17;0;0.000133979098;0.000070952131;0.000143406422;0.000049997674;
2015;12;16;18;0;0.000146015019;0.000084330823;0.000158043041;0.000061284859;
2015;12;16;19;0;0.000161820538;0.000155961588;0.000158806971;0.000174225578;
2015;12;16;20;0;0.000167974513;0.000173534786;0.000161113628;0.000206787970;
2015;12;16;21;0;0.000168505013;0.000179935444;0.000149755115;0.000202574655;
2015;12;16;22;0;0.000161546391;0.000182807208;0.000118562233;0.000196840401;
2015;12;16;23;0;0.000140638778;0.000223229414;0.000106457680;0.000170109089;
2015;12;16;24;0;0.000115541115;0.000232134223;0.000088324046;0.000160516874;
2015;12;17;1;0;0.000091014381;0.000226046525;0.000085281390;0.000146111301;
2015;12;17;2;0;0.000072652029;0.000210376276;0.000084027157;0.000147479187;
2015;12;17;3;0;0.000063998438;0.000194826191;0.000082762518;0.000139999104;
2015;12;17;4;0;0.000059893350;0.000184133269;0.000081416571;0.000134717410;
2015;12;17;5;0;0.000058322997;0.000181580808;0.000081464510;0.000130101901;
2015;12;17;6;0;0.000060016761;0.000189474441;0.000089687032;0.000127110961;
2015;12;17;7;0;0.000070198003;0.000196254396;0.000111230284;0.000132201558;
2015;12;17;8;0;0.000095050814;0.000199209480;0.000133303279;0.000140663136;
2015;12;17;9;0;0.000115600952;0.000151033248;0.000147122548;0.000090642191;
2015;12;17;10;0;0.000131692015;0.000125265819;0.000227800015;0.000059687236;
2015;12;17;11;0;0.000145645678;0.000117962842;0.000235450937;0.000065781197;
2015;12;17;12;0;0.000147123180;0.000102926961;0.000233300683;0.000065101609;
2015;12;17;13;0;0.000148795007;0.000076557950;0.000222487839;0.000060735873;
2015;12;17;14;0;0.000149852385;0.000076708041;0.000161527518;0.000056646573;
2015;12;17;15;0;0.000140822076;0.000075108069;0.000146889594;0.000053154104;
2015;12;17;16;0;0.000132672795;0.000071849245;0.000139750189;0.000051314904;
2015;12;17;17;0;0.000133844200;0.000070850174;0.000143562828;0.000050026172;
2015;12;17;18;0;0.000145617414;0.000084159956;0.000157166472;0.000061247279;
2015;12;17;19;0;0.000161267173;0.000155608470;0.000157489183;0.000174035262;
2015;12;17;20;0;0.000167732025;0.000173259271;0.000161023246;0.000206843423;
2015;12;17;21;0;0.000168287435;0.000179659424;0.000149749288;0.000202650523;
2015;12;17;22;0;0.000161134677;0.000182447658;0.000117987925;0.000196743266;
2015;12;17;23;0;0.000140135046;0.000222710865;0.000105523965;0.000169903746;
2015;12;17;24;0;0.000114958420;0.000231479956;0.000087023033;0.000160162323;
2015;12;18;1;0;0.000088898656;0.000222163660;0.000080938910;0.000143536111;
2015;12;18;2;0;0.000071463280;0.000206973000;0.000079760152;0.000147201538;
2015;12;18;3;0;0.000062460406;0.000192745140;0.000077975024;0.000140636593;
2015;12;18;4;0;0.000058150701;0.000181495036;0.000076305018;0.000132710630;
2015;12;18;5;0;0.000056556626;0.000178548947;0.000076303542;0.000128145223;
2015;12;18;6;0;0.000057721357;0.000185653221;0.000083731184;0.000126250756;
2015;12;18;7;0;0.000066205986;0.000191250319;0.000102951483;0.000131451225;
2015;12;18;8;0;0.000085878401;0.000191341204;0.000122624232;0.000139497713;
2015;12;18;9;0;0.000105613363;0.000144247202;0.000136211675;0.000087831089;
2015;12;18;10;0;0.000122751444;0.000121381153;0.000213522486;0.000057789175;
2015;12;18;11;0;0.000136110841;0.000116117773;0.000224612261;0.000063558499;
2015;12;18;12;0;0.000137308835;0.000100162230;0.000222418663;0.000066377717;
2015;12;18;13;0;0.000138595919;0.000074213971;0.000211231775;0.000061059332;
2015;12;18;14;0;0.000140456372;0.000074272695;0.000152603637;0.000060336434;
2015;12;18;15;0;0.000133572303;0.000072659264;0.000138522936;0.000053909814;
2015;12;18;16;0;0.000125490928;0.000068830483;0.000131245160;0.000051626090;
2015;12;18;17;0;0.000124321408;0.000067717776;0.000133247014;0.000049043053;
2015;12;18;18;0;0.000133249442;0.000080369951;0.000145986689;0.000056959389;
2015;12;18;19;0;0.000148079222;0.000150559883;0.000150167202;0.000171067369;
2015;12;18;20;0;0.000153733868;0.000166234033;0.000152899166;0.000203869965;
2015;12;18;21;0;0.000154349372;0.000171550210;0.000141331492;0.000201686102;
2015;12;18;22;0;0.000150137855;0.000175445296;0.000111179927;0.000195305801;
2015;12;18;23;0;0.000134682568;0.000216744081;0.000098508148;0.000168572423;
2015;12;18;24;0;0.000113993607;0.000227833350;0.000082978648;0.000161850155;
2015;12;19;1;0;0.000095598344;0.000228354706;0.000064891048;0.000144039024;
2015;12;19;2;0;0.000078741852;0.000214296149;0.000063512175;0.000142944533;
2015;12;19;3;0;0.000068475274;0.000198946865;0.000062537213;0.000139102719;
2015;12;19;4;0;0.000062207032;0.000188083343;0.000062180601;0.000136572373;
2015;12;19;5;0;0.000059966964;0.000185646508;0.000067838375;0.000131113077;
2015;12;19;6;0;0.000059927609;0.000192493737;0.000073853106;0.000130376519;
2015;12;19;7;0;0.000063898122;0.000194528060;0.000087785766;0.000131762309;
2015;12;19;8;0;0.000072613510;0.000188930746;0.000107184879;0.000136113555;
2015;12;19;9;0;0.000089310009;0.000139403688;0.000119418978;0.000081611669;
2015;12;19;10;0;0.000115740658;0.000121802596;0.000151902236;0.000053347332;
2015;12;19;11;0;0.000134460182;0.000120641955;0.000158327758;0.000062071520;
2015;12;19;12;0;0.000139090496;0.000105731973;0.000155834998;0.000063665626;
2015;12;19;13;0;0.000139707341;0.000077222794;0.000145845897;0.000058141041;
2015;12;19;14;0;0.000141136047;0.000076533778;0.000110374929;0.000053354354;
2015;12;19;15;0;0.000135935546;0.000076207329;0.000089663233;0.000053025065;
2015;12;19;16;0;0.000124841938;0.000070350494;0.000081644919;0.000052142149;
2015;12;19;17;0;0.000119562598;0.000068076694;0.000079006321;0.000048923738;
2015;12;19;18;0;0.000122732274;0.000079908325;0.000083021204;0.000049606605;
2015;12;19;19;0;0.000138168115;0.000152409884;0.000090617950;0.000166380960;
2015;12;19;20;0;0.000143256948;0.000168337777;0.000092521001;0.000200321709;
2015;12;19;21;0;0.000147873969;0.000172663676;0.000089816060;0.000199337018;
2015;12;19;22;0;0.000148664897;0.000177538009;0.000084217581;0.000193534020;
2015;12;19;23;0;0.000136031310;0.000220433826;0.000075001227;0.000168476580;
2015;12;19;24;0;0.000116268558;0.000233406758;0.000066954389;0.000161521280;
2015;12;20;1;0;0.000097317014;0.000231663526;0.000055862227;0.000143443827;
2015;12;20;2;0;0.000080037369;0.000216873219;0.000054382898;0.000145416096;
2015;12;20;3;0;0.000069268719;0.000202112351;0.000054577792;0.000137496685;
2015;12;20;4;0;0.000063255036;0.000190695131;0.000054626616;0.000132822778;
2015;12;20;5;0;0.000060584820;0.000187667150;0.000055686922;0.000128495749;
2015;12;20;6;0;0.000060341728;0.000194040514;0.000060170094;0.000124831436;
2015;12;20;7;0;0.000063241617;0.000196631896;0.000069473865;0.000130615666;
2015;12;20;8;0;0.000069867584;0.000187893472;0.000088308038;0.000136768689;
2015;12;20;9;0;0.000081581824;0.000135407005;0.000100464549;0.000077207071;
2015;12;20;10;0;0.000102709913;0.000120593796;0.000128197759;0.000050090248;
2015;12;20;11;0;0.000121584694;0.000122574468;0.000129865591;0.000059366411;
2015;12;20;12;0;0.000128886454;0.000110563062;0.000123565507;0.000063862862;
2015;12;20;13;0;0.000131343505;0.000081238911;0.000116668790;0.000059021921;
2015;12;20;14;0;0.000134293982;0.000079429885;0.000085704949;0.000056340593;
2015;12;20;15;0;0.000134019950;0.000078150791;0.000072595707;0.000056574318;
2015;12;20;16;0;0.000124025710;0.000071436527;0.000071708232;0.000054090883;
2015;12;20;17;0;0.000118707939;0.000068401914;0.000073033354;0.000049272890;
2015;12;20;18;0;0.000121718141;0.000080422719;0.000077448288;0.000051646257;
2015;12;20;19;0;0.000138602608;0.000154621021;0.000080623082;0.000167567773;
2015;12;20;20;0;0.000147413767;0.000172137877;0.000081310250;0.000202695854;
2015;12;20;21;0;0.000155543873;0.000177101635;0.000078835922;0.000201216837;
2015;12;20;22;0;0.000158278973;0.000182110682;0.000073476009;0.000195771446;
2015;12;20;23;0;0.000140480779;0.000226314673;0.000067843703;0.000169016077;
2015;12;20;24;0;0.000114844944;0.000236754141;0.000058144745;0.000158171894;
2015;12;21;1;0;0.000087558588;0.000225031563;0.000059719890;0.000140017541;
2015;12;21;2;0;0.000070668818;0.000209878865;0.000061751504;0.000141181439;
2015;12;21;3;0;0.000062561304;0.000195190829;0.000063748423;0.000135502779;
2015;12;21;4;0;0.000058877596;0.000185482901;0.000069984741;0.000131716825;
2015;12;21;5;0;0.000057955483;0.000183243603;0.000079643222;0.000128140921;
2015;12;21;6;0;0.000059732070;0.000190148028;0.000091650454;0.000126308900;
2015;12;21;7;0;0.000069414932;0.000196341166;0.000113729430;0.000133103771;
2015;12;21;8;0;0.000094684954;0.000197925200;0.000136809993;0.000141621846;
2015;12;21;9;0;0.000117431613;0.000150906274;0.000152726893;0.000086121465;
2015;12;21;10;0;0.000135788266;0.000127437472;0.000229771828;0.000061891564;
2015;12;21;11;0;0.000151286493;0.000120397824;0.000236181044;0.000067980408;
2015;12;21;12;0;0.000151199364;0.000104742236;0.000233519570;0.000063236938;
2015;12;21;13;0;0.000150189732;0.000076950056;0.000221556408;0.000061798409;
2015;12;21;14;0;0.000151417641;0.000076879185;0.000159679948;0.000059667334;
2015;12;21;15;0;0.000142150780;0.000076032130;0.000144136970;0.000056684258;
2015;12;21;16;0;0.000134362960;0.000072877526;0.000136901474;0.000050218115;
2015;12;21;17;0;0.000136846189;0.000071449152;0.000138948892;0.000047445448;
2015;12;21;18;0;0.000149618365;0.000083711613;0.000152028009;0.000054575905;
2015;12;21;19;0;0.000165112844;0.000155745344;0.000154071185;0.000169330592;
2015;12;21;20;0;0.000170398160;0.000173586428;0.000157536884;0.000200868984;
2015;12;21;21;0;0.000170970185;0.000180193445;0.000145894380;0.000199384664;
2015;12;21;22;0;0.000165619132;0.000184755710;0.000114954352;0.000193861329;
2015;12;21;23;0;0.000146103652;0.000226928805;0.000102874671;0.000172791097;
2015;12;21;24;0;0.000118090734;0.000234648005;0.000084998263;0.000161526962;
2015;12;22;1;0;0.000089325005;0.000222897251;0.000082214224;0.000145567813;
2015;12;22;2;0;0.000071257724;0.000207398780;0.000080820049;0.000146865149;
2015;12;22;3;0;0.000062723501;0.000192018805;0.000079392535;0.000139344191;
2015;12;22;4;0;0.000058616773;0.000181390374;0.000077693402;0.000133955329;
2015;12;22;5;0;0.000057170846;0.000178973990;0.000078213564;0.000129507937;
2015;12;22;6;0;0.000058748209;0.000186661864;0.000085681081;0.000126406577;
2015;12;22;7;0;0.000068801648;0.000193425705;0.000106779959;0.000131584115;
2015;12;22;8;0;0.000093045304;0.000196251991;0.000127447171;0.000139885341;
2015;12;22;9;0;0.000113735370;0.000149055050;0.000143198421;0.000090458346;
2015;12;22;10;0;0.000130050523;0.000123784890;0.000224814028;0.000059719835;
2015;12;22;11;0;0.000143862576;0.000116576405;0.000232642708;0.000065826854;
2015;12;22;12;0;0.000145163191;0.000101678676;0.000229588222;0.000065097554;
2015;12;22;13;0;0.000146595710;0.000075590961;0.000217713070;0.000060670209;
2015;12;22;14;0;0.000147585611;0.000075730138;0.000157835297;0.000056571735;
2015;12;22;15;0;0.000138735245;0.000074158626;0.000143695690;0.000053095369;
2015;12;22;16;0;0.000130611647;0.000070923060;0.000136346961;0.000051232390;
2015;12;22;17;0;0.000131541087;0.000069896010;0.000139155246;0.000049887300;
2015;12;22;18;0;0.000143187413;0.000083041652;0.000152650024;0.000061099512;
2015;12;22;19;0;0.000159075220;0.000153705953;0.000154863067;0.000173990707;
2015;12;22;20;0;0.000164938138;0.000170958858;0.000156415085;0.000206348818;
2015;12;22;21;0;0.000165277077;0.000177197571;0.000144769757;0.000201991445;
2015;12;22;22;0;0.000158438351;0.000180020295;0.000114581334;0.000196262153;
2015;12;22;23;0;0.000138207081;0.000219976763;0.000103661485;0.000169841716;
2015;12;22;24;0;0.000113605895;0.000228793957;0.000086207990;0.000160324575;
2015;12;23;1;0;0.000088878517;0.000221157242;0.000082773516;0.000146027483;
2015;12;23;2;0;0.000070846735;0.000205727032;0.000081090403;0.000147251819;
2015;12;23;3;0;0.000062229908;0.000190332961;0.000079004221;0.000139507916;
2015;12;23;4;0;0.000058108828;0.000179748243;0.000077075043;0.000134038607;
2015;12;23;5;0;0.000056587889;0.000177259267;0.000077136656;0.000129450404;
2015;12;23;6;0;0.000058156922;0.000184882447;0.000084534714;0.000126362338;
2015;12;23;7;0;0.000067886095;0.000191363343;0.000104093671;0.000131239587;
2015;12;23;8;0;0.000091308772;0.000193790197;0.000121844896;0.000138992802;
2015;12;23;9;0;0.000111464191;0.000147118967;0.000136167926;0.000089799385;
2015;12;23;10;0;0.000128410336;0.000122495221;0.000219711864;0.000059592600;
2015;12;23;11;0;0.000142540669;0.000115499990;0.000230331399;0.000065843793;
2015;12;23;12;0;0.000143892245;0.000100754771;0.000227710042;0.000065133798;
2015;12;23;13;0;0.000145322195;0.000074905783;0.000216000724;0.000060706791;
2015;12;23;14;0;0.000146249617;0.000075034471;0.000156345819;0.000056591684;
2015;12;23;15;0;0.000137361899;0.000073455767;0.000141876537;0.000053082808;
2015;12;23;16;0;0.000129161379;0.000070221152;0.000134020914;0.000051177125;
2015;12;23;17;0;0.000129999893;0.000069189474;0.000136460320;0.000049812186;
2015;12;23;18;0;0.000141631669;0.000082226478;0.000150198410;0.000061043637;
2015;12;23;19;0;0.000156820203;0.000152022534;0.000150388526;0.000173431516;
2015;12;23;20;0;0.000162211635;0.000168948220;0.000150475648;0.000205347973;
2015;12;23;21;0;0.000162472162;0.000175085721;0.000139067567;0.000200948772;
2015;12;23;22;0;0.000156038257;0.000177987285;0.000110879353;0.000195497416;
2015;12;23;23;0;0.000136156060;0.000217515824;0.000100435021;0.000169216321;
2015;12;23;24;0;0.000111967536;0.000226269077;0.000083631306;0.000159782087;
2015;12;24;1;0;0.000084946783;0.000209411602;0.000081267435;0.000147092769;
2015;12;24;2;0;0.000067619654;0.000194714529;0.000079096059;0.000148189740;
2015;12;24;3;0;0.000059271890;0.000180015737;0.000076448271;0.000140195533;
2015;12;24;4;0;0.000055223214;0.000169872454;0.000073979091;0.000134490867;
2015;12;24;5;0;0.000053652782;0.000167385271;0.000073398708;0.000129678447;
2015;12;24;6;0;0.000054897053;0.000174316684;0.000079122175;0.000126198647;
2015;12;24;7;0;0.000063259549;0.000179614784;0.000093037104;0.000129900794;
2015;12;24;8;0;0.000084025529;0.000181100030;0.000104040793;0.000136384686;
2015;12;24;9;0;0.000102202468;0.000137315657;0.000114602960;0.000087895897;
2015;12;24;10;0;0.000118632236;0.000114630675;0.000190276038;0.000058633763;
2015;12;24;11;0;0.000132590400;0.000108340951;0.000204615289;0.000065091358;
2015;12;24;12;0;0.000134089126;0.000094568431;0.000203676167;0.000064469564;
2015;12;24;13;0;0.000134879335;0.000070209086;0.000190317991;0.000059921430;
2015;12;24;14;0;0.000135280173;0.000070247276;0.000136008599;0.000055728835;
2015;12;24;15;0;0.000127044453;0.000068766481;0.000123374327;0.000052269250;
2015;12;24;16;0;0.000118938173;0.000065639989;0.000114560639;0.000050241452;
2015;12;24;17;0;0.000119317289;0.000064603514;0.000115094401;0.000048791547;
2015;12;24;18;0;0.000129860798;0.000076750264;0.000126122714;0.000059751472;
2015;12;24;19;0;0.000145399548;0.000142439473;0.000131978223;0.000171065058;
2015;12;24;20;0;0.000150869308;0.000158467510;0.000133690545;0.000202981450;
2015;12;24;21;0;0.000149526821;0.000163633509;0.000118526250;0.000197199877;
2015;12;24;22;0;0.000141808842;0.000165631243;0.000089915936;0.000190198801;
2015;12;24;23;0;0.000122660729;0.000201815108;0.000078586545;0.000163646234;
2015;12;24;24;0;0.000102216587;0.000210892583;0.000068917946;0.000155938091;
2015;12;25;1;0;0.000089951793;0.000215370184;0.000050487264;0.000142189273;
2015;12;25;2;0;0.000074697996;0.000202292850;0.000050981187;0.000145107802;
2015;12;25;3;0;0.000064539876;0.000188421532;0.000050764822;0.000137051216;
2015;12;25;4;0;0.000058587066;0.000177415174;0.000049650232;0.000131851580;
2015;12;25;5;0;0.000055831318;0.000174296002;0.000049631702;0.000127113967;
2015;12;25;6;0;0.000055469217;0.000180061976;0.000053108611;0.000123278240;
2015;12;25;7;0;0.000057960485;0.000182277383;0.000060630193;0.000128723220;
2015;12;25;8;0;0.000063700907;0.000173861059;0.000075631313;0.000134301742;
2015;12;25;9;0;0.000073864423;0.000124988886;0.000083932720;0.000075448137;
2015;12;25;10;0;0.000092442546;0.000111084404;0.000104836691;0.000048747540;
2015;12;25;11;0;0.000110101083;0.000113151735;0.000108495728;0.000058021259;
2015;12;25;12;0;0.000117903834;0.000102425431;0.000107103270;0.000062856515;
2015;12;25;13;0;0.000120798831;0.000075399982;0.000103156109;0.000058308123;
2015;12;25;14;0;0.000123423201;0.000073702430;0.000075579207;0.000055631360;
2015;12;25;15;0;0.000122089016;0.000072294099;0.000061954225;0.000055522344;
2015;12;25;16;0;0.000111393911;0.000065761534;0.000057958176;0.000052569174;
2015;12;25;17;0;0.000106674085;0.000062980475;0.000059101949;0.000047904903;
2015;12;25;18;0;0.000109840700;0.000074156518;0.000063667327;0.000050358664;
2015;12;25;19;0;0.000125974881;0.000142923842;0.000068136530;0.000164195859;
2015;12;25;20;0;0.000134290772;0.000159240063;0.000069345446;0.000198929775;
2015;12;25;21;0;0.000141540522;0.000163769362;0.000066955690;0.000197327601;
2015;12;25;22;0;0.000144641423;0.000168646417;0.000063439430;0.000192548294;
2015;12;25;23;0;0.000129107927;0.000209991386;0.000059874946;0.000166884545;
2015;12;25;24;0;0.000105953499;0.000219963369;0.000052133943;0.000156587435;
2015;12;26;1;0;0.000086771692;0.000213167577;0.000053170938;0.000140554028;
2015;12;26;2;0;0.000071247150;0.000199824111;0.000051467474;0.000139181751;
2015;12;26;3;0;0.000061986416;0.000185535114;0.000050848385;0.000135480175;
2015;12;26;4;0;0.000056323448;0.000175414585;0.000050617943;0.000133033039;
2015;12;26;5;0;0.000054530286;0.000173394762;0.000056217975;0.000128092592;
2015;12;26;6;0;0.000054797830;0.000180130982;0.000062562500;0.000127859131;
2015;12;26;7;0;0.000058512266;0.000182122713;0.000074804876;0.000129344661;
2015;12;26;8;0;0.000066229771;0.000176636683;0.000090056679;0.000133248251;
2015;12;26;9;0;0.000081260436;0.000130225005;0.000099352969;0.000079760791;
2015;12;26;10;0;0.000105637409;0.000113906184;0.000127825715;0.000052250058;
2015;12;26;11;0;0.000123823793;0.000113171078;0.000137696565;0.000061171584;
2015;12;26;12;0;0.000128944730;0.000099413566;0.000138945567;0.000063032265;
2015;12;26;13;0;0.000130000543;0.000072701559;0.000131886940;0.000057710939;
2015;12;26;14;0;0.000131533581;0.000072092057;0.000100356455;0.000053016738;
2015;12;26;15;0;0.000126787784;0.000071805022;0.000081732867;0.000052718992;
2015;12;26;16;0;0.000116292813;0.000066256641;0.000074107116;0.000051795135;
2015;12;26;17;0;0.000111591958;0.000064157556;0.000072276707;0.000048662951;
2015;12;26;18;0;0.000114515095;0.000075299277;0.000075898530;0.000049331225;
2015;12;26;19;0;0.000128990075;0.000143646161;0.000083041161;0.000165520794;
2015;12;26;20;0;0.000133964104;0.000158749566;0.000085320034;0.000199515554;
2015;12;26;21;0;0.000138565359;0.000162945032;0.000083451589;0.000198816641;
2015;12;26;22;0;0.000139621245;0.000167675989;0.000078910591;0.000193330059;
2015;12;26;23;0;0.000128094821;0.000208378357;0.000070996943;0.000168605967;
2015;12;26;24;0;0.000109587367;0.000220703014;0.000063745191;0.000161742582;
2015;12;27;1;0;0.000093986608;0.000224950879;0.000053101458;0.000142731381;
2015;12;27;2;0;0.000077198341;0.000210496675;0.000051423376;0.000144565753;
2015;12;27;3;0;0.000066645378;0.000196002954;0.000051100890;0.000136459019;
2015;12;27;4;0;0.000060864285;0.000184935407;0.000051169314;0.000131827265;
2015;12;27;5;0;0.000058301853;0.000182005645;0.000052194624;0.000127542602;
2015;12;27;6;0;0.000058080927;0.000188200630;0.000056453609;0.000123924208;
2015;12;27;7;0;0.000060788647;0.000190622614;0.000064861578;0.000129542950;
2015;12;27;8;0;0.000066932830;0.000181936377;0.000081488794;0.000135329086;
2015;12;27;9;0;0.000078077865;0.000131067883;0.000092402434;0.000076341597;
2015;12;27;10;0;0.000098356446;0.000116753097;0.000118172267;0.000049548886;
2015;12;27;11;0;0.000116981502;0.000118867533;0.000121706751;0.000058917810;
2015;12;27;12;0;0.000124422045;0.000107344530;0.000117208699;0.000063527398;
2015;12;27;13;0;0.000126818331;0.000078879165;0.000110751745;0.000058719610;
2015;12;27;14;0;0.000130079434;0.000077207631;0.000082320682;0.000056175191;
2015;12;27;15;0;0.000129805626;0.000075962759;0.000069706971;0.000056405808;
2015;12;27;16;0;0.000119742294;0.000069359441;0.000068049127;0.000053810616;
2015;12;27;17;0;0.000114513350;0.000066394000;0.000069094482;0.000048989537;
2015;12;27;18;0;0.000117509470;0.000078083032;0.000073492576;0.000051377050;
2015;12;27;19;0;0.000134176926;0.000150263546;0.000077327664;0.000167008310;
2015;12;27;20;0;0.000142484108;0.000167197187;0.000077515597;0.000201802251;
2015;12;27;21;0;0.000150138628;0.000171938613;0.000074759714;0.000200143119;
2015;12;27;22;0;0.000153145802;0.000176947381;0.000070326268;0.000195048704;
2015;12;27;23;0;0.000135806861;0.000219832386;0.000064720049;0.000168291407;
2015;12;27;24;0;0.000110936393;0.000229909624;0.000055310306;0.000157407617;
2015;12;28;1;0;0.000084089998;0.000217400560;0.000056403197;0.000139441255;
2015;12;28;2;0;0.000068028248;0.000202926960;0.000058818693;0.000140828445;
2015;12;28;3;0;0.000059876360;0.000188349228;0.000059405994;0.000134625782;
2015;12;28;4;0;0.000056295418;0.000178920677;0.000064979570;0.000130775514;
2015;12;28;5;0;0.000055306372;0.000176641448;0.000073423547;0.000127054437;
2015;12;28;6;0;0.000056835584;0.000183110299;0.000083610632;0.000124984520;
2015;12;28;7;0;0.000065848996;0.000188874107;0.000102628039;0.000131431400;
2015;12;28;8;0;0.000088756204;0.000189604361;0.000118326317;0.000138688745;
2015;12;28;9;0;0.000109969781;0.000144517986;0.000131402551;0.000084283137;
2015;12;28;10;0;0.000128849953;0.000122605233;0.000207417737;0.000061127122;
2015;12;28;11;0;0.000144705259;0.000116153279;0.000219584825;0.000067511954;
2015;12;28;12;0;0.000145035197;0.000101149095;0.000219473486;0.000062924882;
2015;12;28;13;0;0.000144042831;0.000074306021;0.000208104676;0.000061486383;
2015;12;28;14;0;0.000145755537;0.000074332269;0.000152046531;0.000059517193;
2015;12;28;15;0;0.000137455197;0.000073628891;0.000139540881;0.000056718856;
2015;12;28;16;0;0.000129832906;0.000070555652;0.000132280546;0.000050223518;
2015;12;28;17;0;0.000132224259;0.000069170514;0.000134301490;0.000047448013;
2015;12;28;18;0;0.000144207532;0.000080972292;0.000145609105;0.000054485446;
2015;12;28;19;0;0.000158423078;0.000150415136;0.000144998600;0.000168524411;
2015;12;28;20;0;0.000163087256;0.000167502913;0.000146808658;0.000199570789;
2015;12;28;21;0;0.000163372512;0.000173782632;0.000135120078;0.000197877494;
2015;12;28;22;0;0.000158674808;0.000178343203;0.000107545877;0.000192743585;
2015;12;28;23;0;0.000140285128;0.000219217730;0.000097063028;0.000172054557;
2015;12;28;24;0;0.000113677587;0.000226869682;0.000081058584;0.000161118724;
2015;12;29;1;0;0.000085275462;0.000213807145;0.000077467343;0.000145088596;
2015;12;29;2;0;0.000067780931;0.000198694219;0.000075072712;0.000146017432;
2015;12;29;3;0;0.000059528687;0.000183817286;0.000073107742;0.000138324951;
2015;12;29;4;0;0.000055470314;0.000173469522;0.000070762495;0.000132710250;
2015;12;29;5;0;0.000054045761;0.000171096960;0.000070961931;0.000128211969;
2015;12;29;6;0;0.000055474412;0.000178376400;0.000077421737;0.000125043980;
2015;12;29;7;0;0.000064555219;0.000184430980;0.000094266421;0.000129592931;
2015;12;29;8;0;0.000086457542;0.000186492370;0.000108613309;0.000136842730;
2015;12;29;9;0;0.000105617577;0.000141617064;0.000121577466;0.000088455916;
2015;12;29;10;0;0.000122274604;0.000118113998;0.000199885134;0.000058900310;
2015;12;29;11;0;0.000136493446;0.000111585562;0.000213972901;0.000065331702;
2015;12;29;12;0;0.000138142734;0.000097426666;0.000213595332;0.000064742140;
2015;12;29;13;0;0.000139565809;0.000072440491;0.000202891508;0.000060356729;
2015;12;29;14;0;0.000140932505;0.000072650231;0.000148699653;0.000056397214;
2015;12;29;15;0;0.000132482439;0.000071143211;0.000135355296;0.000052932173;
2015;12;29;16;0;0.000124146516;0.000067929152;0.000126279588;0.000050910674;
2015;12;29;17;0;0.000124724019;0.000066888907;0.000127690313;0.000049490329;
2015;12;29;18;0;0.000135503878;0.000079416208;0.000139020436;0.000060532579;
2015;12;29;19;0;0.000150658904;0.000147035484;0.000141474615;0.000172470543;
2015;12;29;20;0;0.000156401810;0.000163607827;0.000143572965;0.000204717107;
2015;12;29;21;0;0.000157109552;0.000169722218;0.000134134005;0.000200734641;
2015;12;29;22;0;0.000150990233;0.000172577232;0.000107160641;0.000195382518;
2015;12;29;23;0;0.000131535184;0.000210784974;0.000096463417;0.000168925575;
2015;12;29;24;0;0.000108038251;0.000219172963;0.000080031077;0.000159373263;
2015;12;30;1;0;0.000084702784;0.000212925406;0.000076257475;0.000144811322;
2015;12;30;2;0;0.000067270891;0.000197819055;0.000073674852;0.000145656387;
2015;12;30;3;0;0.000059022095;0.000182944780;0.000071480491;0.000137888300;
2015;12;30;4;0;0.000055089562;0.000172744850;0.000069625277;0.000132442702;
2015;12;30;5;0;0.000053627600;0.000170330282;0.000069593765;0.000127875722;
2015;12;30;6;0;0.000055105764;0.000177644109;0.000076253202;0.000124810435;
2015;12;30;7;0;0.000064175494;0.000183722630;0.000093111007;0.000129419518;
2015;12;30;8;0;0.000086005935;0.000185818775;0.000107545795;0.000136722223;
2015;12;30;9;0;0.000105067252;0.000141106370;0.000120381095;0.000088378919;
2015;12;30;10;0;0.000121575880;0.000117667374;0.000197548432;0.000058828422;
2015;12;30;11;0;0.000135649483;0.000111145506;0.000211097241;0.000065230721;
2015;12;30;12;0;0.000137366541;0.000097061490;0.000211174840;0.000064667413;
2015;12;30;13;0;0.000138804552;0.000072173102;0.000200715199;0.000060293951;
2015;12;30;14;0;0.000140176011;0.000072384116;0.000147165093;0.000056341847;
2015;12;30;15;0;0.000132157534;0.000070954770;0.000135404068;0.000052987462;
2015;12;30;16;0;0.000124121343;0.000067801630;0.000127428791;0.000051042918;
2015;12;30;17;0;0.000124773337;0.000066776682;0.000129184002;0.000049639054;
2015;12;30;18;0;0.000135394759;0.000079249807;0.000140036304;0.000060663981;
2015;12;30;19;0;0.000150198917;0.000146614128;0.000141266518;0.000172577381;
2015;12;30;20;0;0.000155787365;0.000163089953;0.000142868242;0.000204720310;
2015;12;30;21;0;0.000156274411;0.000169103963;0.000132762646;0.000200545241;
2015;12;30;22;0;0.000150179412;0.000171945113;0.000106049456;0.000195190570;
2015;12;30;23;0;0.000131211428;0.000210225237;0.000096510414;0.000169100395;
2015;12;30;24;0;0.000108008227;0.000218753820;0.000080771940;0.000159777561;
2015;12;31;1;0;0.000083189601;0.000206788988;0.000077755498;0.000146202612;
2015;12;31;2;0;0.000066012882;0.000192063292;0.000074849849;0.000146970686;
2015;12;31;3;0;0.000057777140;0.000177471829;0.000071960262;0.000138898097;
2015;12;31;4;0;0.000053707403;0.000167338635;0.000069053182;0.000133035128;
2015;12;31;5;0;0.000052198194;0.000164908527;0.000068597373;0.000128305686;
2015;12;31;6;0;0.000053427835;0.000171758393;0.000074049260;0.000124893412;
2015;12;31;7;0;0.000061741160;0.000177157547;0.000087889976;0.000128812640;
2015;12;31;8;0;0.000082052303;0.000178659318;0.000098384104;0.000135294725;
2015;12;31;9;0;0.000099799012;0.000135466854;0.000108229640;0.000087193493;
2015;12;31;10;0;0.000115825034;0.000113079525;0.000179738924;0.000058158245;
2015;12;31;11;0;0.000129806613;0.000106975060;0.000195333588;0.000064684817;
2015;12;31;12;0;0.000131538966;0.000093441396;0.000195907379;0.000064156261;
2015;12;31;13;0;0.000132739837;0.000069449504;0.000185269946;0.000059762688;
2015;12;31;14;0;0.000133882166;0.000069621943;0.000135216249;0.000055796570;
2015;12;31;15;0;0.000126260550;0.000068253875;0.000124558406;0.000052485112;
2015;12;31;16;0;0.000118198609;0.000065147993;0.000115771789;0.000050446085;
2015;12;31;17;0;0.000118476892;0.000064100052;0.000116023580;0.000048961580;
2015;12;31;18;0;0.000128634667;0.000076088748;0.000125975095;0.000059859839;
2015;12;31;19;0;0.000143869674;0.000141160103;0.000131211255;0.000171248086;
2015;12;31;20;0;0.000149944679;0.000157283713;0.000135187965;0.000203819717;
2015;12;31;21;0;0.000149043491;0.000162571596;0.000121279361;0.000198409057;
2015;12;31;22;0;0.000141509179;0.000164616741;0.000092493196;0.000191509528;
2015;12;31;23;0;0.000122345818;0.000200543538;0.000080787405;0.000164719127;
2015;12;31;24;0;0.000101693612;0.000209381858;0.000070114435;0.000156685752;
