AŃO;MES;DIA;HORA;VERANO(1)/INVIERNO(0);COEF. PERFIL P2.0TD;COEF. PERFIL P3.0TD;COEF. PERFIL P3.0TDVE;RESERVADO;
2021;12;01;1;0;0.000122238955;0.000085094536;0.000062668525;;
2021;12;01;2;0;0.000099247717;0.000081187465;0.000047050498;;
2021;12;01;3;0;0.000086719874;0.000079636645;0.000027855941;;
2021;12;01;4;0;0.000080528472;0.000078660824;0.000030885437;;
2021;12;01;5;0;0.000078255188;0.000078909531;0.000019273492;;
2021;12;01;6;0;0.000080765485;0.000081892803;0.000022623621;;
2021;12;01;7;0;0.000092185463;0.000092822435;0.000028185141;;
2021;12;01;8;0;0.000118976326;0.000116512793;0.000038706076;;
2021;12;01;9;0;0.000133097846;0.000149163847;0.000059074861;;
2021;12;01;10;0;0.000138627501;0.000169047949;0.000105863468;;
2021;12;01;11;0;0.000145671340;0.000176759486;0.000173127941;;
2021;12;01;12;0;0.000143949550;0.000175999882;0.000152417719;;
2021;12;01;13;0;0.000142240242;0.000174167409;0.000178028614;;
2021;12;01;14;0;0.000150175344;0.000164210532;0.000166822968;;
2021;12;01;15;0;0.000152265109;0.000144990364;0.000173730047;;
2021;12;01;16;0;0.000145674856;0.000138563868;0.000143776527;;
2021;12;01;17;0;0.000141584342;0.000139434459;0.000150246101;;
2021;12;01;18;0;0.000147554119;0.000145328628;0.000139457767;;
2021;12;01;19;0;0.000168594919;0.000156072929;0.000143100382;;
2021;12;01;20;0;0.000182031455;0.000147557010;0.000150989554;;
2021;12;01;21;0;0.000194548698;0.000134061371;0.000146721581;;
2021;12;01;22;0;0.000197870902;0.000117684415;0.000129566473;;
2021;12;01;23;0;0.000184058277;0.000102407779;0.000098395281;;
2021;12;01;24;0;0.000154711572;0.000092084643;0.000082393595;;
2021;12;02;1;0;0.000122749307;0.000085350738;0.000062751434;;
2021;12;02;2;0;0.000099612479;0.000081414618;0.000047112745;;
2021;12;02;3;0;0.000087083854;0.000079877147;0.000027892794;;
2021;12;02;4;0;0.000081054804;0.000078976717;0.000030926298;;
2021;12;02;5;0;0.000078785706;0.000079234060;0.000019298990;;
2021;12;02;6;0;0.000081128694;0.000082149480;0.000022653551;;
2021;12;02;7;0;0.000092420960;0.000093036784;0.000028222430;;
2021;12;02;8;0;0.000118689748;0.000116536280;0.000038757284;;
2021;12;02;9;0;0.000132478199;0.000149052031;0.000059153016;;
2021;12;02;10;0;0.000138322674;0.000169098225;0.000106003524;;
2021;12;02;11;0;0.000144789448;0.000176523403;0.000173356987;;
2021;12;02;12;0;0.000143520822;0.000175994506;0.000152619365;;
2021;12;02;13;0;0.000142187696;0.000174354161;0.000178264144;;
2021;12;02;14;0;0.000150118429;0.000164385610;0.000167043672;;
2021;12;02;15;0;0.000152154402;0.000145123182;0.000173959889;;
2021;12;02;16;0;0.000145556491;0.000138685691;0.000143966742;;
2021;12;02;17;0;0.000141065795;0.000139387867;0.000150444874;;
2021;12;02;18;0;0.000147132965;0.000145330789;0.000139642268;;
2021;12;02;19;0;0.000168726889;0.000156316386;0.000143289702;;
2021;12;02;20;0;0.000182451771;0.000147882939;0.000151189311;;
2021;12;02;21;0;0.000195529641;0.000134513678;0.000146915692;;
2021;12;02;22;0;0.000198718517;0.000118043695;0.000129737887;;
2021;12;02;23;0;0.000185324383;0.000102833418;0.000098525456;;
2021;12;02;24;0;0.000155695388;0.000092446787;0.000082502601;;
2021;12;03;1;0;0.000124670300;0.000088950277;0.000054010232;;
2021;12;03;2;0;0.000102003091;0.000084513667;0.000037456519;;
2021;12;03;3;0;0.000088564721;0.000082725378;0.000029504263;;
2021;12;03;4;0;0.000082136377;0.000081734944;0.000024238103;;
2021;12;03;5;0;0.000079865731;0.000081840079;0.000016289568;;
2021;12;03;6;0;0.000082008074;0.000084954615;0.000014745621;;
2021;12;03;7;0;0.000092733449;0.000095462395;0.000020422881;;
2021;12;03;8;0;0.000118268429;0.000119416128;0.000032705628;;
2021;12;03;9;0;0.000133669858;0.000150944409;0.000066575726;;
2021;12;03;10;0;0.000140588465;0.000169141209;0.000137392655;;
2021;12;03;11;0;0.000147182755;0.000176436776;0.000150508761;;
2021;12;03;12;0;0.000144774708;0.000176336779;0.000126521782;;
2021;12;03;13;0;0.000142256496;0.000174460581;0.000120033485;;
2021;12;03;14;0;0.000149689451;0.000163747078;0.000145383974;;
2021;12;03;15;0;0.000151674245;0.000143591885;0.000106757404;;
2021;12;03;16;0;0.000144821516;0.000134067915;0.000128184780;;
2021;12;03;17;0;0.000141035600;0.000133312813;0.000128530773;;
2021;12;03;18;0;0.000146166225;0.000139210721;0.000148713691;;
2021;12;03;19;0;0.000165559285;0.000153094075;0.000113240120;;
2021;12;03;20;0;0.000174389376;0.000148023265;0.000121813675;;
2021;12;03;21;0;0.000182757208;0.000139220873;0.000118664395;;
2021;12;03;22;0;0.000185994759;0.000124239323;0.000098514961;;
2021;12;03;23;0;0.000177743251;0.000110705718;0.000103970859;;
2021;12;03;24;0;0.000155328623;0.000101219997;0.000086780966;;
2021;12;04;1;0;0.000129157935;0.000091396652;0.000050398489;;
2021;12;04;2;0;0.000106805676;0.000084593873;0.000041607893;;
2021;12;04;3;0;0.000092351130;0.000081385475;0.000042353987;;
2021;12;04;4;0;0.000084592042;0.000080079412;0.000038371207;;
2021;12;04;5;0;0.000081132100;0.000079455962;0.000031630048;;
2021;12;04;6;0;0.000081716313;0.000080832229;0.000028182846;;
2021;12;04;7;0;0.000085350729;0.000084048516;0.000023347167;;
2021;12;04;8;0;0.000094550257;0.000089983669;0.000030401005;;
2021;12;04;9;0;0.000109641344;0.000091753447;0.000025232525;;
2021;12;04;10;0;0.000134639277;0.000100084634;0.000034352826;;
2021;12;04;11;0;0.000151050273;0.000111802332;0.000054427706;;
2021;12;04;12;0;0.000152231040;0.000115930319;0.000072617227;;
2021;12;04;13;0;0.000148132750;0.000117461747;0.000108747057;;
2021;12;04;14;0;0.000154763384;0.000113374329;0.000118766696;;
2021;12;04;15;0;0.000156633248;0.000104255562;0.000119484927;;
2021;12;04;16;0;0.000145683515;0.000100253885;0.000112791753;;
2021;12;04;17;0;0.000137517446;0.000098875316;0.000094715229;;
2021;12;04;18;0;0.000138683686;0.000103933872;0.000094467563;;
2021;12;04;19;0;0.000156954109;0.000119793335;0.000097724371;;
2021;12;04;20;0;0.000163539695;0.000122727034;0.000106114058;;
2021;12;04;21;0;0.000171311291;0.000122233982;0.000074278138;;
2021;12;04;22;0;0.000176826615;0.000114468122;0.000090285103;;
2021;12;04;23;0;0.000170616848;0.000104916842;0.000081807185;;
2021;12;04;24;0;0.000151858780;0.000096976151;0.000058885694;;
2021;12;05;1;0;0.000126984329;0.000087070924;0.000039024226;;
2021;12;05;2;0;0.000106735597;0.000080985690;0.000034141471;;
2021;12;05;3;0;0.000092404708;0.000078443062;0.000025316936;;
2021;12;05;4;0;0.000083576726;0.000077152893;0.000018458565;;
2021;12;05;5;0;0.000079489314;0.000076496454;0.000029024977;;
2021;12;05;6;0;0.000079252479;0.000077540396;0.000033362052;;
2021;12;05;7;0;0.000081641719;0.000080254818;0.000033391270;;
2021;12;05;8;0;0.000087679709;0.000082861086;0.000020582847;;
2021;12;05;9;0;0.000097450394;0.000078340116;0.000022636663;;
2021;12;05;10;0;0.000120971964;0.000080495838;0.000018794566;;
2021;12;05;11;0;0.000142438432;0.000087389398;0.000044569530;;
2021;12;05;12;0;0.000150159483;0.000092247881;0.000063414797;;
2021;12;05;13;0;0.000148151504;0.000095402545;0.000091506533;;
2021;12;05;14;0;0.000153521811;0.000095392312;0.000119227896;;
2021;12;05;15;0;0.000153388871;0.000091326843;0.000093752841;;
2021;12;05;16;0;0.000139032410;0.000087529251;0.000094108607;;
2021;12;05;17;0;0.000131815991;0.000084809953;0.000090329241;;
2021;12;05;18;0;0.000134683634;0.000086863515;0.000088671580;;
2021;12;05;19;0;0.000156278459;0.000101405361;0.000097624156;;
2021;12;05;20;0;0.000166902261;0.000103911445;0.000087478819;;
2021;12;05;21;0;0.000176816705;0.000102699010;0.000091626841;;
2021;12;05;22;0;0.000180897828;0.000099025786;0.000075099206;;
2021;12;05;23;0;0.000170055409;0.000092325073;0.000075583872;;
2021;12;05;24;0;0.000147318366;0.000086264278;0.000049190186;;
2021;12;06;1;0;0.000127576861;0.000088045854;0.000039526057;;
2021;12;06;2;0;0.000107416140;0.000081951891;0.000034580513;;
2021;12;06;3;0;0.000092725092;0.000079281222;0.000025642499;;
2021;12;06;4;0;0.000083927656;0.000078001488;0.000018695933;;
2021;12;06;5;0;0.000079737285;0.000077302628;0.000029398223;;
2021;12;06;6;0;0.000079914435;0.000078531221;0.000033791071;;
2021;12;06;7;0;0.000082842536;0.000081497502;0.000033820664;;
2021;12;06;8;0;0.000089400841;0.000084317568;0.000020847532;;
2021;12;06;9;0;0.000099606528;0.000079798144;0.000022927759;;
2021;12;06;10;0;0.000122904009;0.000081784453;0.000019036255;;
2021;12;06;11;0;0.000143946559;0.000088589429;0.000045142671;;
2021;12;06;12;0;0.000151408637;0.000093425714;0.000064230278;;
2021;12;06;13;0;0.000149340028;0.000096608644;0.000092683260;;
2021;12;06;14;0;0.000154613785;0.000096560897;0.000120761105;;
2021;12;06;15;0;0.000154490565;0.000092447515;0.000094958454;;
2021;12;06;16;0;0.000140566939;0.000088747913;0.000095318795;;
2021;12;06;17;0;0.000133145176;0.000085956200;0.000091490829;;
2021;12;06;18;0;0.000136119579;0.000088059024;0.000089811851;;
2021;12;06;19;0;0.000158112137;0.000102847210;0.000098879552;;
2021;12;06;20;0;0.000169119962;0.000105457566;0.000088603752;;
2021;12;06;21;0;0.000179665716;0.000104350720;0.000092805115;;
2021;12;06;22;0;0.000183771506;0.000100610080;0.000076064943;;
2021;12;06;23;0;0.000172756173;0.000093802206;0.000076555842;;
2021;12;06;24;0;0.000148727816;0.000087410900;0.000049822747;;
2021;12;07;1;0;0.000112686892;0.000075446165;0.000055559335;;
2021;12;07;2;0;0.000091072674;0.000071839616;0.000041713036;;
2021;12;07;3;0;0.000079095562;0.000070282914;0.000024695931;;
2021;12;07;4;0;0.000073458386;0.000069425097;0.000027381757;;
2021;12;07;5;0;0.000071180207;0.000069558246;0.000017087085;;
2021;12;07;6;0;0.000073026095;0.000072003931;0.000020057171;;
2021;12;07;7;0;0.000082604883;0.000081304236;0.000024987786;;
2021;12;07;8;0;0.000104475877;0.000101186967;0.000034315214;;
2021;12;07;9;0;0.000116831644;0.000129525588;0.000052373341;;
2021;12;07;10;0;0.000123404912;0.000147660563;0.000093854195;;
2021;12;07;11;0;0.000130780031;0.000154948786;0.000153488109;;
2021;12;07;12;0;0.000129745961;0.000154540837;0.000135127278;;
2021;12;07;13;0;0.000128280530;0.000152969669;0.000157832844;;
2021;12;07;14;0;0.000135878009;0.000144423999;0.000147898379;;
2021;12;07;15;0;0.000138048808;0.000127630834;0.000154021911;;
2021;12;07;16;0;0.000131268413;0.000121655988;0.000127466353;;
2021;12;07;17;0;0.000127171199;0.000122252535;0.000133202011;;
2021;12;07;18;0;0.000132543559;0.000127425273;0.000123637518;;
2021;12;07;19;0;0.000151941189;0.000137036264;0.000126866911;;
2021;12;07;20;0;0.000164008780;0.000129544992;0.000133861126;;
2021;12;07;21;0;0.000175447216;0.000117742475;0.000130077317;;
2021;12;07;22;0;0.000179239883;0.000103555668;0.000114868303;;
2021;12;07;23;0;0.000168099605;0.000090429200;0.000087233207;;
2021;12;07;24;0;0.000141834722;0.000081445583;0.000073046771;;
2021;12;08;1;0;0.000129289016;0.000089743104;0.000040272443;;
2021;12;08;2;0;0.000108895433;0.000083543956;0.000035233510;;
2021;12;08;3;0;0.000094058459;0.000080842037;0.000026126716;;
2021;12;08;4;0;0.000085091030;0.000079519863;0.000019048975;;
2021;12;08;5;0;0.000080801808;0.000078790624;0.000029953361;;
2021;12;08;6;0;0.000080773278;0.000079955675;0.000034429161;;
2021;12;08;7;0;0.000083810702;0.000083008204;0.000034459313;;
2021;12;08;8;0;0.000090288836;0.000085816829;0.000021241204;;
2021;12;08;9;0;0.000100226804;0.000081091886;0.000023360713;;
2021;12;08;10;0;0.000124003835;0.000083206133;0.000019395724;;
2021;12;08;11;0;0.000145721867;0.000090256846;0.000045995117;;
2021;12;08;12;0;0.000153992964;0.000095371922;0.000065443163;;
2021;12;08;13;0;0.000152538780;0.000098799607;0.000094433433;;
2021;12;08;14;0;0.000158924778;0.000099017226;0.000123041483;;
2021;12;08;15;0;0.000158457386;0.000094714574;0.000096751591;;
2021;12;08;16;0;0.000143506335;0.000090743327;0.000097118736;;
2021;12;08;17;0;0.000135853701;0.000087867451;0.000093218485;;
2021;12;08;18;0;0.000138870324;0.000090010955;0.000091507802;;
2021;12;08;19;0;0.000161219155;0.000105103038;0.000100746732;;
2021;12;08;20;0;0.000172354996;0.000107747261;0.000090276890;;
2021;12;08;21;0;0.000183595945;0.000106739327;0.000094557589;;
2021;12;08;22;0;0.000186593401;0.000102632500;0.000077501306;;
2021;12;08;23;0;0.000174120457;0.000095386629;0.000078001475;;
2021;12;08;24;0;0.000149695054;0.000088835541;0.000050763568;;
2021;12;09;1;0;0.000117355597;0.000082322456;0.000061303610;;
2021;12;09;2;0;0.000095126612;0.000078487657;0.000046025743;;
2021;12;09;3;0;0.000083205118;0.000077022825;0.000027249241;;
2021;12;09;4;0;0.000077491802;0.000076174629;0.000030212755;;
2021;12;09;5;0;0.000075403868;0.000076459773;0.000018853717;;
2021;12;09;6;0;0.000077947050;0.000079406215;0.000022130880;;
2021;12;09;7;0;0.000089724022;0.000090325489;0.000027571271;;
2021;12;09;8;0;0.000116070842;0.000113488696;0.000037863061;;
2021;12;09;9;0;0.000130607043;0.000145652570;0.000057788216;;
2021;12;09;10;0;0.000136495617;0.000165306013;0.000103557771;;
2021;12;09;11;0;0.000143750626;0.000173010257;0.000169357230;;
2021;12;09;12;0;0.000142447745;0.000172469929;0.000149098074;;
2021;12;09;13;0;0.000140856297;0.000170726529;0.000174151167;;
2021;12;09;14;0;0.000148537117;0.000160886926;0.000163189579;;
2021;12;09;15;0;0.000150297944;0.000141933798;0.000169946222;;
2021;12;09;16;0;0.000143951986;0.000135707239;0.000140645087;;
2021;12;09;17;0;0.000139699784;0.000136471699;0.000146973754;;
2021;12;09;18;0;0.000145432496;0.000142173924;0.000136420389;;
2021;12;09;19;0;0.000166382892;0.000152767849;0.000139983669;;
2021;12;09;20;0;0.000179210929;0.000144284598;0.000147701015;;
2021;12;09;21;0;0.000191607630;0.000131110054;0.000143525998;;
2021;12;09;22;0;0.000194926954;0.000115105902;0.000126744527;;
2021;12;09;23;0;0.000181477744;0.000100200930;0.000096252240;;
2021;12;09;24;0;0.000152233946;0.000090022304;0.000080599070;;
2021;12;10;1;0;0.000121942034;0.000086959910;0.000053015323;;
2021;12;10;2;0;0.000099393260;0.000082488766;0.000036766542;;
2021;12;10;3;0;0.000086344051;0.000080761569;0.000028960773;;
2021;12;10;4;0;0.000079971168;0.000079749922;0.000023791619;;
2021;12;10;5;0;0.000077524851;0.000079750320;0.000015989502;;
2021;12;10;6;0;0.000079705018;0.000082832251;0.000014473996;;
2021;12;10;7;0;0.000090506066;0.000093242824;0.000020046676;;
2021;12;10;8;0;0.000115431489;0.000116638488;0.000032103165;;
2021;12;10;9;0;0.000130802777;0.000147596649;0.000065349351;;
2021;12;10;10;0;0.000137651395;0.000165431130;0.000134861778;;
2021;12;10;11;0;0.000144927440;0.000172981410;0.000147736276;;
2021;12;10;12;0;0.000143035365;0.000173128687;0.000124191155;;
2021;12;10;13;0;0.000140978311;0.000171509436;0.000117822378;;
2021;12;10;14;0;0.000148542384;0.000161069726;0.000142705891;;
2021;12;10;15;0;0.000150716279;0.000141327413;0.000104790852;;
2021;12;10;16;0;0.000144152115;0.000132049370;0.000125823519;;
2021;12;10;17;0;0.000140116546;0.000131198333;0.000126163138;;
2021;12;10;18;0;0.000144709135;0.000136798754;0.000145974272;;
2021;12;10;19;0;0.000163167059;0.000150152653;0.000111154151;;
2021;12;10;20;0;0.000172031607;0.000145237379;0.000119569774;;
2021;12;10;21;0;0.000180132931;0.000136551628;0.000116478507;;
2021;12;10;22;0;0.000183296387;0.000121849596;0.000096700240;;
2021;12;10;23;0;0.000174901837;0.000108506826;0.000102055637;;
2021;12;10;24;0;0.000152371390;0.000099078425;0.000085182395;;
2021;12;11;1;0;0.000126709229;0.000089434455;0.000049450164;;
2021;12;11;2;0;0.000105167065;0.000082908763;0.000040824976;;
2021;12;11;3;0;0.000091153210;0.000079846703;0.000041557031;;
2021;12;11;4;0;0.000083515250;0.000078573448;0.000037649194;;
2021;12;11;5;0;0.000079963089;0.000077904702;0.000031034880;;
2021;12;11;6;0;0.000080487152;0.000079232187;0.000027652542;;
2021;12;11;7;0;0.000084101579;0.000082399135;0.000022907854;;
2021;12;11;8;0;0.000093118612;0.000088198476;0.000029828963;;
2021;12;11;9;0;0.000107935652;0.000089916920;0.000024757736;;
2021;12;11;10;0;0.000132281581;0.000097999116;0.000033706425;;
2021;12;11;11;0;0.000148770691;0.000109586462;0.000053403565;;
2021;12;11;12;0;0.000150155785;0.000113703865;0.000071250823;;
2021;12;11;13;0;0.000146224164;0.000115242948;0.000106700814;;
2021;12;11;14;0;0.000152608972;0.000111183519;0.000116531918;;
2021;12;11;15;0;0.000154347555;0.000102211571;0.000117236635;;
2021;12;11;16;0;0.000143053621;0.000098141294;0.000110669403;;
2021;12;11;17;0;0.000134584877;0.000096654981;0.000092933016;;
2021;12;11;18;0;0.000135646936;0.000101576262;0.000092690010;;
2021;12;11;19;0;0.000153813478;0.000117170666;0.000095885537;;
2021;12;11;20;0;0.000160829923;0.000120218250;0.000104117358;;
2021;12;11;21;0;0.000168277507;0.000119676360;0.000072880480;;
2021;12;11;22;0;0.000173521464;0.000112025070;0.000088586250;;
2021;12;11;23;0;0.000168021052;0.000102832179;0.000080267857;;
2021;12;11;24;0;0.000150198028;0.000095224545;0.000057777669;;
2021;12;12;1;0;0.000126463666;0.000085909284;0.000038398839;;
2021;12;12;2;0;0.000106646131;0.000080017050;0.000033594333;;
2021;12;12;3;0;0.000092182988;0.000077453108;0.000024911217;;
2021;12;12;4;0;0.000083171221;0.000076098745;0.000018162756;;
2021;12;12;5;0;0.000078889402;0.000075363640;0.000028559834;;
2021;12;12;6;0;0.000078515992;0.000076334297;0.000032827405;;
2021;12;12;7;0;0.000080776652;0.000078962008;0.000032856154;;
2021;12;12;8;0;0.000086513516;0.000081431605;0.000020252995;;
2021;12;12;9;0;0.000095976063;0.000076928427;0.000022273897;;
2021;12;12;10;0;0.000118746973;0.000078934985;0.000018493372;;
2021;12;12;11;0;0.000139743945;0.000085675196;0.000043855276;;
2021;12;12;12;0;0.000146907926;0.000090331443;0.000062398536;;
2021;12;12;13;0;0.000145057714;0.000093451605;0.000090040085;;
2021;12;12;14;0;0.000150397375;0.000093461974;0.000117317196;;
2021;12;12;15;0;0.000150369992;0.000089503347;0.000092250395;;
2021;12;12;16;0;0.000136312397;0.000085786195;0.000092600459;;
2021;12;12;17;0;0.000129009281;0.000083059319;0.000088881660;;
2021;12;12;18;0;0.000131687976;0.000085037599;0.000087250563;;
2021;12;12;19;0;0.000153797211;0.000099545598;0.000096059669;;
2021;12;12;20;0;0.000165177548;0.000102248989;0.000086076918;;
2021;12;12;21;0;0.000176424284;0.000101408408;0.000090158465;;
2021;12;12;22;0;0.000179401986;0.000097529374;0.000073895696;;
2021;12;12;23;0;0.000168141894;0.000090812880;0.000074372595;;
2021;12;12;24;0;0.000144730740;0.000084619281;0.000048401884;;
2021;12;13;1;0;0.000116404166;0.000080808762;0.000059485901;;
2021;12;13;2;0;0.000095391878;0.000077339720;0.000032836193;;
2021;12;13;3;0;0.000083786101;0.000076274782;0.000025182667;;
2021;12;13;4;0;0.000078148576;0.000075832852;0.000022228594;;
2021;12;13;5;0;0.000076262923;0.000076211978;0.000011999289;;
2021;12;13;6;0;0.000078455991;0.000079092485;0.000019245303;;
2021;12;13;7;0;0.000089637957;0.000089828412;0.000032440983;;
2021;12;13;8;0;0.000114567381;0.000111382310;0.000025930028;;
2021;12;13;9;0;0.000129272939;0.000141687168;0.000066167550;;
2021;12;13;10;0;0.000136514611;0.000161426489;0.000088268508;;
2021;12;13;11;0;0.000144208949;0.000168393721;0.000151174429;;
2021;12;13;12;0;0.000143185687;0.000168083307;0.000160373422;;
2021;12;13;13;0;0.000141345896;0.000166040619;0.000176038776;;
2021;12;13;14;0;0.000148187326;0.000155824941;0.000148504845;;
2021;12;13;15;0;0.000150119716;0.000137966006;0.000159204710;;
2021;12;13;16;0;0.000143338745;0.000131417297;0.000141744769;;
2021;12;13;17;0;0.000139223908;0.000131749923;0.000151526580;;
2021;12;13;18;0;0.000145217387;0.000136854698;0.000140903604;;
2021;12;13;19;0;0.000167474096;0.000146601125;0.000138412402;;
2021;12;13;20;0;0.000182015010;0.000138577291;0.000136427130;;
2021;12;13;21;0;0.000194854238;0.000125717724;0.000152804475;;
2021;12;13;22;0;0.000196803008;0.000111139621;0.000131246352;;
2021;12;13;23;0;0.000180634469;0.000097303930;0.000127549532;;
2021;12;13;24;0;0.000151378723;0.000088344477;0.000069149303;;
2021;12;14;1;0;0.000120473200;0.000083531568;0.000061589297;;
2021;12;14;2;0;0.000097991757;0.000079758218;0.000046240232;;
2021;12;14;3;0;0.000085649153;0.000078245076;0.000027376228;;
2021;12;14;4;0;0.000079700435;0.000077355177;0.000030353552;;
2021;12;14;5;0;0.000077619856;0.000077671704;0.000018941579;;
2021;12;14;6;0;0.000079968152;0.000080546596;0.000022234015;;
2021;12;14;7;0;0.000091361395;0.000091332522;0.000027699759;;
2021;12;14;8;0;0.000117566911;0.000114500990;0.000038039511;;
2021;12;14;9;0;0.000132083455;0.000146854301;0.000058057521;;
2021;12;14;10;0;0.000137198141;0.000166237493;0.000104040372;;
2021;12;14;11;0;0.000143746452;0.000173604523;0.000170146470;;
2021;12;14;12;0;0.000142270407;0.000172973118;0.000149792902;;
2021;12;14;13;0;0.000140258363;0.000171005870;0.000174962748;;
2021;12;14;14;0;0.000147313542;0.000160874055;0.000163950076;;
2021;12;14;15;0;0.000149159203;0.000141961014;0.000170738207;;
2021;12;14;16;0;0.000142469925;0.000135574317;0.000141300523;;
2021;12;14;17;0;0.000138183358;0.000136307145;0.000147658682;;
2021;12;14;18;0;0.000143991006;0.000142062998;0.000137056137;;
2021;12;14;19;0;0.000165389032;0.000152904690;0.000140636022;;
2021;12;14;20;0;0.000179041887;0.000144723153;0.000148389332;;
2021;12;14;21;0;0.000191917949;0.000131651425;0.000144194859;;
2021;12;14;22;0;0.000195250784;0.000115582975;0.000127335182;;
2021;12;14;23;0;0.000181800417;0.000100621358;0.000096700796;;
2021;12;14;24;0;0.000152674133;0.000090443024;0.000080974679;;
2021;12;15;1;0;0.000121345285;0.000083948797;0.000061755364;;
2021;12;15;2;0;0.000098428905;0.000080061942;0.000046364912;;
2021;12;15;3;0;0.000086156147;0.000078591850;0.000027450044;;
2021;12;15;4;0;0.000080191298;0.000077705850;0.000030435396;;
2021;12;15;5;0;0.000077956781;0.000077963281;0.000018992652;;
2021;12;15;6;0;0.000080422509;0.000080894516;0.000022293966;;
2021;12;15;7;0;0.000091750985;0.000091671879;0.000027774447;;
2021;12;15;8;0;0.000117994249;0.000114896148;0.000038142079;;
2021;12;15;9;0;0.000132222313;0.000147199398;0.000058214065;;
2021;12;15;10;0;0.000137386318;0.000166651182;0.000104320902;;
2021;12;15;11;0;0.000143996989;0.000174063993;0.000170605246;;
2021;12;15;12;0;0.000142248120;0.000173291769;0.000150196797;;
2021;12;15;13;0;0.000140427151;0.000171419433;0.000175434509;;
2021;12;15;14;0;0.000147824201;0.000161417329;0.000164392144;;
2021;12;15;15;0;0.000149563604;0.000142395018;0.000171198578;;
2021;12;15;16;0;0.000142770502;0.000135954171;0.000141681519;;
2021;12;15;17;0;0.000138413670;0.000136663523;0.000148056823;;
2021;12;15;18;0;0.000144308266;0.000142466768;0.000137425689;;
2021;12;15;19;0;0.000165822419;0.000153366230;0.000141015227;;
2021;12;15;20;0;0.000179271267;0.000145077704;0.000148789443;;
2021;12;15;21;0;0.000191848020;0.000131881419;0.000144583660;;
2021;12;15;22;0;0.000195356700;0.000115829403;0.000127678523;;
2021;12;15;23;0;0.000181869758;0.000100829048;0.000096961535;;
2021;12;15;24;0;0.000152965594;0.000090688656;0.000081193015;;
2021;12;16;1;0;0.000121007589;0.000083821683;0.000061709496;;
2021;12;16;2;0;0.000098173668;0.000079947217;0.000046330475;;
2021;12;16;3;0;0.000085894428;0.000078464241;0.000027429656;;
2021;12;16;4;0;0.000079865334;0.000077545502;0.000030412791;;
2021;12;16;5;0;0.000077753857;0.000077851404;0.000018978546;;
2021;12;16;6;0;0.000080386154;0.000080852746;0.000022277407;;
2021;12;16;7;0;0.000091440364;0.000091510361;0.000027753818;;
2021;12;16;8;0;0.000117420902;0.000114620993;0.000038113749;;
2021;12;16;9;0;0.000130104910;0.000146147898;0.000058170827;;
2021;12;16;10;0;0.000134479064;0.000165101390;0.000104243418;;
2021;12;16;11;0;0.000142410217;0.000173194882;0.000170478530;;
2021;12;16;12;0;0.000142823781;0.000173531682;0.000150085240;;
2021;12;16;13;0;0.000140958754;0.000171638009;0.000175304207;;
2021;12;16;14;0;0.000148536904;0.000161694627;0.000164270042;;
2021;12;16;15;0;0.000150349417;0.000142666478;0.000171071421;;
2021;12;16;16;0;0.000143672747;0.000136274574;0.000141576286;;
2021;12;16;17;0;0.000139348139;0.000137009488;0.000147946854;;
2021;12;16;18;0;0.000144988959;0.000142703821;0.000137323617;;
2021;12;16;19;0;0.000166299068;0.000153502865;0.000140910488;;
2021;12;16;20;0;0.000179716667;0.000145183462;0.000148678931;;
2021;12;16;21;0;0.000191917970;0.000131859110;0.000144476271;;
2021;12;16;22;0;0.000195603520;0.000115854331;0.000127583691;;
2021;12;16;23;0;0.000182137680;0.000100859660;0.000096889518;;
2021;12;16;24;0;0.000153189883;0.000090715867;0.000081132710;;
2021;12;17;1;0;0.000123138705;0.000087866857;0.000053494903;;
2021;12;17;2;0;0.000100679605;0.000083459181;0.000037099135;;
2021;12;17;3;0;0.000087501457;0.000081727566;0.000029222754;;
2021;12;17;4;0;0.000081097558;0.000080726727;0.000024006840;;
2021;12;17;5;0;0.000078726565;0.000080774419;0.000016134144;;
2021;12;17;6;0;0.000080796434;0.000083831294;0.000014604928;;
2021;12;17;7;0;0.000091495661;0.000094258602;0.000020228019;;
2021;12;17;8;0;0.000116616793;0.000117877107;0.000032393573;;
2021;12;17;9;0;0.000132519167;0.000149342984;0.000065940506;;
2021;12;17;10;0;0.000139635217;0.000167477591;0.000136081748;;
2021;12;17;11;0;0.000146815824;0.000175020497;0.000149072710;;
2021;12;17;12;0;0.000144786316;0.000175111634;0.000125314598;;
2021;12;17;13;0;0.000142230354;0.000173229630;0.000118888208;;
2021;12;17;14;0;0.000149402505;0.000162473071;0.000143996820;;
2021;12;17;15;0;0.000151221163;0.000142410631;0.000105738798;;
2021;12;17;16;0;0.000144242047;0.000132907248;0.000126961729;;
2021;12;17;17;0;0.000140076414;0.000132000489;0.000127304420;;
2021;12;17;18;0;0.000145012959;0.000137776112;0.000147294766;;
2021;12;17;19;0;0.000163785882;0.000151333533;0.000112159660;;
2021;12;17;20;0;0.000172843718;0.000146436918;0.000120651412;;
2021;12;17;21;0;0.000180872378;0.000137643028;0.000117532181;;
2021;12;17;22;0;0.000184251098;0.000122880731;0.000097574998;;
2021;12;17;23;0;0.000175986676;0.000109471289;0.000102978840;;
2021;12;17;24;0;0.000153456170;0.000099997868;0.000085952961;;
2021;12;18;1;0;0.000127835277;0.000090746635;0.000050199250;;
2021;12;18;2;0;0.000106067576;0.000084113437;0.000041443406;;
2021;12;18;3;0;0.000091663042;0.000080904556;0.000042186550;;
2021;12;18;4;0;0.000083848085;0.000079560318;0.000038219516;;
2021;12;18;5;0;0.000080427600;0.000078944921;0.000031505006;;
2021;12;18;6;0;0.000081011485;0.000080314852;0.000028071432;;
2021;12;18;7;0;0.000084585862;0.000083499205;0.000023254869;;
2021;12;18;8;0;0.000094020327;0.000089524034;0.000030280822;;
2021;12;18;9;0;0.000109405875;0.000091418995;0.000025132774;;
2021;12;18;10;0;0.000134160186;0.000099660273;0.000034217020;;
2021;12;18;11;0;0.000151106745;0.000111514047;0.000054212538;;
2021;12;18;12;0;0.000152619724;0.000115738162;0.000072330152;;
2021;12;18;13;0;0.000148452185;0.000117247492;0.000108317151;;
2021;12;18;14;0;0.000155145026;0.000113183151;0.000118297180;;
2021;12;18;15;0;0.000157030752;0.000104083779;0.000119012572;;
2021;12;18;16;0;0.000145865109;0.000100033930;0.000112345857;;
2021;12;18;17;0;0.000137449692;0.000098584870;0.000094340794;;
2021;12;18;18;0;0.000138492976;0.000103589032;0.000094094107;;
2021;12;18;19;0;0.000156261182;0.000119241987;0.000097338041;;
2021;12;18;20;0;0.000162852175;0.000122173161;0.000105694561;;
2021;12;18;21;0;0.000170209853;0.000121566927;0.000073984496;;
2021;12;18;22;0;0.000175344697;0.000113747988;0.000089928182;;
2021;12;18;23;0;0.000169783519;0.000104412986;0.000081483779;;
2021;12;18;24;0;0.000151332518;0.000096568803;0.000058652903;;
2021;12;19;1;0;0.000126899756;0.000087067235;0.000039027594;;
2021;12;19;2;0;0.000106987416;0.000081086731;0.000034144418;;
2021;12;19;3;0;0.000092223105;0.000078396255;0.000025319121;;
2021;12;19;4;0;0.000083445626;0.000077119927;0.000018460158;;
2021;12;19;5;0;0.000079078616;0.000076346435;0.000029027482;;
2021;12;19;6;0;0.000078951474;0.000077433872;0.000033364932;;
2021;12;19;7;0;0.000081317272;0.000080138827;0.000033394152;;
2021;12;19;8;0;0.000087051082;0.000082628993;0.000020584624;;
2021;12;19;9;0;0.000096848961;0.000078154969;0.000022638617;;
2021;12;19;10;0;0.000120251224;0.000080312884;0.000018796188;;
2021;12;19;11;0;0.000142114174;0.000087326316;0.000044573376;;
2021;12;19;12;0;0.000149559433;0.000092113940;0.000063420270;;
2021;12;19;13;0;0.000148211482;0.000095441877;0.000091514431;;
2021;12;19;14;0;0.000153600534;0.000095436122;0.000119238186;;
2021;12;19;15;0;0.000153618521;0.000091407405;0.000093760933;;
2021;12;19;16;0;0.000139147012;0.000087581238;0.000094116729;;
2021;12;19;17;0;0.000131904934;0.000084854830;0.000090337037;;
2021;12;19;18;0;0.000134622749;0.000086867799;0.000088679232;;
2021;12;19;19;0;0.000156546011;0.000101503454;0.000097632581;;
2021;12;19;20;0;0.000168165892;0.000104270124;0.000087486369;;
2021;12;19;21;0;0.000178617842;0.000103167956;0.000091634749;;
2021;12;19;22;0;0.000181947968;0.000099295268;0.000075105688;;
2021;12;19;23;0;0.000170225466;0.000092386899;0.000075590396;;
2021;12;19;24;0;0.000146540999;0.000086090224;0.000049194432;;
2021;12;20;1;0;0.000117724214;0.000082097528;0.000060435493;;
2021;12;20;2;0;0.000096610088;0.000078620264;0.000033360367;;
2021;12;20;3;0;0.000084734123;0.000077490278;0.000025584666;;
2021;12;20;4;0;0.000078782895;0.000076937566;0.000022583436;;
2021;12;20;5;0;0.000076820385;0.000077296072;0.000012190837;;
2021;12;20;6;0;0.000079190610;0.000080287759;0.000019552522;;
2021;12;20;7;0;0.000090250108;0.000091088839;0.000032958849;;
2021;12;20;8;0;0.000115266729;0.000112908432;0.000026343957;;
2021;12;20;9;0;0.000130566234;0.000143865064;0.000067223803;;
2021;12;20;10;0;0.000138589837;0.000164266456;0.000089677566;;
2021;12;20;11;0;0.000146768650;0.000171538530;0.000153587674;;
2021;12;20;12;0;0.000145662263;0.000171189781;0.000162933514;;
2021;12;20;13;0;0.000144066551;0.000169247465;0.000178848938;;
2021;12;20;14;0;0.000151447825;0.000159017219;0.000150875475;;
2021;12;20;15;0;0.000153404802;0.000140785966;0.000161746145;;
2021;12;20;16;0;0.000146213134;0.000134001053;0.000144007485;;
2021;12;20;17;0;0.000141835640;0.000134267539;0.000153945447;;
2021;12;20;18;0;0.000147796337;0.000139410932;0.000143152893;;
2021;12;20;19;0;0.000169814737;0.000149103758;0.000140621923;;
2021;12;20;20;0;0.000184189584;0.000140823209;0.000138604959;;
2021;12;20;21;0;0.000197018763;0.000127709817;0.000155243741;;
2021;12;20;22;0;0.000198691803;0.000112828208;0.000133341479;;
2021;12;20;23;0;0.000182161206;0.000098734663;0.000129585645;;
2021;12;20;24;0;0.000152957134;0.000089718636;0.000070253155;;
2021;12;21;1;0;0.000119599855;0.000082524111;0.000060824219;;
2021;12;21;2;0;0.000097152446;0.000078751652;0.000045665824;;
2021;12;21;3;0;0.000084592674;0.000077131658;0.000027036154;;
2021;12;21;4;0;0.000078716108;0.000076253956;0.000029976493;;
2021;12;21;5;0;0.000076667161;0.000076568600;0.000018706282;;
2021;12;21;6;0;0.000078929175;0.000079378467;0.000021957818;;
2021;12;21;7;0;0.000089969031;0.000089921401;0.000027355665;;
2021;12;21;8;0;0.000115413121;0.000112581039;0.000037566974;;
2021;12;21;9;0;0.000129893575;0.000144500248;0.000057336315;;
2021;12;21;10;0;0.000135648215;0.000163946034;0.000102747955;;
2021;12;21;11;0;0.000142723952;0.000171518364;0.000168032866;;
2021;12;21;12;0;0.000141116339;0.000170821499;0.000147932136;;
2021;12;21;13;0;0.000139217303;0.000168928431;0.000172789315;;
2021;12;21;14;0;0.000146865158;0.000159217292;0.000161913445;;
2021;12;21;15;0;0.000148707203;0.000140500895;0.000168617252;;
2021;12;21;16;0;0.000141768368;0.000134071087;0.000139545251;;
2021;12;21;17;0;0.000137438218;0.000134768099;0.000145824428;;
2021;12;21;18;0;0.000142761003;0.000140269693;0.000135353590;;
2021;12;21;19;0;0.000163207905;0.000150675099;0.000138889004;;
2021;12;21;20;0;0.000176389127;0.000142512641;0.000146546001;;
2021;12;21;21;0;0.000188910332;0.000129591999;0.000142403633;;
2021;12;21;22;0;0.000192714463;0.000113906324;0.000125753391;;
2021;12;21;23;0;0.000179401973;0.000099153162;0.000095499553;;
2021;12;21;24;0;0.000150897729;0.000089183266;0.000079968790;;
2021;12;22;1;0;0.000118249155;0.000081012088;0.000059688976;;
2021;12;22;2;0;0.000095646120;0.000077167315;0.000044813502;;
2021;12;22;3;0;0.000083510708;0.000075669014;0.000026531542;;
2021;12;22;4;0;0.000077589187;0.000074758392;0.000029417002;;
2021;12;22;5;0;0.000075540126;0.000075054305;0.000018357142;;
2021;12;22;6;0;0.000077709241;0.000077783076;0.000021547990;;
2021;12;22;7;0;0.000088444667;0.000088057813;0.000026845090;;
2021;12;22;8;0;0.000113226737;0.000110152577;0.000036865812;;
2021;12;22;9;0;0.000127436858;0.000141384863;0.000056266172;;
2021;12;22;10;0;0.000133514751;0.000160632141;0.000100830234;;
2021;12;22;11;0;0.000140729589;0.000168178545;0.000164896647;;
2021;12;22;12;0;0.000139430563;0.000167641290;0.000145171083;;
2021;12;22;13;0;0.000137705246;0.000165860873;0.000169564319;;
2021;12;22;14;0;0.000144980755;0.000156194295;0.000158891440;;
2021;12;22;15;0;0.000146527217;0.000137724607;0.000165470125;;
2021;12;22;16;0;0.000139537907;0.000131360764;0.000136940733;;
2021;12;22;17;0;0.000135303158;0.000132054996;0.000143102713;;
2021;12;22;18;0;0.000140737412;0.000137526043;0.000132827307;;
2021;12;22;19;0;0.000161093203;0.000147805099;0.000136296735;;
2021;12;22;20;0;0.000173570072;0.000139616726;0.000143810820;;
2021;12;22;21;0;0.000185186102;0.000126754143;0.000139745766;;
2021;12;22;22;0;0.000188636426;0.000111341457;0.000123406290;;
2021;12;22;23;0;0.000175670663;0.000096935944;0.000093717119;;
2021;12;22;24;0;0.000147712897;0.000087177495;0.000078476227;;
2021;12;23;1;0;0.000114509526;0.000077411877;0.000057114819;;
2021;12;23;2;0;0.000092655044;0.000073749302;0.000042880867;;
2021;12;23;3;0;0.000080933460;0.000072330310;0.000025387338;;
2021;12;23;4;0;0.000075127527;0.000071432194;0.000028148359;;
2021;12;23;5;0;0.000073021033;0.000071663276;0.000017565468;;
2021;12;23;6;0;0.000074939412;0.000074193143;0.000020618708;;
2021;12;23;7;0;0.000085099955;0.000083913529;0.000025687364;;
2021;12;23;8;0;0.000108355381;0.000104728143;0.000035275930;;
2021;12;23;9;0;0.000121712232;0.000134309294;0.000053839627;;
2021;12;23;10;0;0.000128187497;0.000152931500;0.000096481811;;
2021;12;23;11;0;0.000135662339;0.000160390973;0.000157785284;;
2021;12;23;12;0;0.000134537357;0.000159942945;0.000138910408;;
2021;12;23;13;0;0.000133023803;0.000158321016;0.000162251658;;
2021;12;23;14;0;0.000140496272;0.000149296030;0.000152039059;;
2021;12;23;15;0;0.000142423291;0.000131812465;0.000158334031;;
2021;12;23;16;0;0.000135184028;0.000125544043;0.000131035002;;
2021;12;23;17;0;0.000130644477;0.000126027575;0.000136931240;;
2021;12;23;18;0;0.000135540842;0.000131104933;0.000127098972;;
2021;12;23;19;0;0.000154533623;0.000140669046;0.000130418777;;
2021;12;23;20;0;0.000166099033;0.000132739998;0.000137608808;;
2021;12;23;21;0;0.000177265334;0.000120525164;0.000133719065;;
2021;12;23;22;0;0.000180880395;0.000105946669;0.000118084248;;
2021;12;23;23;0;0.000168738036;0.000092306552;0.000089675457;;
2021;12;23;24;0;0.000142450141;0.000083154523;0.000075091847;;
2021;12;24;1;0;0.000107286093;0.000070605734;0.000042885407;;
2021;12;24;2;0;0.000087295889;0.000066923293;0.000029741366;;
2021;12;24;3;0;0.000075242263;0.000065297512;0.000023427086;;
2021;12;24;4;0;0.000069107030;0.000064243933;0.000019245630;;
2021;12;24;5;0;0.000066625869;0.000064089309;0.000012934304;;
2021;12;24;6;0;0.000067959913;0.000066337616;0.000011708373;;
2021;12;24;7;0;0.000075166351;0.000073849272;0.000016216252;;
2021;12;24;8;0;0.000093793984;0.000091532860;0.000025969045;;
2021;12;24;9;0;0.000106272026;0.000115822250;0.000052862708;;
2021;12;24;10;0;0.000114387064;0.000131053375;0.000109093031;;
2021;12;24;11;0;0.000121851676;0.000137714163;0.000119507531;;
2021;12;24;12;0;0.000121019716;0.000138200420;0.000100461300;;
2021;12;24;13;0;0.000119090052;0.000136816715;0.000095309439;;
2021;12;24;14;0;0.000125193198;0.000128364653;0.000115438329;;
2021;12;24;15;0;0.000126845901;0.000112563833;0.000084767915;;
2021;12;24;16;0;0.000120053620;0.000104703066;0.000101781760;;
2021;12;24;17;0;0.000116075604;0.000103794807;0.000102056487;;
2021;12;24;18;0;0.000119736521;0.000108172798;0.000118082203;;
2021;12;24;19;0;0.000136377464;0.000119239991;0.000089915345;;
2021;12;24;20;0;0.000143657618;0.000115292707;0.000096722951;;
2021;12;24;21;0;0.000148906931;0.000107932735;0.000094222349;;
2021;12;24;22;0;0.000149794902;0.000095846774;0.000078223219;;
2021;12;24;23;0;0.000141229022;0.000084925453;0.000082555332;;
2021;12;24;24;0;0.000124705626;0.000077985587;0.000068906148;;
2021;12;25;1;0;0.000108797465;0.000070782109;0.000032114844;;
2021;12;25;2;0;0.000092386920;0.000066124489;0.000028096599;;
2021;12;25;3;0;0.000079366510;0.000063835985;0.000020834480;;
2021;12;25;4;0;0.000071103845;0.000062530421;0.000015190409;;
2021;12;25;5;0;0.000067259042;0.000061854563;0.000023885998;;
2021;12;25;6;0;0.000066964914;0.000062661644;0.000027455179;;
2021;12;25;7;0;0.000068631256;0.000064715185;0.000027479223;;
2021;12;25;8;0;0.000073146496;0.000066602419;0.000016938579;;
2021;12;25;9;0;0.000080862641;0.000062830330;0.000018628759;;
2021;12;25;10;0;0.000100197991;0.000064510503;0.000015466919;;
2021;12;25;11;0;0.000119480369;0.000070405225;0.000036678331;;
2021;12;25;12;0;0.000127884714;0.000074797304;0.000052186975;;
2021;12;25;13;0;0.000127725506;0.000077758777;0.000075304966;;
2021;12;25;14;0;0.000132728328;0.000077846297;0.000098118160;;
2021;12;25;15;0;0.000131707151;0.000074312006;0.000077153557;;
2021;12;25;16;0;0.000117621019;0.000070770432;0.000077446333;;
2021;12;25;17;0;0.000111230978;0.000068497415;0.000074336118;;
2021;12;25;18;0;0.000113531988;0.000070126026;0.000072971951;;
2021;12;25;19;0;0.000131914007;0.000081912284;0.000080339441;;
2021;12;25;20;0;0.000140966023;0.000083957974;0.000071990374;;
2021;12;25;21;0;0.000149649014;0.000083050931;0.000075403973;;
2021;12;25;22;0;0.000153333596;0.000080131459;0.000061802616;;
2021;12;25;23;0;0.000144836571;0.000074862744;0.000062201471;;
2021;12;25;24;0;0.000125611965;0.000069982152;0.000040480883;;
2021;12;26;1;0;0.000111023472;0.000074551192;0.000034026057;;
2021;12;26;2;0;0.000092976256;0.000069233678;0.000029768679;;
2021;12;26;3;0;0.000080333499;0.000067003668;0.000022074378;;
2021;12;26;4;0;0.000072668798;0.000065905687;0.000016094418;;
2021;12;26;5;0;0.000069036033;0.000065313836;0.000025307498;;
2021;12;26;6;0;0.000069016458;0.000066281945;0.000029089087;;
2021;12;26;7;0;0.000071541395;0.000068783226;0.000029114562;;
2021;12;26;8;0;0.000076942077;0.000071059635;0.000017946625;;
2021;12;26;9;0;0.000085453910;0.000067164193;0.000019737391;;
2021;12;26;10;0;0.000105992447;0.000068988644;0.000016387384;;
2021;12;26;11;0;0.000126154972;0.000075236254;0.000038861126;;
2021;12;26;12;0;0.000134269621;0.000079740836;0.000055292717;;
2021;12;26;13;0;0.000133613140;0.000082769041;0.000079786503;;
2021;12;26;14;0;0.000139541639;0.000083039851;0.000103957351;;
2021;12;26;15;0;0.000139378686;0.000079494662;0.000081745107;;
2021;12;26;16;0;0.000125775367;0.000076042828;0.000082055306;;
2021;12;26;17;0;0.000118608860;0.000073509556;0.000078759997;;
2021;12;26;18;0;0.000120866563;0.000075201553;0.000077314646;;
2021;12;26;19;0;0.000140174066;0.000087772640;0.000085120589;;
2021;12;26;20;0;0.000149673407;0.000089934081;0.000076274653;;
2021;12;26;21;0;0.000159161760;0.000089027957;0.000079891401;;
2021;12;26;22;0;0.000162347345;0.000085735766;0.000065480603;;
2021;12;26;23;0;0.000151838481;0.000079759517;0.000065903194;;
2021;12;26;24;0;0.000130753706;0.000074333361;0.000042889975;;
2021;12;27;1;0;0.000103454756;0.000068231714;0.000050425109;;
2021;12;27;2;0;0.000084340560;0.000065157447;0.000027834640;;
2021;12;27;3;0;0.000073748983;0.000064137515;0.000021346886;;
2021;12;27;4;0;0.000068362666;0.000063597651;0.000018842772;;
2021;12;27;5;0;0.000066366076;0.000063773408;0.000010171577;;
2021;12;27;6;0;0.000068196286;0.000066151443;0.000016313891;;
2021;12;27;7;0;0.000076916338;0.000074722099;0.000027499628;;
2021;12;27;8;0;0.000096652629;0.000091987136;0.000021980410;;
2021;12;27;9;0;0.000109127727;0.000117045717;0.000056089021;;
2021;12;27;10;0;0.000117072634;0.000134246307;0.000074823599;;
2021;12;27;11;0;0.000124855612;0.000140605560;0.000128147797;;
2021;12;27;12;0;0.000124320500;0.000140514324;0.000135945615;;
2021;12;27;13;0;0.000123165113;0.000139018462;0.000149224849;;
2021;12;27;14;0;0.000130078823;0.000130874050;0.000125884839;;
2021;12;27;15;0;0.000132459354;0.000116132237;0.000134954919;;
2021;12;27;16;0;0.000125549886;0.000110273008;0.000120154447;;
2021;12;27;17;0;0.000121295578;0.000110300650;0.000128446309;;
2021;12;27;18;0;0.000126121228;0.000114421925;0.000119441406;;
2021;12;27;19;0;0.000145600452;0.000122624012;0.000117329660;;
2021;12;27;20;0;0.000158049129;0.000115852479;0.000115646781;;
2021;12;27;21;0;0.000168823823;0.000105002615;0.000129529557;;
2021;12;27;22;0;0.000171181789;0.000092981796;0.000111255131;;
2021;12;27;23;0;0.000157341186;0.000081455939;0.000108121404;;
2021;12;27;24;0;0.000132232316;0.000074045076;0.000058616599;;
2021;12;28;1;0;0.000104692226;0.000068937882;0.000051280375;;
2021;12;28;2;0;0.000085042273;0.000065786665;0.000038500462;;
2021;12;28;3;0;0.000074117371;0.000064458379;0.000022793948;;
2021;12;28;4;0;0.000068776881;0.000063648454;0.000025272923;;
2021;12;28;5;0;0.000066733091;0.000063806909;0.000015771105;;
2021;12;28;6;0;0.000068655611;0.000066128502;0.000018512447;;
2021;12;28;7;0;0.000077655010;0.000074666169;0.000023063326;;
2021;12;28;8;0;0.000098233938;0.000092931932;0.000031672392;;
2021;12;28;9;0;0.000110009405;0.000119029664;0.000048339753;;
2021;12;28;10;0;0.000115872791;0.000135536607;0.000086625915;;
2021;12;28;11;0;0.000122715042;0.000142187060;0.000141667061;;
2021;12;28;12;0;0.000121646335;0.000141764362;0.000124720308;;
2021;12;28;13;0;0.000120207627;0.000140291285;0.000145677182;;
2021;12;28;14;0;0.000127318601;0.000132450745;0.000136507830;;
2021;12;28;15;0;0.000129192871;0.000116988346;0.000142159752;;
2021;12;28;16;0;0.000122365101;0.000111325094;0.000117649398;;
2021;12;28;17;0;0.000118146855;0.000111711900;0.000122943318;;
2021;12;28;18;0;0.000122738238;0.000116280155;0.000114115445;;
2021;12;28;19;0;0.000141403827;0.000125313148;0.000117096122;;
2021;12;28;20;0;0.000153185563;0.000118643509;0.000123551671;;
2021;12;28;21;0;0.000164396011;0.000107981475;0.000120059276;;
2021;12;28;22;0;0.000168143571;0.000095017932;0.000106021600;;
2021;12;28;23;0;0.000156720578;0.000082754336;0.000080514850;;
2021;12;28;24;0;0.000131882873;0.000074448351;0.000067420998;;
2021;12;29;1;0;0.000104335389;0.000068358383;0.000050773100;;
2021;12;29;2;0;0.000084393732;0.000065114288;0.000038119609;;
2021;12;29;3;0;0.000073645644;0.000063834461;0.000022568466;;
2021;12;29;4;0;0.000068358422;0.000063039892;0.000025022918;;
2021;12;29;5;0;0.000066339537;0.000063201681;0.000015615094;;
2021;12;29;6;0;0.000068192700;0.000065477081;0.000018329319;;
2021;12;29;7;0;0.000077199940;0.000073957963;0.000022835179;;
2021;12;29;8;0;0.000097701127;0.000092066965;0.000031359083;;
2021;12;29;9;0;0.000109619056;0.000118014980;0.000047861568;;
2021;12;29;10;0;0.000115187633;0.000134247632;0.000085768996;;
2021;12;29;11;0;0.000121268406;0.000140483046;0.000140265665;;
2021;12;29;12;0;0.000119953227;0.000139937894;0.000123486553;;
2021;12;29;13;0;0.000118345707;0.000138390301;0.000144236117;;
2021;12;29;14;0;0.000124938250;0.000130473411;0.000135157470;;
2021;12;29;15;0;0.000126559799;0.000115155980;0.000140753482;;
2021;12;29;16;0;0.000119835999;0.000109570776;0.000116485589;;
2021;12;29;17;0;0.000116329394;0.000110203550;0.000121727140;;
2021;12;29;18;0;0.000121782613;0.000115082860;0.000112986594;;
2021;12;29;19;0;0.000140967371;0.000124271504;0.000115937786;;
2021;12;29;20;0;0.000152841265;0.000117700348;0.000122329475;;
2021;12;29;21;0;0.000163712746;0.000107036597;0.000118871627;;
2021;12;29;22;0;0.000167508258;0.000094202639;0.000104972815;;
2021;12;29;23;0;0.000156297676;0.000082082382;0.000079718382;;
2021;12;29;24;0;0.000131743616;0.000073895983;0.000066754057;;
2021;12;30;1;0;0.000104299578;0.000068321824;0.000050740431;;
2021;12;30;2;0;0.000084475487;0.000065116345;0.000038095082;;
2021;12;30;3;0;0.000073364957;0.000063704846;0.000022553945;;
2021;12;30;4;0;0.000068165801;0.000062939017;0.000025006818;;
2021;12;30;5;0;0.000066232776;0.000063133498;0.000015605047;;
2021;12;30;6;0;0.000068108694;0.000065417140;0.000018317525;;
2021;12;30;7;0;0.000077072511;0.000073877293;0.000022820486;;
2021;12;30;8;0;0.000097641924;0.000092007181;0.000031338906;;
2021;12;30;9;0;0.000109622926;0.000117970171;0.000047830772;;
2021;12;30;10;0;0.000115191652;0.000134196730;0.000085713810;;
2021;12;30;11;0;0.000121180481;0.000140384777;0.000140175414;;
2021;12;30;12;0;0.000119556602;0.000139687685;0.000123407098;;
2021;12;30;13;0;0.000117888393;0.000138110275;0.000144143311;;
2021;12;30;14;0;0.000125057529;0.000130474898;0.000135070505;;
2021;12;30;15;0;0.000126680757;0.000115157550;0.000140662917;;
2021;12;30;16;0;0.000119748660;0.000109493956;0.000116410638;;
2021;12;30;17;0;0.000116093828;0.000110066109;0.000121648817;;
2021;12;30;18;0;0.000121508119;0.000114928256;0.000112913895;;
2021;12;30;19;0;0.000141138040;0.000124286611;0.000115863189;;
2021;12;30;20;0;0.000152834318;0.000117652058;0.000122250765;;
2021;12;30;21;0;0.000163652319;0.000106977972;0.000118795142;;
2021;12;30;22;0;0.000167603807;0.000094189086;0.000104905273;;
2021;12;30;23;0;0.000156738297;0.000082149827;0.000079667089;;
2021;12;30;24;0;0.000131732091;0.000073864508;0.000066711105;;
2021;12;31;1;0;0.000102955812;0.000067365597;0.000041171162;;
2021;12;31;2;0;0.000083837109;0.000063873976;0.000028552524;;
2021;12;31;3;0;0.000072241769;0.000062315739;0.000022490643;;
2021;12;31;4;0;0.000066768667;0.000061477761;0.000018476330;;
2021;12;31;5;0;0.000064625843;0.000061434055;0.000012417285;;
2021;12;31;6;0;0.000065870936;0.000063567856;0.000011240358;;
2021;12;31;7;0;0.000073099423;0.000070863455;0.000015568045;;
2021;12;31;8;0;0.000090920921;0.000087712144;0.000024930993;;
2021;12;31;9;0;0.000102705707;0.000110847604;0.000050749643;;
2021;12;31;10;0;0.000110004734;0.000125165207;0.000104732290;;
2021;12;31;11;0;0.000116774457;0.000131330628;0.000114730495;;
2021;12;31;12;0;0.000114941982;0.000131294082;0.000096445592;;
2021;12;31;13;0;0.000112571424;0.000129716774;0.000091499665;;
2021;12;31;14;0;0.000118215162;0.000121646944;0.000110823949;;
2021;12;31;15;0;0.000120041654;0.000106770425;0.000081379514;;
2021;12;31;16;0;0.000114074216;0.000099488562;0.000097713270;;
2021;12;31;17;0;0.000110531716;0.000098718094;0.000097977015;;
2021;12;31;18;0;0.000114778162;0.000103172080;0.000113362140;;
2021;12;31;19;0;0.000132563516;0.000114399666;0.000086321187;;
2021;12;31;20;0;0.000141201111;0.000111139202;0.000092856675;;
2021;12;31;21;0;0.000147293205;0.000104325067;0.000090456028;;
2021;12;31;22;0;0.000149251097;0.000092925518;0.000075096427;;
2021;12;31;23;0;0.000140422304;0.000082254496;0.000079255374;;
2021;12;31;24;0;0.000123194506;0.000075331360;0.000066151785;;
