AŃO;MES;DIA;HORA;VERANO(1)/INVIERNO(0);COEF. PERFIL A;COEF. PERFIL B;COEF. PERFIL C;COEF. PERFIL D;
2016;12;01;1;0;0.000105909947;0.000228475970;0.000083523180;0.000171912489;
2016;12;01;2;0;0.000082773492;0.000211701179;0.000080362124;0.000174124161;
2016;12;01;3;0;0.000072360376;0.000196347497;0.000078678564;0.000168116817;
2016;12;01;4;0;0.000067923963;0.000186165407;0.000077987861;0.000161956231;
2016;12;01;5;0;0.000066561537;0.000183102532;0.000078052188;0.000158531200;
2016;12;01;6;0;0.000068721616;0.000191712801;0.000080859957;0.000156256400;
2016;12;01;7;0;0.000080941455;0.000200088950;0.000092248920;0.000160548994;
2016;12;01;8;0;0.000111057118;0.000203135605;0.000114810987;0.000169574148;
2016;12;01;9;0;0.000137909996;0.000155320551;0.000147180373;0.000099268066;
2016;12;01;10;0;0.000156961737;0.000128605448;0.000169398631;0.000066611719;
2016;12;01;11;0;0.000172087751;0.000121397718;0.000178637175;0.000068017679;
2016;12;01;12;0;0.000172590656;0.000105256312;0.000178465497;0.000066854922;
2016;12;01;13;0;0.000173434887;0.000079516331;0.000175832936;0.000063518385;
2016;12;01;14;0;0.000173813912;0.000080229235;0.000163246570;0.000061553435;
2016;12;01;15;0;0.000164533088;0.000079282375;0.000141593071;0.000058140189;
2016;12;01;16;0;0.000157318819;0.000075660042;0.000135038502;0.000055148012;
2016;12;01;17;0;0.000159199477;0.000074852067;0.000138077177;0.000053731933;
2016;12;01;18;0;0.000173073133;0.000088839195;0.000148574540;0.000064042355;
2016;12;01;19;0;0.000192790743;0.000164755955;0.000163383279;0.000204442347;
2016;12;01;20;0;0.000200532280;0.000183128582;0.000155007564;0.000243512261;
2016;12;01;21;0;0.000201297150;0.000189044283;0.000137560936;0.000245957181;
2016;12;01;22;0;0.000192514542;0.000191430059;0.000117145598;0.000239142728;
2016;12;01;23;0;0.000167749687;0.000229471830;0.000101138159;0.000206121932;
2016;12;01;24;0;0.000138553261;0.000238364528;0.000091528170;0.000187392223;
2016;12;02;1;0;0.000106182977;0.000229238458;0.000084924331;0.000174110254;
2016;12;02;2;0;0.000083726230;0.000212471482;0.000081609438;0.000178448150;
2016;12;02;3;0;0.000072942786;0.000197569079;0.000080054472;0.000173876529;
2016;12;02;4;0;0.000068227338;0.000186630094;0.000079030377;0.000166645791;
2016;12;02;5;0;0.000066542455;0.000183463602;0.000078881790;0.000161603648;
2016;12;02;6;0;0.000068552826;0.000191768401;0.000081879106;0.000160239068;
2016;12;02;7;0;0.000080512033;0.000200232838;0.000092951417;0.000163609093;
2016;12;02;8;0;0.000108951933;0.000202960156;0.000114019258;0.000172991566;
2016;12;02;9;0;0.000136171568;0.000155100605;0.000144603855;0.000100912401;
2016;12;02;10;0;0.000154346945;0.000127409506;0.000166729534;0.000063371887;
2016;12;02;11;0;0.000168570885;0.000120603023;0.000175015962;0.000065768115;
2016;12;02;12;0;0.000169662450;0.000104291774;0.000174314405;0.000068415712;
2016;12;02;13;0;0.000170350384;0.000079071464;0.000171820509;0.000064387354;
2016;12;02;14;0;0.000170906567;0.000079258529;0.000159963569;0.000063447463;
2016;12;02;15;0;0.000161513153;0.000077365817;0.000138588154;0.000057985318;
2016;12;02;16;0;0.000153952384;0.000073008081;0.000129197257;0.000055439291;
2016;12;02;17;0;0.000154738601;0.000071939499;0.000129871287;0.000053445719;
2016;12;02;18;0;0.000167305525;0.000086418321;0.000140291937;0.000061470711;
2016;12;02;19;0;0.000185374184;0.000162394711;0.000159462867;0.000204100639;
2016;12;02;20;0;0.000190859069;0.000179583601;0.000154951877;0.000244186864;
2016;12;02;21;0;0.000190532096;0.000184448380;0.000143103305;0.000248532840;
2016;12;02;22;0;0.000184094259;0.000188492973;0.000124649694;0.000241453065;
2016;12;02;23;0;0.000165426523;0.000229760889;0.000108912011;0.000208415262;
2016;12;02;24;0;0.000140158054;0.000240525693;0.000099498245;0.000190348110;
2016;12;03;1;0;0.000114132629;0.000235938876;0.000089244115;0.000170794443;
2016;12;03;2;0;0.000092867333;0.000219913967;0.000083512713;0.000171053930;
2016;12;03;3;0;0.000080157913;0.000203644058;0.000080417356;0.000167135322;
2016;12;03;4;0;0.000072713084;0.000192674265;0.000078897302;0.000163767467;
2016;12;03;5;0;0.000069675683;0.000188967089;0.000077733976;0.000158239274;
2016;12;03;6;0;0.000069456343;0.000196090554;0.000079126835;0.000156201802;
2016;12;03;7;0;0.000073635433;0.000199219892;0.000083285560;0.000157226123;
2016;12;03;8;0;0.000083770768;0.000193822511;0.000090167453;0.000162351212;
2016;12;03;9;0;0.000104115562;0.000144394288;0.000092001963;0.000090931102;
2016;12;03;10;0;0.000135158067;0.000125739190;0.000101288924;0.000058091108;
2016;12;03;11;0;0.000158496048;0.000126184790;0.000115879714;0.000065433200;
2016;12;03;12;0;0.000164750777;0.000110961041;0.000120877902;0.000066805037;
2016;12;03;13;0;0.000165565443;0.000081843964;0.000122457926;0.000060794081;
2016;12;03;14;0;0.000167834393;0.000081474845;0.000117618805;0.000056124606;
2016;12;03;15;0;0.000162590575;0.000081425990;0.000105152317;0.000057147994;
2016;12;03;16;0;0.000149675069;0.000075092198;0.000100512530;0.000055659575;
2016;12;03;17;0;0.000143770578;0.000072728074;0.000100123652;0.000053597947;
2016;12;03;18;0;0.000147688417;0.000085495730;0.000109654352;0.000054568881;
2016;12;03;19;0;0.000165111319;0.000160703768;0.000127553702;0.000194613865;
2016;12;03;20;0;0.000170929741;0.000176793682;0.000131332852;0.000235739615;
2016;12;03;21;0;0.000176138867;0.000180477445;0.000127513510;0.000240273143;
2016;12;03;22;0;0.000177151670;0.000184327782;0.000116779542;0.000233113490;
2016;12;03;23;0;0.000161566090;0.000228087858;0.000105575465;0.000201237677;
2016;12;03;24;0;0.000139352896;0.000241421492;0.000098090057;0.000185889241;
2016;12;04;1;0;0.000112455512;0.000230520305;0.000085799910;0.000171628117;
2016;12;04;2;0;0.000093491581;0.000215476201;0.000081044107;0.000176487523;
2016;12;04;3;0;0.000080464812;0.000199868787;0.000078530963;0.000168648670;
2016;12;04;4;0;0.000072443124;0.000188338185;0.000076684801;0.000161573013;
2016;12;04;5;0;0.000068557856;0.000184005557;0.000076074729;0.000156995892;
2016;12;04;6;0;0.000067747267;0.000191345757;0.000077128341;0.000153170985;
2016;12;04;7;0;0.000070521054;0.000194659185;0.000079889913;0.000156807499;
2016;12;04;8;0;0.000076822454;0.000184986593;0.000082727599;0.000160986324;
2016;12;04;9;0;0.000089907058;0.000134006943;0.000077613707;0.000084761364;
2016;12;04;10;0;0.000113018751;0.000117301438;0.000079675306;0.000053016512;
2016;12;04;11;0;0.000135163818;0.000120455191;0.000086435788;0.000059707708;
2016;12;04;12;0;0.000145773622;0.000109281264;0.000091736550;0.000063344884;
2016;12;04;13;0;0.000150328700;0.000082793097;0.000095019486;0.000060152268;
2016;12;04;14;0;0.000154914738;0.000081791923;0.000094643750;0.000058549268;
2016;12;04;15;0;0.000153757607;0.000079989112;0.000090753159;0.000059147361;
2016;12;04;16;0;0.000140179252;0.000072996262;0.000086708393;0.000055118239;
2016;12;04;17;0;0.000134670168;0.000069958433;0.000084777088;0.000051735746;
2016;12;04;18;0;0.000139094416;0.000082688327;0.000088881367;0.000053647480;
2016;12;04;19;0;0.000157221877;0.000157840112;0.000105281840;0.000198178074;
2016;12;04;20;0;0.000166437102;0.000174830615;0.000108972986;0.000238591283;
2016;12;04;21;0;0.000175454416;0.000178985650;0.000107394077;0.000241901391;
2016;12;04;22;0;0.000178431675;0.000183407314;0.000102382361;0.000236314172;
2016;12;04;23;0;0.000159446551;0.000225808224;0.000093895027;0.000203820349;
2016;12;04;24;0;0.000132783783;0.000236517922;0.000087121529;0.000184354815;
2016;12;05;1;0;0.000098665108;0.000222332322;0.000075026069;0.000164382043;
2016;12;05;2;0;0.000078805922;0.000206528820;0.000073136982;0.000165187243;
2016;12;05;3;0;0.000069283663;0.000192303329;0.000072040834;0.000160314065;
2016;12;05;4;0;0.000064788414;0.000182725835;0.000071466943;0.000155771758;
2016;12;05;5;0;0.000063335685;0.000179882897;0.000071374429;0.000151998365;
2016;12;05;6;0;0.000065142135;0.000187677130;0.000073805857;0.000151103726;
2016;12;05;7;0;0.000076077662;0.000195049985;0.000084411663;0.000156534524;
2016;12;05;8;0;0.000103353508;0.000196131657;0.000105773631;0.000164241249;
2016;12;05;9;0;0.000129003126;0.000150164278;0.000137486863;0.000096011029;
2016;12;05;10;0;0.000149856033;0.000125665450;0.000158580248;0.000068253341;
2016;12;05;11;0;0.000166316235;0.000119383611;0.000167712163;0.000070271026;
2016;12;05;12;0;0.000167644180;0.000103656856;0.000168052856;0.000067343550;
2016;12;05;13;0;0.000167441253;0.000078111660;0.000165437351;0.000066240073;
2016;12;05;14;0;0.000167842227;0.000078599076;0.000153897466;0.000063284147;
2016;12;05;15;0;0.000158818562;0.000077487190;0.000134055759;0.000060173049;
2016;12;05;16;0;0.000150848515;0.000073722496;0.000128547497;0.000053711035;
2016;12;05;17;0;0.000153228216;0.000072278951;0.000132337093;0.000051353637;
2016;12;05;18;0;0.000167338922;0.000085164162;0.000142679472;0.000059055474;
2016;12;05;19;0;0.000185082510;0.000158929121;0.000156327290;0.000197577505;
2016;12;05;20;0;0.000190869022;0.000176749524;0.000148528163;0.000235064648;
2016;12;05;21;0;0.000191598785;0.000182161713;0.000131380099;0.000237398500;
2016;12;05;22;0;0.000186584179;0.000186691517;0.000111096540;0.000231097481;
2016;12;05;23;0;0.000165210409;0.000226759922;0.000094631772;0.000203076175;
2016;12;05;24;0;0.000134742198;0.000234859945;0.000085250081;0.000184279128;
2016;12;06;1;0;0.000115490130;0.000233763176;0.000088859573;0.000173016024;
2016;12;06;2;0;0.000096031368;0.000218545925;0.000083948960;0.000177946065;
2016;12;06;3;0;0.000082666639;0.000202755221;0.000081361411;0.000170075190;
2016;12;06;4;0;0.000074477970;0.000191192933;0.000079504777;0.000163054675;
2016;12;06;5;0;0.000070520939;0.000186893667;0.000078914088;0.000158519580;
2016;12;06;6;0;0.000069742419;0.000194503246;0.000080070490;0.000154780234;
2016;12;06;7;0;0.000072753159;0.000198294539;0.000083114784;0.000158793843;
2016;12;06;8;0;0.000079511790;0.000189054230;0.000086346959;0.000163555859;
2016;12;06;9;0;0.000093099271;0.000137019566;0.000081048353;0.000086155737;
2016;12;06;10;0;0.000116803256;0.000119704527;0.000083038875;0.000053783538;
2016;12;06;11;0;0.000139339522;0.000122614598;0.000089858824;0.000060419626;
2016;12;06;12;0;0.000149860715;0.000110932132;0.000095105259;0.000063922562;
2016;12;06;13;0;0.000154240665;0.000083879129;0.000098315713;0.000060581883;
2016;12;06;14;0;0.000158724705;0.000082749429;0.000097790575;0.000058885318;
2016;12;06;15;0;0.000157410898;0.000080859649;0.000093694308;0.000059438430;
2016;12;06;16;0;0.000143587664;0.000073830669;0.000089566952;0.000055419486;
2016;12;06;17;0;0.000138039987;0.000070807029;0.000087632514;0.000052054465;
2016;12;06;18;0;0.000142668879;0.000083746479;0.000091935565;0.000054013541;
2016;12;06;19;0;0.000161533932;0.000160129357;0.000109083114;0.000199866571;
2016;12;06;20;0;0.000171041365;0.000177407218;0.000112933589;0.000240679639;
2016;12;06;21;0;0.000180388199;0.000181704141;0.000111346717;0.000244127078;
2016;12;06;22;0;0.000183271497;0.000186012623;0.000106047731;0.000238257462;
2016;12;06;23;0;0.000163692920;0.000228906073;0.000097209929;0.000205397936;
2016;12;06;24;0;0.000136334564;0.000239788188;0.000090206887;0.000185801490;
2016;12;07;1;0;0.000099732948;0.000220898083;0.000077107385;0.000168421449;
2016;12;07;2;0;0.000077962749;0.000204723953;0.000074205198;0.000170625122;
2016;12;07;3;0;0.000068160889;0.000189893154;0.000072657074;0.000164753122;
2016;12;07;4;0;0.000063984044;0.000180051673;0.000072021593;0.000158721001;
2016;12;07;5;0;0.000062708433;0.000177111382;0.000072089952;0.000155383688;
2016;12;07;6;0;0.000064738933;0.000185426929;0.000074678009;0.000153143321;
2016;12;07;7;0;0.000076269832;0.000193577289;0.000085217762;0.000157390112;
2016;12;07;8;0;0.000104718858;0.000196659107;0.000106132647;0.000166351304;
2016;12;07;9;0;0.000130124648;0.000150467345;0.000136144711;0.000097445425;
2016;12;07;10;0;0.000148188139;0.000124660403;0.000156789362;0.000065427204;
2016;12;07;11;0;0.000162449794;0.000117660108;0.000165321029;0.000066800403;
2016;12;07;12;0;0.000162764080;0.000101915197;0.000164999491;0.000065593793;
2016;12;07;13;0;0.000163371075;0.000076903225;0.000162377549;0.000062248118;
2016;12;07;14;0;0.000163718993;0.000077588382;0.000150745948;0.000060319106;
2016;12;07;15;0;0.000154997468;0.000076682722;0.000130767676;0.000056981761;
2016;12;07;16;0;0.000148153915;0.000073155764;0.000124674351;0.000054031918;
2016;12;07;17;0;0.000149857944;0.000072342155;0.000127422782;0.000052620948;
2016;12;07;18;0;0.000162935236;0.000085869609;0.000137125051;0.000062725008;
2016;12;07;19;0;0.000181874588;0.000159579272;0.000151105580;0.000200652591;
2016;12;07;20;0;0.000189144350;0.000177343276;0.000143333934;0.000238956024;
2016;12;07;21;0;0.000189501018;0.000182720378;0.000126956837;0.000240891512;
2016;12;07;22;0;0.000181308353;0.000185103196;0.000108160153;0.000234314692;
2016;12;07;23;0;0.000158110002;0.000222063161;0.000093454393;0.000202120284;
2016;12;07;24;0;0.000130744273;0.000230938883;0.000084673546;0.000183969383;
2016;12;08;1;0;0.000113236379;0.000231353444;0.000086500034;0.000172084173;
2016;12;08;2;0;0.000094114027;0.000216193543;0.000081682216;0.000176906228;
2016;12;08;3;0;0.000081012125;0.000200562880;0.000079160616;0.000169072980;
2016;12;08;4;0;0.000073002144;0.000189163954;0.000077369886;0.000162126695;
2016;12;08;5;0;0.000069092281;0.000184826737;0.000076760348;0.000157546171;
2016;12;08;6;0;0.000068254987;0.000192142306;0.000077800218;0.000153661962;
2016;12;08;7;0;0.000071077490;0.000195546367;0.000080617525;0.000157371972;
2016;12;08;8;0;0.000077638177;0.000186332652;0.000083707003;0.000162003128;
2016;12;08;9;0;0.000090910100;0.000135053923;0.000078574386;0.000085342145;
2016;12;08;10;0;0.000114138832;0.000118072243;0.000080562118;0.000053314008;
2016;12;08;11;0;0.000136208707;0.000120984991;0.000087209186;0.000059913140;
2016;12;08;12;0;0.000146422585;0.000109404804;0.000092256240;0.000063356027;
2016;12;08;13;0;0.000150647121;0.000082694118;0.000095335758;0.000060023070;
2016;12;08;14;0;0.000155037123;0.000081585868;0.000094832919;0.000058346081;
2016;12;08;15;0;0.000153792234;0.000079742570;0.000090883232;0.000058908835;
2016;12;08;16;0;0.000140329589;0.000072832915;0.000086906222;0.000054942462;
2016;12;08;17;0;0.000134965124;0.000069879822;0.000085065384;0.000051628337;
2016;12;08;18;0;0.000139640334;0.000082738368;0.000089337980;0.000053628762;
2016;12;08;19;0;0.000158041075;0.000158137888;0.000105958227;0.000198362633;
2016;12;08;20;0;0.000167234966;0.000175087839;0.000109627626;0.000238714487;
2016;12;08;21;0;0.000176337651;0.000179291838;0.000108065059;0.000242084162;
2016;12;08;22;0;0.000179252904;0.000183642187;0.000102977799;0.000236391186;
2016;12;08;23;0;0.000160171166;0.000226084360;0.000094435659;0.000203875017;
2016;12;08;24;0;0.000133426682;0.000236877201;0.000087649079;0.000184458808;
2016;12;09;1;0;0.000097586381;0.000218763363;0.000075929337;0.000169205470;
2016;12;09;2;0;0.000076878123;0.000202579119;0.000072899538;0.000173264272;
2016;12;09;3;0;0.000066970804;0.000188354040;0.000071504260;0.000168810658;
2016;12;09;4;0;0.000062651881;0.000177954985;0.000070601332;0.000161817606;
2016;12;09;5;0;0.000061102080;0.000174928224;0.000070465589;0.000156914858;
2016;12;09;6;0;0.000062916237;0.000182754140;0.000073106102;0.000155511147;
2016;12;09;7;0;0.000073839370;0.000190684454;0.000082932805;0.000158668370;
2016;12;09;8;0;0.000099822185;0.000193088192;0.000101628028;0.000167599530;
2016;12;09;9;0;0.000124750947;0.000147544730;0.000128878491;0.000097759211;
2016;12;09;10;0;0.000141778279;0.000121525185;0.000148993511;0.000061555099;
2016;12;09;11;0;0.000155168640;0.000115274269;0.000156726416;0.000064016587;
2016;12;09;12;0;0.000156212569;0.000099708709;0.000156137304;0.000066610367;
2016;12;09;13;0;0.000156783956;0.000075566808;0.000153842617;0.000062663524;
2016;12;09;14;0;0.000157510654;0.000075849023;0.000143421884;0.000061833123;
2016;12;09;15;0;0.000148989546;0.000074105393;0.000124370439;0.000056561599;
2016;12;09;16;0;0.000141808333;0.000069829521;0.000115774199;0.000053999376;
2016;12;09;17;0;0.000142457840;0.000068771404;0.000116317213;0.000052030302;
2016;12;09;18;0;0.000154050428;0.000082624957;0.000125669097;0.000059851714;
2016;12;09;19;0;0.000170753797;0.000155326585;0.000142897240;0.000198802214;
2016;12;09;20;0;0.000175837898;0.000171798416;0.000138879992;0.000237890837;
2016;12;09;21;0;0.000175617828;0.000176533893;0.000128319682;0.000242236718;
2016;12;09;22;0;0.000169839515;0.000180570357;0.000111874954;0.000235552086;
2016;12;09;23;0;0.000152644285;0.000220142710;0.000097767461;0.000203357719;
2016;12;09;24;0;0.000129299557;0.000230405716;0.000089297141;0.000185687762;
2016;12;10;1;0;0.000109045070;0.000229813064;0.000084045633;0.000167931614;
2016;12;10;2;0;0.000088717336;0.000214179214;0.000078638906;0.000168167119;
2016;12;10;3;0;0.000076614938;0.000198434776;0.000075762831;0.000164398483;
2016;12;10;4;0;0.000069483171;0.000187702371;0.000074313645;0.000161048692;
2016;12;10;5;0;0.000066587522;0.000184109747;0.000073225417;0.000155628241;
2016;12;10;6;0;0.000066419237;0.000191169072;0.000074583904;0.000153720051;
2016;12;10;7;0;0.000070544970;0.000194576728;0.000078648105;0.000155012393;
2016;12;10;8;0;0.000080279090;0.000189362137;0.000085172441;0.000160113514;
2016;12;10;9;0;0.000099625161;0.000140858284;0.000086774043;0.000089542322;
2016;12;10;10;0;0.000129289089;0.000122622327;0.000095503923;0.000057186310;
2016;12;10;11;0;0.000151585216;0.000123033792;0.000109240876;0.000064401960;
2016;12;10;12;0;0.000157440275;0.000108103034;0.000113860905;0.000065699201;
2016;12;10;13;0;0.000158185641;0.000079719213;0.000115325040;0.000059775218;
2016;12;10;14;0;0.000160361863;0.000079363839;0.000110773593;0.000055186893;
2016;12;10;15;0;0.000155471045;0.000079377276;0.000099108829;0.000056236418;
2016;12;10;16;0;0.000143088072;0.000073185960;0.000094713856;0.000054759107;
2016;12;10;17;0;0.000137503987;0.000070913080;0.000094388982;0.000052754066;
2016;12;10;18;0;0.000141395797;0.000083447528;0.000103479730;0.000053764749;
2016;12;10;19;0;0.000158275083;0.000157051016;0.000120522496;0.000191987075;
2016;12;10;20;0;0.000163993324;0.000172923598;0.000124199903;0.000232757462;
2016;12;10;21;0;0.000169081337;0.000176621024;0.000120652417;0.000237360372;
2016;12;10;22;0;0.000169984353;0.000180315675;0.000110451041;0.000230193794;
2016;12;10;23;0;0.000155122457;0.000223257273;0.000099914107;0.000198836571;
2016;12;10;24;0;0.000133879314;0.000236457123;0.000092888472;0.000183786771;
2016;12;11;1;0;0.000110741138;0.000228428383;0.000084048867;0.000170606862;
2016;12;11;2;0;0.000092005144;0.000213378942;0.000079337377;0.000175320796;
2016;12;11;3;0;0.000079165219;0.000197872772;0.000076857479;0.000167490878;
2016;12;11;4;0;0.000071318523;0.000186576179;0.000075098499;0.000160566083;
2016;12;11;5;0;0.000067528203;0.000182377621;0.000074539276;0.000156097545;
2016;12;11;6;0;0.000066716502;0.000189615118;0.000075556575;0.000152264201;
2016;12;11;7;0;0.000069505187;0.000193057186;0.000078326220;0.000156007356;
2016;12;11;8;0;0.000075746469;0.000183538473;0.000081141201;0.000160229700;
2016;12;11;9;0;0.000088653980;0.000132967161;0.000076130674;0.000084368866;
2016;12;11;10;0;0.000111357257;0.000116301148;0.000078092361;0.000052730148;
2016;12;11;11;0;0.000133068543;0.000119330955;0.000084649684;0.000059336943;
2016;12;11;12;0;0.000143167312;0.000107999882;0.000089623960;0.000062799516;
2016;12;11;13;0;0.000147297391;0.000081631904;0.000092615275;0.000059495618;
2016;12;11;14;0;0.000151640152;0.000080564653;0.000092157399;0.000057852584;
2016;12;11;15;0;0.000150689839;0.000078884354;0.000088476086;0.000058514373;
2016;12;11;16;0;0.000137553632;0.000072077811;0.000084638168;0.000054596334;
2016;12;11;17;0;0.000132293151;0.000069154219;0.000082844035;0.000051302260;
2016;12;11;18;0;0.000136749667;0.000081803792;0.000086924881;0.000053240942;
2016;12;11;19;0;0.000155025046;0.000156609793;0.000103266427;0.000197253317;
2016;12;11;20;0;0.000164269739;0.000173635111;0.000106989970;0.000237706914;
2016;12;11;21;0;0.000173416851;0.000178015513;0.000105590322;0.000241348820;
2016;12;11;22;0;0.000176298727;0.000182350315;0.000100628073;0.000235693069;
2016;12;11;23;0;0.000157491473;0.000224436927;0.000092257418;0.000203221324;
2016;12;11;24;0;0.000131106739;0.000234993948;0.000085570143;0.000183744473;
2016;12;12;1;0;0.000102603571;0.000226988353;0.000079150835;0.000166197822;
2016;12;12;2;0;0.000081916444;0.000210763299;0.000077124737;0.000166940156;
2016;12;12;3;0;0.000071962580;0.000196094213;0.000075910010;0.000161889838;
2016;12;12;4;0;0.000067343226;0.000186465554;0.000075360923;0.000157419080;
2016;12;12;5;0;0.000065894984;0.000183736673;0.000075333989;0.000153749913;
2016;12;12;6;0;0.000067800353;0.000191771211;0.000077930098;0.000152903426;
2016;12;12;7;0;0.000079301182;0.000199604588;0.000089262571;0.000158637084;
2016;12;12;8;0;0.000107998835;0.000201207254;0.000112128417;0.000166858434;
2016;12;12;9;0;0.000135038401;0.000154321265;0.000146003305;0.000097712529;
2016;12;12;10;0;0.000156516932;0.000128856128;0.000168027598;0.000069307956;
2016;12;12;11;0;0.000173484888;0.000122257020;0.000177474513;0.000071264850;
2016;12;12;12;0;0.000174802212;0.000106110550;0.000177766030;0.000068269470;
2016;12;12;13;0;0.000174434802;0.000079889303;0.000174843168;0.000067090889;
2016;12;12;14;0;0.000174762695;0.000080346512;0.000162563634;0.000064064067;
2016;12;12;15;0;0.000165366714;0.000079209786;0.000141604399;0.000060914534;
2016;12;12;16;0;0.000157234479;0.000075441249;0.000135929838;0.000054430503;
2016;12;12;17;0;0.000159834599;0.000074019472;0.000140041924;0.000052080523;
2016;12;12;18;0;0.000174606077;0.000087241145;0.000151031770;0.000059909353;
2016;12;12;19;0;0.000193305067;0.000162960905;0.000165636897;0.000200626100;
2016;12;12;20;0;0.000199705844;0.000181558117;0.000157655296;0.000239119349;
2016;12;12;21;0;0.000200632682;0.000187269960;0.000139567064;0.000241690163;
2016;12;12;22;0;0.000195283747;0.000191830632;0.000117960403;0.000235157357;
2016;12;12;23;0;0.000172652871;0.000232650928;0.000100326994;0.000206332410;
2016;12;12;24;0;0.000140652966;0.000240689039;0.000090278534;0.000187022343;
2016;12;13;1;0;0.000107081625;0.000229865905;0.000084756571;0.000172507091;
2016;12;13;2;0;0.000083655380;0.000212902962;0.000081515869;0.000174655779;
2016;12;13;3;0;0.000073135855;0.000197474362;0.000079813086;0.000168640548;
2016;12;13;4;0;0.000068628850;0.000187170979;0.000079085864;0.000162406231;
2016;12;13;5;0;0.000067275436;0.000184154935;0.000079178345;0.000159026410;
2016;12;13;6;0;0.000069454383;0.000192802754;0.000082021546;0.000156734799;
2016;12;13;7;0;0.000081748176;0.000201087927;0.000093509667;0.000160929617;
2016;12;13;8;0;0.000112397132;0.000204574129;0.000116621987;0.000170329471;
2016;12;13;9;0;0.000139713396;0.000156576670;0.000149651254;0.000099809801;
2016;12;13;10;0;0.000159003484;0.000129636721;0.000172230831;0.000066970696;
2016;12;13;11;0;0.000174194246;0.000122278527;0.000181486299;0.000068332448;
2016;12;13;12;0;0.000174551094;0.000105927634;0.000181153912;0.000067105792;
2016;12;13;13;0;0.000175194614;0.000079927541;0.000178267705;0.000063680294;
2016;12;13;14;0;0.000175397189;0.000080561320;0.000165337100;0.000061646967;
2016;12;13;15;0;0.000166082046;0.000079634620;0.000143449683;0.000058246147;
2016;12;13;16;0;0.000158899794;0.000076044019;0.000136895263;0.000055283284;
2016;12;13;17;0;0.000160883988;0.000075271542;0.000140049396;0.000053892083;
2016;12;13;18;0;0.000174986962;0.000089379203;0.000150767795;0.000064263541;
2016;12;13;19;0;0.000195240690;0.000166027911;0.000166065692;0.000205483208;
2016;12;13;20;0;0.000203120098;0.000184578268;0.000157583104;0.000244799632;
2016;12;13;21;0;0.000203759251;0.000190414092;0.000139753595;0.000247093055;
2016;12;13;22;0;0.000194857656;0.000192805711;0.000119005782;0.000240232873;
2016;12;13;23;0;0.000169839021;0.000231185698;0.000102772982;0.000207119641;
2016;12;13;24;0;0.000140103218;0.000239843975;0.000092891140;0.000188063383;
2016;12;14;1;0;0.000108102316;0.000231210467;0.000085785894;0.000173205882;
2016;12;14;2;0;0.000084514956;0.000214305976;0.000082566584;0.000175492391;
2016;12;14;3;0;0.000073835784;0.000198637005;0.000080785444;0.000169330112;
2016;12;14;4;0;0.000069249195;0.000188173908;0.000080007248;0.000162984510;
2016;12;14;5;0;0.000067819687;0.000184967533;0.000080025452;0.000159442521;
2016;12;14;6;0;0.000070014275;0.000193648020;0.000082896721;0.000157140456;
2016;12;14;7;0;0.000082456881;0.000202091347;0.000094564430;0.000161443458;
2016;12;14;8;0;0.000113355578;0.000205565989;0.000117920839;0.000170849260;
2016;12;14;9;0;0.000140778084;0.000157194353;0.000151181908;0.000100024371;
2016;12;14;10;0;0.000160114166;0.000130066077;0.000173882740;0.000067072357;
2016;12;14;11;0;0.000175532824;0.000122768689;0.000183354191;0.000068483690;
2016;12;14;12;0;0.000175930117;0.000106375049;0.000183057613;0.000067268735;
2016;12;14;13;0;0.000176689539;0.000080315511;0.000180254129;0.000063874982;
2016;12;14;14;0;0.000176933028;0.000080970298;0.000167216473;0.000061849135;
2016;12;14;15;0;0.000167647712;0.000080092112;0.000145176726;0.000058476017;
2016;12;14;16;0;0.000160456702;0.000076508991;0.000138594313;0.000055521860;
2016;12;14;17;0;0.000162438131;0.000075721439;0.000141768212;0.000054117257;
2016;12;14;18;0;0.000176606871;0.000089877559;0.000152557284;0.000064506310;
2016;12;14;19;0;0.000196758369;0.000166708165;0.000167789686;0.000205956194;
2016;12;14;20;0;0.000204668021;0.000185306454;0.000159194920;0.000245325953;
2016;12;14;21;0;0.000205261506;0.000191118244;0.000141148291;0.000247563352;
2016;12;14;22;0;0.000196347194;0.000193570871;0.000120225819;0.000240754991;
2016;12;14;23;0;0.000171092399;0.000232042261;0.000103799356;0.000207515319;
2016;12;14;24;0;0.000141215582;0.000240866392;0.000093870961;0.000188527362;
2016;12;15;1;0;0.000108323152;0.000231480269;0.000086038606;0.000173298593;
2016;12;15;2;0;0.000084636246;0.000214425929;0.000082759590;0.000175479837;
2016;12;15;3;0;0.000073975389;0.000198838611;0.000081011127;0.000169395032;
2016;12;15;4;0;0.000069387238;0.000188384200;0.000080238979;0.000163063708;
2016;12;15;5;0;0.000068008304;0.000185319817;0.000080320331;0.000159645405;
2016;12;15;6;0;0.000070175820;0.000193925159;0.000083162865;0.000157266064;
2016;12;15;7;0;0.000082580897;0.000202218369;0.000094792000;0.000161443011;
2016;12;15;8;0;0.000113541192;0.000205722603;0.000118220368;0.000170871552;
2016;12;15;9;0;0.000141102397;0.000157418757;0.000151666740;0.000100103964;
2016;12;15;10;0;0.000160551425;0.000130307270;0.000174514723;0.000067154340;
2016;12;15;11;0;0.000176071699;0.000123037934;0.000184082815;0.000068590580;
2016;12;15;12;0;0.000176560114;0.000106662653;0.000183878687;0.000067408052;
2016;12;15;13;0;0.000177417774;0.000080576038;0.000181160162;0.000064041749;
2016;12;15;14;0;0.000177689604;0.000081245449;0.000168082832;0.000062020155;
2016;12;15;15;0;0.000168259260;0.000080314005;0.000145837608;0.000058601028;
2016;12;15;16;0;0.000160982359;0.000076692536;0.000139173653;0.000055619943;
2016;12;15;17;0;0.000162988670;0.000075911659;0.000142376884;0.000054218976;
2016;12;15;18;0;0.000177265374;0.000090133820;0.000153264106;0.000064649418;
2016;12;15;19;0;0.000197342758;0.000167057142;0.000168439689;0.000206257118;
2016;12;15;20;0;0.000205228885;0.000185651831;0.000159775024;0.000245628127;
2016;12;15;21;0;0.000205784183;0.000191437416;0.000141635231;0.000247820337;
2016;12;15;22;0;0.000196795776;0.000193843515;0.000120609082;0.000240941984;
2016;12;15;23;0;0.000171532727;0.000232436090;0.000104160276;0.000207736374;
2016;12;15;24;0;0.000141619781;0.000241344664;0.000094224480;0.000188782528;
2016;12;16;1;0;0.000108912318;0.000232744805;0.000087823211;0.000175757798;
2016;12;16;2;0;0.000085788210;0.000215494966;0.000084306591;0.000179947687;
2016;12;16;3;0;0.000074709895;0.000200301948;0.000082667814;0.000175268914;
2016;12;16;4;0;0.000069875670;0.000189199351;0.000081604984;0.000167969355;
2016;12;16;5;0;0.000068138293;0.000185957099;0.000081437468;0.000162858993;
2016;12;16;6;0;0.000070140368;0.000194218297;0.000084463845;0.000161353817;
2016;12;16;7;0;0.000082327783;0.000202670874;0.000095828946;0.000164649802;
2016;12;16;8;0;0.000111528833;0.000205652229;0.000117675352;0.000174279097;
2016;12;16;9;0;0.000139476424;0.000157252758;0.000149330773;0.000101724850;
2016;12;16;10;0;0.000158313832;0.000129357933;0.000172420314;0.000063971364;
2016;12;16;11;0;0.000173209224;0.000122663982;0.000181309760;0.000066507710;
2016;12;16;12;0;0.000174436898;0.000106138536;0.000180692852;0.000069227177;
2016;12;16;13;0;0.000175160612;0.000080479178;0.000178124399;0.000065157148;
2016;12;16;14;0;0.000175931002;0.000080760695;0.000166019761;0.000064278545;
2016;12;16;15;0;0.000166277853;0.000078839895;0.000143849281;0.000058750654;
2016;12;16;16;0;0.000158495699;0.000074399910;0.000134103289;0.000056171612;
2016;12;16;17;0;0.000159353629;0.000073333280;0.000134843964;0.000054168196;
2016;12;16;18;0;0.000172145784;0.000088016145;0.000145537159;0.000062247583;
2016;12;16;19;0;0.000190321965;0.000165037241;0.000165064736;0.000206230159;
2016;12;16;20;0;0.000195713328;0.000182282380;0.000160198896;0.000246432538;
2016;12;16;21;0;0.000195334750;0.000187178785;0.000147916323;0.000250762910;
2016;12;16;22;0;0.000188660579;0.000191208193;0.000128791502;0.000243524014;
2016;12;16;23;0;0.000169556655;0.000233107483;0.000112548717;0.000210236138;
2016;12;16;24;0;0.000143625509;0.000243975046;0.000102797846;0.000191968619;
2016;12;17;1;0;0.000115138034;0.000237160767;0.000090295959;0.000171310788;
2016;12;17;2;0;0.000093632314;0.000220927584;0.000084449117;0.000171473820;
2016;12;17;3;0;0.000080785212;0.000204499176;0.000081285859;0.000167477202;
2016;12;17;4;0;0.000073257059;0.000193417147;0.000079722113;0.000164046334;
2016;12;17;5;0;0.000070205172;0.000189717938;0.000078555843;0.000158527328;
2016;12;17;6;0;0.000069963485;0.000196811534;0.000079939799;0.000156439907;
2016;12;17;7;0;0.000074165200;0.000199931108;0.000084132302;0.000157449039;
2016;12;17;8;0;0.000084397152;0.000194569097;0.000091109746;0.000162627063;
2016;12;17;9;0;0.000104906068;0.000144967058;0.000092974059;0.000091096019;
2016;12;17;10;0;0.000136161634;0.000126216982;0.000102342136;0.000058186794;
2016;12;17;11;0;0.000159739759;0.000126717310;0.000117133667;0.000065568423;
2016;12;17;12;0;0.000166196517;0.000111531957;0.000122298491;0.000067004758;
2016;12;17;13;0;0.000167011416;0.000082261659;0.000123891954;0.000060973307;
2016;12;17;14;0;0.000169263694;0.000081873008;0.000118970518;0.000056277933;
2016;12;17;15;0;0.000164122219;0.000081897268;0.000106456112;0.000057355489;
2016;12;17;16;0;0.000150978087;0.000075473349;0.000101686756;0.000055822119;
2016;12;17;17;0;0.000145083603;0.000073128178;0.000101336228;0.000053777234;
2016;12;17;18;0;0.000149127922;0.000086018390;0.000111049893;0.000054784736;
2016;12;17;19;0;0.000166722990;0.000161688470;0.000129178860;0.000195386435;
2016;12;17;20;0;0.000172710228;0.000177992423;0.000133092486;0.000236829054;
2016;12;17;21;0;0.000177977717;0.000181705351;0.000129224950;0.000241389097;
2016;12;17;22;0;0.000178883134;0.000185459589;0.000118268926;0.000234041859;
2016;12;17;23;0;0.000163072475;0.000229386029;0.000106874276;0.000201949010;
2016;12;17;24;0;0.000140752956;0.000242969527;0.000099367932;0.000186679990;
2016;12;18;1;0;0.000115452143;0.000233893111;0.000088893550;0.000173020391;
2016;12;18;2;0;0.000095947920;0.000218549271;0.000083935690;0.000177854422;
2016;12;18;3;0;0.000082529321;0.000202597575;0.000081284055;0.000169852832;
2016;12;18;4;0;0.000074300791;0.000190906908;0.000079372074;0.000162724404;
2016;12;18;5;0;0.000070293619;0.000186456105;0.000078715681;0.000158064581;
2016;12;18;6;0;0.000069430941;0.000193805947;0.000079769602;0.000154143556;
2016;12;18;7;0;0.000072332795;0.000197323290;0.000082693347;0.000157932272;
2016;12;18;8;0;0.000078833179;0.000187606599;0.000085670924;0.000162217404;
2016;12;18;9;0;0.000092372709;0.000136070565;0.000080473055;0.000085513648;
2016;12;18;10;0;0.000116134579;0.000119124579;0.000082622238;0.000053494582;
2016;12;18;11;0;0.000138991157;0.000122416295;0.000089697943;0.000060289921;
2016;12;18;12;0;0.000149754657;0.000110951735;0.000095105573;0.000063899954;
2016;12;18;13;0;0.000154306522;0.000083989212;0.000098427674;0.000060629221;
2016;12;18;14;0;0.000158936614;0.000082933240;0.000097990805;0.000058984824;
2016;12;18;15;0;0.000157849747;0.000081156844;0.000094022370;0.000059625256;
2016;12;18;16;0;0.000144039320;0.000074128454;0.000089912615;0.000055613504;
2016;12;18;17;0;0.000138423797;0.000071066745;0.000087938695;0.000052217692;
2016;12;18;18;0;0.000143029398;0.000084032410;0.000092233461;0.000054169215;
2016;12;18;19;0;0.000161843930;0.000160578654;0.000109370217;0.000200321075;
2016;12;18;20;0;0.000171435034;0.000177972914;0.000113274056;0.000241319049;
2016;12;18;21;0;0.000180895247;0.000182376157;0.000111739146;0.000244900019;
2016;12;18;22;0;0.000183901569;0.000186817315;0.000106488028;0.000239161269;
2016;12;18;23;0;0.000164352234;0.000230031459;0.000097670911;0.000206298288;
2016;12;18;24;0;0.000136944722;0.000241074521;0.000090675074;0.000186699153;
2016;12;19;1;0;0.000107344864;0.000233093689;0.000084000932;0.000168953202;
2016;12;19;2;0;0.000085640062;0.000216276344;0.000081791729;0.000169585612;
2016;12;19;3;0;0.000075225909;0.000201202625;0.000080495124;0.000164438160;
2016;12;19;4;0;0.000070321572;0.000191117921;0.000079827157;0.000159725524;
2016;12;19;5;0;0.000068801284;0.000188299073;0.000079789356;0.000155984472;
2016;12;19;6;0;0.000070716880;0.000196328203;0.000082452944;0.000154963942;
2016;12;19;7;0;0.000082656069;0.000204208468;0.000094378763;0.000160665306;
2016;12;19;8;0;0.000112543845;0.000205804307;0.000118529970;0.000168955815;
2016;12;19;9;0;0.000140895992;0.000158043002;0.000154530370;0.000099063554;
2016;12;19;10;0;0.000163532091;0.000132146263;0.000178086947;0.000070363439;
2016;12;19;11;0;0.000181556688;0.000125583492;0.000188406726;0.000072468334;
2016;12;19;12;0;0.000182995439;0.000109033526;0.000188778236;0.000069445191;
2016;12;19;13;0;0.000182968537;0.000082250786;0.000186038040;0.000068380005;
2016;12;19;14;0;0.000183459617;0.000082787911;0.000173111116;0.000065347437;
2016;12;19;15;0;0.000173671309;0.000081652026;0.000150857370;0.000062161747;
2016;12;19;16;0;0.000165060655;0.000077734318;0.000144750604;0.000055521402;
2016;12;19;17;0;0.000167785655;0.000076267263;0.000149125500;0.000053122887;
2016;12;19;18;0;0.000183197943;0.000089844343;0.000160745697;0.000061077066;
2016;12;19;19;0;0.000202436473;0.000167508597;0.000175959378;0.000204152761;
2016;12;19;20;0;0.000208767076;0.000186292363;0.000167182036;0.000242889231;
2016;12;19;21;0;0.000209658295;0.000192081986;0.000147945964;0.000245409657;
2016;12;19;22;0;0.000203992504;0.000196686346;0.000124995439;0.000238687119;
2016;12;19;23;0;0.000180435889;0.000238650338;0.000106359608;0.000209526459;
2016;12;19;24;0;0.000146918928;0.000246770542;0.000095658411;0.000189821172;
2016;12;20;1;0;0.000108824690;0.000232124147;0.000086547710;0.000173628311;
2016;12;20;2;0;0.000084986675;0.000214917579;0.000083208720;0.000175728023;
2016;12;20;3;0;0.000074244944;0.000199195966;0.000081410490;0.000169550725;
2016;12;20;4;0;0.000069659877;0.000188776431;0.000080657464;0.000163259993;
2016;12;20;5;0;0.000068212348;0.000185533831;0.000080664531;0.000159689674;
2016;12;20;6;0;0.000070415703;0.000194230028;0.000083554055;0.000157375237;
2016;12;20;7;0;0.000082909784;0.000202650177;0.000095291452;0.000161645938;
2016;12;20;8;0;0.000113915417;0.000206020891;0.000118761980;0.000170969317;
2016;12;20;9;0;0.000141679244;0.000157771485;0.000152481888;0.000100240327;
2016;12;20;10;0;0.000161419610;0.000130770856;0.000175683213;0.000067334179;
2016;12;20;11;0;0.000177053294;0.000123496224;0.000185346235;0.000068785720;
2016;12;20;12;0;0.000177387964;0.000106965598;0.000184977544;0.000067540253;
2016;12;20;13;0;0.000178089227;0.000080732170;0.000182078761;0.000064109599;
2016;12;20;14;0;0.000178247292;0.000081350487;0.000168826394;0.000062045905;
2016;12;20;15;0;0.000168794258;0.000080421131;0.000146488757;0.000058627758;
2016;12;20;16;0;0.000161452661;0.000076775069;0.000139759074;0.000055630994;
2016;12;20;17;0;0.000163382997;0.000075955307;0.000142904201;0.000054202599;
2016;12;20;18;0;0.000177619143;0.000090147530;0.000153766730;0.000064602576;
2016;12;20;19;0;0.000197998979;0.000167304259;0.000169216323;0.000206381164;
2016;12;20;20;0;0.000206028694;0.000186032429;0.000160603196;0.000245915939;
2016;12;20;21;0;0.000206695437;0.000191931349;0.000142444688;0.000248241963;
2016;12;20;22;0;0.000197767956;0.000194442690;0.000121360185;0.000241474897;
2016;12;20;23;0;0.000172472002;0.000233278852;0.000104864817;0.000208306833;
2016;12;20;24;0;0.000142423825;0.000242268318;0.000094880845;0.000189338914;
2016;12;21;1;0;0.000107830968;0.000230957866;0.000085471196;0.000173179351;
2016;12;21;2;0;0.000084165741;0.000213723773;0.000082129939;0.000175180211;
2016;12;21;3;0;0.000073541346;0.000198126061;0.000080369857;0.000169053376;
2016;12;21;4;0;0.000069015143;0.000187804432;0.000079644244;0.000162817457;
2016;12;21;5;0;0.000067587767;0.000184596978;0.000079659184;0.000159272735;
2016;12;21;6;0;0.000069776512;0.000193264678;0.000082519277;0.000156976862;
2016;12;21;7;0;0.000082098026;0.000201497791;0.000094043549;0.000161120658;
2016;12;21;8;0;0.000112834732;0.000204912255;0.000117242715;0.000170466081;
2016;12;21;9;0;0.000140440122;0.000157039844;0.000150643836;0.000100020022;
2016;12;21;10;0;0.000159821042;0.000130012469;0.000173362863;0.000067107759;
2016;12;21;11;0;0.000175170916;0.000122689683;0.000182763681;0.000068503976;
2016;12;21;12;0;0.000175484971;0.000106256688;0.000182382401;0.000067257074;
2016;12;21;13;0;0.000176078228;0.000080151381;0.000179421895;0.000063804392;
2016;12;21;14;0;0.000176276976;0.000080784713;0.000166402994;0.000061765403;
2016;12;21;15;0;0.000166904359;0.000079850301;0.000144365176;0.000058354292;
2016;12;21;16;0;0.000159681270;0.000076247456;0.000137764374;0.000055384098;
2016;12;21;17;0;0.000161597255;0.000075436515;0.000140870564;0.000053964323;
2016;12;21;18;0;0.000175595042;0.000089489625;0.000151507105;0.000064288282;
2016;12;21;19;0;0.000195815972;0.000166145481;0.000166792131;0.000205454059;
2016;12;21;20;0;0.000203671761;0.000184666509;0.000158236049;0.000244708634;
2016;12;21;21;0;0.000204362687;0.000190551778;0.000140367031;0.000247061695;
2016;12;21;22;0;0.000195681236;0.000193188492;0.000119678911;0.000240505356;
2016;12;21;23;0;0.000170760315;0.000231921005;0.000103477585;0.000207601919;
2016;12;21;24;0;0.000141013755;0.000240863964;0.000093627951;0.000188702745;
2016;12;22;1;0;0.000106149091;0.000229060448;0.000083654733;0.000172455165;
2016;12;22;2;0;0.000082830778;0.000211911141;0.000080362945;0.000174400912;
2016;12;22;3;0;0.000072328047;0.000196318548;0.000078589824;0.000168192384;
2016;12;22;4;0;0.000067853132;0.000186026968;0.000077853449;0.000161932414;
2016;12;22;5;0;0.000066464939;0.000182891559;0.000077885806;0.000158443076;
2016;12;22;6;0;0.000068559757;0.000191318543;0.000080614540;0.000156028154;
2016;12;22;7;0;0.000080722869;0.000199608362;0.000091937108;0.000160258997;
2016;12;22;8;0;0.000110835837;0.000202791573;0.000114504149;0.000169388022;
2016;12;22;9;0;0.000137967827;0.000155432219;0.000147141761;0.000099398742;
2016;12;22;10;0;0.000157106717;0.000128762787;0.000169439562;0.000066733031;
2016;12;22;11;0;0.000172199715;0.000121513083;0.000178631597;0.000068122963;
2016;12;22;12;0;0.000172423914;0.000105186115;0.000178171590;0.000066850222;
2016;12;22;13;0;0.000172996698;0.000079339185;0.000175269177;0.000063414716;
2016;12;22;14;0;0.000173105078;0.000079925980;0.000162470048;0.000061357381;
2016;12;22;15;0;0.000163827824;0.000078966176;0.000140890069;0.000057942883;
2016;12;22;16;0;0.000156694586;0.000075382396;0.000134411025;0.000054978441;
2016;12;22;17;0;0.000158613029;0.000074598667;0.000137474798;0.000053582002;
2016;12;22;18;0;0.000172420165;0.000088530529;0.000147913142;0.000063857946;
2016;12;22;19;0;0.000192362997;0.000164439642;0.000162909696;0.000204171662;
2016;12;22;20;0;0.000200104438;0.000182792599;0.000154571453;0.000243210607;
2016;12;22;21;0;0.000200610866;0.000188456196;0.000136998533;0.000245338431;
2016;12;22;22;0;0.000191984976;0.000190960649;0.000116743751;0.000238698742;
2016;12;22;23;0;0.000167614786;0.000229355961;0.000100987965;0.000206140849;
2016;12;22;24;0;0.000138493537;0.000238333137;0.000091426376;0.000187479405;
2016;12;23;1;0;0.000102539154;0.000225195256;0.000080971304;0.000172559680;
2016;12;23;2;0;0.000080727600;0.000208400174;0.000077689988;0.000176584547;
2016;12;23;3;0;0.000070228457;0.000193502545;0.000076099279;0.000171811364;
2016;12;23;4;0;0.000065651291;0.000182685234;0.000075083251;0.000164573285;
2016;12;23;5;0;0.000063983003;0.000179453793;0.000074887050;0.000159476650;
2016;12;23;6;0;0.000065845249;0.000187375609;0.000077649086;0.000157960187;
2016;12;23;7;0;0.000077233380;0.000195396363;0.000088036836;0.000161076368;
2016;12;23;8;0;0.000104356096;0.000197756422;0.000107826438;0.000170054432;
2016;12;23;9;0;0.000130677166;0.000151413182;0.000137011590;0.000099388916;
2016;12;23;10;0;0.000148668498;0.000124841700;0.000158561454;0.000062646628;
2016;12;23;11;0;0.000162650489;0.000118377163;0.000166730339;0.000065128090;
2016;12;23;12;0;0.000163561904;0.000102278278;0.000165918139;0.000067691232;
2016;12;23;13;0;0.000163976372;0.000077427433;0.000163296668;0.000063609045;
2016;12;23;14;0;0.000164403601;0.000077559591;0.000151928002;0.000062639312;
2016;12;23;15;0;0.000155304035;0.000075676473;0.000131572498;0.000057223318;
2016;12;23;16;0;0.000147846168;0.000071323314;0.000122501418;0.000054641356;
2016;12;23;17;0;0.000148573366;0.000070266226;0.000123117449;0.000052666610;
2016;12;23;18;0;0.000160531798;0.000084351641;0.000132906942;0.000060533971;
2016;12;23;19;0;0.000178021247;0.000158646827;0.000151198095;0.000201162532;
2016;12;23;20;0;0.000183387558;0.000175533765;0.000147000251;0.000240801677;
2016;12;23;21;0;0.000183098585;0.000180313653;0.000135778395;0.000245121141;
2016;12;23;22;0;0.000176966674;0.000184324614;0.000118305961;0.000238212260;
2016;12;23;23;0;0.000159184535;0.000224909998;0.000103475057;0.000205828446;
2016;12;23;24;0;0.000134865263;0.000235440106;0.000094528253;0.000187979616;
2016;12;24;1;0;0.000104860683;0.000225578409;0.000079530952;0.000166521335;
2016;12;24;2;0;0.000085202968;0.000209961528;0.000074318696;0.000166539820;
2016;12;24;3;0;0.000073480481;0.000194264077;0.000071503800;0.000162587488;
2016;12;24;4;0;0.000066590836;0.000183620335;0.000070083824;0.000159155929;
2016;12;24;5;0;0.000063780400;0.000180006149;0.000069019312;0.000153714053;
2016;12;24;6;0;0.000063560286;0.000186735019;0.000070234657;0.000151688711;
2016;12;24;7;0;0.000067363214;0.000189654789;0.000073902546;0.000152634934;
2016;12;24;8;0;0.000076626144;0.000184494682;0.000079999637;0.000157591685;
2016;12;24;9;0;0.000095256865;0.000137475660;0.000081645353;0.000088284889;
2016;12;24;10;0;0.000123798968;0.000119850782;0.000089989274;0.000056464827;
2016;12;24;11;0;0.000145242812;0.000120331237;0.000103000033;0.000063630841;
2016;12;24;12;0;0.000150903826;0.000105764146;0.000107392371;0.000064934466;
2016;12;24;13;0;0.000151453890;0.000077909883;0.000108655415;0.000059015396;
2016;12;24;14;0;0.000153320007;0.000077452702;0.000104219352;0.000054408212;
2016;12;24;15;0;0.000148627688;0.000077457338;0.000093234563;0.000055436861;
2016;12;24;16;0;0.000136856267;0.000071450489;0.000089143394;0.000054006794;
2016;12;24;17;0;0.000131668217;0.000069311961;0.000088940866;0.000052089763;
2016;12;24;18;0;0.000135401998;0.000081567702;0.000097512041;0.000053090520;
2016;12;24;19;0;0.000151845561;0.000153796507;0.000113781605;0.000189929453;
2016;12;24;20;0;0.000157295565;0.000169301477;0.000117226542;0.000230210273;
2016;12;24;21;0;0.000161352951;0.000172044110;0.000113300455;0.000233571705;
2016;12;24;22;0;0.000161374480;0.000174733254;0.000103183466;0.000225346232;
2016;12;24;23;0;0.000146684275;0.000215491762;0.000092971552;0.000193881301;
2016;12;24;24;0;0.000126863628;0.000228713722;0.000086616345;0.000179584426;
2016;12;25;1;0;0.000098387984;0.000214516361;0.000071391013;0.000164652700;
2016;12;25;2;0;0.000082039095;0.000201111816;0.000067634018;0.000169817119;
2016;12;25;3;0;0.000070529262;0.000186336631;0.000065463566;0.000162093412;
2016;12;25;4;0;0.000063344527;0.000175162134;0.000063770029;0.000154917276;
2016;12;25;5;0;0.000059842965;0.000170834953;0.000063152665;0.000150266879;
2016;12;25;6;0;0.000059073926;0.000177465038;0.000063960733;0.000146453467;
2016;12;25;7;0;0.000061437343;0.000180375878;0.000066191310;0.000149795776;
2016;12;25;8;0;0.000066872405;0.000171273014;0.000068486439;0.000153662132;
2016;12;25;9;0;0.000078120919;0.000123848508;0.000064136814;0.000080758939;
2016;12;25;10;0;0.000098030809;0.000108219455;0.000065725094;0.000050424585;
2016;12;25;11;0;0.000117356689;0.000111240476;0.000071373401;0.000056845606;
2016;12;25;12;0;0.000126678162;0.000101008621;0.000075815955;0.000060360588;
2016;12;25;13;0;0.000130622125;0.000076517170;0.000078520474;0.000057312052;
2016;12;25;14;0;0.000134380387;0.000075464638;0.000078078324;0.000055690834;
2016;12;25;15;0;0.000133048849;0.000073619914;0.000074684703;0.000056121464;
2016;12;25;16;0;0.000121045189;0.000067043139;0.000071206613;0.000052188911;
2016;12;25;17;0;0.000116418350;0.000064325036;0.000069698580;0.000049041061;
2016;12;25;18;0;0.000120421554;0.000076142768;0.000073181390;0.000050928743;
2016;12;25;19;0;0.000136684103;0.000145952767;0.000087047017;0.000188920784;
2016;12;25;20;0;0.000144972749;0.000161973377;0.000090271462;0.000227881939;
2016;12;25;21;0;0.000152956932;0.000165963657;0.000089039064;0.000231239665;
2016;12;25;22;0;0.000155706778;0.000170232366;0.000084968138;0.000226122843;
2016;12;25;23;0;0.000139571551;0.000210238115;0.000078166337;0.000195635841;
2016;12;25;24;0;0.000116465902;0.000220651933;0.000072673260;0.000177307599;
2016;12;26;1;0;0.000085290102;0.000206419290;0.000061161406;0.000157818380;
2016;12;26;2;0;0.000067990182;0.000191372993;0.000059505158;0.000158282180;
2016;12;26;3;0;0.000059649401;0.000177817577;0.000058490349;0.000153290431;
2016;12;26;4;0;0.000055686811;0.000168681554;0.000057928254;0.000148700316;
2016;12;26;5;0;0.000054404348;0.000165953971;0.000057817328;0.000145008088;
2016;12;26;6;0;0.000055845692;0.000172803158;0.000059668998;0.000143870260;
2016;12;26;7;0;0.000064816800;0.000178479768;0.000067820833;0.000148118307;
2016;12;26;8;0;0.000087372603;0.000178078048;0.000084325261;0.000154205712;
2016;12;26;9;0;0.000108816122;0.000136041772;0.000109366533;0.000089946093;
2016;12;26;10;0;0.000126803857;0.000114205432;0.000126542834;0.000064143155;
2016;12;26;11;0;0.000141429481;0.000109034178;0.000134493128;0.000066366630;
2016;12;26;12;0;0.000142995004;0.000094960514;0.000135178778;0.000063796458;
2016;12;26;13;0;0.000142903072;0.000071599107;0.000133150530;0.000062786760;
2016;12;26;14;0;0.000143427895;0.000072137729;0.000124020675;0.000060061405;
2016;12;26;15;0;0.000135857191;0.000071190808;0.000108142668;0.000057167810;
2016;12;26;16;0;0.000128788893;0.000067600520;0.000103497825;0.000050929459;
2016;12;26;17;0;0.000130588472;0.000066159250;0.000106359899;0.000048607745;
2016;12;26;18;0;0.000142503506;0.000077892940;0.000114583031;0.000055854339;
2016;12;26;19;0;0.000158274548;0.000145969400;0.000126069704;0.000187651211;
2016;12;26;20;0;0.000163729013;0.000162839997;0.000120151511;0.000223947225;
2016;12;26;21;0;0.000164867442;0.000168349522;0.000106610987;0.000226875861;
2016;12;26;22;0;0.000161029659;0.000173048675;0.000090419442;0.000221510562;
2016;12;26;23;0;0.000142999951;0.000210803307;0.000077244166;0.000195220593;
2016;12;26;24;0;0.000116691680;0.000218452922;0.000069624373;0.000177247691;
2016;12;27;1;0;0.000096598065;0.000217268960;0.000073899694;0.000166748013;
2016;12;27;2;0;0.000075355332;0.000200942346;0.000070970533;0.000168578938;
2016;12;27;3;0;0.000065807256;0.000186176051;0.000069411805;0.000162594440;
2016;12;27;4;0;0.000061725754;0.000176387519;0.000068750259;0.000156517396;
2016;12;27;5;0;0.000060497361;0.000173513361;0.000068818011;0.000153231978;
2016;12;27;6;0;0.000062428947;0.000181580516;0.000071257421;0.000150956574;
2016;12;27;7;0;0.000073459875;0.000189333632;0.000081216527;0.000154955978;
2016;12;27;8;0;0.000100703591;0.000192048134;0.000100991763;0.000163523347;
2016;12;27;9;0;0.000125460048;0.000147320814;0.000129886362;0.000096037497;
2016;12;27;10;0;0.000143548001;0.000122627593;0.000150285540;0.000064785164;
2016;12;27;11;0;0.000157831098;0.000116085674;0.000158934585;0.000066341609;
2016;12;27;12;0;0.000158211117;0.000100598927;0.000158700367;0.000065174044;
2016;12;27;13;0;0.000158744090;0.000075882726;0.000156122422;0.000061827562;
2016;12;27;14;0;0.000159015429;0.000076526678;0.000144878101;0.000059886453;
2016;12;27;15;0;0.000150564219;0.000075643334;0.000125693979;0.000056580468;
2016;12;27;16;0;0.000143756849;0.000072084174;0.000119704210;0.000053591917;
2016;12;27;17;0;0.000145367648;0.000071261573;0.000122307186;0.000052177126;
2016;12;27;18;0;0.000157983487;0.000084549713;0.000131561974;0.000062168574;
2016;12;27;19;0;0.000176395176;0.000157169087;0.000145014718;0.000198926643;
2016;12;27;20;0;0.000183553097;0.000174766843;0.000137636704;0.000237039010;
2016;12;27;21;0;0.000184113277;0.000180275419;0.000122052464;0.000239237115;
2016;12;27;22;0;0.000176319619;0.000182798536;0.000104079937;0.000232924861;
2016;12;27;23;0;0.000153883336;0.000219474837;0.000090001317;0.000201083134;
2016;12;27;24;0;0.000127138282;0.000228048225;0.000081473864;0.000182865895;
2016;12;28;1;0;0.000097845811;0.000219064794;0.000075066449;0.000167843695;
2016;12;28;2;0;0.000076292797;0.000202507966;0.000072057143;0.000169606862;
2016;12;28;3;0;0.000066600905;0.000187556125;0.000070448071;0.000163524409;
2016;12;28;4;0;0.000062450565;0.000177639240;0.000069754740;0.000157363183;
2016;12;28;5;0;0.000061165028;0.000174622725;0.000069774750;0.000153952487;
2016;12;28;6;0;0.000063095502;0.000182676518;0.000072222399;0.000151612488;
2016;12;28;7;0;0.000074194241;0.000190348239;0.000082260974;0.000155524530;
2016;12;28;8;0;0.000101647148;0.000192957393;0.000102227000;0.000164021418;
2016;12;28;9;0;0.000126561690;0.000147931961;0.000131398313;0.000096273820;
2016;12;28;10;0;0.000144717469;0.000123058920;0.000151939406;0.000064903770;
2016;12;28;11;0;0.000159034341;0.000116433526;0.000160600231;0.000066428567;
2016;12;28;12;0;0.000159479429;0.000100939724;0.000160426100;0.000065284923;
2016;12;28;13;0;0.000160019839;0.000076141298;0.000157823243;0.000061933972;
2016;12;28;14;0;0.000160311871;0.000076796313;0.000146473339;0.000059996451;
2016;12;28;15;0;0.000151699906;0.000075863921;0.000127001085;0.000056650092;
2016;12;28;16;0;0.000144840188;0.000072293883;0.000120948192;0.000053657493;
2016;12;28;17;0;0.000146514614;0.000071494013;0.000123621661;0.000052259337;
2016;12;28;18;0;0.000159168233;0.000084792595;0.000132924336;0.000062242375;
2016;12;28;19;0;0.000177671333;0.000157579194;0.000146477918;0.000199110500;
2016;12;28;20;0;0.000184924248;0.000175263821;0.000139057952;0.000237313543;
2016;12;28;21;0;0.000185445330;0.000180745876;0.000123284014;0.000239458304;
2016;12;28;22;0;0.000177539770;0.000183218287;0.000105097274;0.000233067336;
2016;12;28;23;0;0.000155003666;0.000220057513;0.000090913560;0.000201278123;
2016;12;28;24;0;0.000128021418;0.000228577816;0.000082272374;0.000182982502;
2016;12;29;1;0;0.000098123760;0.000219292628;0.000075366693;0.000167897374;
2016;12;29;2;0;0.000076560501;0.000202853656;0.000072393555;0.000169774153;
2016;12;29;3;0;0.000066873883;0.000187986716;0.000070818570;0.000163781907;
2016;12;29;4;0;0.000062717783;0.000178079012;0.000070134176;0.000157639260;
2016;12;29;5;0;0.000061436139;0.000175081796;0.000070165021;0.000154246161;
2016;12;29;6;0;0.000063383238;0.000183180080;0.000072635607;0.000151921038;
2016;12;29;7;0;0.000074495586;0.000190778183;0.000082690541;0.000155763669;
2016;12;29;8;0;0.000102000360;0.000193280228;0.000102700785;0.000164177634;
2016;12;29;9;0;0.000126970541;0.000148143369;0.000131975140;0.000096342038;
2016;12;29;10;0;0.000145185793;0.000123235480;0.000152607272;0.000064950128;
2016;12;29;11;0;0.000159565918;0.000116612947;0.000161323274;0.000066483064;
2016;12;29;12;0;0.000159944245;0.000101052150;0.000161079626;0.000065310615;
2016;12;29;13;0;0.000160414484;0.000076192027;0.000158395323;0.000061930646;
2016;12;29;14;0;0.000160656092;0.000076823021;0.000146957494;0.000059974136;
2016;12;29;15;0;0.000152081048;0.000075917967;0.000127467320;0.000056649663;
2016;12;29;16;0;0.000145208027;0.000072347345;0.000121395493;0.000053658540;
2016;12;29;17;0;0.000146841688;0.000071524956;0.000124040823;0.000052244339;
2016;12;29;18;0;0.000159605413;0.000084872823;0.000133443481;0.000062256443;
2016;12;29;19;0;0.000178167109;0.000157735174;0.000147056414;0.000199164192;
2016;12;29;20;0;0.000185496274;0.000175490295;0.000139649311;0.000237449236;
2016;12;29;21;0;0.000186115476;0.000181073327;0.000123872525;0.000239719527;
2016;12;29;22;0;0.000178208909;0.000183578609;0.000105615303;0.000233357678;
2016;12;29;23;0;0.000155648004;0.000220575508;0.000091396989;0.000201606758;
2016;12;29;24;0;0.000128575736;0.000229155332;0.000082724101;0.000183312835;
2016;12;30;1;0;0.000098910636;0.000220677463;0.000077256137;0.000170287750;
2016;12;30;2;0;0.000077810918;0.000204061960;0.000074068260;0.000174125353;
2016;12;30;3;0;0.000067707713;0.000189520931;0.000072569503;0.000169460203;
2016;12;30;4;0;0.000063299797;0.000178940222;0.000071606212;0.000162333892;
2016;12;30;5;0;0.000061712176;0.000175834609;0.000071443307;0.000157359932;
2016;12;30;6;0;0.000063505388;0.000183588158;0.000074074898;0.000155856379;
2016;12;30;7;0;0.000074421359;0.000191273371;0.000083908425;0.000158787094;
2016;12;30;8;0;0.000100468690;0.000193414484;0.000102680214;0.000167491082;
2016;12;30;9;0;0.000125789037;0.000148064946;0.000130451471;0.000097875018;
2016;12;30;10;0;0.000143430039;0.000122356295;0.000151309908;0.000061831485;
2016;12;30;11;0;0.000157278285;0.000116285831;0.000159469126;0.000064427688;
2016;12;30;12;0;0.000158362923;0.000100600523;0.000158896309;0.000067049353;
2016;12;30;13;0;0.000158779159;0.000076164495;0.000156400500;0.000063011804;
2016;12;30;14;0;0.000159293524;0.000076342747;0.000145603968;0.000062090419;
2016;12;30;15;0;0.000150558826;0.000074529781;0.000126164505;0.000056752805;
2016;12;30;16;0;0.000143194332;0.000070176669;0.000117356043;0.000054141221;
2016;12;30;17;0;0.000143835705;0.000069106334;0.000117894607;0.000052161723;
2016;12;30;18;0;0.000155421652;0.000082963959;0.000127276054;0.000059957074;
2016;12;30;19;0;0.000172350446;0.000156033355;0.000144788971;0.000199240895;
2016;12;30;20;0;0.000177750518;0.000172841154;0.000140931369;0.000238776362;
2016;12;30;21;0;0.000177520264;0.000177597579;0.000130209361;0.000243127750;
2016;12;30;22;0;0.000171714987;0.000181696067;0.000113546023;0.000236467598;
2016;12;30;23;0;0.000154512240;0.000221776875;0.000099345061;0.000204389334;
2016;12;30;24;0;0.000130892905;0.000232135697;0.000090745735;0.000186645523;
2016;12;31;1;0;0.000107321093;0.000228258762;0.000082195111;0.000167458306;
2016;12;31;2;0;0.000087196129;0.000212441680;0.000076802960;0.000167465356;
2016;12;31;3;0;0.000075193542;0.000196543449;0.000073888197;0.000163478287;
2016;12;31;4;0;0.000068110238;0.000185684746;0.000072385757;0.000159950336;
2016;12;31;5;0;0.000065260036;0.000182097898;0.000071312899;0.000154538982;
2016;12;31;6;0;0.000065078758;0.000189032599;0.000072617664;0.000152605814;
2016;12;31;7;0;0.000069019023;0.000192117685;0.000076461498;0.000153661248;
2016;12;31;8;0;0.000078475518;0.000186809344;0.000082733735;0.000158582377;
2016;12;31;9;0;0.000097555168;0.000139199390;0.000084435069;0.000088839229;
2016;12;31;10;0;0.000126782329;0.000121350089;0.000093061456;0.000056817760;
2016;12;31;11;0;0.000148968545;0.000122021352;0.000106677957;0.000064125682;
2016;12;31;12;0;0.000154970432;0.000107385237;0.000111367743;0.000065522170;
2016;12;31;13;0;0.000155606613;0.000079140300;0.000112729190;0.000059576824;
2016;12;31;14;0;0.000157624986;0.000078726389;0.000108196197;0.000054961059;
2016;12;31;15;0;0.000152757566;0.000078708765;0.000096764786;0.000055984273;
2016;12;31;16;0;0.000140606518;0.000072577749;0.000092484153;0.000054519713;
2016;12;31;17;0;0.000135193223;0.000070362243;0.000092217366;0.000052552182;
2016;12;31;18;0;0.000139011142;0.000082794271;0.000101092789;0.000053555727;
2016;12;31;19;0;0.000155945797;0.000156162075;0.000117999734;0.000191658594;
2016;12;31;20;0;0.000161816489;0.000172196598;0.000121778227;0.000232699474;
2016;12;31;21;0;0.000166170910;0.000175176328;0.000117827628;0.000236353872;
2016;12;31;22;0;0.000166268415;0.000177995076;0.000107355033;0.000228133785;
2016;12;31;23;0;0.000151136349;0.000219519732;0.000096732597;0.000196284362;
2016;12;31;24;0;0.000130705404;0.000232973306;0.000090114291;0.000181798165;
