AŃO;MES;DIA;HORA;VERANO(1)/INVIERNO(0);COEF. PERFIL A;COEF. PERFIL B;COEF. PERFIL C;COEF. PERFIL D;
2017;05;01;1;1;0.000087187425;0.000146095884;0.000089293551;0.000166812177;
2017;05;01;2;1;0.000072418484;0.000136348117;0.000082291379;0.000163739318;
2017;05;01;3;1;0.000062939431;0.000128505150;0.000078731619;0.000159146831;
2017;05;01;4;1;0.000057958064;0.000124938713;0.000076395941;0.000155808956;
2017;05;01;5;1;0.000055669364;0.000122537969;0.000075874199;0.000152466125;
2017;05;01;6;1;0.000055417369;0.000121800301;0.000076409539;0.000150109002;
2017;05;01;7;1;0.000057101273;0.000108337771;0.000075559379;0.000133814159;
2017;05;01;8;1;0.000060660602;0.000053690922;0.000066530483;0.000036990512;
2017;05;01;9;1;0.000072334769;0.000052196520;0.000070307104;0.000034486283;
2017;05;01;10;1;0.000090991871;0.000061663655;0.000075980115;0.000037792276;
2017;05;01;11;1;0.000106208265;0.000068589429;0.000082258822;0.000043822661;
2017;05;01;12;1;0.000112821498;0.000069208822;0.000086169700;0.000047434220;
2017;05;01;13;1;0.000114715032;0.000066665765;0.000089187070;0.000043837173;
2017;05;01;14;1;0.000119040737;0.000063978510;0.000089874831;0.000045756437;
2017;05;01;15;1;0.000116196406;0.000061624858;0.000088413947;0.000047736613;
2017;05;01;16;1;0.000102057111;0.000054775021;0.000086093795;0.000042286961;
2017;05;01;17;1;0.000095149999;0.000050778627;0.000083388259;0.000036612283;
2017;05;01;18;1;0.000093879688;0.000049764450;0.000081009291;0.000036587395;
2017;05;01;19;1;0.000096332300;0.000050512611;0.000079950342;0.000036568035;
2017;05;01;20;1;0.000100781384;0.000052767279;0.000081887010;0.000039370405;
2017;05;01;21;1;0.000111416346;0.000060780239;0.000084555109;0.000044285902;
2017;05;01;22;1;0.000129003041;0.000118823917;0.000095842359;0.000137390239;
2017;05;01;23;1;0.000122479753;0.000153701783;0.000096638087;0.000231082674;
2017;05;01;24;1;0.000100546372;0.000153340545;0.000088992360;0.000195272022;
2017;05;02;1;1;0.000076245750;0.000139528002;0.000079528875;0.000166480701;
2017;05;02;2;1;0.000061985869;0.000129479605;0.000075799221;0.000166430427;
2017;05;02;3;1;0.000055573253;0.000122663503;0.000073798486;0.000163109639;
2017;05;02;4;1;0.000052960264;0.000120482318;0.000072602639;0.000157565634;
2017;05;02;5;1;0.000051943898;0.000118946927;0.000072484304;0.000154090698;
2017;05;02;6;1;0.000053545091;0.000119001738;0.000074791271;0.000153561377;
2017;05;02;7;1;0.000062453494;0.000108280257;0.000080434778;0.000132847576;
2017;05;02;8;1;0.000082124814;0.000064293959;0.000087307192;0.000041668537;
2017;05;02;9;1;0.000099686984;0.000067573948;0.000117492712;0.000045226294;
2017;05;02;10;1;0.000109523551;0.000067394349;0.000139734989;0.000044040876;
2017;05;02;11;1;0.000116088798;0.000066927371;0.000149416983;0.000043499718;
2017;05;02;12;1;0.000118647907;0.000064521188;0.000151934825;0.000044163430;
2017;05;02;13;1;0.000122505717;0.000062777166;0.000153734797;0.000043635071;
2017;05;02;14;1;0.000126162106;0.000062157767;0.000147209826;0.000043511169;
2017;05;02;15;1;0.000118807426;0.000060107473;0.000131190054;0.000045434698;
2017;05;02;16;1;0.000108536843;0.000055675821;0.000127316816;0.000039989594;
2017;05;02;17;1;0.000107426565;0.000053240082;0.000129126185;0.000036405855;
2017;05;02;18;1;0.000112196749;0.000053457350;0.000131169264;0.000036363754;
2017;05;02;19;1;0.000115567605;0.000054109669;0.000126461328;0.000037333430;
2017;05;02;20;1;0.000118705556;0.000056709588;0.000120109722;0.000040413265;
2017;05;02;21;1;0.000125298695;0.000064053104;0.000111037511;0.000046211421;
2017;05;02;22;1;0.000134579191;0.000118451176;0.000108334408;0.000132321221;
2017;05;02;23;1;0.000124136147;0.000154455753;0.000100356076;0.000232260495;
2017;05;02;24;1;0.000099530611;0.000151592673;0.000089512546;0.000196684499;
2017;05;03;1;1;0.000079893423;0.000143248975;0.000084549215;0.000169267311;
2017;05;03;2;1;0.000065004604;0.000133041629;0.000080650213;0.000169354976;
2017;05;03;3;1;0.000058307657;0.000126098494;0.000078559115;0.000166055480;
2017;05;03;4;1;0.000055584041;0.000123896218;0.000077311079;0.000160463141;
2017;05;03;5;1;0.000054508991;0.000122298631;0.000077173275;0.000156900324;
2017;05;03;6;1;0.000056133667;0.000122233945;0.000079550704;0.000156206668;
2017;05;03;7;1;0.000065285532;0.000110903242;0.000085308719;0.000134749651;
2017;05;03;8;1;0.000085833622;0.000065839718;0.000092581116;0.000042257627;
2017;05;03;9;1;0.000104240763;0.000069233005;0.000124652045;0.000045888508;
2017;05;03;10;1;0.000114316023;0.000068921994;0.000147976963;0.000044603543;
2017;05;03;11;1;0.000121027890;0.000068364977;0.000158046347;0.000044004329;
2017;05;03;12;1;0.000123646130;0.000065880604;0.000160644969;0.000044657772;
2017;05;03;13;1;0.000127640194;0.000064086650;0.000162514692;0.000044114423;
2017;05;03;14;1;0.000131450239;0.000063454529;0.000155617561;0.000043989297;
2017;05;03;15;1;0.000123727549;0.000061331848;0.000138615912;0.000045911796;
2017;05;03;16;1;0.000113064461;0.000056826424;0.000134562502;0.000040421250;
2017;05;03;17;1;0.000111932865;0.000054352485;0.000136505328;0.000036807047;
2017;05;03;18;1;0.000116848598;0.000054548828;0.000138600459;0.000036747327;
2017;05;03;19;1;0.000120398310;0.000055232400;0.000133669206;0.000037739486;
2017;05;03;20;1;0.000123647098;0.000057876750;0.000126934710;0.000040846103;
2017;05;03;21;1;0.000130344035;0.000065285925;0.000117193543;0.000046645285;
2017;05;03;22;1;0.000140060164;0.000120784403;0.000114391166;0.000133622635;
2017;05;03;23;1;0.000129172780;0.000157474993;0.000105951174;0.000234510291;
2017;05;03;24;1;0.000103517782;0.000154479645;0.000094456436;0.000198491647;
2017;05;04;1;1;0.000080460847;0.000143880134;0.000085280384;0.000169800212;
2017;05;04;2;1;0.000065465481;0.000133626176;0.000081346667;0.000169886071;
2017;05;04;3;1;0.000058761678;0.000126740156;0.000079292330;0.000166691469;
2017;05;04;4;1;0.000055962650;0.000124406176;0.000077957138;0.000160921845;
2017;05;04;5;1;0.000054887706;0.000122818637;0.000077828716;0.000157370143;
2017;05;04;6;1;0.000056531298;0.000122770240;0.000080237162;0.000156695552;
2017;05;04;7;1;0.000065680245;0.000111275052;0.000085956206;0.000135032104;
2017;05;04;8;1;0.000086265099;0.000065993535;0.000093189310;0.000042303311;
2017;05;04;9;1;0.000104640370;0.000069312346;0.000125321934;0.000045883568;
2017;05;04;10;1;0.000114741687;0.000068993424;0.000148755912;0.000044593858;
2017;05;04;11;1;0.000121391954;0.000068387047;0.000158765048;0.000043963414;
2017;05;04;12;1;0.000124079470;0.000065934499;0.000161455383;0.000044638338;
2017;05;04;13;1;0.000128099768;0.000064145205;0.000163350142;0.000044099438;
2017;05;04;14;1;0.000131964302;0.000063532134;0.000156465894;0.000043987944;
2017;05;04;15;1;0.000124246244;0.000061424079;0.000139410647;0.000045923259;
2017;05;04;16;1;0.000113520051;0.000056902654;0.000135312061;0.000040424789;
2017;05;04;17;1;0.000112414714;0.000054440322;0.000137303353;0.000036820365;
2017;05;04;18;1;0.000117427649;0.000054672385;0.000139501066;0.000036784442;
2017;05;04;19;1;0.000120996093;0.000055358028;0.000134539040;0.000037777960;
2017;05;04;20;1;0.000124255490;0.000058005815;0.000127755043;0.000040885927;
2017;05;04;21;1;0.000131011692;0.000065444656;0.000117974617;0.000046700142;
2017;05;04;22;1;0.000140666817;0.000120982799;0.000115062952;0.000133674517;
2017;05;04;23;1;0.000129639474;0.000157620824;0.000106497159;0.000234433528;
2017;05;04;24;1;0.000103910195;0.000154650100;0.000094960010;0.000198461833;
2017;05;05;1;1;0.000082595642;0.000145695766;0.000088743206;0.000167574713;
2017;05;05;2;1;0.000067826305;0.000135708515;0.000083940074;0.000167483897;
2017;05;05;3;1;0.000060631471;0.000129016607;0.000081754290;0.000164292902;
2017;05;05;4;1;0.000057428002;0.000126522704;0.000080307216;0.000160249420;
2017;05;05;5;1;0.000056411545;0.000124608295;0.000080253868;0.000157978331;
2017;05;05;6;1;0.000057795114;0.000124285692;0.000082486039;0.000157206593;
2017;05;05;7;1;0.000066594343;0.000111558839;0.000087821967;0.000134429743;
2017;05;05;8;1;0.000086145327;0.000065749133;0.000094746923;0.000043623400;
2017;05;05;9;1;0.000105368198;0.000069340980;0.000126713561;0.000045004464;
2017;05;05;10;1;0.000117063290;0.000070242197;0.000150682602;0.000045413040;
2017;05;05;11;1;0.000124664255;0.000070053570;0.000161095165;0.000045723181;
2017;05;05;12;1;0.000127452411;0.000067892248;0.000163503747;0.000044471733;
2017;05;05;13;1;0.000131122826;0.000065556781;0.000166010981;0.000044478678;
2017;05;05;14;1;0.000134679362;0.000065099345;0.000158753356;0.000045131607;
2017;05;05;15;1;0.000127755770;0.000063407337;0.000140203608;0.000047063137;
2017;05;05;16;1;0.000117322217;0.000058583064;0.000132290369;0.000042266179;
2017;05;05;17;1;0.000114961587;0.000056336308;0.000131699673;0.000040248755;
2017;05;05;18;1;0.000119007443;0.000056387209;0.000132984148;0.000040694165;
2017;05;05;19;1;0.000120506036;0.000056563076;0.000129889417;0.000041081513;
2017;05;05;20;1;0.000121267404;0.000057873501;0.000126198309;0.000043298735;
2017;05;05;21;1;0.000123920147;0.000062823389;0.000120609007;0.000046033278;
2017;05;05;22;1;0.000134142630;0.000117133871;0.000120066113;0.000129282656;
2017;05;05;23;1;0.000128754251;0.000157145527;0.000114344255;0.000232870179;
2017;05;05;24;1;0.000108937702;0.000157163859;0.000103651283;0.000195096142;
2017;05;06;1;1;0.000088797938;0.000147687596;0.000092508598;0.000167589513;
2017;05;06;2;1;0.000073523484;0.000137795092;0.000086042186;0.000168887733;
2017;05;06;3;1;0.000064234155;0.000130347918;0.000082329977;0.000168113167;
2017;05;06;4;1;0.000059444134;0.000127142149;0.000080337116;0.000162812402;
2017;05;06;5;1;0.000057338634;0.000124748318;0.000079525662;0.000156568953;
2017;05;06;6;1;0.000057631013;0.000124179679;0.000080904073;0.000155557759;
2017;05;06;7;1;0.000060401017;0.000108174097;0.000080986311;0.000131942462;
2017;05;06;8;1;0.000066503665;0.000055634779;0.000074861445;0.000037162771;
2017;05;06;9;1;0.000084040814;0.000058139454;0.000085487834;0.000037094045;
2017;05;06;10;1;0.000106935565;0.000067370007;0.000098536624;0.000042105502;
2017;05;06;11;1;0.000121382793;0.000072050488;0.000111148357;0.000049602922;
2017;05;06;12;1;0.000124601953;0.000070602550;0.000115866555;0.000047633223;
2017;05;06;13;1;0.000125892029;0.000067246475;0.000118436732;0.000043675745;
2017;05;06;14;1;0.000130649880;0.000065509626;0.000115602954;0.000046760093;
2017;05;06;15;1;0.000125897047;0.000063551212;0.000106745585;0.000049948358;
2017;05;06;16;1;0.000110730812;0.000057596791;0.000102874639;0.000044247458;
2017;05;06;17;1;0.000102941934;0.000053743574;0.000101465879;0.000037798592;
2017;05;06;18;1;0.000101430559;0.000053043397;0.000103353321;0.000035876046;
2017;05;06;19;1;0.000102929946;0.000053306354;0.000103515077;0.000036495438;
2017;05;06;20;1;0.000104805371;0.000054385510;0.000106293426;0.000039613043;
2017;05;06;21;1;0.000111701346;0.000059767529;0.000107514409;0.000043045696;
2017;05;06;22;1;0.000125809753;0.000114182644;0.000112297896;0.000125467075;
2017;05;06;23;1;0.000122778543;0.000153461484;0.000110959244;0.000228074342;
2017;05;06;24;1;0.000106005712;0.000154491654;0.000102140759;0.000190939353;
2017;05;07;1;1;0.000088706006;0.000147406773;0.000091411353;0.000167628787;
2017;05;07;2;1;0.000073760514;0.000137722193;0.000084335361;0.000164721071;
2017;05;07;3;1;0.000064141853;0.000129873189;0.000080732562;0.000160191092;
2017;05;07;4;1;0.000059119345;0.000126384279;0.000078409176;0.000156974764;
2017;05;07;5;1;0.000056795787;0.000123979769;0.000077888770;0.000153636676;
2017;05;07;6;1;0.000056518663;0.000123189764;0.000078410536;0.000151207869;
2017;05;07;7;1;0.000058209921;0.000109524531;0.000077503349;0.000134733307;
2017;05;07;8;1;0.000061781642;0.000054229285;0.000068179573;0.000037210436;
2017;05;07;9;1;0.000073703429;0.000052742709;0.000072080978;0.000034706327;
2017;05;07;10;1;0.000092644503;0.000062262508;0.000077839112;0.000038005092;
2017;05;07;11;1;0.000108246273;0.000069325355;0.000084356390;0.000044113860;
2017;05;07;12;1;0.000114994240;0.000069956161;0.000088373015;0.000047752671;
2017;05;07;13;1;0.000116892197;0.000067367175;0.000091442470;0.000044119381;
2017;05;07;14;1;0.000121194010;0.000064595156;0.000092067108;0.000046010762;
2017;05;07;15;1;0.000118309692;0.000062224848;0.000090579365;0.000048006596;
2017;05;07;16;1;0.000103918697;0.000055311222;0.000088207018;0.000042528354;
2017;05;07;17;1;0.000096976617;0.000051323879;0.000085515337;0.000036855875;
2017;05;07;18;1;0.000095776555;0.000050348561;0.000083157853;0.000036867250;
2017;05;07;19;1;0.000098178453;0.000051053362;0.000081987085;0.000036810147;
2017;05;07;20;1;0.000102678486;0.000053314351;0.000083945036;0.000039617832;
2017;05;07;21;1;0.000113330886;0.000061311517;0.000086540638;0.000044492473;
2017;05;07;22;1;0.000131044498;0.000119702437;0.000097961901;0.000137846709;
2017;05;07;23;1;0.000124625535;0.000155096473;0.000098940004;0.000232237205;
2017;05;07;24;1;0.000102374269;0.000154832346;0.000091171269;0.000196374960;
2017;05;08;1;1;0.000080374277;0.000144442358;0.000082724837;0.000169486183;
2017;05;08;2;1;0.000065578436;0.000134000336;0.000079054506;0.000165516325;
2017;05;08;3;1;0.000058557155;0.000127103186;0.000076849158;0.000160390029;
2017;05;08;4;1;0.000055608958;0.000124905628;0.000075673836;0.000158357203;
2017;05;08;5;1;0.000054378478;0.000123074755;0.000075813348;0.000155866344;
2017;05;08;6;1;0.000055837277;0.000122678437;0.000077560227;0.000156055032;
2017;05;08;7;1;0.000064476544;0.000111551527;0.000083474463;0.000136346401;
2017;05;08;8;1;0.000083266521;0.000065177973;0.000089076510;0.000042148263;
2017;05;08;9;1;0.000101517565;0.000067947082;0.000118638516;0.000044253228;
2017;05;08;10;1;0.000112423600;0.000068493247;0.000140893365;0.000043775483;
2017;05;08;11;1;0.000120156372;0.000068407897;0.000150029152;0.000044511166;
2017;05;08;12;1;0.000123047767;0.000066514860;0.000152957835;0.000044216986;
2017;05;08;13;1;0.000126809733;0.000064236462;0.000154652981;0.000043144549;
2017;05;08;14;1;0.000131284841;0.000064207937;0.000148385587;0.000043794011;
2017;05;08;15;1;0.000123684523;0.000062003843;0.000132711657;0.000046514078;
2017;05;08;16;1;0.000112354660;0.000056823846;0.000128846482;0.000038734582;
2017;05;08;17;1;0.000110712841;0.000053930698;0.000130601304;0.000035421300;
2017;05;08;18;1;0.000114951863;0.000053983253;0.000132214399;0.000035966505;
2017;05;08;19;1;0.000118510282;0.000054482162;0.000127857272;0.000037285804;
2017;05;08;20;1;0.000121704216;0.000057336182;0.000121343396;0.000039836862;
2017;05;08;21;1;0.000128801360;0.000064667137;0.000112486832;0.000043971951;
2017;05;08;22;1;0.000139946456;0.000121156514;0.000111048155;0.000135452125;
2017;05;08;23;1;0.000128083450;0.000156956720;0.000103487702;0.000234606390;
2017;05;08;24;1;0.000101802292;0.000154161482;0.000092311395;0.000199125544;
2017;05;09;1;1;0.000080163133;0.000143520847;0.000084909377;0.000169470042;
2017;05;09;2;1;0.000065300303;0.000133449958;0.000081088454;0.000169756037;
2017;05;09;3;1;0.000058549188;0.000126434327;0.000078954028;0.000166381369;
2017;05;09;4;1;0.000055823856;0.000124247475;0.000077713035;0.000160805607;
2017;05;09;5;1;0.000054753776;0.000122666885;0.000077588130;0.000157262784;
2017;05;09;6;1;0.000056367611;0.000122562568;0.000079952613;0.000156517165;
2017;05;09;7;1;0.000065475792;0.000111062609;0.000085632704;0.000134848977;
2017;05;09;8;1;0.000086039487;0.000065900416;0.000092884920;0.000042267024;
2017;05;09;9;1;0.000104359286;0.000069209627;0.000124903712;0.000045840953;
2017;05;09;10;1;0.000114508959;0.000068936623;0.000148357292;0.000044581832;
2017;05;09;11;1;0.000121263907;0.000068397398;0.000158494057;0.000043994430;
2017;05;09;12;1;0.000123889372;0.000065912973;0.000161102795;0.000044648489;
2017;05;09;13;1;0.000127959118;0.000064152142;0.000163064279;0.000044128643;
2017;05;09;14;1;0.000131834478;0.000063546269;0.000156209934;0.000044022108;
2017;05;09;15;1;0.000124119558;0.000061435539;0.000139177593;0.000045957276;
2017;05;09;16;1;0.000113383056;0.000056902609;0.000135060551;0.000040447154;
2017;05;09;17;1;0.000112240346;0.000054421511;0.000137000894;0.000036828035;
2017;05;09;18;1;0.000117245921;0.000054653687;0.000139194260;0.000036792236;
2017;05;09;19;1;0.000120824000;0.000055346039;0.000134259990;0.000037790705;
2017;05;09;20;1;0.000124037589;0.000057974009;0.000127447759;0.000040886149;
2017;05;09;21;1;0.000130788464;0.000065412033;0.000117696726;0.000046702724;
2017;05;09;22;1;0.000140266362;0.000120784046;0.000114660495;0.000133528855;
2017;05;09;23;1;0.000129384336;0.000157500561;0.000106218188;0.000234384447;
2017;05;09;24;1;0.000103731465;0.000154570505;0.000094734797;0.000198469592;
2017;05;10;1;1;0.000080736652;0.000144125648;0.000085682148;0.000169957167;
2017;05;10;2;1;0.000065761273;0.000133999658;0.000081818718;0.000170227898;
2017;05;10;3;1;0.000058979521;0.000126991776;0.000079688067;0.000166892011;
2017;05;10;4;1;0.000056219344;0.000124762408;0.000078414874;0.000161256647;
2017;05;10;5;1;0.000055135630;0.000123161747;0.000078280248;0.000157686576;
2017;05;10;6;1;0.000056774330;0.000123086513;0.000080685164;0.000156976575;
2017;05;10;7;1;0.000065995158;0.000111616761;0.000086478791;0.000135341025;
2017;05;10;8;1;0.000086706025;0.000066217053;0.000093785416;0.000042413452;
2017;05;10;9;1;0.000105095503;0.000069494394;0.000126027993;0.000045968165;
2017;05;10;10;1;0.000115346339;0.000069238012;0.000149731054;0.000044717009;
2017;05;10;11;1;0.000122083348;0.000068658559;0.000159873503;0.000044103500;
2017;05;10;12;1;0.000124643054;0.000066120354;0.000162396156;0.000044729217;
2017;05;10;13;1;0.000128712387;0.000064341399;0.000164341247;0.000044199786;
2017;05;10;14;1;0.000132569244;0.000063713882;0.000157384175;0.000044079342;
2017;05;10;15;1;0.000124746822;0.000061565751;0.000140151332;0.000045993244;
2017;05;10;16;1;0.000114004922;0.000057047663;0.000136063801;0.000040496166;
2017;05;10;17;1;0.000112874678;0.000054569296;0.000138041467;0.000036878782;
2017;05;10;18;1;0.000117891872;0.000054794356;0.000140231664;0.000036837724;
2017;05;10;19;1;0.000121509167;0.000055497397;0.000135282332;0.000037843502;
2017;05;10;20;1;0.000124777325;0.000058149492;0.000128455647;0.000040955200;
2017;05;10;21;1;0.000131539810;0.000065595743;0.000118601668;0.000046771412;
2017;05;10;22;1;0.000140933616;0.000121004318;0.000115428623;0.000133593916;
2017;05;10;23;1;0.000129918408;0.000157688974;0.000106862792;0.000234351789;
2017;05;10;24;1;0.000104240757;0.000154875922;0.000095383930;0.000198596465;
2017;05;11;1;1;0.000080398546;0.000143805677;0.000085183251;0.000169742677;
2017;05;11;2;1;0.000065484540;0.000133699430;0.000081340651;0.000170009586;
2017;05;11;3;1;0.000058751158;0.000126750033;0.000079249200;0.000166734257;
2017;05;11;4;1;0.000055992229;0.000124503921;0.000077969875;0.000161077066;
2017;05;11;5;1;0.000054887984;0.000122850825;0.000077800706;0.000157439524;
2017;05;11;6;1;0.000056490208;0.000122712533;0.000080149579;0.000156649895;
2017;05;11;7;1;0.000065645941;0.000111245518;0.000085879958;0.000135020395;
2017;05;11;8;1;0.000086198107;0.000065959233;0.000093082956;0.000042288880;
2017;05;11;9;1;0.000104572587;0.000069285250;0.000125195045;0.000045873829;
2017;05;11;10;1;0.000114744286;0.000069012719;0.000148704989;0.000044614302;
2017;05;11;11;1;0.000121527496;0.000068481001;0.000158884311;0.000044031682;
2017;05;11;12;1;0.000124118302;0.000065972085;0.000161446968;0.000044671768;
2017;05;11;13;1;0.000128140493;0.000064182089;0.000163342437;0.000044132682;
2017;05;11;14;1;0.000131957732;0.000063545299;0.000156401002;0.000044004923;
2017;05;11;15;1;0.000124186700;0.000061410421;0.000139292980;0.000045921255;
2017;05;11;16;1;0.000113469504;0.000056891936;0.000135202449;0.000040424399;
2017;05;11;17;1;0.000112353848;0.000054424830;0.000137178926;0.000036816466;
2017;05;11;18;1;0.000117278662;0.000054617052;0.000139273224;0.000036753782;
2017;05;11;19;1;0.000120834589;0.000055298345;0.000134310422;0.000037743976;
2017;05;11;20;1;0.000124035720;0.000057918102;0.000127482539;0.000040831399;
2017;05;11;21;1;0.000130721003;0.000065316230;0.000117669894;0.000046616831;
2017;05;11;22;1;0.000140239357;0.000120646153;0.000114671431;0.000133326383;
2017;05;11;23;1;0.000129464708;0.000157448790;0.000106314775;0.000234219516;
2017;05;11;24;1;0.000103764093;0.000154472346;0.000094791884;0.000198269156;
2017;05;12;1;1;0.000081944672;0.000145057517;0.000087839692;0.000167124007;
2017;05;12;2;1;0.000067305632;0.000135141914;0.000083102616;0.000167067922;
2017;05;12;3;1;0.000060149567;0.000128442792;0.000080916492;0.000163840010;
2017;05;12;4;1;0.000056975887;0.000125969548;0.000079490285;0.000159819812;
2017;05;12;5;1;0.000055957068;0.000124040536;0.000079422771;0.000157525638;
2017;05;12;6;1;0.000057327519;0.000123715147;0.000081629017;0.000156750718;
2017;05;12;7;1;0.000066015247;0.000110978952;0.000086856469;0.000133958120;
2017;05;12;8;1;0.000085400522;0.000065410663;0.000093710016;0.000043472546;
2017;05;12;9;1;0.000104576276;0.000069062662;0.000125469687;0.000044899962;
2017;05;12;10;1;0.000116254913;0.000070003281;0.000149295184;0.000045335449;
2017;05;12;11;1;0.000123782135;0.000069803310;0.000159584471;0.000045637224;
2017;05;12;12;1;0.000126566788;0.000067658383;0.000161991234;0.000044393820;
2017;05;12;13;1;0.000130216819;0.000065333530;0.000164481742;0.000044402499;
2017;05;12;14;1;0.000133780005;0.000064892798;0.000157327692;0.000045064828;
2017;05;12;15;1;0.000126950650;0.000063230067;0.000138997085;0.000047011277;
2017;05;12;16;1;0.000116678389;0.000058467155;0.000131259422;0.000042254202;
2017;05;12;17;1;0.000114309858;0.000056214589;0.000130649493;0.000040230010;
2017;05;12;18;1;0.000118340258;0.000056268936;0.000131932065;0.000040677784;
2017;05;12;19;1;0.000119820976;0.000056439972;0.000128851630;0.000041061730;
2017;05;12;20;1;0.000120531628;0.000057725328;0.000125141851;0.000043261235;
2017;05;12;21;1;0.000123068061;0.000062611559;0.000119502029;0.000045955988;
2017;05;12;22;1;0.000133063064;0.000116601172;0.000118823748;0.000128913301;
2017;05;12;23;1;0.000127829719;0.000156567639;0.000113260039;0.000232407907;
2017;05;12;24;1;0.000108101213;0.000156507358;0.000102616958;0.000194611187;
2017;05;13;1;1;0.000088356764;0.000147267349;0.000091933868;0.000167280473;
2017;05;13;2;1;0.000073123341;0.000137337528;0.000085466890;0.000168495980;
2017;05;13;3;1;0.000063910597;0.000129968015;0.000081812821;0.000167791547;
2017;05;13;4;1;0.000059170964;0.000126827873;0.000079867921;0.000162573069;
2017;05;13;5;1;0.000057108343;0.000124512353;0.000079107201;0.000156429748;
2017;05;13;6;1;0.000057331024;0.000123796823;0.000080382283;0.000155233913;
2017;05;13;7;1;0.000060062117;0.000107796632;0.000080431193;0.000131614111;
2017;05;13;8;1;0.000066108556;0.000055422229;0.000074323612;0.000037057973;
2017;05;13;9;1;0.000083615065;0.000057968325;0.000084948380;0.000037022007;
2017;05;13;10;1;0.000106462942;0.000067215342;0.000097978432;0.000042051030;
2017;05;13;11;1;0.000120975619;0.000071961993;0.000110636973;0.000049591755;
2017;05;13;12;1;0.000124124677;0.000070482159;0.000115278386;0.000047599757;
2017;05;13;13;1;0.000125445396;0.000067150855;0.000117868952;0.000043657444;
2017;05;13;14;1;0.000130232397;0.000065439605;0.000115089435;0.000046757025;
2017;05;13;15;1;0.000125508014;0.000063489993;0.000106282643;0.000049950359;
2017;05;13;16;1;0.000110316661;0.000057503786;0.000102361693;0.000044220376;
2017;05;13;17;1;0.000102542280;0.000053649134;0.000100945550;0.000037770067;
2017;05;13;18;1;0.000101135596;0.000053001978;0.000102923885;0.000035884036;
2017;05;13;19;1;0.000102627017;0.000053262858;0.000103081347;0.000036502283;
2017;05;13;20;1;0.000104473042;0.000054328715;0.000105823865;0.000039611418;
2017;05;13;21;1;0.000111407026;0.000059737219;0.000107097013;0.000043067077;
2017;05;13;22;1;0.000125357571;0.000114014971;0.000111754338;0.000125408658;
2017;05;13;23;1;0.000122252918;0.000153130492;0.000110346041;0.000227810992;
2017;05;13;24;1;0.000105526604;0.000154121508;0.000101551955;0.000190673189;
2017;05;14;1;1;0.000088344946;0.000147051380;0.000090951583;0.000167352666;
2017;05;14;2;1;0.000073526060;0.000137513165;0.000083986313;0.000164596984;
2017;05;14;3;1;0.000063915296;0.000129630081;0.000080369911;0.000160013644;
2017;05;14;4;1;0.000058894996;0.000126114442;0.000078036381;0.000156759536;
2017;05;14;5;1;0.000056547250;0.000123642899;0.000077473230;0.000153336528;
2017;05;14;6;1;0.000056316503;0.000122953643;0.000078054809;0.000151033588;
2017;05;14;7;1;0.000057979453;0.000109272652;0.000077122130;0.000134526368;
2017;05;14;8;1;0.000061495098;0.000054067702;0.000067797983;0.000037127966;
2017;05;14;9;1;0.000073414353;0.000052623375;0.000071729104;0.000034654313;
2017;05;14;10;1;0.000092301864;0.000062135587;0.000077476525;0.000037956657;
2017;05;14;11;1;0.000107800456;0.000069154865;0.000083928040;0.000044039062;
2017;05;14;12;1;0.000114566642;0.000069812156;0.000087959594;0.000047690856;
2017;05;14;13;1;0.000116532606;0.000067271833;0.000091073354;0.000044090670;
2017;05;14;14;1;0.000120898867;0.000064545209;0.000091754426;0.000046010384;
2017;05;14;15;1;0.000118148466;0.000062243584;0.000090368793;0.000048057815;
2017;05;14;16;1;0.000103722284;0.000055298661;0.000087955492;0.000042551248;
2017;05;14;17;1;0.000096789105;0.000051309987;0.000085267770;0.000036874108;
2017;05;14;18;1;0.000095511607;0.000050292936;0.000082847929;0.000036854713;
2017;05;14;19;1;0.000097949907;0.000051019380;0.000081717437;0.000036813808;
2017;05;14;20;1;0.000102486343;0.000053303244;0.000083707237;0.000039639903;
2017;05;14;21;1;0.000113093471;0.000061285014;0.000086276156;0.000044507290;
2017;05;14;22;1;0.000130546547;0.000119446265;0.000097495652;0.000137657015;
2017;05;14;23;1;0.000124195706;0.000154819069;0.000098503784;0.000231999309;
2017;05;14;24;1;0.000102046450;0.000154593692;0.000090791781;0.000196222385;
2017;05;15;1;1;0.000079420924;0.000143545882;0.000081382898;0.000168897765;
2017;05;15;2;1;0.000064780175;0.000133126728;0.000077747613;0.000164889743;
2017;05;15;3;1;0.000057838147;0.000126260979;0.000075570604;0.000159765689;
2017;05;15;4;1;0.000054893922;0.000124005179;0.000074371173;0.000157648221;
2017;05;15;5;1;0.000053709502;0.000122256336;0.000074550256;0.000155255923;
2017;05;15;6;1;0.000055119980;0.000121795533;0.000076226023;0.000155358257;
2017;05;15;7;1;0.000063516645;0.000110519683;0.000081868873;0.000135456929;
2017;05;15;8;1;0.000081938019;0.000064505122;0.000087268520;0.000041827939;
2017;05;15;9;1;0.000099954279;0.000067283615;0.000116296135;0.000043941705;
2017;05;15;10;1;0.000110699549;0.000067828847;0.000138120545;0.000043470142;
2017;05;15;11;1;0.000118419507;0.000067804887;0.000147208021;0.000044240208;
2017;05;15;12;1;0.000121400062;0.000065999732;0.000150243703;0.000043995277;
2017;05;15;13;1;0.000125158012;0.000063762597;0.000151965059;0.000042944124;
2017;05;15;14;1;0.000129659821;0.000063776086;0.000145902230;0.000043619161;
2017;05;15;15;1;0.000122173257;0.000061596738;0.000130511638;0.000046335831;
2017;05;15;16;1;0.000110940720;0.000056429841;0.000126663601;0.000038571854;
2017;05;15;17;1;0.000109250641;0.000053522988;0.000128307749;0.000035250253;
2017;05;15;18;1;0.000113433937;0.000053575268;0.000129892814;0.000035792908;
2017;05;15;19;1;0.000116929215;0.000054062939;0.000125594844;0.000037100713;
2017;05;15;20;1;0.000120162482;0.000056933824;0.000119277572;0.000039666159;
2017;05;15;21;1;0.000127205383;0.000064231341;0.000110602796;0.000043795806;
2017;05;15;22;1;0.000138122111;0.000120261435;0.000109116901;0.000134821412;
2017;05;15;23;1;0.000126557839;0.000155974737;0.000101803839;0.000233780142;
2017;05;15;24;1;0.000100647100;0.000153284378;0.000090861186;0.000198537446;
2017;05;16;1;1;0.000080929397;0.000144275685;0.000086012367;0.000169995145;
2017;05;16;2;1;0.000065907019;0.000134116265;0.000082120034;0.000170236884;
2017;05;16;3;1;0.000059136489;0.000127158734;0.000080017058;0.000166974946;
2017;05;16;4;1;0.000056378495;0.000124947554;0.000078751919;0.000161364055;
2017;05;16;5;1;0.000055292678;0.000123346669;0.000078618085;0.000157794358;
2017;05;16;6;1;0.000056913275;0.000123222024;0.000081000973;0.000157021051;
2017;05;16;7;1;0.000066145387;0.000111720586;0.000086802470;0.000135356281;
2017;05;16;8;1;0.000086833717;0.000066225503;0.000094060962;0.000042384221;
2017;05;16;9;1;0.000105319463;0.000069548950;0.000126481354;0.000045966680;
2017;05;16;10;1;0.000115639504;0.000069320756;0.000150331251;0.000044733885;
2017;05;16;11;1;0.000122482760;0.000068790667;0.000160631241;0.000044152272;
2017;05;16;12;1;0.000125215899;0.000066335020;0.000163381217;0.000044837785;
2017;05;16;13;1;0.000129294019;0.000064545340;0.000165325428;0.000044303672;
2017;05;16;14;1;0.000133270126;0.000063964704;0.000158447751;0.000044216727;
2017;05;16;15;1;0.000125458744;0.000061833941;0.000141157403;0.000046155871;
2017;05;16;16;1;0.000114688871;0.000057312827;0.000137080368;0.000040651170;
2017;05;16;17;1;0.000113585839;0.000054839353;0.000139114442;0.000037031022;
2017;05;16;18;1;0.000118708572;0.000055099841;0.000141409729;0.000037012846;
2017;05;16;19;1;0.000122269853;0.000055769822;0.000136328425;0.000037998209;
2017;05;16;20;1;0.000125403783;0.000058362944;0.000129289469;0.000041071965;
2017;05;16;21;1;0.000132020035;0.000065746795;0.000119208826;0.000046840829;
2017;05;16;22;1;0.000141471702;0.000121303170;0.000116038867;0.000133814485;
2017;05;16;23;1;0.000130612108;0.000158318029;0.000107590580;0.000235094508;
2017;05;16;24;1;0.000104714904;0.000155371425;0.000095957990;0.000199069133;
2017;05;17;1;1;0.000080854332;0.000144279319;0.000085832303;0.000170093982;
2017;05;17;2;1;0.000065827172;0.000134081522;0.000081924825;0.000170287447;
2017;05;17;3;1;0.000059072156;0.000127141529;0.000079836730;0.000167045214;
2017;05;17;4;1;0.000056312920;0.000124921237;0.000078568523;0.000161419801;
2017;05;17;5;1;0.000055203372;0.000123264879;0.000078399505;0.000157777436;
2017;05;17;6;1;0.000056819955;0.000123137291;0.000080773783;0.000157000354;
2017;05;17;7;1;0.000065944850;0.000111488091;0.000086438314;0.000135149730;
2017;05;17;8;1;0.000086583848;0.000066097907;0.000093680841;0.000042326089;
2017;05;17;9;1;0.000104961431;0.000069378617;0.000125904280;0.000045879607;
2017;05;17;10;1;0.000115233154;0.000069143040;0.000149628175;0.000044644019;
2017;05;17;11;1;0.000122081080;0.000068630454;0.000159917610;0.000044073942;
2017;05;17;12;1;0.000124762470;0.000066157837;0.000162599607;0.000044742895;
2017;05;17;13;1;0.000128879819;0.000064399920;0.000164603481;0.000044228443;
2017;05;17;14;1;0.000132742766;0.000063772347;0.000157636583;0.000044108277;
2017;05;17;15;1;0.000124965253;0.000061649451;0.000140438077;0.000046043755;
2017;05;17;16;1;0.000114230011;0.000057137959;0.000136372587;0.000040549680;
2017;05;17;17;1;0.000113126937;0.000054669879;0.000138390710;0.000036937116;
2017;05;17;18;1;0.000118184133;0.000054908728;0.000140620701;0.000036904983;
2017;05;17;19;1;0.000121796988;0.000055607116;0.000135642708;0.000037908424;
2017;05;17;20;1;0.000124958516;0.000058211175;0.000128680059;0.000040987945;
2017;05;17;21;1;0.000131539648;0.000065570028;0.000118636445;0.000046740877;
2017;05;17;22;1;0.000140886847;0.000120916892;0.000115424295;0.000133462557;
2017;05;17;23;1;0.000130106107;0.000157855082;0.000107048693;0.000234537435;
2017;05;17;24;1;0.000104364577;0.000154999293;0.000095525350;0.000198702798;
2017;05;18;1;1;0.000080308928;0.000143748528;0.000085045503;0.000169736206;
2017;05;18;2;1;0.000065395624;0.000133613767;0.000081189351;0.000169961726;
2017;05;18;3;1;0.000058648772;0.000126620003;0.000079071303;0.000166623076;
2017;05;18;4;1;0.000055905385;0.000124400080;0.000077809789;0.000161000569;
2017;05;18;5;1;0.000054817818;0.000122781880;0.000077662168;0.000157407724;
2017;05;18;6;1;0.000056432821;0.000122675900;0.000080027886;0.000156659419;
2017;05;18;7;1;0.000065545910;0.000111155762;0.000085705966;0.000134959948;
2017;05;18;8;1;0.000086064901;0.000065904593;0.000092892366;0.000042269035;
2017;05;18;9;1;0.000104401044;0.000069221263;0.000124926808;0.000045847936;
2017;05;18;10;1;0.000114538731;0.000068938556;0.000148363938;0.000044582377;
2017;05;18;11;1;0.000121259270;0.000068378921;0.000158453899;0.000043981850;
2017;05;18;12;1;0.000123913954;0.000065910763;0.000161100095;0.000044646286;
2017;05;18;13;1;0.000128025443;0.000064170509;0.000163113701;0.000044140580;
2017;05;18;14;1;0.000131840754;0.000063534557;0.000156183762;0.000044013298;
2017;05;18;15;1;0.000124024136;0.000061374072;0.000139040674;0.000045910569;
2017;05;18;16;1;0.000113337631;0.000056866621;0.000134977396;0.000040420935;
2017;05;18;17;1;0.000112212404;0.000054395345;0.000136937321;0.000036809746;
2017;05;18;18;1;0.000117256075;0.000054645745;0.000139176366;0.000036786308;
2017;05;18;19;1;0.000120824420;0.000055333396;0.000134231571;0.000037781475;
2017;05;18;20;1;0.000123996455;0.000057941343;0.000127378084;0.000040862465;
2017;05;18;21;1;0.000130493848;0.000065249550;0.000117406337;0.000046585979;
2017;05;18;22;1;0.000139805336;0.000120359136;0.000114259043;0.000133057006;
2017;05;18;23;1;0.000129214087;0.000157256838;0.000106055600;0.000234018052;
2017;05;18;24;1;0.000103565637;0.000154287616;0.000094563003;0.000198103229;
2017;05;19;1;1;0.000081466226;0.000144607586;0.000087126960;0.000166843634;
2017;05;19;2;1;0.000066899625;0.000134696499;0.000082412266;0.000166755158;
2017;05;19;3;1;0.000059785139;0.000128016056;0.000080242171;0.000163528945;
2017;05;19;4;1;0.000056647922;0.000125589237;0.000078851839;0.000159564925;
2017;05;19;5;1;0.000055643587;0.000123685208;0.000078797072;0.000157298774;
2017;05;19;6;1;0.000057003636;0.000123354858;0.000080982069;0.000156517493;
2017;05;19;7;1;0.000065628508;0.000110632534;0.000086150009;0.000133730741;
2017;05;19;8;1;0.000084965566;0.000065256676;0.000093019356;0.000043432161;
2017;05;19;9;1;0.000103943858;0.000068833989;0.000124425489;0.000044815223;
2017;05;19;10;1;0.000115505826;0.000069743692;0.000147993709;0.000045231858;
2017;05;19;11;1;0.000122984757;0.000069544581;0.000158193572;0.000045533021;
2017;05;19;12;1;0.000125787367;0.000067426846;0.000160625193;0.000044305099;
2017;05;19;13;1;0.000129413264;0.000065109116;0.000163092612;0.000044313193;
2017;05;19;14;1;0.000132977686;0.000064681193;0.000156026230;0.000044982046;
2017;05;19;15;1;0.000126148192;0.000063003359;0.000137802367;0.000046909637;
2017;05;19;16;1;0.000115786969;0.000058180197;0.000129958483;0.000042106884;
2017;05;19;17;1;0.000113448284;0.000055944481;0.000129367999;0.000040093902;
2017;05;19;18;1;0.000117512578;0.000056029212;0.000130709480;0.000040562345;
2017;05;19;19;1;0.000118971436;0.000056194086;0.000127645248;0.000040941243;
2017;05;19;20;1;0.000119678761;0.000057474664;0.000123971975;0.000043134911;
2017;05;19;21;1;0.000122170498;0.000062326030;0.000118358962;0.000045811764;
2017;05;19;22;1;0.000131891328;0.000115892571;0.000117507843;0.000128312917;
2017;05;19;23;1;0.000126980374;0.000155955513;0.000112250002;0.000231829978;
2017;05;19;24;1;0.000107386973;0.000155901307;0.000101705643;0.000194134517;
2017;05;20;1;1;0.000088297775;0.000147201103;0.000091862844;0.000167218766;
2017;05;20;2;1;0.000073107466;0.000137337635;0.000085439363;0.000168509758;
2017;05;20;3;1;0.000063888812;0.000129952028;0.000081776347;0.000167784495;
2017;05;20;4;1;0.000059161172;0.000126834522;0.000079846321;0.000162594760;
2017;05;20;5;1;0.000057063562;0.000124441831;0.000079036870;0.000156353812;
2017;05;20;6;1;0.000057312285;0.000123783330;0.000080347572;0.000155229565;
2017;05;20;7;1;0.000059988256;0.000107687532;0.000080323848;0.000131491555;
2017;05;20;8;1;0.000066125968;0.000055448908;0.000074335382;0.000037078815;
2017;05;20;9;1;0.000083585127;0.000057960199;0.000084909049;0.000037019815;
2017;05;20;10;1;0.000106325500;0.000067143197;0.000097841669;0.000042009297;
2017;05;20;11;1;0.000120745784;0.000071840929;0.000110415185;0.000049512335;
2017;05;20;12;1;0.000123976552;0.000070413390;0.000115128728;0.000047557166;
2017;05;20;13;1;0.000125362099;0.000067120890;0.000117778318;0.000043641497;
2017;05;20;14;1;0.000130126728;0.000065400758;0.000114983979;0.000046733054;
2017;05;20;15;1;0.000125433771;0.000063466264;0.000106208620;0.000049935735;
2017;05;20;16;1;0.000110349135;0.000057533249;0.000102381074;0.000044246617;
2017;05;20;17;1;0.000102648834;0.000053716586;0.000101039834;0.000037820617;
2017;05;20;18;1;0.000101231700;0.000053063904;0.000103010871;0.000035928872;
2017;05;20;19;1;0.000102772202;0.000053349833;0.000103216336;0.000036564850;
2017;05;20;20;1;0.000104665525;0.000054440673;0.000106007705;0.000039696262;
2017;05;20;21;1;0.000111435645;0.000059765587;0.000107113277;0.000043091018;
2017;05;20;22;1;0.000125183846;0.000113881778;0.000111587747;0.000125272300;
2017;05;20;23;1;0.000122266922;0.000153181409;0.000110347094;0.000227905197;
2017;05;20;24;1;0.000105484863;0.000154094118;0.000101501127;0.000190654745;
2017;05;21;1;1;0.000089783655;0.000148353347;0.000092964698;0.000168223303;
2017;05;21;2;1;0.000074726626;0.000138736595;0.000085848918;0.000165460336;
2017;05;21;3;1;0.000065018621;0.000130903547;0.000082227799;0.000161000755;
2017;05;21;4;1;0.000059932683;0.000127398062;0.000079868343;0.000157781923;
2017;05;21;5;1;0.000057573117;0.000124965493;0.000079332684;0.000154415833;
2017;05;21;6;1;0.000057276766;0.000124135756;0.000079842607;0.000151933767;
2017;05;21;7;1;0.000058915065;0.000110224061;0.000078817652;0.000135206514;
2017;05;21;8;1;0.000062586052;0.000054624522;0.000069397858;0.000037374567;
2017;05;21;9;1;0.000074696067;0.000053150595;0.000073401408;0.000034874822;
2017;05;21;10;1;0.000093880838;0.000062736396;0.000079255398;0.000038184964;
2017;05;21;11;1;0.000109626471;0.000069812027;0.000085840877;0.000044296646;
2017;05;21;12;1;0.000116502441;0.000070472644;0.000089960588;0.000047967812;
2017;05;21;13;1;0.000118555857;0.000067939367;0.000093187813;0.000044367014;
2017;05;21;14;1;0.000123079542;0.000065228941;0.000093946995;0.000046329482;
2017;05;21;15;1;0.000120234300;0.000062879280;0.000092493456;0.000048372916;
2017;05;21;16;1;0.000105628323;0.000055903063;0.000090087287;0.000042860632;
2017;05;21;17;1;0.000098492008;0.000051830941;0.000087267323;0.000037113678;
2017;05;21;18;1;0.000097242702;0.000050830049;0.000084834939;0.000037113495;
2017;05;21;19;1;0.000099791016;0.000051598286;0.000083732563;0.000037096771;
2017;05;21;20;1;0.000104409356;0.000053906327;0.000085768666;0.000039943302;
2017;05;21;21;1;0.000115202375;0.000061971337;0.000088390770;0.000044842829;
2017;05;21;22;1;0.000132518493;0.000120363927;0.000099537924;0.000138212524;
2017;05;21;23;1;0.000126102514;0.000156046593;0.000100591737;0.000232992427;
2017;05;21;24;1;0.000103634735;0.000155851822;0.000092735540;0.000197103321;
2017;05;22;1;1;0.000081546246;0.000145575073;0.000084360016;0.000170245029;
2017;05;22;2;1;0.000066587211;0.000135157830;0.000080680808;0.000166388709;
2017;05;22;3;1;0.000059512137;0.000128317996;0.000078501604;0.000161382407;
2017;05;22;4;1;0.000056455540;0.000125964849;0.000077218506;0.000159166944;
2017;05;22;5;1;0.000055241321;0.000124197125;0.000077409904;0.000156762653;
2017;05;22;6;1;0.000056720445;0.000123791033;0.000079189629;0.000156944617;
2017;05;22;7;1;0.000065382176;0.000112366977;0.000085079533;0.000136884587;
2017;05;22;8;1;0.000084469055;0.000065680072;0.000090824757;0.000042331157;
2017;05;22;9;1;0.000103036125;0.000068505382;0.000121028562;0.000044467891;
2017;05;22;10;1;0.000114155872;0.000069086641;0.000143795452;0.000044007324;
2017;05;22;11;1;0.000121980238;0.000068984968;0.000153084834;0.000044736797;
2017;05;22;12;1;0.000124996854;0.000067119635;0.000156174785;0.000044470061;
2017;05;22;13;1;0.000128876731;0.000064849867;0.000157977073;0.000043411131;
2017;05;22;14;1;0.000133506889;0.000064860959;0.000151668242;0.000044091722;
2017;05;22;15;1;0.000125759348;0.000062625194;0.000135627523;0.000046823361;
2017;05;22;16;1;0.000114206433;0.000057376712;0.000131639396;0.000038980877;
2017;05;22;17;1;0.000112537669;0.000054455471;0.000133432393;0.000035646563;
2017;05;22;18;1;0.000116858588;0.000054514147;0.000135094359;0.000036198961;
2017;05;22;19;1;0.000120474037;0.000055017053;0.000130640161;0.000037526166;
2017;05;22;20;1;0.000123676280;0.000057878213;0.000123939796;0.000040079211;
2017;05;22;21;1;0.000130765660;0.000065217246;0.000114785965;0.000044197962;
2017;05;22;22;1;0.000141751612;0.000121904132;0.000113055394;0.000135832963;
2017;05;22;23;1;0.000129999336;0.000158246309;0.000105572475;0.000235744302;
2017;05;22;24;1;0.000103339678;0.000155450091;0.000094184341;0.000200119668;
2017;05;23;1;1;0.000081564119;0.000144890260;0.000086947675;0.000170402968;
2017;05;23;2;1;0.000066432473;0.000134704903;0.000083023702;0.000170667256;
2017;05;23;3;1;0.000059597844;0.000127695152;0.000080883850;0.000167368651;
2017;05;23;4;1;0.000056830880;0.000125502352;0.000079622585;0.000161780247;
2017;05;23;5;1;0.000055719741;0.000123857438;0.000079463585;0.000158154200;
2017;05;23;6;1;0.000057360870;0.000123749567;0.000081883541;0.000157401122;
2017;05;23;7;1;0.000066649712;0.000112172171;0.000087727353;0.000135651602;
2017;05;23;8;1;0.000087544475;0.000066530198;0.000095116090;0.000042500335;
2017;05;23;9;1;0.000106187831;0.000069873082;0.000127907748;0.000046095343;
2017;05;23;10;1;0.000116554647;0.000069620938;0.000151976653;0.000044844355;
2017;05;23;11;1;0.000123514458;0.000069123474;0.000162471456;0.000044283678;
2017;05;23;12;1;0.000126316153;0.000066679983;0.000165312528;0.000044987448;
2017;05;23;13;1;0.000130541994;0.000064936653;0.000167423219;0.000044489685;
2017;05;23;14;1;0.000134570465;0.000064359186;0.000160474951;0.000044406990;
2017;05;23;15;1;0.000126726314;0.000062236620;0.000143012420;0.000046370376;
2017;05;23;16;1;0.000115807498;0.000057666081;0.000138833697;0.000040825945;
2017;05;23;17;1;0.000114755720;0.000055207194;0.000140969968;0.000037210341;
2017;05;23;18;1;0.000119909745;0.000055459499;0.000143270215;0.000037185418;
2017;05;23;19;1;0.000123525349;0.000056142166;0.000138142510;0.000038181029;
2017;05;23;20;1;0.000126727771;0.000058769440;0.000131047439;0.000041281402;
2017;05;23;21;1;0.000133265803;0.000066131240;0.000120695622;0.000047027430;
2017;05;23;22;1;0.000142602218;0.000121837802;0.000117317935;0.000134155235;
2017;05;23;23;1;0.000131791321;0.000159179432;0.000108888459;0.000235935695;
2017;05;23;24;1;0.000105636616;0.000156181768;0.000097093767;0.000199736622;
2017;05;24;1;1;0.000082808398;0.000146180655;0.000088668610;0.000171383262;
2017;05;24;2;1;0.000067435560;0.000135883721;0.000084653971;0.000171622716;
2017;05;24;3;1;0.000060499134;0.000128815610;0.000082474011;0.000168309542;
2017;05;24;4;1;0.000057651900;0.000126519244;0.000081133874;0.000162581361;
2017;05;24;5;1;0.000056535135;0.000124884033;0.000080986791;0.000158966674;
2017;05;24;6;1;0.000058216798;0.000124810681;0.000083476819;0.000158254630;
2017;05;24;7;1;0.000067580978;0.000113028196;0.000089350690;0.000136259607;
2017;05;24;8;1;0.000088734290;0.000067012687;0.000096839697;0.000042674762;
2017;05;24;9;1;0.000107653314;0.000070394386;0.000130252538;0.000046294107;
2017;05;24;10;1;0.000118134121;0.000070123100;0.000154724585;0.000045026642;
2017;05;24;11;1;0.000125177260;0.000069615938;0.000165394632;0.000044459783;
2017;05;24;12;1;0.000128036292;0.000067165331;0.000168312611;0.000045173274;
2017;05;24;13;1;0.000132354538;0.000065426544;0.000170506515;0.000044685224;
2017;05;24;14;1;0.000136376934;0.000064815249;0.000163356009;0.000044581894;
2017;05;24;15;1;0.000128418639;0.000062673325;0.000145569942;0.000046549808;
2017;05;24;16;1;0.000117416028;0.000058101403;0.000141391170;0.000041005581;
2017;05;24;17;1;0.000116357224;0.000055627580;0.000143576150;0.000037376503;
2017;05;24;18;1;0.000121616501;0.000055897122;0.000145958918;0.000037361707;
2017;05;24;19;1;0.000125289876;0.000056588025;0.000140742067;0.000038363969;
2017;05;24;20;1;0.000128533931;0.000059234268;0.000133509209;0.000041477870;
2017;05;24;21;1;0.000135075456;0.000066610067;0.000122881339;0.000047219892;
2017;05;24;22;1;0.000144459542;0.000122652806;0.000119377109;0.000134630542;
2017;05;24;23;1;0.000133540335;0.000160283228;0.000110826647;0.000236829237;
2017;05;24;24;1;0.000107044870;0.000157274093;0.000098827867;0.000200504947;
2017;05;25;1;1;0.000083857637;0.000147235614;0.000090157241;0.000172141112;
2017;05;25;2;1;0.000068282625;0.000136849560;0.000086065888;0.000172362972;
2017;05;25;3;1;0.000061261012;0.000129735323;0.000083852227;0.000169040866;
2017;05;25;4;1;0.000058400438;0.000127471705;0.000082521509;0.000163350772;
2017;05;25;5;1;0.000057249291;0.000125780503;0.000082343315;0.000159663532;
2017;05;25;6;1;0.000058912494;0.000125621965;0.000084817889;0.000158841318;
2017;05;25;7;1;0.000068360065;0.000113715463;0.000090748276;0.000136707735;
2017;05;25;8;1;0.000089748741;0.000067413776;0.000098345113;0.000042811057;
2017;05;25;9;1;0.000108871273;0.000070807402;0.000132261842;0.000046436510;
2017;05;25;10;1;0.000119603661;0.000070613049;0.000157286309;0.000045215428;
2017;05;25;11;1;0.000126786719;0.000070131275;0.000168202407;0.000044664618;
2017;05;25;12;1;0.000129694474;0.000067668768;0.000171185712;0.000045385583;
2017;05;25;13;1;0.000134060754;0.000065913069;0.000173406860;0.000044892596;
2017;05;25;14;1;0.000138183297;0.000065320057;0.000166192804;0.000044804446;
2017;05;25;15;1;0.000130165451;0.000063183711;0.000148150065;0.000046798671;
2017;05;25;16;1;0.000118996744;0.000058566470;0.000143877359;0.000041219111;
2017;05;25;17;1;0.000117943893;0.000056082453;0.000146125793;0.000037577574;
2017;05;25;18;1;0.000123290752;0.000056361452;0.000148569994;0.000037567532;
2017;05;25;19;1;0.000126948194;0.000057028219;0.000143184810;0.000038555118;
2017;05;25;20;1;0.000130148766;0.000059655436;0.000135736287;0.000041656874;
2017;05;25;21;1;0.000136799326;0.000067096847;0.000124955657;0.000047432986;
2017;05;25;22;1;0.000146247040;0.000123501739;0.000121345698;0.000135186214;
2017;05;25;23;1;0.000135155503;0.000161348185;0.000112623220;0.000237741255;
2017;05;25;24;1;0.000108444288;0.000158472076;0.000100526999;0.000201471619;
2017;05;26;1;1;0.000086099421;0.000149200785;0.000093784780;0.000170044314;
2017;05;26;2;1;0.000070702696;0.000138971579;0.000088707699;0.000169950093;
2017;05;26;3;1;0.000063182567;0.000132076594;0.000086370188;0.000166658895;
2017;05;26;4;1;0.000059866543;0.000129571657;0.000084872929;0.000162617570;
2017;05;26;5;1;0.000058772419;0.000127536239;0.000084766783;0.000160218856;
2017;05;26;6;1;0.000060205719;0.000127188792;0.000087112651;0.000159414534;
2017;05;26;7;1;0.000069186912;0.000113860129;0.000092500465;0.000135954162;
2017;05;26;8;1;0.000089503208;0.000067108570;0.000099798989;0.000044120144;
2017;05;26;9;1;0.000109549156;0.000070822384;0.000133560099;0.000045547611;
2017;05;26;10;1;0.000121909874;0.000071861673;0.000159087267;0.000046037238;
2017;05;26;11;1;0.000129972547;0.000071749856;0.000170273218;0.000046404132;
2017;05;26;12;1;0.000133052220;0.000069626624;0.000173043755;0.000045192738;
2017;05;26;13;1;0.000137038947;0.000067307648;0.000175896290;0.000045250993;
2017;05;26;14;1;0.000140820067;0.000066868441;0.000168283123;0.000045936175;
2017;05;26;15;1;0.000133618600;0.000065148885;0.000148661919;0.000047915696;
2017;05;26;16;1;0.000122764269;0.000060220572;0.000140337618;0.000043052189;
2017;05;26;17;1;0.000120362997;0.000057944165;0.000139790962;0.000041020715;
2017;05;26;18;1;0.000124718193;0.000058052024;0.000141289443;0.000041514361;
2017;05;26;19;1;0.000126240268;0.000058210752;0.000137948514;0.000041893445;
2017;05;26;20;1;0.000126847921;0.000059470297;0.000133827991;0.000044088469;
2017;05;26;21;1;0.000129279906;0.000064386015;0.000127562494;0.000046748916;
2017;05;26;22;1;0.000139364469;0.000119549791;0.000126461942;0.000130748297;
2017;05;26;23;1;0.000133989452;0.000160654221;0.000120636169;0.000235902990;
2017;05;26;24;1;0.000113471410;0.000160820721;0.000109455370;0.000197818750;
2017;05;27;1;1;0.000092406769;0.000151054396;0.000097562746;0.000169891126;
2017;05;27;2;1;0.000076463012;0.000140846973;0.000090685484;0.000171098570;
2017;05;27;3;1;0.000066836261;0.000133302617;0.000086817073;0.000170400479;
2017;05;27;4;1;0.000061896281;0.000130116850;0.000084775976;0.000165145210;
2017;05;27;5;1;0.000059693166;0.000127644002;0.000083904562;0.000158783681;
2017;05;27;6;1;0.000059902332;0.000126860508;0.000085223402;0.000157507811;
2017;05;27;7;1;0.000062671006;0.000110314890;0.000085159880;0.000133361338;
2017;05;27;8;1;0.000068977838;0.000056715114;0.000078690665;0.000037548711;
2017;05;27;9;1;0.000087251533;0.000059325609;0.000089947301;0.000037515432;
2017;05;27;10;1;0.000111048162;0.000068761325;0.000103702182;0.000042594253;
2017;05;27;11;1;0.000126162534;0.000073603531;0.000117078550;0.000050223097;
2017;05;27;12;1;0.000129566460;0.000072156685;0.000122103145;0.000048250371;
2017;05;27;13;1;0.000131137599;0.000068847308;0.000125030631;0.000044319236;
2017;05;27;14;1;0.000136224508;0.000067133578;0.000122156385;0.000047494634;
2017;05;27;15;1;0.000131363277;0.000065173450;0.000112878015;0.000050769466;
2017;05;27;16;1;0.000115576785;0.000059086580;0.000108820687;0.000044989731;
2017;05;27;17;1;0.000107496939;0.000055159302;0.000107380348;0.000038450531;
2017;05;27;18;1;0.000106064005;0.000054515371;0.000109527873;0.000036544896;
2017;05;27;19;1;0.000107711669;0.000054826236;0.000109780608;0.000037203392;
2017;05;27;20;1;0.000109588571;0.000055892479;0.000112639093;0.000040349938;
2017;05;27;21;1;0.000116677269;0.000061359469;0.000113813960;0.000043800648;
2017;05;27;22;1;0.000130992573;0.000116847898;0.000118496356;0.000127257997;
2017;05;27;23;1;0.000127779860;0.000156974016;0.000117031947;0.000231227407;
2017;05;27;24;1;0.000110255551;0.000157930010;0.000107664193;0.000193459291;
2017;05;28;1;1;0.000091809715;0.000150271096;0.000095680726;0.000169595868;
2017;05;28;2;1;0.000076441495;0.000140582601;0.000088390109;0.000166872762;
2017;05;28;3;1;0.000066484678;0.000132593421;0.000084628671;0.000162311571;
2017;05;28;4;1;0.000061280215;0.000129034583;0.000082195165;0.000159056549;
2017;05;28;5;1;0.000058849382;0.000126531604;0.000081618639;0.000155615103;
2017;05;28;6;1;0.000058537005;0.000125671166;0.000082129988;0.000153089028;
2017;05;28;7;1;0.000060142045;0.000111458959;0.000080982348;0.000136077775;
2017;05;28;8;1;0.000063868497;0.000055218363;0.000071280419;0.000037603049;
2017;05;28;9;1;0.000076191484;0.000053703622;0.000075357786;0.000035071832;
2017;05;28;10;1;0.000095729052;0.000063368454;0.000081341222;0.000038388129;
2017;05;28;11;1;0.000111822976;0.000070539536;0.000088130209;0.000044547590;
2017;05;28;12;1;0.000118780455;0.000071173327;0.000092316065;0.000048216715;
2017;05;28;13;1;0.000120936226;0.000068650172;0.000095677001;0.000044620183;
2017;05;28;14;1;0.000125543976;0.000065907840;0.000096451268;0.000046591340;
2017;05;28;15;1;0.000122676802;0.000063551875;0.000094986112;0.000048660222;
2017;05;28;16;1;0.000107775458;0.000056501742;0.000092516254;0.000043115737;
2017;05;28;17;1;0.000100456716;0.000052366534;0.000089586935;0.000037320696;
2017;05;28;18;1;0.000099163911;0.000051345679;0.000087073585;0.000037313521;
2017;05;28;19;1;0.000101757075;0.000052118893;0.000085937476;0.000037294693;
2017;05;28;20;1;0.000106446652;0.000054440120;0.000088010864;0.000040148960;
2017;05;28;21;1;0.000117385732;0.000062550601;0.000090651676;0.000045048946;
2017;05;28;22;1;0.000135322274;0.000121751940;0.000102304896;0.000139148314;
2017;05;28;23;1;0.000128713033;0.000157775591;0.000103341826;0.000234465171;
2017;05;28;24;1;0.000105734818;0.000157511151;0.000095230030;0.000198264232;
2017;05;29;1;1;0.000082388763;0.000146433804;0.000085510606;0.000170875839;
2017;05;29;2;1;0.000067250115;0.000135904468;0.000081750754;0.000166943021;
2017;05;29;3;1;0.000060100654;0.000129018365;0.000079537420;0.000161909394;
2017;05;29;4;1;0.000057051277;0.000126735560;0.000078288779;0.000159791580;
2017;05;29;5;1;0.000055825040;0.000124958802;0.000078483948;0.000157380096;
2017;05;29;6;1;0.000057297270;0.000124501276;0.000080256817;0.000157500861;
2017;05;29;7;1;0.000066021794;0.000112968395;0.000086193073;0.000137317126;
2017;05;29;8;1;0.000085302364;0.000066037005;0.000092021011;0.000042468388;
2017;05;29;9;1;0.000104078097;0.000068894544;0.000122652673;0.000044622979;
2017;05;29;10;1;0.000115399863;0.000069533075;0.000145838272;0.000044195109;
2017;05;29;11;1;0.000123391970;0.000069477183;0.000155363468;0.000044957745;
2017;05;29;12;1;0.000126394876;0.000067572547;0.000158438464;0.000044672507;
2017;05;29;13;1;0.000130309808;0.000065283285;0.000160256619;0.000043605965;
2017;05;29;14;1;0.000134923778;0.000065261717;0.000153779623;0.000044267408;
2017;05;29;15;1;0.000127049949;0.000062990291;0.000137467923;0.000046993632;
2017;05;29;16;1;0.000115359834;0.000057701889;0.000133404125;0.000039116309;
2017;05;29;17;1;0.000113679803;0.000054766783;0.000135227802;0.000035772169;
2017;05;29;18;1;0.000118031310;0.000054819635;0.000136896748;0.000036322431;
2017;05;29;19;1;0.000121716199;0.000055340433;0.000132419195;0.000037664423;
2017;05;29;20;1;0.000124955231;0.000058220169;0.000125631379;0.000040228089;
2017;05;29;21;1;0.000132010923;0.000065549431;0.000116258379;0.000044326211;
2017;05;29;22;1;0.000143026214;0.000122460598;0.000114445375;0.000136155446;
2017;05;29;23;1;0.000131181628;0.000158984866;0.000106881344;0.000236328062;
2017;05;29;24;1;0.000104372738;0.000156315220;0.000095437267;0.000200794563;
2017;05;30;1;1;0.000081394626;0.000144819059;0.000086618749;0.000170479119;
2017;05;30;2;1;0.000066264412;0.000134577756;0.000082672178;0.000170666229;
2017;05;30;3;1;0.000059454883;0.000127591380;0.000080551967;0.000167389630;
2017;05;30;4;1;0.000056680898;0.000125370152;0.000079276774;0.000161761547;
2017;05;30;5;1;0.000055574730;0.000123731509;0.000079121366;0.000158141719;
2017;05;30;6;1;0.000057179559;0.000123554541;0.000081485257;0.000157300591;
2017;05;30;7;1;0.000066381437;0.000111898289;0.000087224955;0.000135447425;
2017;05;30;8;1;0.000087202546;0.000066375711;0.000094582713;0.000042441452;
2017;05;30;9;1;0.000105805640;0.000069732288;0.000127229633;0.000046045646;
2017;05;30;10;1;0.000116148387;0.000069488575;0.000151188172;0.000044801116;
2017;05;30;11;1;0.000123093846;0.000068997610;0.000161641537;0.000044244540;
2017;05;30;12;1;0.000125814156;0.000066520583;0.000164374233;0.000044922036;
2017;05;30;13;1;0.000130025665;0.000064782648;0.000166476098;0.000044425838;
2017;05;30;14;1;0.000133924377;0.000064152025;0.000159431630;0.000044305605;
2017;05;30;15;1;0.000126084512;0.000062019874;0.000142045032;0.000046252266;
2017;05;30;16;1;0.000115138867;0.000057424293;0.000137796287;0.000040692931;
2017;05;30;17;1;0.000114050618;0.000054955217;0.000139864422;0.000037075277;
2017;05;30;18;1;0.000119207774;0.000055222491;0.000142188139;0.000037061264;
2017;05;30;19;1;0.000122781054;0.000055892608;0.000137075539;0.000038046994;
2017;05;30;20;1;0.000125958632;0.000058505627;0.000130029541;0.000041134671;
2017;05;30;21;1;0.000132433867;0.000065822891;0.000119737231;0.000046852098;
2017;05;30;22;1;0.000141640786;0.000121208772;0.000116327880;0.000133587901;
2017;05;30;23;1;0.000130980532;0.000158451676;0.000108033673;0.000235077490;
2017;05;30;24;1;0.000105069517;0.000155590307;0.000096407531;0.000199167013;
2017;05;31;1;1;0.000081804425;0.000145192686;0.000087254238;0.000170688298;
2017;05;31;2;1;0.000066607989;0.000134945128;0.000083291160;0.000170901178;
2017;05;31;3;1;0.000059762666;0.000127938639;0.000081154413;0.000167618703;
2017;05;31;4;1;0.000056959432;0.000125678514;0.000079848811;0.000161940587;
2017;05;31;5;1;0.000055852825;0.000124046938;0.000079699412;0.000158330918;
2017;05;31;6;1;0.000057456536;0.000123849797;0.000082067505;0.000157463709;
2017;05;31;7;1;0.000066716954;0.000112189176;0.000087866609;0.000135616272;
2017;05;31;8;1;0.000087603601;0.000066518115;0.000095235336;0.000042475110;
2017;05;31;9;1;0.000106319133;0.000069899566;0.000128139917;0.000046093817;
2017;05;31;10;1;0.000116759645;0.000069683659;0.000152331934;0.000044866263;
2017;05;31;11;1;0.000123818850;0.000069234479;0.000162965981;0.000044336520;
2017;05;31;12;1;0.000126566415;0.000066754872;0.000165735776;0.000045019420;
2017;05;31;13;1;0.000130733872;0.000064976407;0.000167766207;0.000044498581;
2017;05;31;14;1;0.000134707334;0.000064369470;0.000160731002;0.000044395788;
2017;05;31;15;1;0.000126892510;0.000062264870;0.000143282732;0.000046372312;
2017;05;31;16;1;0.000116005290;0.000057715100;0.000139151187;0.000040843816;
2017;05;31;17;1;0.000115004455;0.000055279474;0.000141357167;0.000037243708;
2017;05;31;18;1;0.000120202756;0.000055547407;0.000143703311;0.000037229016;
2017;05;31;19;1;0.000123856786;0.000056244594;0.000138593216;0.000038234929;
2017;05;31;20;1;0.000127046056;0.000058866586;0.000131452497;0.000041332605;
2017;05;31;21;1;0.000133603490;0.000066242033;0.000121071385;0.000047086811;
2017;05;31;22;1;0.000142743929;0.000121854431;0.000117502387;0.000134118268;
2017;05;31;23;1;0.000131919443;0.000159197723;0.000109057304;0.000235865594;
2017;05;31;24;1;0.000105793490;0.000156279747;0.000097294150;0.000199779586;
