AŃO;MES;DIA;HORA;VERANO(1)/INVIERNO(0);COEF. PERFIL A;COEF. PERFIL B;COEF. PERFIL C;COEF. PERFIL D;
2015;06;01;1;1;0.000086076955;0.000118792101;0.000052185169;0.000188041519;
2015;06;01;2;1;0.000071384908;0.000111288278;0.000053400582;0.000199919218;
2015;06;01;3;1;0.000063543227;0.000106259384;0.000054998348;0.000195769142;
2015;06;01;4;1;0.000060189398;0.000104745291;0.000058018873;0.000186341015;
2015;06;01;5;1;0.000059224228;0.000102943314;0.000064134022;0.000184724967;
2015;06;01;6;1;0.000060453205;0.000101960555;0.000070826913;0.000184566318;
2015;06;01;7;1;0.000067408647;0.000080037864;0.000084798510;0.000138883169;
2015;06;01;8;1;0.000083496024;0.000044838056;0.000095832060;0.000058779450;
2015;06;01;9;1;0.000099529978;0.000051359344;0.000111982979;0.000050746228;
2015;06;01;10;1;0.000112676448;0.000053254226;0.000145125692;0.000050976296;
2015;06;01;11;1;0.000121551274;0.000053631344;0.000189005919;0.000055228945;
2015;06;01;12;1;0.000126262460;0.000052707891;0.000197208399;0.000056285161;
2015;06;01;13;1;0.000130981948;0.000052499478;0.000198722843;0.000055497100;
2015;06;01;14;1;0.000137216115;0.000052849423;0.000182327581;0.000059863621;
2015;06;01;15;1;0.000129014706;0.000051443421;0.000121964722;0.000062584843;
2015;06;01;16;1;0.000118194440;0.000047419419;0.000113759036;0.000053684937;
2015;06;01;17;1;0.000117088541;0.000044337625;0.000118293858;0.000054419589;
2015;06;01;18;1;0.000122753984;0.000045442214;0.000130381490;0.000051653353;
2015;06;01;19;1;0.000127014657;0.000046030491;0.000131595621;0.000050159087;
2015;06;01;20;1;0.000128214678;0.000046995207;0.000130071621;0.000058334668;
2015;06;01;21;1;0.000129452926;0.000049324584;0.000123663991;0.000058821989;
2015;06;01;22;1;0.000135241691;0.000074640566;0.000098052263;0.000086669861;
2015;06;01;23;1;0.000129542917;0.000124213573;0.000079041425;0.000270253365;
2015;06;01;24;1;0.000106212587;0.000125192519;0.000070740726;0.000205631114;
2015;06;02;1;1;0.000084562707;0.000118207742;0.000070026396;0.000191937132;
2015;06;02;2;1;0.000069999209;0.000111037224;0.000068819510;0.000199224282;
2015;06;02;3;1;0.000062850757;0.000105926757;0.000067235148;0.000195165731;
2015;06;02;4;1;0.000059530718;0.000104446120;0.000065872633;0.000187913522;
2015;06;02;5;1;0.000058795075;0.000103179740;0.000065722390;0.000185691524;
2015;06;02;6;1;0.000060026194;0.000102239891;0.000070672486;0.000184576238;
2015;06;02;7;1;0.000067516817;0.000080833472;0.000084965342;0.000141422215;
2015;06;02;8;1;0.000084918073;0.000046088318;0.000096623847;0.000056876463;
2015;06;02;9;1;0.000101719177;0.000052457418;0.000113419575;0.000054461663;
2015;06;02;10;1;0.000113877381;0.000054288928;0.000146981330;0.000054291686;
2015;06;02;11;1;0.000123700624;0.000054659936;0.000190653503;0.000054967307;
2015;06;02;12;1;0.000127363357;0.000053375245;0.000200666315;0.000057880955;
2015;06;02;13;1;0.000132306374;0.000053106563;0.000202947661;0.000054219186;
2015;06;02;14;1;0.000137972790;0.000053666996;0.000186586353;0.000057299194;
2015;06;02;15;1;0.000129848690;0.000051939757;0.000128271973;0.000058356307;
2015;06;02;16;1;0.000118793672;0.000047763371;0.000120616485;0.000050121596;
2015;06;02;17;1;0.000118041017;0.000045538116;0.000125358708;0.000048612058;
2015;06;02;18;1;0.000124463750;0.000046253967;0.000135217209;0.000049975299;
2015;06;02;19;1;0.000128174144;0.000046539302;0.000136335886;0.000050172034;
2015;06;02;20;1;0.000129580251;0.000048054734;0.000134311667;0.000054780079;
2015;06;02;21;1;0.000131483659;0.000051108223;0.000129774942;0.000059681922;
2015;06;02;22;1;0.000137492790;0.000077352556;0.000101186157;0.000084978555;
2015;06;02;23;1;0.000131647509;0.000127105181;0.000081235248;0.000273487885;
2015;06;02;24;1;0.000108720930;0.000127223361;0.000072563157;0.000208148078;
2015;06;03;1;1;0.000085421106;0.000118913284;0.000071889667;0.000192491118;
2015;06;03;2;1;0.000070728462;0.000111710764;0.000070703050;0.000199836765;
2015;06;03;3;1;0.000063493799;0.000106562750;0.000069019652;0.000195741206;
2015;06;03;4;1;0.000060129485;0.000105067072;0.000067575339;0.000188445437;
2015;06;03;5;1;0.000059320608;0.000103753319;0.000067142692;0.000186074494;
2015;06;03;6;1;0.000060572105;0.000102813826;0.000072239135;0.000184976809;
2015;06;03;7;1;0.000068041204;0.000081250178;0.000086424145;0.000141600225;
2015;06;03;8;1;0.000085345581;0.000046282377;0.000097293262;0.000056841313;
2015;06;03;9;1;0.000102289083;0.000052688654;0.000114441734;0.000054449317;
2015;06;03;10;1;0.000114421426;0.000054512890;0.000147833558;0.000054248735;
2015;06;03;11;1;0.000124186653;0.000054869562;0.000191125475;0.000054891948;
2015;06;03;12;1;0.000127957386;0.000053593385;0.000201737128;0.000057830698;
2015;06;03;13;1;0.000132965310;0.000053329331;0.000204286154;0.000054183810;
2015;06;03;14;1;0.000138698550;0.000053897212;0.000188027909;0.000057272727;
2015;06;03;15;1;0.000130537756;0.000052163364;0.000129289261;0.000058331179;
2015;06;03;16;1;0.000119461422;0.000047974209;0.000121712960;0.000050110856;
2015;06;03;17;1;0.000118752809;0.000045745549;0.000126692920;0.000048615277;
2015;06;03;18;1;0.000125178275;0.000046460063;0.000136506171;0.000049968707;
2015;06;03;19;1;0.000128936310;0.000046749956;0.000137743231;0.000050172478;
2015;06;03;20;1;0.000130124265;0.000048243283;0.000134808690;0.000054714872;
2015;06;03;21;1;0.000131908234;0.000051291515;0.000129797140;0.000059571026;
2015;06;03;22;1;0.000138088025;0.000077659381;0.000101620984;0.000084884858;
2015;06;03;23;1;0.000132199940;0.000127604016;0.000081528962;0.000273162391;
2015;06;03;24;1;0.000109483503;0.000127845768;0.000073613611;0.000208301936;
2015;06;04;1;1;0.000085390334;0.000118022150;0.000073902271;0.000193163118;
2015;06;04;2;1;0.000070569090;0.000110802271;0.000072129333;0.000200274324;
2015;06;04;3;1;0.000063321011;0.000105679438;0.000070274786;0.000196107053;
2015;06;04;4;1;0.000059894199;0.000104152912;0.000068501651;0.000188641529;
2015;06;04;5;1;0.000059145303;0.000102884898;0.000068305159;0.000186391993;
2015;06;04;6;1;0.000060257318;0.000101873577;0.000072884007;0.000185004015;
2015;06;04;7;1;0.000067399952;0.000080387938;0.000085848869;0.000141203968;
2015;06;04;8;1;0.000084049862;0.000045698878;0.000094569131;0.000056454374;
2015;06;04;9;1;0.000100128698;0.000051916757;0.000108639096;0.000053854306;
2015;06;04;10;1;0.000112349415;0.000053771241;0.000141976522;0.000053769756;
2015;06;04;11;1;0.000122469719;0.000054203870;0.000186690233;0.000054570390;
2015;06;04;12;1;0.000126002433;0.000052916430;0.000195928015;0.000057433670;
2015;06;04;13;1;0.000130680894;0.000052620720;0.000196934383;0.000053740207;
2015;06;04;14;1;0.000136429979;0.000053196040;0.000181903825;0.000056836291;
2015;06;04;15;1;0.000128595796;0.000051511289;0.000125810393;0.000057946552;
2015;06;04;16;1;0.000117456147;0.000047342996;0.000117548943;0.000049714050;
2015;06;04;17;1;0.000116857319;0.000045156764;0.000122740629;0.000048258254;
2015;06;04;18;1;0.000123183370;0.000045862518;0.000132256027;0.000049602652;
2015;06;04;19;1;0.000126831174;0.000046142356;0.000133255522;0.000049791289;
2015;06;04;20;1;0.000128382032;0.000047665098;0.000131922487;0.000054410783;
2015;06;04;21;1;0.000130223238;0.000050687661;0.000127322123;0.000059265381;
2015;06;04;22;1;0.000136253619;0.000076731358;0.000099491321;0.000084419166;
2015;06;04;23;1;0.000130986321;0.000126259685;0.000081088991;0.000272442433;
2015;06;04;24;1;0.000108637198;0.000126562248;0.000073636358;0.000207961875;
2015;06;05;1;1;0.000089110178;0.000120835453;0.000071572902;0.000188804219;
2015;06;05;2;1;0.000073028053;0.000113299290;0.000070651041;0.000195457356;
2015;06;05;3;1;0.000065304252;0.000108456444;0.000068687678;0.000194637596;
2015;06;05;4;1;0.000061712902;0.000106912858;0.000066749550;0.000189427913;
2015;06;05;5;1;0.000060647656;0.000105400121;0.000066634319;0.000185817013;
2015;06;05;6;1;0.000061718959;0.000104205970;0.000071594207;0.000184179375;
2015;06;05;7;1;0.000069253731;0.000082359911;0.000085591493;0.000140385575;
2015;06;05;8;1;0.000086550978;0.000047027214;0.000096022268;0.000058867799;
2015;06;05;9;1;0.000104242304;0.000053309529;0.000112545456;0.000052080717;
2015;06;05;10;1;0.000116999322;0.000055736856;0.000146437868;0.000051014925;
2015;06;05;11;1;0.000127137073;0.000056344508;0.000192676102;0.000056248780;
2015;06;05;12;1;0.000132728229;0.000054707115;0.000202011026;0.000055042765;
2015;06;05;13;1;0.000138042298;0.000054556833;0.000203176949;0.000055023791;
2015;06;05;14;1;0.000143985165;0.000055185414;0.000186853380;0.000057187625;
2015;06;05;15;1;0.000136960955;0.000054113166;0.000127333954;0.000062921161;
2015;06;05;16;1;0.000127220131;0.000049857608;0.000119990174;0.000056978910;
2015;06;05;17;1;0.000125154407;0.000047718068;0.000124996202;0.000055506356;
2015;06;05;18;1;0.000131410668;0.000048555686;0.000134657158;0.000052857291;
2015;06;05;19;1;0.000135230013;0.000048889014;0.000136657343;0.000051654134;
2015;06;05;20;1;0.000134246633;0.000049461127;0.000134278656;0.000058356715;
2015;06;05;21;1;0.000132472772;0.000051244104;0.000129001815;0.000063174540;
2015;06;05;22;1;0.000133826111;0.000075971997;0.000099699129;0.000083990694;
2015;06;05;23;1;0.000132195488;0.000127601332;0.000080109017;0.000269334238;
2015;06;05;24;1;0.000115411426;0.000129428028;0.000072773334;0.000211918212;
2015;06;06;1;1;0.000096684370;0.000124885574;0.000050934823;0.000200147533;
2015;06;06;2;1;0.000081015390;0.000117686965;0.000049363141;0.000203785001;
2015;06;06;3;1;0.000070967616;0.000111926480;0.000048434140;0.000201107342;
2015;06;06;4;1;0.000064999754;0.000109642352;0.000048143322;0.000189544010;
2015;06;06;5;1;0.000063077864;0.000107703243;0.000048409543;0.000186427974;
2015;06;06;6;1;0.000063173183;0.000106415430;0.000050123906;0.000188990711;
2015;06;06;7;1;0.000065386983;0.000081923385;0.000055677927;0.000143276023;
2015;06;06;8;1;0.000071791782;0.000040820147;0.000065080759;0.000054827779;
2015;06;06;9;1;0.000088591029;0.000045401184;0.000079377049;0.000052435418;
2015;06;06;10;1;0.000110477056;0.000052586340;0.000102708300;0.000049651942;
2015;06;06;11;1;0.000126896046;0.000056722757;0.000123706884;0.000057672999;
2015;06;06;12;1;0.000132366140;0.000056049427;0.000127593571;0.000057459059;
2015;06;06;13;1;0.000137021162;0.000055435050;0.000126712319;0.000054468859;
2015;06;06;14;1;0.000143219212;0.000055711967;0.000115136514;0.000053598309;
2015;06;06;15;1;0.000136745259;0.000054533102;0.000076616874;0.000059633371;
2015;06;06;16;1;0.000124221072;0.000049422068;0.000075038584;0.000054897926;
2015;06;06;17;1;0.000116046132;0.000046562900;0.000077496029;0.000050068610;
2015;06;06;18;1;0.000114439168;0.000046819669;0.000093740111;0.000045474364;
2015;06;06;19;1;0.000116135074;0.000047204843;0.000097870336;0.000045359707;
2015;06;06;20;1;0.000118155562;0.000048018542;0.000097582580;0.000051677523;
2015;06;06;21;1;0.000120556811;0.000049413537;0.000092216934;0.000060439637;
2015;06;06;22;1;0.000128732054;0.000072977666;0.000081250027;0.000079288171;
2015;06;06;23;1;0.000129979351;0.000126301859;0.000067311961;0.000272417052;
2015;06;06;24;1;0.000114665477;0.000130372553;0.000062100235;0.000209444606;
2015;06;07;1;1;0.000097250600;0.000125940770;0.000049704616;0.000190593228;
2015;06;07;2;1;0.000082272220;0.000118704966;0.000048594521;0.000194168385;
2015;06;07;3;1;0.000071851939;0.000112888310;0.000048214652;0.000188320295;
2015;06;07;4;1;0.000066197478;0.000110141715;0.000047564724;0.000182714714;
2015;06;07;5;1;0.000063700649;0.000108321882;0.000048056640;0.000179664773;
2015;06;07;6;1;0.000062737217;0.000106844611;0.000050102212;0.000179203943;
2015;06;07;7;1;0.000063866940;0.000082024712;0.000053229676;0.000138457294;
2015;06;07;8;1;0.000067337469;0.000038416344;0.000058669930;0.000050365867;
2015;06;07;9;1;0.000078119925;0.000041937706;0.000065246024;0.000046190807;
2015;06;07;10;1;0.000095828185;0.000048623502;0.000080569144;0.000044793807;
2015;06;07;11;1;0.000110876191;0.000054544930;0.000098192282;0.000050517926;
2015;06;07;12;1;0.000117764192;0.000056301953;0.000100566139;0.000052597571;
2015;06;07;13;1;0.000121857972;0.000054883064;0.000099343593;0.000051508283;
2015;06;07;14;1;0.000128817607;0.000054253805;0.000096668140;0.000053349154;
2015;06;07;15;1;0.000128398049;0.000054000577;0.000062345883;0.000054620957;
2015;06;07;16;1;0.000114651059;0.000048295860;0.000061545525;0.000047700822;
2015;06;07;17;1;0.000107185442;0.000044799100;0.000065986845;0.000045077167;
2015;06;07;18;1;0.000105296580;0.000044221029;0.000073406513;0.000044934372;
2015;06;07;19;1;0.000109683956;0.000044783916;0.000075736377;0.000044776755;
2015;06;07;20;1;0.000113315410;0.000046214090;0.000074841862;0.000050381894;
2015;06;07;21;1;0.000121163822;0.000049494806;0.000071079697;0.000055649534;
2015;06;07;22;1;0.000134915482;0.000076446714;0.000067680418;0.000081022754;
2015;06;07;23;1;0.000133267778;0.000129427890;0.000061368705;0.000268794539;
2015;06;07;24;1;0.000111255062;0.000131504696;0.000055373716;0.000205387450;
2015;06;08;1;1;0.000089182556;0.000122462919;0.000055184263;0.000189429681;
2015;06;08;2;1;0.000073805610;0.000114643552;0.000056039880;0.000201102909;
2015;06;08;3;1;0.000065700788;0.000109464429;0.000057730393;0.000196933651;
2015;06;08;4;1;0.000062036297;0.000107785587;0.000060205934;0.000187038334;
2015;06;08;5;1;0.000061095493;0.000105964043;0.000066762912;0.000185530037;
2015;06;08;6;1;0.000062189032;0.000104850364;0.000072978533;0.000185011870;
2015;06;08;7;1;0.000069385548;0.000082324150;0.000087531071;0.000139277122;
2015;06;08;8;1;0.000086206095;0.000046167540;0.000100030274;0.000059070199;
2015;06;08;9;1;0.000102839547;0.000052896597;0.000117191871;0.000051024647;
2015;06;08;10;1;0.000116723223;0.000054896876;0.000153369221;0.000051347027;
2015;06;08;11;1;0.000125969367;0.000055293548;0.000200065221;0.000055646585;
2015;06;08;12;1;0.000131063573;0.000054371603;0.000210066240;0.000056773892;
2015;06;08;13;1;0.000136183973;0.000054186916;0.000213008163;0.000056041758;
2015;06;08;14;1;0.000142743363;0.000054558562;0.000195799881;0.000060474048;
2015;06;08;15;1;0.000134295474;0.000053118695;0.000131268934;0.000063250449;
2015;06;08;16;1;0.000123396537;0.000049013251;0.000123857578;0.000054366259;
2015;06;08;17;1;0.000122106307;0.000045810157;0.000128277195;0.000055067851;
2015;06;08;18;1;0.000127906850;0.000046937751;0.000140943035;0.000052238274;
2015;06;08;19;1;0.000132156678;0.000047522016;0.000141463566;0.000050677073;
2015;06;08;20;1;0.000133195936;0.000048491950;0.000138963546;0.000058873543;
2015;06;08;21;1;0.000133985158;0.000050830674;0.000130260877;0.000059214058;
2015;06;08;22;1;0.000139346928;0.000076799836;0.000101552028;0.000086976330;
2015;06;08;23;1;0.000133560407;0.000127836374;0.000082021890;0.000271331044;
2015;06;08;24;1;0.000109549301;0.000128861788;0.000073500953;0.000206507566;
2015;06;09;1;1;0.000086182772;0.000119658884;0.000073240197;0.000192996497;
2015;06;09;2;1;0.000071346851;0.000112404857;0.000071974978;0.000200338208;
2015;06;09;3;1;0.000063899951;0.000107138477;0.000069652578;0.000195916930;
2015;06;09;4;1;0.000060440503;0.000105590193;0.000067886697;0.000188456012;
2015;06;09;5;1;0.000059817506;0.000104384931;0.000068254991;0.000186494720;
2015;06;09;6;1;0.000061001203;0.000103393759;0.000073086748;0.000185230273;
2015;06;09;7;1;0.000068509507;0.000081702808;0.000087373514;0.000141774634;
2015;06;09;8;1;0.000086044489;0.000046561113;0.000098838313;0.000056962347;
2015;06;09;9;1;0.000103011605;0.000052985433;0.000115779944;0.000054523115;
2015;06;09;10;1;0.000115417027;0.000054850541;0.000150503625;0.000054383048;
2015;06;09;11;1;0.000125411058;0.000055231117;0.000195453166;0.000055071272;
2015;06;09;12;1;0.000129068809;0.000053925022;0.000205375923;0.000057973236;
2015;06;09;13;1;0.000133970582;0.000053638798;0.000207070250;0.000054275667;
2015;06;09;14;1;0.000139719661;0.000054206354;0.000190438163;0.000057362092;
2015;06;09;15;1;0.000131517763;0.000052465208;0.000131014119;0.000058428048;
2015;06;09;16;1;0.000120279069;0.000048240819;0.000123034004;0.000050171251;
2015;06;09;17;1;0.000119632313;0.000046008609;0.000128340945;0.000048692582;
2015;06;09;18;1;0.000125627342;0.000046666233;0.000136282397;0.000049917407;
2015;06;09;19;1;0.000129336292;0.000046949578;0.000137265914;0.000050104250;
2015;06;09;20;1;0.000130571787;0.000048454808;0.000134524243;0.000054653036;
2015;06;09;21;1;0.000132636152;0.000051553082;0.000130556936;0.000059588587;
2015;06;09;22;1;0.000138891052;0.000078063352;0.000102331010;0.000084927164;
2015;06;09;23;1;0.000132871704;0.000128235851;0.000081861342;0.000273161681;
2015;06;09;24;1;0.000109907629;0.000128426042;0.000073563756;0.000208129525;
2015;06;10;1;1;0.000086155941;0.000119645910;0.000073061742;0.000192919511;
2015;06;10;2;1;0.000071385570;0.000112425815;0.000072031119;0.000200376341;
2015;06;10;3;1;0.000063967575;0.000107177582;0.000069840615;0.000196024010;
2015;06;10;4;1;0.000060570660;0.000105668749;0.000068347454;0.000188701567;
2015;06;10;5;1;0.000059882733;0.000104424232;0.000068446266;0.000186600861;
2015;06;10;6;1;0.000061086708;0.000103443841;0.000073375905;0.000185375544;
2015;06;10;7;1;0.000068596007;0.000081738424;0.000087675119;0.000141872160;
2015;06;10;8;1;0.000086322425;0.000046613149;0.000099901774;0.000057078982;
2015;06;10;9;1;0.000103365812;0.000053048159;0.000117146879;0.000054642301;
2015;06;10;10;1;0.000115618690;0.000054883444;0.000151321624;0.000054438469;
2015;06;10;11;1;0.000125621033;0.000055262838;0.000196465218;0.000055124604;
2015;06;10;12;1;0.000129248872;0.000053950820;0.000206218669;0.000058018235;
2015;06;10;13;1;0.000134198263;0.000053670095;0.000208157434;0.000054329194;
2015;06;10;14;1;0.000139835113;0.000054221751;0.000190793288;0.000057384216;
2015;06;10;15;1;0.000131451705;0.000052456021;0.000130605049;0.000058397003;
2015;06;10;16;1;0.000120047987;0.000048208802;0.000121984538;0.000050095539;
2015;06;10;17;1;0.000119233980;0.000045955792;0.000126553150;0.000048571877;
2015;06;10;18;1;0.000125584179;0.000046660693;0.000135928103;0.000049896426;
2015;06;10;19;1;0.000129237231;0.000046937191;0.000136686248;0.000050068622;
2015;06;10;20;1;0.000130540631;0.000048450789;0.000134230897;0.000054633995;
2015;06;10;21;1;0.000132465719;0.000051530141;0.000129762310;0.000059524765;
2015;06;10;22;1;0.000138578685;0.000078002535;0.000101342170;0.000084779618;
2015;06;10;23;1;0.000132572571;0.000128136578;0.000081047581;0.000272688160;
2015;06;10;24;1;0.000109871349;0.000128411463;0.000073374334;0.000208044081;
2015;06;11;1;1;0.000085672358;0.000118595033;0.000073418370;0.000193119030;
2015;06;11;2;1;0.000070855149;0.000111368637;0.000071866031;0.000200331610;
2015;06;11;3;1;0.000063693020;0.000106286495;0.000070487032;0.000196409312;
2015;06;11;4;1;0.000060235244;0.000104744657;0.000068663156;0.000188908771;
2015;06;11;5;1;0.000059490190;0.000103474338;0.000068500449;0.000186673655;
2015;06;11;6;1;0.000060674716;0.000102496095;0.000073382269;0.000185423437;
2015;06;11;7;1;0.000067953246;0.000080914924;0.000086841331;0.000141648782;
2015;06;11;8;1;0.000085503238;0.000046141651;0.000098902440;0.000056984416;
2015;06;11;9;1;0.000102319658;0.000052499742;0.000115723546;0.000054527518;
2015;06;11;10;1;0.000114669265;0.000054352031;0.000150595815;0.000054396233;
2015;06;11;11;1;0.000124556186;0.000054722635;0.000195337239;0.000055071615;
2015;06;11;12;1;0.000127833317;0.000053377465;0.000203090032;0.000057862680;
2015;06;11;13;1;0.000132419587;0.000053057183;0.000203176125;0.000054096631;
2015;06;11;14;1;0.000137806225;0.000053578945;0.000185342667;0.000057088371;
2015;06;11;15;1;0.000129270128;0.000051796187;0.000125867426;0.000058010972;
2015;06;11;16;1;0.000117939884;0.000047586653;0.000117080472;0.000049731081;
2015;06;11;17;1;0.000117078292;0.000045354694;0.000121190973;0.000048201178;
2015;06;11;18;1;0.000123295978;0.000046048220;0.000130080203;0.000049510843;
2015;06;11;19;1;0.000126964640;0.000046331345;0.000131139234;0.000049703808;
2015;06;11;20;1;0.000128396302;0.000047844564;0.000129396925;0.000054279706;
2015;06;11;21;1;0.000130510410;0.000050914790;0.000125929575;0.000059207485;
2015;06;11;22;1;0.000136723878;0.000077108129;0.000098873585;0.000084408907;
2015;06;11;23;1;0.000130865928;0.000126690185;0.000079221733;0.000271593290;
2015;06;11;24;1;0.000108290345;0.000126895281;0.000071287849;0.000206990130;
2015;06;12;1;1;0.000087705108;0.000119088342;0.000069918850;0.000188437677;
2015;06;12;2;1;0.000071697677;0.000111565229;0.000068369174;0.000194742925;
2015;06;12;3;1;0.000064303421;0.000106905305;0.000067202189;0.000194320652;
2015;06;12;4;1;0.000060808076;0.000105408352;0.000065471241;0.000189207477;
2015;06;12;5;1;0.000059696324;0.000103879517;0.000065104358;0.000185467486;
2015;06;12;6;1;0.000060753542;0.000102704222;0.000069960948;0.000183838675;
2015;06;12;7;1;0.000068274826;0.000081216063;0.000084114607;0.000140274194;
2015;06;12;8;1;0.000085570791;0.000046419848;0.000095368159;0.000058936946;
2015;06;12;9;1;0.000102981285;0.000052606245;0.000111507014;0.000052113240;
2015;06;12;10;1;0.000115566197;0.000054998398;0.000145031322;0.000051041159;
2015;06;12;11;1;0.000125234101;0.000055545274;0.000188825213;0.000056170918;
2015;06;12;12;1;0.000130746881;0.000053931846;0.000198007300;0.000054968094;
2015;06;12;13;1;0.000135960118;0.000053780800;0.000199023557;0.000054943192;
2015;06;12;14;1;0.000141639395;0.000054377570;0.000182159754;0.000057055690;
2015;06;12;15;1;0.000134485606;0.000053287663;0.000123288579;0.000062697525;
2015;06;12;16;1;0.000124636100;0.000049058463;0.000115170567;0.000056687177;
2015;06;12;17;1;0.000122445807;0.000046931363;0.000119340897;0.000055170590;
2015;06;12;18;1;0.000128378554;0.000047731213;0.000127833727;0.000052484676;
2015;06;12;19;1;0.000131853154;0.000048026626;0.000128785125;0.000051221224;
2015;06;12;20;1;0.000131048017;0.000048608039;0.000127141919;0.000057914173;
2015;06;12;21;1;0.000129584126;0.000050395992;0.000123129860;0.000062784712;
2015;06;12;22;1;0.000131187010;0.000074769632;0.000095925442;0.000083595221;
2015;06;12;23;1;0.000129722013;0.000125626821;0.000077367514;0.000268257209;
2015;06;12;24;1;0.000113090317;0.000127362973;0.000069890288;0.000210863683;
2015;06;13;1;1;0.000093955460;0.000121717515;0.000048790171;0.000199199704;
2015;06;13;2;1;0.000078838530;0.000114756546;0.000047537226;0.000203014796;
2015;06;13;3;1;0.000069031930;0.000109124143;0.000046561606;0.000200290221;
2015;06;13;4;1;0.000063387728;0.000106990799;0.000046732806;0.000189104810;
2015;06;13;5;1;0.000061552829;0.000105121998;0.000047099950;0.000186078413;
2015;06;13;6;1;0.000061575836;0.000103824775;0.000048549124;0.000188489290;
2015;06;13;7;1;0.000063780814;0.000079949865;0.000054064820;0.000142969634;
2015;06;13;8;1;0.000070141819;0.000039859179;0.000063575749;0.000054771849;
2015;06;13;9;1;0.000086723576;0.000044362056;0.000078121845;0.000052452192;
2015;06;13;10;1;0.000107818475;0.000051328535;0.000099932530;0.000049563196;
2015;06;13;11;1;0.000123758643;0.000055352824;0.000120083478;0.000057542800;
2015;06;13;12;1;0.000128951421;0.000054674865;0.000123353472;0.000057285697;
2015;06;13;13;1;0.000133192250;0.000054034462;0.000121478655;0.000054221995;
2015;06;13;14;1;0.000138744996;0.000054240786;0.000108970158;0.000053230519;
2015;06;13;15;1;0.000132164555;0.000053050135;0.000071887976;0.000059128716;
2015;06;13;16;1;0.000119898292;0.000048055740;0.000070049930;0.000054382776;
2015;06;13;17;1;0.000111716026;0.000045234919;0.000071630943;0.000049509638;
2015;06;13;18;1;0.000110082706;0.000045472023;0.000086392771;0.000044942336;
2015;06;13;19;1;0.000111606587;0.000045830852;0.000089874673;0.000044799233;
2015;06;13;20;1;0.000113558085;0.000046622154;0.000089648484;0.000051041917;
2015;06;13;21;1;0.000115745303;0.000047959423;0.000084379819;0.000059653482;
2015;06;13;22;1;0.000124435539;0.000070996506;0.000076257758;0.000078624352;
2015;06;13;23;1;0.000126004448;0.000122995711;0.000063865485;0.000270675210;
2015;06;13;24;1;0.000110914817;0.000126864442;0.000058413607;0.000207791404;
2015;06;14;1;1;0.000093736765;0.000122063526;0.000046698284;0.000189288260;
2015;06;14;2;1;0.000079478215;0.000115138982;0.000046062560;0.000193137133;
2015;06;14;3;1;0.000069454770;0.000109520583;0.000045806412;0.000187400306;
2015;06;14;4;1;0.000064082381;0.000106909610;0.000045441413;0.000182005005;
2015;06;14;5;1;0.000061632441;0.000105124152;0.000045811988;0.000178901583;
2015;06;14;6;1;0.000060771609;0.000103732598;0.000047972756;0.000178587461;
2015;06;14;7;1;0.000061974114;0.000079683832;0.000051299310;0.000138147705;
2015;06;14;8;1;0.000065204744;0.000037293111;0.000056084837;0.000050180703;
2015;06;14;9;1;0.000075908630;0.000040760438;0.000063184474;0.000046131448;
2015;06;14;10;1;0.000092931773;0.000047226316;0.000077443608;0.000044675271;
2015;06;14;11;1;0.000107271432;0.000052934262;0.000093559941;0.000050302083;
2015;06;14;12;1;0.000114239729;0.000054689794;0.000096785665;0.000052469364;
2015;06;14;13;1;0.000118227931;0.000053314086;0.000095667792;0.000051387734;
2015;06;14;14;1;0.000124751583;0.000052669603;0.000092442502;0.000053157175;
2015;06;14;15;1;0.000123583352;0.000052312341;0.000058269110;0.000054193765;
2015;06;14;16;1;0.000109839173;0.000046710728;0.000056524013;0.000047175833;
2015;06;14;17;1;0.000102471383;0.000043297319;0.000060124449;0.000044516470;
2015;06;14;18;1;0.000100552409;0.000042721942;0.000066607767;0.000044340930;
2015;06;14;19;1;0.000104756573;0.000043267727;0.000068763672;0.000044189524;
2015;06;14;20;1;0.000108237066;0.000044651173;0.000067983291;0.000049724969;
2015;06;14;21;1;0.000116185728;0.000047885534;0.000065510233;0.000055072068;
2015;06;14;22;1;0.000129809624;0.000074047660;0.000063163764;0.000080369227;
2015;06;14;23;1;0.000128209478;0.000125361773;0.000057235412;0.000266606407;
2015;06;14;24;1;0.000106919288;0.000127327567;0.000051425380;0.000203568090;
2015;06;15;1;1;0.000085480031;0.000117961863;0.000051645366;0.000188009149;
2015;06;15;2;1;0.000070823025;0.000110474560;0.000052659217;0.000199754832;
2015;06;15;3;1;0.000063094238;0.000105512443;0.000054390981;0.000195718508;
2015;06;15;4;1;0.000059813324;0.000104038982;0.000057546507;0.000186399385;
2015;06;15;5;1;0.000058895969;0.000102274477;0.000063775249;0.000184873799;
2015;06;15;6;1;0.000060121948;0.000101300346;0.000070446820;0.000184723150;
2015;06;15;7;1;0.000067115585;0.000079550779;0.000084708435;0.000139110237;
2015;06;15;8;1;0.000083275749;0.000044591663;0.000096344230;0.000058945380;
2015;06;15;9;1;0.000099252397;0.000051073770;0.000112583816;0.000050883534;
2015;06;15;10;1;0.000112542375;0.000052986871;0.000146860406;0.000051170268;
2015;06;15;11;1;0.000121158968;0.000053324466;0.000189801005;0.000055361009;
2015;06;15;12;1;0.000125858085;0.000052406619;0.000198080368;0.000056420590;
2015;06;15;13;1;0.000130387426;0.000052175398;0.000198562211;0.000055579333;
2015;06;15;14;1;0.000136231042;0.000052475392;0.000180307459;0.000059842932;
2015;06;15;15;1;0.000127705332;0.000051026670;0.000119242595;0.000062434162;
2015;06;15;16;1;0.000116834924;0.000047013299;0.000110619629;0.000053505409;
2015;06;15;17;1;0.000115446137;0.000043919561;0.000113866554;0.000054142512;
2015;06;15;18;1;0.000120924477;0.000045000158;0.000125046858;0.000051359088;
2015;06;15;19;1;0.000125132544;0.000045583999;0.000126264519;0.000049876245;
2015;06;15;20;1;0.000126403001;0.000046550217;0.000125179766;0.000058033251;
2015;06;15;21;1;0.000127913058;0.000048895193;0.000120099962;0.000058608926;
2015;06;15;22;1;0.000133196118;0.000073906952;0.000094070979;0.000086160767;
2015;06;15;23;1;0.000127465396;0.000122955247;0.000075513403;0.000268498053;
2015;06;15;24;1;0.000104727495;0.000124013669;0.000068114333;0.000204590019;
2015;06;16;1;1;0.000082501240;0.000115303921;0.000068168954;0.000191394728;
2015;06;16;2;1;0.000068280877;0.000108303915;0.000066924626;0.000198638935;
2015;06;16;3;1;0.000061302313;0.000103316361;0.000065350849;0.000194580713;
2015;06;16;4;1;0.000058099980;0.000101894201;0.000064169219;0.000187430611;
2015;06;16;5;1;0.000057434263;0.000100690650;0.000064235825;0.000185331118;
2015;06;16;6;1;0.000058648445;0.000099780483;0.000069118523;0.000184243434;
2015;06;16;7;1;0.000066047287;0.000078922400;0.000083463646;0.000141286094;
2015;06;16;8;1;0.000083015139;0.000044988514;0.000094676641;0.000056795969;
2015;06;16;9;1;0.000099185235;0.000051159472;0.000110148276;0.000054287625;
2015;06;16;10;1;0.000111103210;0.000052955678;0.000143084106;0.000054138968;
2015;06;16;11;1;0.000120444982;0.000053280561;0.000184205833;0.000054736719;
2015;06;16;12;1;0.000123390291;0.000051938592;0.000190171484;0.000057439235;
2015;06;16;13;1;0.000128093108;0.000051665201;0.000191841322;0.000053780528;
2015;06;16;14;1;0.000133399264;0.000052186088;0.000175490780;0.000056782750;
2015;06;16;15;1;0.000125335302;0.000050477344;0.000119898381;0.000057763726;
2015;06;16;16;1;0.000114234638;0.000046358874;0.000111101090;0.000049484693;
2015;06;16;17;1;0.000113341465;0.000044176684;0.000114768079;0.000047945327;
2015;06;16;18;1;0.000119333793;0.000044848754;0.000123074992;0.000049240430;
2015;06;16;19;1;0.000122940542;0.000045131526;0.000124300388;0.000049447803;
2015;06;16;20;1;0.000124667767;0.000046649363;0.000123958671;0.000054101965;
2015;06;16;21;1;0.000126999405;0.000049680761;0.000121621964;0.000059103405;
2015;06;16;22;1;0.000132952278;0.000075221145;0.000095230106;0.000084219839;
2015;06;16;23;1;0.000127872517;0.000123794642;0.000077754802;0.000271886960;
2015;06;16;24;1;0.000105645614;0.000123926445;0.000069570385;0.000206986111;
2015;06;17;1;1;0.000083346867;0.000116165119;0.000069710750;0.000192053555;
2015;06;17;2;1;0.000068870287;0.000109052603;0.000068022010;0.000199102612;
2015;06;17;3;1;0.000061768193;0.000103993680;0.000066169543;0.000194896932;
2015;06;17;4;1;0.000058440183;0.000102500565;0.000064558252;0.000187510376;
2015;06;17;5;1;0.000057725492;0.000101262371;0.000064440547;0.000185309825;
2015;06;17;6;1;0.000058992005;0.000100374254;0.000069541238;0.000184321984;
2015;06;17;7;1;0.000066276426;0.000079326445;0.000083245745;0.000141113846;
2015;06;17;8;1;0.000083364993;0.000045230459;0.000094690611;0.000056755831;
2015;06;17;9;1;0.000099643896;0.000051442256;0.000110296017;0.000054264941;
2015;06;17;10;1;0.000111391914;0.000053211539;0.000142158469;0.000054041257;
2015;06;17;11;1;0.000121319762;0.000053623686;0.000186275226;0.000054813045;
2015;06;17;12;1;0.000124432064;0.000052294106;0.000193177611;0.000057565711;
2015;06;17;13;1;0.000129097262;0.000052008156;0.000194422369;0.000053876746;
2015;06;17;14;1;0.000134603944;0.000052553915;0.000178649193;0.000056930716;
2015;06;17;15;1;0.000126268311;0.000050805556;0.000121329399;0.000057851437;
2015;06;17;16;1;0.000115262207;0.000046684972;0.000113096226;0.000049612349;
2015;06;17;17;1;0.000114549295;0.000044512463;0.000117588006;0.000048123361;
2015;06;17;18;1;0.000120569105;0.000045184910;0.000125959298;0.000049412961;
2015;06;17;19;1;0.000124205517;0.000045468871;0.000127178268;0.000049618985;
2015;06;17;20;1;0.000126086943;0.000047015758;0.000127329242;0.000054329982;
2015;06;17;21;1;0.000128498723;0.000050078576;0.000125079439;0.000059370037;
2015;06;17;22;1;0.000133709793;0.000075664843;0.000095741506;0.000084246728;
2015;06;17;23;1;0.000128412151;0.000124462105;0.000077726924;0.000271698889;
2015;06;17;24;1;0.000106511472;0.000124764231;0.000070602665;0.000207406935;
2015;06;18;1;1;0.000084014018;0.000117030278;0.000070476814;0.000192173747;
2015;06;18;2;1;0.000069561598;0.000109941351;0.000069291664;0.000199504619;
2015;06;18;3;1;0.000062291047;0.000104784573;0.000067015786;0.000195080120;
2015;06;18;4;1;0.000058996307;0.000103317419;0.000065637036;0.000187821886;
2015;06;18;5;1;0.000058191959;0.000102019018;0.000065172705;0.000185435158;
2015;06;18;6;1;0.000059439764;0.000101107124;0.000070206803;0.000184384448;
2015;06;18;7;1;0.000066734190;0.000079886872;0.000083830169;0.000141095516;
2015;06;18;8;1;0.000084245131;0.000045607262;0.000096637328;0.000056890721;
2015;06;18;9;1;0.000100506833;0.000051837027;0.000111781061;0.000054323282;
2015;06;18;10;1;0.000112585463;0.000053657495;0.000145192983;0.000054175304;
2015;06;18;11;1;0.000122148496;0.000054001534;0.000187463672;0.000054803469;
2015;06;18;12;1;0.000125367100;0.000052674948;0.000194903913;0.000057582637;
2015;06;18;13;1;0.000130156758;0.000052399247;0.000196686705;0.000053918052;
2015;06;18;14;1;0.000135794203;0.000052960534;0.000181176469;0.000056999048;
2015;06;18;15;1;0.000127628828;0.000051232458;0.000123940016;0.000057997374;
2015;06;18;16;1;0.000116540076;0.000047082152;0.000115677219;0.000049747979;
2015;06;18;17;1;0.000115824809;0.000044891855;0.000120299446;0.000048256467;
2015;06;18;18;1;0.000122046473;0.000045587266;0.000129424513;0.000049587274;
2015;06;18;19;1;0.000125793298;0.000045882033;0.000130937535;0.000049812005;
2015;06;18;20;1;0.000127392344;0.000047403963;0.000129867449;0.000054451331;
2015;06;18;21;1;0.000129206400;0.000050408217;0.000125291751;0.000059305438;
2015;06;18;22;1;0.000134921059;0.000076255896;0.000097175854;0.000084360298;
2015;06;18;23;1;0.000129889197;0.000125538878;0.000079621887;0.000272519107;
2015;06;18;24;1;0.000107665435;0.000125814904;0.000072144047;0.000207938211;
2015;06;19;1;1;0.000088783058;0.000120289481;0.000071444837;0.000188775750;
2015;06;19;2;1;0.000072632348;0.000112719204;0.000070053882;0.000195191568;
2015;06;19;3;1;0.000065036056;0.000107950419;0.000068442144;0.000194550044;
2015;06;19;4;1;0.000061648711;0.000106527456;0.000067275596;0.000189745526;
2015;06;19;5;1;0.000060559733;0.000105005350;0.000067054316;0.000186075985;
2015;06;19;6;1;0.000061645255;0.000103824973;0.000072111094;0.000184468851;
2015;06;19;7;1;0.000069037829;0.000082003884;0.000085599384;0.000140418818;
2015;06;19;8;1;0.000086344671;0.000046835825;0.000096297807;0.000058911651;
2015;06;19;9;1;0.000103758401;0.000053050815;0.000111929626;0.000052037852;
2015;06;19;10;1;0.000116599718;0.000055489805;0.000146333496;0.000051016148;
2015;06;19;11;1;0.000126522469;0.000056067305;0.000191486110;0.000056194978;
2015;06;19;12;1;0.000131908621;0.000054412764;0.000199721597;0.000054939101;
2015;06;19;13;1;0.000137237080;0.000054269697;0.000201142101;0.000054933165;
2015;06;19;14;1;0.000143162406;0.000054897224;0.000185067638;0.000057098136;
2015;06;19;15;1;0.000136094334;0.000053819099;0.000125824942;0.000062795945;
2015;06;19;16;1;0.000126164863;0.000049552850;0.000117673637;0.000056787915;
2015;06;19;17;1;0.000124134524;0.000047428848;0.000122644564;0.000055325968;
2015;06;19;18;1;0.000130283782;0.000048254278;0.000131903014;0.000052669938;
2015;06;19;19;1;0.000133970937;0.000048573039;0.000133495169;0.000051444644;
2015;06;19;20;1;0.000133343781;0.000049185544;0.000132486475;0.000058224496;
2015;06;19;21;1;0.000131547383;0.000050953936;0.000127159136;0.000063019962;
2015;06;19;22;1;0.000132489329;0.000075462861;0.000097157204;0.000083610246;
2015;06;19;23;1;0.000131142423;0.000126836113;0.000078653811;0.000268493310;
2015;06;19;24;1;0.000114738662;0.000128747020;0.000072045375;0.000211569756;
2015;06;20;1;1;0.000096571031;0.000124751578;0.000050842119;0.000200017723;
2015;06;20;2;1;0.000080918335;0.000117559637;0.000049268732;0.000203649196;
2015;06;20;3;1;0.000070962478;0.000111848616;0.000048552651;0.000201129147;
2015;06;20;4;1;0.000065047974;0.000109596736;0.000048412419;0.000189670845;
2015;06;20;5;1;0.000063204414;0.000107705323;0.000048913697;0.000186715253;
2015;06;20;6;1;0.000063162068;0.000106337727;0.000050224014;0.000188997914;
2015;06;20;7;1;0.000065319998;0.000081839606;0.000055609649;0.000143197621;
2015;06;20;8;1;0.000071739910;0.000040782660;0.000065074828;0.000054809208;
2015;06;20;9;1;0.000088670375;0.000045384813;0.000079857832;0.000052476190;
2015;06;20;10;1;0.000110003581;0.000052473364;0.000101317589;0.000049512988;
2015;06;20;11;1;0.000126512991;0.000056625787;0.000122615165;0.000057562124;
2015;06;20;12;1;0.000132117767;0.000055975679;0.000127020876;0.000057393875;
2015;06;20;13;1;0.000136802754;0.000055367489;0.000126281418;0.000054417664;
2015;06;20;14;1;0.000142874468;0.000055628367;0.000114397680;0.000053517787;
2015;06;20;15;1;0.000136584935;0.000054474533;0.000076481035;0.000059594631;
2015;06;20;16;1;0.000124169384;0.000049381941;0.000075116407;0.000054890977;
2015;06;20;17;1;0.000116038839;0.000046530788;0.000077678554;0.000050074498;
2015;06;20;18;1;0.000114509729;0.000046798409;0.000094196952;0.000045501085;
2015;06;20;19;1;0.000116174254;0.000047178850;0.000098244980;0.000045377610;
2015;06;20;20;1;0.000117970462;0.000047960403;0.000097267521;0.000051629855;
2015;06;20;21;1;0.000120280589;0.000049341295;0.000091671339;0.000060353592;
2015;06;20;22;1;0.000128230290;0.000072830599;0.000080271797;0.000079087457;
2015;06;20;23;1;0.000130030731;0.000126234123;0.000067602336;0.000272534005;
2015;06;20;24;1;0.000114691708;0.000130295187;0.000062328024;0.000209510519;
2015;06;21;1;1;0.000097498590;0.000126068171;0.000050138784;0.000190818310;
2015;06;21;2;1;0.000082631707;0.000118898983;0.000049364795;0.000194640338;
2015;06;21;3;1;0.000071986685;0.000112976841;0.000048499577;0.000188456074;
2015;06;21;4;1;0.000066294845;0.000110212854;0.000047770281;0.000182795711;
2015;06;21;5;1;0.000063687090;0.000108329245;0.000047951450;0.000179536384;
2015;06;21;6;1;0.000062714738;0.000106846507;0.000049965130;0.000179057905;
2015;06;21;7;1;0.000063884194;0.000082043883;0.000053212639;0.000138404339;
2015;06;21;8;1;0.000067254296;0.000038405341;0.000058319317;0.000050294299;
2015;06;21;9;1;0.000078297085;0.000041976401;0.000065718884;0.000046236741;
2015;06;21;10;1;0.000095954312;0.000048652418;0.000080861828;0.000044808980;
2015;06;21;11;1;0.000110803473;0.000054540205;0.000097820978;0.000050466314;
2015;06;21;12;1;0.000117917055;0.000056335067;0.000100925960;0.000052614715;
2015;06;21;13;1;0.000122063620;0.000054922704;0.000099846712;0.000051538891;
2015;06;21;14;1;0.000129179953;0.000054314129;0.000097562754;0.000053422312;
2015;06;21;15;1;0.000128462611;0.000054017511;0.000062381957;0.000054608807;
2015;06;21;16;1;0.000114687085;0.000048307850;0.000061538002;0.000047683997;
2015;06;21;17;1;0.000107256420;0.000044815623;0.000066064095;0.000045072103;
2015;06;21;18;1;0.000105329441;0.000044231970;0.000073397312;0.000044918452;
2015;06;21;19;1;0.000109548902;0.000044771007;0.000075295695;0.000044713114;
2015;06;21;20;1;0.000113141772;0.000046195931;0.000074323939;0.000050299792;
2015;06;21;21;1;0.000120875957;0.000049460946;0.000070361736;0.000055526478;
2015;06;21;22;1;0.000134613402;0.000076398306;0.000067020483;0.000080851515;
2015;06;21;23;1;0.000133229509;0.000129433439;0.000061215530;0.000268588824;
2015;06;21;24;1;0.000111560649;0.000131646996;0.000055890936;0.000205658373;
2015;06;22;1;1;0.000089422334;0.000122428443;0.000055904280;0.000189766196;
2015;06;22;2;1;0.000073987727;0.000114603195;0.000056710091;0.000201430569;
2015;06;22;3;1;0.000065583340;0.000109263906;0.000057523313;0.000196673985;
2015;06;22;4;1;0.000062177168;0.000107740422;0.000060879052;0.000187317834;
2015;06;22;5;1;0.000061245594;0.000105926481;0.000067555148;0.000185831169;
2015;06;22;6;1;0.000062489767;0.000104899577;0.000074489808;0.000185616470;
2015;06;22;7;1;0.000069556128;0.000082294398;0.000088598877;0.000139502355;
2015;06;22;8;1;0.000086077587;0.000046087750;0.000099778648;0.000059004480;
2015;06;22;9;1;0.000102379148;0.000052750823;0.000115560394;0.000050862851;
2015;06;22;10;1;0.000116782556;0.000054839655;0.000154168796;0.000051360559;
2015;06;22;11;1;0.000126172531;0.000055256840;0.000201967780;0.000055703533;
2015;06;22;12;1;0.000130855082;0.000054275771;0.000209455587;0.000056706822;
2015;06;22;13;1;0.000135939233;0.000054087564;0.000212220667;0.000055967584;
2015;06;22;14;1;0.000142507616;0.000054461245;0.000195187910;0.000060400058;
2015;06;22;15;1;0.000133977541;0.000053010795;0.000130507251;0.000063141777;
2015;06;22;16;1;0.000122894544;0.000048884972;0.000122338625;0.000054209079;
2015;06;22;17;1;0.000121702828;0.000045702400;0.000127065272;0.000054937748;
2015;06;22;18;1;0.000127429579;0.000046820500;0.000139373346;0.000052099538;
2015;06;22;19;1;0.000131722370;0.000047410580;0.000140129200;0.000050558026;
2015;06;22;20;1;0.000132886155;0.000048394213;0.000138170030;0.000058774162;
2015;06;22;21;1;0.000133445448;0.000050698344;0.000128682595;0.000059044502;
2015;06;22;22;1;0.000138487152;0.000076543150;0.000099499758;0.000086598708;
2015;06;22;23;1;0.000133094602;0.000127527865;0.000081181548;0.000270656240;
2015;06;22;24;1;0.000109406005;0.000128647141;0.000073368369;0.000206303760;
2015;06;23;1;1;0.000086073592;0.000118989480;0.000074059519;0.000193630076;
2015;06;23;2;1;0.000071183582;0.000111737410;0.000072474664;0.000200855459;
2015;06;23;3;1;0.000063825018;0.000106543751;0.000070422389;0.000196574915;
2015;06;23;4;1;0.000060425740;0.000105037935;0.000068872558;0.000189210522;
2015;06;23;5;1;0.000059642856;0.000103742582;0.000068560628;0.000186894834;
2015;06;23;6;1;0.000060782856;0.000102733829;0.000073237367;0.000185542570;
2015;06;23;7;1;0.000068163080;0.000081139370;0.000087083033;0.000141867716;
2015;06;23;8;1;0.000085421227;0.000046204715;0.000097713176;0.000056913043;
2015;06;23;9;1;0.000101933876;0.000052520871;0.000113074491;0.000054353914;
2015;06;23;10;1;0.000114908599;0.000054484010;0.000150447919;0.000054442790;
2015;06;23;11;1;0.000125090577;0.000054897077;0.000196776834;0.000055202303;
2015;06;23;12;1;0.000128570220;0.000053574636;0.000205741846;0.000058058617;
2015;06;23;13;1;0.000133462576;0.000053291688;0.000207475822;0.000054358378;
2015;06;23;14;1;0.000139015152;0.000053832527;0.000189859174;0.000057400045;
2015;06;23;15;1;0.000130577275;0.000052065249;0.000129572818;0.000058381183;
2015;06;23;16;1;0.000119014635;0.000047816996;0.000120138505;0.000050013780;
2015;06;23;17;1;0.000117972776;0.000045551134;0.000123690048;0.000048426226;
2015;06;23;18;1;0.000124033402;0.000046221455;0.000131927044;0.000049685571;
2015;06;23;19;1;0.000127571212;0.000046486596;0.000132378790;0.000049838204;
2015;06;23;20;1;0.000128919042;0.000047993377;0.000130254892;0.000054400229;
2015;06;23;21;1;0.000130342455;0.000050979282;0.000124185547;0.000059120686;
2015;06;23;22;1;0.000135636327;0.000077028279;0.000095022080;0.000083897322;
2015;06;23;23;1;0.000129905770;0.000126588784;0.000076235959;0.000270068439;
2015;06;23;24;1;0.000107820715;0.000126925106;0.000069406887;0.000206255856;
2015;06;24;1;1;0.000083557662;0.000115588990;0.000071972504;0.000192619793;
2015;06;24;2;1;0.000069264148;0.000108633387;0.000071002826;0.000200132288;
2015;06;24;3;1;0.000061985533;0.000103515100;0.000068515614;0.000195608104;
2015;06;24;4;1;0.000058604747;0.000102003828;0.000066680861;0.000188103030;
2015;06;24;5;1;0.000057777095;0.000100704276;0.000066097479;0.000185648490;
2015;06;24;6;1;0.000058847901;0.000099705179;0.000070463072;0.000184232329;
2015;06;24;7;1;0.000065733524;0.000078639287;0.000082590637;0.000140481613;
2015;06;24;8;1;0.000081725905;0.000044658386;0.000089961732;0.000056049173;
2015;06;24;9;1;0.000097355090;0.000050734106;0.000103293792;0.000053466169;
2015;06;24;10;1;0.000109647853;0.000052613857;0.000136989845;0.000053520027;
2015;06;24;11;1;0.000119230885;0.000052992496;0.000178404060;0.000054225115;
2015;06;24;12;1;0.000122559160;0.000051717814;0.000186566255;0.000057034796;
2015;06;24;13;1;0.000127258049;0.000051449311;0.000188386193;0.000053409741;
2015;06;24;14;1;0.000133061240;0.000052039337;0.000175044011;0.000056546684;
2015;06;24;15;1;0.000125255101;0.000050368319;0.000120458777;0.000057598870;
2015;06;24;16;1;0.000114080503;0.000046247419;0.000111320100;0.000049319307;
2015;06;24;17;1;0.000113288949;0.000044083857;0.000115393936;0.000047814219;
2015;06;24;18;1;0.000119151537;0.000044738210;0.000123230144;0.000049069859;
2015;06;24;19;1;0.000123036494;0.000045055862;0.000125589307;0.000049354744;
2015;06;24;20;1;0.000124799390;0.000046575704;0.000125357015;0.000054010538;
2015;06;24;21;1;0.000126634250;0.000049535146;0.000121162154;0.000058843728;
2015;06;24;22;1;0.000132661207;0.000075018452;0.000095118239;0.000083889582;
2015;06;24;23;1;0.000128126430;0.000123639194;0.000078895964;0.000271602280;
2015;06;24;24;1;0.000106621225;0.000124078523;0.000072558218;0.000207799334;
2015;06;25;1;1;0.000085583732;0.000119191870;0.000071947215;0.000192643063;
2015;06;25;2;1;0.000070752386;0.000111911918;0.000070346842;0.000199778605;
2015;06;25;3;1;0.000063428468;0.000106704043;0.000068324112;0.000195499309;
2015;06;25;4;1;0.000060034405;0.000105186210;0.000066757390;0.000188140597;
2015;06;25;5;1;0.000059301904;0.000103916532;0.000066644623;0.000185936193;
2015;06;25;6;1;0.000060495013;0.000102941361;0.000071448865;0.000184716912;
2015;06;25;7;1;0.000067949695;0.000081348991;0.000085452708;0.000141394314;
2015;06;25;8;1;0.000084999701;0.000046295324;0.000095211757;0.000056652503;
2015;06;25;9;1;0.000101606406;0.000052656350;0.000110796113;0.000054170718;
2015;06;25;10;1;0.000114739655;0.000054657054;0.000148449381;0.000054324302;
2015;06;25;11;1;0.000124966514;0.000055080470;0.000194526363;0.000055100305;
2015;06;25;12;1;0.000128500161;0.000053761967;0.000203722312;0.000057969285;
2015;06;25;13;1;0.000133475594;0.000053489737;0.000205966936;0.000054298660;
2015;06;25;14;1;0.000139557474;0.000054103229;0.000191233511;0.000057487156;
2015;06;25;15;1;0.000131373059;0.000052366627;0.000131575861;0.000058558029;
2015;06;25;16;1;0.000119898215;0.000048115591;0.000122620301;0.000050210897;
2015;06;25;17;1;0.000119210312;0.000045883425;0.000127736244;0.000048718867;
2015;06;25;18;1;0.000125706720;0.000046605979;0.000137824868;0.000050087856;
2015;06;25;19;1;0.000129597573;0.000046911406;0.000139547995;0.000050323457;
2015;06;25;20;1;0.000131013239;0.000048438281;0.000137438891;0.000054943765;
2015;06;25;21;1;0.000132542595;0.000051463168;0.000131320467;0.000059737364;
2015;06;25;22;1;0.000137865531;0.000077746774;0.000100371392;0.000084745930;
2015;06;25;23;1;0.000132526778;0.000127927946;0.000081771129;0.000273484906;
2015;06;25;24;1;0.000110064733;0.000128294766;0.000074641336;0.000208953905;
2015;06;26;1;1;0.000091048928;0.000123119625;0.000074005737;0.000189624581;
2015;06;26;2;1;0.000074456220;0.000115355007;0.000072463835;0.000196014638;
2015;06;26;3;1;0.000066539996;0.000110400516;0.000070287411;0.000195108697;
2015;06;26;4;1;0.000062877046;0.000108827154;0.000068287235;0.000189878930;
2015;06;26;5;1;0.000061719396;0.000107243875;0.000067871542;0.000186108847;
2015;06;26;6;1;0.000062807686;0.000106027627;0.000072917353;0.000184464573;
2015;06;26;7;1;0.000070377401;0.000083759483;0.000086714551;0.000140468133;
2015;06;26;8;1;0.000087839484;0.000047804753;0.000096786390;0.000058849049;
2015;06;26;9;1;0.000105683064;0.000054172092;0.000112911135;0.000052027126;
2015;06;26;10;1;0.000119499972;0.000056783151;0.000151194384;0.000051223358;
2015;06;26;11;1;0.000130072597;0.000057435322;0.000200226924;0.000056543910;
2015;06;26;12;1;0.000135870086;0.000055777122;0.000210388883;0.000055353228;
2015;06;26;13;1;0.000141671433;0.000055672865;0.000213674550;0.000055431673;
2015;06;26;14;1;0.000148014504;0.000056346776;0.000197670572;0.000057677544;
2015;06;26;15;1;0.000140804612;0.000055253681;0.000134717980;0.000063463847;
2015;06;26;16;1;0.000130422129;0.000050858565;0.000125641409;0.000057358276;
2015;06;26;17;1;0.000128299199;0.000048675311;0.000130872785;0.000055874267;
2015;06;26;18;1;0.000134599757;0.000049515394;0.000140542979;0.000053176864;
2015;06;26;19;1;0.000138291745;0.000049828030;0.000141766954;0.000051909528;
2015;06;26;20;1;0.000137593347;0.000050450145;0.000140467680;0.000058735886;
2015;06;26;21;1;0.000135594050;0.000052244681;0.000134269089;0.000063526444;
2015;06;26;22;1;0.000136354594;0.000077333067;0.000102007662;0.000084192370;
2015;06;26;23;1;0.000134990494;0.000129986556;0.000082640652;0.000270392608;
2015;06;26;24;1;0.000118082231;0.000131935988;0.000075641287;0.000213037534;
2015;06;27;1;1;0.000099864386;0.000128526275;0.000053475504;0.000201177164;
2015;06;27;2;1;0.000083786568;0.000121170374;0.000052088504;0.000205012205;
2015;06;27;3;1;0.000073262208;0.000115167712;0.000050751260;0.000202066240;
2015;06;27;4;1;0.000067090869;0.000112811363;0.000050416059;0.000190427221;
2015;06;27;5;1;0.000065046700;0.000110780781;0.000050515222;0.000187176818;
2015;06;27;6;1;0.000064997746;0.000109370776;0.000051857645;0.000189453926;
2015;06;27;7;1;0.000067116575;0.000084129607;0.000057099120;0.000143392645;
2015;06;27;8;1;0.000073787515;0.000041938379;0.000067077226;0.000054922029;
2015;06;27;9;1;0.000091083864;0.000046650434;0.000081897529;0.000052537751;
2015;06;27;10;1;0.000113350397;0.000053994672;0.000105138448;0.000049677741;
2015;06;27;11;1;0.000130414838;0.000058275694;0.000127425566;0.000057769852;
2015;06;27;12;1;0.000136503033;0.000057651702;0.000133172273;0.000057691353;
2015;06;27;13;1;0.000141675832;0.000057071334;0.000133599803;0.000054788227;
2015;06;27;14;1;0.000148378872;0.000057395764;0.000122309092;0.000053986513;
2015;06;27;15;1;0.000142124150;0.000056243572;0.000082347443;0.000060198018;
2015;06;27;16;1;0.000129557300;0.000051033926;0.000081685940;0.000055551391;
2015;06;27;17;1;0.000121324345;0.000048122005;0.000085109691;0.000050749559;
2015;06;27;18;1;0.000119505650;0.000048367890;0.000102511214;0.000046055863;
2015;06;27;19;1;0.000121035053;0.000048731988;0.000106250121;0.000045876347;
2015;06;27;20;1;0.000122874686;0.000049534761;0.000105099174;0.000052187918;
2015;06;27;21;1;0.000125087442;0.000050933547;0.000098499028;0.000060940650;
2015;06;27;22;1;0.000133011842;0.000075113509;0.000085443416;0.000079714419;
2015;06;27;23;1;0.000134937323;0.000130209798;0.000072087348;0.000274774896;
2015;06;27;24;1;0.000119088582;0.000134425496;0.000066613469;0.000211317513;
2015;06;28;1;1;0.000101685055;0.000130770984;0.000053502971;0.000192214804;
2015;06;28;2;1;0.000086110743;0.000123300348;0.000052515642;0.000195956549;
2015;06;28;3;1;0.000075002306;0.000117150685;0.000051557640;0.000189703755;
2015;06;28;4;1;0.000069123316;0.000114313615;0.000050930423;0.000184099792;
2015;06;28;5;1;0.000066310722;0.000112305536;0.000050845620;0.000180641806;
2015;06;28;6;1;0.000065262925;0.000110747699;0.000052871365;0.000180093087;
2015;06;28;7;1;0.000066383193;0.000084996858;0.000055996042;0.000139064893;
2015;06;28;8;1;0.000069902029;0.000039790807;0.000061438113;0.000050542571;
2015;06;28;9;1;0.000081277033;0.000043471717;0.000068908565;0.000046424529;
2015;06;28;10;1;0.000099506928;0.000050368166;0.000084470034;0.000044959971;
2015;06;28;11;1;0.000115084126;0.000056493869;0.000102780898;0.000050690608;
2015;06;28;12;1;0.000122550238;0.000058365758;0.000106301378;0.000052871656;
2015;06;28;13;1;0.000127345908;0.000056977561;0.000106704011;0.000051927358;
2015;06;28;14;1;0.000134893799;0.000056364035;0.000104626056;0.000053859018;
2015;06;28;15;1;0.000134599151;0.000056122014;0.000067740858;0.000055184124;
2015;06;28;16;1;0.000120656672;0.000050261121;0.000067831082;0.000048322610;
2015;06;28;17;1;0.000112886410;0.000046634540;0.000072926734;0.000045689024;
2015;06;28;18;1;0.000110937398;0.000046038725;0.000081225519;0.000045555867;
2015;06;28;19;1;0.000115315326;0.000046590402;0.000083157692;0.000045329529;
2015;06;28;20;1;0.000118635619;0.000048008290;0.000080928918;0.000050856213;
2015;06;28;21;1;0.000126789270;0.000051407424;0.000076722866;0.000056154014;
2015;06;28;22;1;0.000140466378;0.000079262035;0.000071675821;0.000081471983;
2015;06;28;23;1;0.000138956455;0.000134263538;0.000065342307;0.000270562222;
2015;06;28;24;1;0.000116724714;0.000136707908;0.000060395691;0.000207620602;
2015;06;29;1;1;0.000093649647;0.000127298585;0.000060504060;0.000191452228;
2015;06;29;2;1;0.000077450883;0.000119143715;0.000061273501;0.000203157756;
2015;06;29;3;1;0.000068536557;0.000113525622;0.000061770419;0.000198126884;
2015;06;29;4;1;0.000064724462;0.000111790930;0.000064455471;0.000188193021;
2015;06;29;5;1;0.000063603518;0.000109818124;0.000070903260;0.000186392780;
2015;06;29;6;1;0.000064784838;0.000108689140;0.000077687136;0.000185957734;
2015;06;29;7;1;0.000071851151;0.000085162820;0.000091077994;0.000139413922;
2015;06;29;8;1;0.000088724283;0.000047659121;0.000101650488;0.000058879459;
2015;06;29;9;1;0.000105782663;0.000054596444;0.000118647952;0.000050841199;
2015;06;29;10;1;0.000121074506;0.000056823945;0.000160445167;0.000051458148;
2015;06;29;11;1;0.000130980029;0.000057281671;0.000211279974;0.000055859266;
2015;06;29;12;1;0.000136106746;0.000056302553;0.000220747997;0.000056942030;
2015;06;29;13;1;0.000141778093;0.000056159153;0.000226077760;0.000056304189;
2015;06;29;14;1;0.000149026431;0.000056599003;0.000210103597;0.000060875146;
2015;06;29;15;1;0.000140820268;0.000055188592;0.000143178863;0.000063862287;
2015;06;29;16;1;0.000129663625;0.000050960031;0.000136174914;0.000054971657;
2015;06;29;17;1;0.000128498568;0.000047653935;0.000141854918;0.000055737929;
2015;06;29;18;1;0.000134493766;0.000048813072;0.000155413514;0.000052844180;
2015;06;29;19;1;0.000138842847;0.000049405978;0.000155483540;0.000051234406;
2015;06;29;20;1;0.000140026111;0.000050425902;0.000153088404;0.000059548041;
2015;06;29;21;1;0.000140611939;0.000052826483;0.000142541193;0.000059821095;
2015;06;29;22;1;0.000145615403;0.000079697555;0.000109354067;0.000087609197;
2015;06;29;23;1;0.000140081786;0.000132827100;0.000089582625;0.000273996756;
2015;06;29;24;1;0.000115598318;0.000134171867;0.000082189240;0.000209409719;
2015;06;30;1;1;0.000091743858;0.000125657263;0.000082428969;0.000195595922;
2015;06;30;2;1;0.000075680313;0.000117894581;0.000079916585;0.000202537912;
2015;06;30;3;1;0.000067775530;0.000112367805;0.000077314029;0.000198056844;
2015;06;30;4;1;0.000064055828;0.000110713680;0.000075135993;0.000190410695;
2015;06;30;5;1;0.000063102896;0.000109274591;0.000074255538;0.000187827331;
2015;06;30;6;1;0.000064222096;0.000108161567;0.000078915542;0.000186294416;
2015;06;30;7;1;0.000071914672;0.000085383576;0.000093294599;0.000142299686;
2015;06;30;8;1;0.000089856247;0.000048572317;0.000103478796;0.000056970290;
2015;06;30;9;1;0.000107359191;0.000055237470;0.000120128595;0.000054456744;
2015;06;30;10;1;0.000121265415;0.000057340742;0.000161143180;0.000054620002;
2015;06;30;11;1;0.000132215927;0.000057806190;0.000212053978;0.000055441142;
2015;06;30;12;1;0.000135740398;0.000056392021;0.000220707436;0.000058264729;
2015;06;30;13;1;0.000141070978;0.000056116532;0.000223628700;0.000054595174;
2015;06;30;14;1;0.000147576833;0.000056770021;0.000208128937;0.000057821682;
2015;06;30;15;1;0.000139291220;0.000054998134;0.000144646972;0.000059006680;
2015;06;30;16;1;0.000127509903;0.000050586375;0.000136337810;0.000050701411;
2015;06;30;17;1;0.000126845072;0.000048248306;0.000142314570;0.000049212631;
2015;06;30;18;1;0.000133576250;0.000048985164;0.000152769972;0.000050548170;
2015;06;30;19;1;0.000137387634;0.000049266273;0.000153307411;0.000050703749;
2015;06;30;20;1;0.000138905933;0.000050871958;0.000151069723;0.000055363740;
2015;06;30;21;1;0.000140510354;0.000054046524;0.000144282367;0.000060188901;
2015;06;30;22;1;0.000146464093;0.000081709518;0.000111160280;0.000085511855;
2015;06;30;23;1;0.000141096264;0.000134548167;0.000091312416;0.000276366796;
2015;06;30;24;1;0.000117304459;0.000134982581;0.000083684776;0.000211308101;
