AŃO;MES;DIA;HORA;VERANO(1)/INVIERNO(0);COEF. PERFIL A;COEF. PERFIL B;COEF. PERFIL C;COEF. PERFIL D;
2016;03;01;1;0;0.000092103122;0.000198525276;0.000089297521;0.000184033476;
2016;03;01;2;0;0.000074140433;0.000182421224;0.000086266962;0.000189130033;
2016;03;01;3;0;0.000066242941;0.000171103437;0.000085153100;0.000185321881;
2016;03;01;4;0;0.000062766807;0.000165222840;0.000083861044;0.000180513307;
2016;03;01;5;0;0.000061817148;0.000162870941;0.000084828775;0.000176560036;
2016;03;01;6;0;0.000064005985;0.000170764681;0.000086903873;0.000174733699;
2016;03;01;7;0;0.000076162045;0.000175300014;0.000097763532;0.000175411498;
2016;03;01;8;0;0.000104650381;0.000134333210;0.000112835798;0.000100800475;
2016;03;01;9;0;0.000127433711;0.000110099292;0.000146792476;0.000066511713;
2016;03;01;10;0;0.000140907594;0.000104846225;0.000169962125;0.000058340600;
2016;03;01;11;0;0.000150310399;0.000098432258;0.000177943294;0.000060859965;
2016;03;01;12;0;0.000151458875;0.000086528272;0.000177517736;0.000060394845;
2016;03;01;13;0;0.000153598071;0.000070252104;0.000176457491;0.000055770636;
2016;03;01;14;0;0.000155139339;0.000071107891;0.000165800531;0.000054821087;
2016;03;01;15;0;0.000145036487;0.000068601778;0.000146591120;0.000053690331;
2016;03;01;16;0;0.000134918408;0.000064300246;0.000141770113;0.000045435157;
2016;03;01;17;0;0.000135399212;0.000062182673;0.000143592566;0.000042330415;
2016;03;01;18;0;0.000142127866;0.000062610161;0.000144270714;0.000043774235;
2016;03;01;19;0;0.000149476404;0.000066243673;0.000141849058;0.000047288424;
2016;03;01;20;0;0.000169137138;0.000126522790;0.000149420799;0.000147417410;
2016;03;01;21;0;0.000181574185;0.000176374630;0.000143300316;0.000258706837;
2016;03;01;22;0;0.000175320994;0.000182338523;0.000124609913;0.000260047649;
2016;03;01;23;0;0.000151527247;0.000209525021;0.000107658922;0.000218649849;
2016;03;01;24;0;0.000121423057;0.000211638371;0.000096750762;0.000197457075;
2016;03;02;1;0;0.000092091166;0.000198582236;0.000089232626;0.000184156569;
2016;03;02;2;0;0.000074114314;0.000182432962;0.000086185089;0.000189214424;
2016;03;02;3;0;0.000066203471;0.000171072758;0.000085051557;0.000185359403;
2016;03;02;4;0;0.000062719910;0.000165168200;0.000083748359;0.000180522515;
2016;03;02;5;0;0.000061796454;0.000162884275;0.000084749752;0.000176641915;
2016;03;02;6;0;0.000063995725;0.000170808466;0.000086838069;0.000174845238;
2016;03;02;7;0;0.000076084432;0.000175194363;0.000097605602;0.000175372718;
2016;03;02;8;0;0.000104503751;0.000134200899;0.000112610432;0.000100739643;
2016;03;02;9;0;0.000127278062;0.000110010645;0.000146525655;0.000066483538;
2016;03;02;10;0;0.000140630242;0.000104683465;0.000169526318;0.000058272276;
2016;03;02;11;0;0.000149972244;0.000098251746;0.000177436981;0.000060771552;
2016;03;02;12;0;0.000151158987;0.000086392938;0.000177060485;0.000060323410;
2016;03;02;13;0;0.000153338444;0.000070162587;0.000176054059;0.000055720839;
2016;03;02;14;0;0.000154816645;0.000070989559;0.000165356885;0.000054750756;
2016;03;02;15;0;0.000144791100;0.000068514254;0.000146255737;0.000053642306;
2016;03;02;16;0;0.000134644499;0.000064196449;0.000141397829;0.000045379134;
2016;03;02;17;0;0.000135182400;0.000062108975;0.000143277048;0.000042296390;
2016;03;02;18;0;0.000141924036;0.000062546426;0.000143977806;0.000043746373;
2016;03;02;19;0;0.000149227129;0.000066160764;0.000141527961;0.000047247273;
2016;03;02;20;0;0.000168803051;0.000126325504;0.000149036629;0.000147243745;
2016;03;02;21;0;0.000181154282;0.000176040090;0.000142883573;0.000258314729;
2016;03;02;22;0;0.000174882085;0.000181957849;0.000124223752;0.000259603829;
2016;03;02;23;0;0.000151177664;0.000209128756;0.000107346423;0.000218319658;
2016;03;02;24;0;0.000121246016;0.000211417869;0.000096552019;0.000197326666;
2016;03;03;1;0;0.000091183191;0.000197485431;0.000088058025;0.000183549284;
2016;03;03;2;0;0.000073417839;0.000181510044;0.000085090307;0.000188678496;
2016;03;03;3;0;0.000065573967;0.000170188185;0.000083961738;0.000184813625;
2016;03;03;4;0;0.000062154281;0.000164395492;0.000082716162;0.000180080073;
2016;03;03;5;0;0.000061209571;0.000162043940;0.000083664780;0.000176123867;
2016;03;03;6;0;0.000063367567;0.000169872594;0.000085698789;0.000174276388;
2016;03;03;7;0;0.000075292525;0.000174130175;0.000096267403;0.000174697526;
2016;03;03;8;0;0.000103337794;0.000133284786;0.000110982469;0.000100275856;
2016;03;03;9;0;0.000125814579;0.000109221963;0.000144357562;0.000066154624;
2016;03;03;10;0;0.000138990212;0.000103915764;0.000166990235;0.000057974383;
2016;03;03;11;0;0.000148339606;0.000097607763;0.000174919740;0.000060508338;
2016;03;03;12;0;0.000149573656;0.000085861255;0.000174618897;0.000060086331;
2016;03;03;13;0;0.000151729538;0.000069730460;0.000173625528;0.000055501587;
2016;03;03;14;0;0.000153274670;0.000070590306;0.000163163674;0.000054564669;
2016;03;03;15;0;0.000143339990;0.000068124651;0.000144306824;0.000053456634;
2016;03;03;16;0;0.000133333367;0.000063849734;0.000139553724;0.000045235053;
2016;03;03;17;0;0.000133841860;0.000061762381;0.000141382902;0.000042154485;
2016;03;03;18;0;0.000140503672;0.000062191650;0.000142061282;0.000043595578;
2016;03;03;19;0;0.000147674021;0.000065758921;0.000139587658;0.000047065398;
2016;03;03;20;0;0.000167036301;0.000125550794;0.000146984671;0.000146668245;
2016;03;03;21;0;0.000179260548;0.000174962731;0.000140918129;0.000257308392;
2016;03;03;22;0;0.000173112968;0.000180905982;0.000122556790;0.000258680709;
2016;03;03;23;0;0.000149659897;0.000207935873;0.000105914115;0.000217560136;
2016;03;03;24;0;0.000120069954;0.000210284089;0.000095296441;0.000196707679;
2016;03;04;1;0;0.000094793551;0.000200498131;0.000089700051;0.000183865371;
2016;03;04;2;0;0.000076843893;0.000183735490;0.000087108802;0.000188614712;
2016;03;04;3;0;0.000067686717;0.000172608614;0.000085485305;0.000186075264;
2016;03;04;4;0;0.000063542303;0.000166557719;0.000083815502;0.000181139869;
2016;03;04;5;0;0.000062460231;0.000164250279;0.000083985499;0.000178269411;
2016;03;04;6;0;0.000064538774;0.000172273791;0.000087322697;0.000176961946;
2016;03;04;7;0;0.000076786146;0.000175168403;0.000097693026;0.000177329701;
2016;03;04;8;0;0.000104366186;0.000131758111;0.000111532574;0.000094132051;
2016;03;04;9;0;0.000127422509;0.000111040971;0.000144234078;0.000064380702;
2016;03;04;10;0;0.000141344408;0.000105179418;0.000168548505;0.000058171696;
2016;03;04;11;0;0.000151471378;0.000098961723;0.000177168240;0.000059880129;
2016;03;04;12;0;0.000152587933;0.000086619717;0.000176266446;0.000056448237;
2016;03;04;13;0;0.000154074003;0.000069829188;0.000174785579;0.000052741291;
2016;03;04;14;0;0.000155504404;0.000071334130;0.000164779174;0.000053053822;
2016;03;04;15;0;0.000146406194;0.000068760302;0.000147333544;0.000051574877;
2016;03;04;16;0;0.000136918472;0.000064540638;0.000135716692;0.000047722985;
2016;03;04;17;0;0.000135549875;0.000062137146;0.000133639493;0.000044196205;
2016;03;04;18;0;0.000141641036;0.000062480763;0.000133958963;0.000045335229;
2016;03;04;19;0;0.000146777048;0.000065422049;0.000132953399;0.000047927241;
2016;03;04;20;0;0.000162335255;0.000123377114;0.000146583134;0.000141156490;
2016;03;04;21;0;0.000172959055;0.000173889465;0.000145354374;0.000263774276;
2016;03;04;22;0;0.000168601128;0.000177992073;0.000126519093;0.000256395022;
2016;03;04;23;0;0.000149670901;0.000207617336;0.000110310097;0.000219998932;
2016;03;04;24;0;0.000125649504;0.000212162705;0.000101139503;0.000202574022;
2016;03;05;1;0;0.000101828545;0.000203776569;0.000090596902;0.000187910248;
2016;03;05;2;0;0.000083377252;0.000188531881;0.000085106072;0.000189822730;
2016;03;05;3;0;0.000072416968;0.000175778198;0.000083038849;0.000185065366;
2016;03;05;4;0;0.000066551374;0.000168683221;0.000082074008;0.000181209405;
2016;03;05;5;0;0.000064243684;0.000166092063;0.000081819919;0.000174183531;
2016;03;05;6;0;0.000064371165;0.000173765734;0.000083884820;0.000173102141;
2016;03;05;7;0;0.000068277809;0.000172020991;0.000087638156;0.000171967927;
2016;03;05;8;0;0.000078305916;0.000120221937;0.000084903929;0.000090775664;
2016;03;05;9;0;0.000099623735;0.000098545701;0.000092782301;0.000055470003;
2016;03;05;10;0;0.000127743421;0.000105416199;0.000105128523;0.000053514781;
2016;03;05;11;0;0.000146908449;0.000104914290;0.000116411727;0.000059767040;
2016;03;05;12;0;0.000150989985;0.000094266721;0.000121147002;0.000060537679;
2016;03;05;13;0;0.000151442351;0.000074009261;0.000122890552;0.000055338641;
2016;03;05;14;0;0.000155590818;0.000074685550;0.000117169060;0.000052560512;
2016;03;05;15;0;0.000148419720;0.000072703899;0.000107787495;0.000055871594;
2016;03;05;16;0;0.000132893486;0.000065801616;0.000102365331;0.000051438637;
2016;03;05;17;0;0.000124202018;0.000061916270;0.000102566768;0.000043229759;
2016;03;05;18;0;0.000122898581;0.000061777820;0.000104747778;0.000041466274;
2016;03;05;19;0;0.000127348538;0.000065215751;0.000107263433;0.000046173348;
2016;03;05;20;0;0.000142184683;0.000122287293;0.000123087284;0.000148502225;
2016;03;05;21;0;0.000157982867;0.000170071523;0.000129190396;0.000260924562;
2016;03;05;22;0;0.000160234474;0.000174854573;0.000118367788;0.000255831622;
2016;03;05;23;0;0.000145052837;0.000205785748;0.000107276684;0.000216922681;
2016;03;05;24;0;0.000123553998;0.000211249404;0.000099379182;0.000200707034;
2016;03;06;1;0;0.000102550405;0.000203688857;0.000093604589;0.000185597864;
2016;03;06;2;0;0.000084509651;0.000188598167;0.000087679439;0.000186716019;
2016;03;06;3;0;0.000074259976;0.000176770536;0.000085037691;0.000181459081;
2016;03;06;4;0;0.000068167038;0.000169476075;0.000084370673;0.000177357306;
2016;03;06;5;0;0.000064738879;0.000165758409;0.000084524778;0.000172621776;
2016;03;06;6;0;0.000063976751;0.000171539212;0.000084756744;0.000170434224;
2016;03;06;7;0;0.000065665246;0.000172622758;0.000087693727;0.000174006817;
2016;03;06;8;0;0.000071734482;0.000129852803;0.000083464702;0.000106716676;
2016;03;06;9;0;0.000085142790;0.000093918131;0.000080809891;0.000054049402;
2016;03;06;10;0;0.000108239605;0.000098996873;0.000084104856;0.000049708791;
2016;03;06;11;0;0.000127003152;0.000102247525;0.000088873599;0.000054244612;
2016;03;06;12;0;0.000135866352;0.000094898119;0.000094834189;0.000056826846;
2016;03;06;13;0;0.000137975184;0.000077735300;0.000097109825;0.000052510339;
2016;03;06;14;0;0.000141171171;0.000074806444;0.000097044355;0.000053314666;
2016;03;06;15;0;0.000140912189;0.000072470437;0.000095075441;0.000053991297;
2016;03;06;16;0;0.000126545390;0.000064608425;0.000091232256;0.000051188003;
2016;03;06;17;0;0.000118793165;0.000060120856;0.000089550398;0.000044632187;
2016;03;06;18;0;0.000117066953;0.000059467402;0.000085817675;0.000043406156;
2016;03;06;19;0;0.000124032734;0.000063614685;0.000086748512;0.000047416119;
2016;03;06;20;0;0.000144376922;0.000117926234;0.000100192593;0.000137819053;
2016;03;06;21;0;0.000164731726;0.000162478774;0.000108513304;0.000230442814;
2016;03;06;22;0;0.000166770249;0.000178504837;0.000106311004;0.000260872286;
2016;03;06;23;0;0.000145549545;0.000202737716;0.000099980699;0.000225971201;
2016;03;06;24;0;0.000119418521;0.000208960997;0.000093526603;0.000203608741;
2016;03;07;1;0;0.000093993930;0.000201311821;0.000090396275;0.000187108032;
2016;03;07;2;0;0.000076151496;0.000185832401;0.000087999631;0.000185997891;
2016;03;07;3;0;0.000067613465;0.000174567869;0.000087042452;0.000181566001;
2016;03;07;4;0;0.000063793594;0.000167740501;0.000086305144;0.000177549721;
2016;03;07;5;0;0.000062687374;0.000165287179;0.000086388707;0.000175142361;
2016;03;07;6;0;0.000065006824;0.000172378654;0.000088437063;0.000174704158;
2016;03;07;7;0;0.000077187552;0.000178132407;0.000100022150;0.000178616978;
2016;03;07;8;0;0.000105769587;0.000143504480;0.000117042371;0.000115815849;
2016;03;07;9;0;0.000129260303;0.000111874707;0.000153267370;0.000067197449;
2016;03;07;10;0;0.000144727270;0.000106312060;0.000178146362;0.000060340963;
2016;03;07;11;0;0.000155571734;0.000099661645;0.000186485654;0.000063241805;
2016;03;07;12;0;0.000157573212;0.000089099130;0.000186146096;0.000060940211;
2016;03;07;13;0;0.000159071289;0.000073416725;0.000185328263;0.000056713596;
2016;03;07;14;0;0.000161065842;0.000072459849;0.000172214834;0.000055447119;
2016;03;07;15;0;0.000150257460;0.000069386751;0.000151591821;0.000052877457;
2016;03;07;16;0;0.000139315810;0.000065280578;0.000148068224;0.000044776469;
2016;03;07;17;0;0.000139361770;0.000063004206;0.000147545358;0.000042465152;
2016;03;07;18;0;0.000146361852;0.000063204293;0.000149328228;0.000045980129;
2016;03;07;19;0;0.000152561469;0.000066752295;0.000146483689;0.000048264142;
2016;03;07;20;0;0.000170033968;0.000120281547;0.000153579776;0.000138896271;
2016;03;07;21;0;0.000182335094;0.000167338058;0.000146096073;0.000235416209;
2016;03;07;22;0;0.000179190925;0.000184229701;0.000127923792;0.000262163834;
2016;03;07;23;0;0.000154489014;0.000207662847;0.000110090754;0.000228932537;
2016;03;07;24;0;0.000123819527;0.000211475575;0.000098999495;0.000204833378;
2016;03;08;1;0;0.000093862028;0.000200666191;0.000091551002;0.000185230954;
2016;03;08;2;0;0.000075544922;0.000184360697;0.000088430643;0.000190331999;
2016;03;08;3;0;0.000067520304;0.000172980176;0.000087317917;0.000186561763;
2016;03;08;4;0;0.000063994939;0.000167081546;0.000086016937;0.000181771572;
2016;03;08;5;0;0.000063041003;0.000164740572;0.000087029294;0.000177831098;
2016;03;08;6;0;0.000065261898;0.000172695086;0.000089142819;0.000175961208;
2016;03;08;7;0;0.000077590991;0.000177132182;0.000100197689;0.000176494800;
2016;03;08;8;0;0.000106519433;0.000135617034;0.000115542845;0.000101333201;
2016;03;08;9;0;0.000129764340;0.000111198357;0.000150377529;0.000066891405;
2016;03;08;10;0;0.000143429554;0.000105852193;0.000174046189;0.000058651117;
2016;03;08;11;0;0.000153000883;0.000099376837;0.000182219416;0.000061183985;
2016;03;08;12;0;0.000154324682;0.000087446314;0.000181966119;0.000060777340;
2016;03;08;13;0;0.000156521726;0.000071005341;0.000180899381;0.000056130074;
2016;03;08;14;0;0.000158206755;0.000071922322;0.000170097183;0.000055214339;
2016;03;08;15;0;0.000147903550;0.000069387224;0.000150389358;0.000054075253;
2016;03;08;16;0;0.000137593159;0.000065040083;0.000145451578;0.000045763457;
2016;03;08;17;0;0.000138140171;0.000062923961;0.000147381824;0.000042653781;
2016;03;08;18;0;0.000145016727;0.000063361653;0.000148089806;0.000044112186;
2016;03;08;19;0;0.000152391593;0.000066984695;0.000145486581;0.000047615063;
2016;03;08;20;0;0.000172275547;0.000127819241;0.000153110097;0.000148297759;
2016;03;08;21;0;0.000185027396;0.000178262857;0.000146905210;0.000260370028;
2016;03;08;22;0;0.000178642508;0.000184277422;0.000127735494;0.000261700749;
2016;03;08;23;0;0.000154350991;0.000211688564;0.000110325736;0.000219972819;
2016;03;08;24;0;0.000123744809;0.000213925745;0.000099194670;0.000198746587;
2016;03;09;1;0;0.000095013671;0.000202135061;0.000093066613;0.000186047999;
2016;03;09;2;0;0.000076436499;0.000185624429;0.000089853073;0.000191083240;
2016;03;09;3;0;0.000068287127;0.000174089295;0.000088683426;0.000187215743;
2016;03;09;4;0;0.000064688643;0.000168066894;0.000087317446;0.000182315523;
2016;03;09;5;0;0.000063724806;0.000165713259;0.000088345720;0.000178364490;
2016;03;09;6;0;0.000065967068;0.000173707569;0.000090487479;0.000176481706;
2016;03;09;7;0;0.000078466986;0.000178256110;0.000101757874;0.000177101755;
2016;03;09;8;0;0.000107689657;0.000136436531;0.000117306708;0.000101651124;
2016;03;09;9;0;0.000131317556;0.000111979128;0.000152821697;0.000067166547;
2016;03;09;10;0;0.000145299221;0.000106707705;0.000177061363;0.000058954398;
2016;03;09;11;0;0.000155203116;0.000100314324;0.000185624713;0.000061582815;
2016;03;09;12;0;0.000156618360;0.000088312071;0.000185452400;0.000061201807;
2016;03;09;13;0;0.000158824214;0.000071697562;0.000184337552;0.000056513601;
2016;03;09;14;0;0.000160520265;0.000072617254;0.000173315183;0.000055586842;
2016;03;09;15;0;0.000150151121;0.000070097216;0.000153321031;0.000054470808;
2016;03;09;16;0;0.000139702385;0.000065714218;0.000148306457;0.000046104262;
2016;03;09;17;0;0.000140266432;0.000063580083;0.000150283857;0.000042974078;
2016;03;09;18;0;0.000147289286;0.000064039928;0.000151047265;0.000044455645;
2016;03;09;19;0;0.000154701417;0.000067667502;0.000148316977;0.000047961518;
2016;03;09;20;0;0.000174747417;0.000129019289;0.000155964445;0.000149257786;
2016;03;09;21;0;0.000187505071;0.000179766649;0.000149502627;0.000261808202;
2016;03;09;22;0;0.000180899438;0.000185693123;0.000129896858;0.000262949684;
2016;03;09;23;0;0.000156298754;0.000213311745;0.000112190884;0.000221019398;
2016;03;09;24;0;0.000125267363;0.000215499010;0.000100840254;0.000199630044;
2016;03;10;1;0;0.000094324595;0.000201316410;0.000092129285;0.000185652696;
2016;03;10;2;0;0.000075887083;0.000184884660;0.000088953891;0.000190689629;
2016;03;10;3;0;0.000067763978;0.000173312862;0.000087754107;0.000186741061;
2016;03;10;4;0;0.000064238728;0.000167436349;0.000086463908;0.000181982635;
2016;03;10;5;0;0.000063265437;0.000165049389;0.000087459792;0.000177993354;
2016;03;10;6;0;0.000065479939;0.000172981038;0.000089564212;0.000176083305;
2016;03;10;7;0;0.000077814769;0.000177344677;0.000100625493;0.000176536831;
2016;03;10;8;0;0.000106816260;0.000135766530;0.000116024889;0.000101347483;
2016;03;10;9;0;0.000130158189;0.000111348523;0.000151042325;0.000066917412;
2016;03;10;10;0;0.000143851471;0.000105985262;0.000174799329;0.000058668452;
2016;03;10;11;0;0.000153680144;0.000099650378;0.000183281258;0.000061293478;
2016;03;10;12;0;0.000155014342;0.000087689573;0.000183031824;0.000060887881;
2016;03;10;13;0;0.000157283663;0.000071231151;0.000182031125;0.000056254502;
2016;03;10;14;0;0.000158840674;0.000072089224;0.000171014684;0.000055289322;
2016;03;10;15;0;0.000148529125;0.000069563671;0.000151234096;0.000054160700;
2016;03;10;16;0;0.000138265686;0.000065248212;0.000146364446;0.000045865811;
2016;03;10;17;0;0.000138856123;0.000063143849;0.000148350344;0.000042761729;
2016;03;10;18;0;0.000145710095;0.000063557674;0.000149003438;0.000044206162;
2016;03;10;19;0;0.000153132642;0.000067197375;0.000146396026;0.000047720371;
2016;03;10;20;0;0.000173021917;0.000128157395;0.000153985879;0.000148547297;
2016;03;10;21;0;0.000185789445;0.000178696406;0.000147714042;0.000260752615;
2016;03;10;22;0;0.000179433427;0.000184782411;0.000128478282;0.000262165894;
2016;03;10;23;0;0.000155110968;0.000212373556;0.000111022117;0.000220472685;
2016;03;10;24;0;0.000124317445;0.000214554730;0.000099791375;0.000199139515;
2016;03;11;1;0;0.000095943699;0.000201958104;0.000091102373;0.000184763157;
2016;03;11;2;0;0.000077716412;0.000184931005;0.000088402544;0.000189389858;
2016;03;11;3;0;0.000068438983;0.000173690414;0.000086734303;0.000186795541;
2016;03;11;4;0;0.000064203123;0.000167483203;0.000084980031;0.000181712590;
2016;03;11;5;0;0.000063097611;0.000165131049;0.000085135948;0.000178798524;
2016;03;11;6;0;0.000065240474;0.000173312106;0.000088577389;0.000177604534;
2016;03;11;7;0;0.000077604891;0.000176187579;0.000099076150;0.000177936677;
2016;03;11;8;0;0.000105448314;0.000132486149;0.000113078721;0.000094426766;
2016;03;11;9;0;0.000128913215;0.000111801551;0.000146426104;0.000064667305;
2016;03;11;10;0;0.000143130528;0.000105998006;0.000171268652;0.000058484816;
2016;03;11;11;0;0.000153367950;0.000099720529;0.000180006938;0.000060195570;
2016;03;11;12;0;0.000154410639;0.000087234261;0.000178988865;0.000056713334;
2016;03;11;13;0;0.000155911404;0.000070323229;0.000177481647;0.000052987941;
2016;03;11;14;0;0.000157283993;0.000071804637;0.000167241283;0.000053276573;
2016;03;11;15;0;0.000148050948;0.000069199477;0.000149503965;0.000051780675;
2016;03;11;16;0;0.000138421284;0.000064936275;0.000137680816;0.000047901178;
2016;03;11;17;0;0.000136988351;0.000062495552;0.000135524768;0.000044345266;
2016;03;11;18;0;0.000143004803;0.000062779976;0.000135716497;0.000045443849;
2016;03;11;19;0;0.000148072909;0.000065683289;0.000134591068;0.000048004025;
2016;03;11;20;0;0.000163716954;0.000123830808;0.000148342006;0.000141338157;
2016;03;11;21;0;0.000174828922;0.000174926874;0.000147433921;0.000264715994;
2016;03;11;22;0;0.000170546763;0.000179183064;0.000128421699;0.000257495926;
2016;03;11;23;0;0.000151368169;0.000208965258;0.000111946826;0.000220899902;
2016;03;11;24;0;0.000127061171;0.000213517960;0.000102629504;0.000203382506;
2016;03;12;1;0;0.000102197686;0.000204220149;0.000090978956;0.000188234336;
2016;03;12;2;0;0.000083646739;0.000188868292;0.000085431505;0.000190075658;
2016;03;12;3;0;0.000072668565;0.000176134354;0.000083376497;0.000185356683;
2016;03;12;4;0;0.000066780026;0.000169018507;0.000082404567;0.000181487678;
2016;03;12;5;0;0.000064458813;0.000166407755;0.000082142325;0.000174435875;
2016;03;12;6;0;0.000064581897;0.000174083007;0.000084209071;0.000173339969;
2016;03;12;7;0;0.000068546808;0.000172449493;0.000088035324;0.000172318525;
2016;03;12;8;0;0.000078565789;0.000120446848;0.000085235942;0.000090904459;
2016;03;12;9;0;0.000100076224;0.000098850436;0.000093258688;0.000055616433;
2016;03;12;10;0;0.000128255858;0.000105686335;0.000105612496;0.000053627712;
2016;03;12;11;0;0.000147332844;0.000105065531;0.000116816881;0.000059826197;
2016;03;12;12;0;0.000151350693;0.000094355558;0.000121508041;0.000060567394;
2016;03;12;13;0;0.000151706618;0.000074031419;0.000123177605;0.000055330237;
2016;03;12;14;0;0.000155765868;0.000074661676;0.000117370068;0.000052520007;
2016;03;12;15;0;0.000148556026;0.000072665653;0.000107950117;0.000055817012;
2016;03;12;16;0;0.000133000104;0.000065759372;0.000102507881;0.000051382424;
2016;03;12;17;0;0.000124324306;0.000061887793;0.000102728309;0.000043190384;
2016;03;12;18;0;0.000123006592;0.000061742884;0.000104901672;0.000041424128;
2016;03;12;19;0;0.000127411292;0.000065153729;0.000107379587;0.000046108626;
2016;03;12;20;0;0.000142117179;0.000122052846;0.000123101410;0.000148150654;
2016;03;12;21;0;0.000158332218;0.000170201632;0.000129552443;0.000261006376;
2016;03;12;22;0;0.000160625065;0.000175027855;0.000118726309;0.000255969625;
2016;03;12;23;0;0.000145378985;0.000205950815;0.000107581308;0.000216998744;
2016;03;12;24;0;0.000123849604;0.000211449239;0.000099675704;0.000200806266;
2016;03;13;1;0;0.000101902878;0.000202971820;0.000092765995;0.000185245547;
2016;03;13;2;0;0.000083971943;0.000187925090;0.000086889692;0.000186352494;
2016;03;13;3;0;0.000073797557;0.000176163717;0.000084283243;0.000181130515;
2016;03;13;4;0;0.000067754183;0.000168923274;0.000083636490;0.000177066541;
2016;03;13;5;0;0.000064317933;0.000165143649;0.000083751682;0.000172261497;
2016;03;13;6;0;0.000063556371;0.000170891210;0.000083975727;0.000170066765;
2016;03;13;7;0;0.000065254801;0.000172026104;0.000086913656;0.000173687631;
2016;03;13;8;0;0.000071223089;0.000129289595;0.000082649129;0.000106426765;
2016;03;13;9;0;0.000084624591;0.000093608990;0.000080104300;0.000053959180;
2016;03;13;10;0;0.000107502529;0.000098599195;0.000083309812;0.000049589693;
2016;03;13;11;0;0.000126017575;0.000101739320;0.000087949218;0.000054062853;
2016;03;13;12;0;0.000134707465;0.000094353227;0.000093775045;0.000056592520;
2016;03;13;13;0;0.000136743719;0.000077258112;0.000095986947;0.000052272945;
2016;03;13;14;0;0.000139815636;0.000074296464;0.000095856729;0.000053037392;
2016;03;13;15;0;0.000139518739;0.000071955546;0.000093884724;0.000053694955;
2016;03;13;16;0;0.000125412965;0.000064210296;0.000090175201;0.000050955379;
2016;03;13;17;0;0.000117849249;0.000059810843;0.000088602399;0.000044474315;
2016;03;13;18;0;0.000116048685;0.000059115897;0.000084844805;0.000043219822;
2016;03;13;19;0;0.000122881406;0.000063201393;0.000085714538;0.000047184743;
2016;03;13;20;0;0.000143041894;0.000117164303;0.000099001937;0.000137151472;
2016;03;13;21;0;0.000163617861;0.000161833901;0.000107492719;0.000229901798;
2016;03;13;22;0;0.000165678295;0.000177834672;0.000105333827;0.000260315916;
2016;03;13;23;0;0.000144542401;0.000201900953;0.000099024620;0.000225404843;
2016;03;13;24;0;0.000118542693;0.000208011690;0.000092593577;0.000203013659;
2016;03;14;1;0;0.000092138153;0.000198913859;0.000088031486;0.000185721094;
2016;03;14;2;0;0.000074701003;0.000183749220;0.000085758396;0.000184750288;
2016;03;14;3;0;0.000066400317;0.000172805412;0.000084921152;0.000180551291;
2016;03;14;4;0;0.000062678564;0.000166125374;0.000084241570;0.000176640819;
2016;03;14;5;0;0.000061599419;0.000163716246;0.000084333731;0.000174267679;
2016;03;14;6;0;0.000063861074;0.000170693438;0.000086309655;0.000173783933;
2016;03;14;7;0;0.000075808288;0.000176347143;0.000097591818;0.000177632024;
2016;03;14;8;0;0.000103853052;0.000142029966;0.000114169307;0.000115147777;
2016;03;14;9;0;0.000126932817;0.000110738013;0.000149522397;0.000066817564;
2016;03;14;10;0;0.000141925281;0.000105086758;0.000173553809;0.000059917093;
2016;03;14;11;0;0.000152362095;0.000098385334;0.000181442688;0.000062716182;
2016;03;14;12;0;0.000154227243;0.000087903920;0.000181000777;0.000060396499;
2016;03;14;13;0;0.000155498085;0.000072340969;0.000179979358;0.000056137044;
2016;03;14;14;0;0.000157465272;0.000071406021;0.000167262928;0.000054889520;
2016;03;14;15;0;0.000146910967;0.000068383417;0.000147245403;0.000052350139;
2016;03;14;16;0;0.000136197365;0.000064329231;0.000143806319;0.000044324847;
2016;03;14;17;0;0.000136230454;0.000062080637;0.000143286047;0.000042033189;
2016;03;14;18;0;0.000143045423;0.000062265678;0.000144989243;0.000045503558;
2016;03;14;19;0;0.000149128879;0.000065771714;0.000142250552;0.000047771688;
2016;03;14;20;0;0.000166273031;0.000118560821;0.000149199701;0.000137532652;
2016;03;14;21;0;0.000178621614;0.000165239753;0.000142183790;0.000233522758;
2016;03;14;22;0;0.000175627670;0.000182008908;0.000124559269;0.000260182938;
2016;03;14;23;0;0.000151493817;0.000205263713;0.000107249668;0.000227318058;
2016;03;14;24;0;0.000121428977;0.000209049667;0.000096452608;0.000203405659;
2016;03;15;1;0;0.000092978296;0.000199630421;0.000090406074;0.000184690298;
2016;03;15;2;0;0.000074875717;0.000183512193;0.000087373827;0.000189883136;
2016;03;15;3;0;0.000066864082;0.000172034559;0.000086199495;0.000185960200;
2016;03;15;4;0;0.000063357894;0.000166128621;0.000084894966;0.000181142326;
2016;03;15;5;0;0.000062384994;0.000163726304;0.000085854950;0.000177134682;
2016;03;15;6;0;0.000064621563;0.000171734917;0.000087992768;0.000175377374;
2016;03;15;7;0;0.000076825068;0.000176136756;0.000098899073;0.000175898623;
2016;03;15;8;0;0.000105388509;0.000134753335;0.000113959446;0.000100914843;
2016;03;15;9;0;0.000128515335;0.000110600943;0.000148465448;0.000066682025;
2016;03;15;10;0;0.000142095268;0.000105317780;0.000171889103;0.000058486567;
2016;03;15;11;0;0.000151672398;0.000098936982;0.000180073633;0.000061050503;
2016;03;15;12;0;0.000152967485;0.000087049466;0.000179803080;0.000060637920;
2016;03;15;13;0;0.000155117983;0.000070670703;0.000178717658;0.000055991488;
2016;03;15;14;0;0.000156742441;0.000071562606;0.000167997015;0.000055062045;
2016;03;15;15;0;0.000146506103;0.000069026762;0.000148503635;0.000053915613;
2016;03;15;16;0;0.000136320932;0.000064715402;0.000143657068;0.000045637663;
2016;03;15;17;0;0.000136820232;0.000062590331;0.000145518135;0.000042523278;
2016;03;15;18;0;0.000143585787;0.000063005827;0.000146171053;0.000043963353;
2016;03;15;19;0;0.000150831716;0.000066583729;0.000143548105;0.000047436746;
2016;03;15;20;0;0.000170349714;0.000126933096;0.000150926138;0.000147601656;
2016;03;15;21;0;0.000183121103;0.000177183832;0.000144938051;0.000259377453;
2016;03;15;22;0;0.000176779047;0.000183138215;0.000126008672;0.000260669260;
2016;03;15;23;0;0.000152836989;0.000210512222;0.000108902724;0.000219243610;
2016;03;15;24;0;0.000122604906;0.000212865255;0.000097974274;0.000198207192;
2016;03;16;1;0;0.000092010087;0.000198525290;0.000089102327;0.000184161902;
2016;03;16;2;0;0.000074038057;0.000182353542;0.000086046449;0.000189191782;
2016;03;16;3;0;0.000066115381;0.000170946641;0.000084889097;0.000185281249;
2016;03;16;4;0;0.000062643503;0.000165065009;0.000083597794;0.000180466706;
2016;03;16;5;0;0.000061685651;0.000162688829;0.000084548700;0.000176485678;
2016;03;16;6;0;0.000063910051;0.000170681152;0.000086671489;0.000174770093;
2016;03;16;7;0;0.000075938363;0.000174961917;0.000097361683;0.000175195347;
2016;03;16;8;0;0.000104047991;0.000133695016;0.000112054252;0.000100391591;
2016;03;16;9;0;0.000126896210;0.000109745769;0.000146001282;0.000066344409;
2016;03;16;10;0;0.000140268004;0.000104475860;0.000168991524;0.000058175079;
2016;03;16;11;0;0.000149606742;0.000098070531;0.000176901825;0.000060678622;
2016;03;16;12;0;0.000150790608;0.000086233604;0.000176526482;0.000060231171;
2016;03;16;13;0;0.000152998743;0.000070048748;0.000175562094;0.000055648001;
2016;03;16;14;0;0.000154549318;0.000070909087;0.000164975566;0.000054705964;
2016;03;16;15;0;0.000144327472;0.000068335448;0.000145702817;0.000053519209;
2016;03;16;16;0;0.000134179482;0.000064012749;0.000140827718;0.000045263571;
2016;03;16;17;0;0.000134947742;0.000062038003;0.000142945338;0.000042261400;
2016;03;16;18;0;0.000141670611;0.000062471839;0.000143637311;0.000043708004;
2016;03;16;19;0;0.000148947926;0.000066076216;0.000141181186;0.000047201797;
2016;03;16;20;0;0.000168330936;0.000126047043;0.000148533551;0.000146965572;
2016;03;16;21;0;0.000180992699;0.000175987575;0.000142673282;0.000258319226;
2016;03;16;22;0;0.000174691359;0.000181867406;0.000124016264;0.000259556736;
2016;03;16;23;0;0.000151030147;0.000209048831;0.000107179442;0.000218305142;
2016;03;16;24;0;0.000121193984;0.000211452707;0.000096454577;0.000197421510;
2016;03;17;1;0;0.000092250922;0.000198807351;0.000089401556;0.000184328768;
2016;03;17;2;0;0.000074263322;0.000182690046;0.000086372018;0.000189443487;
2016;03;17;3;0;0.000066355258;0.000171362084;0.000085260035;0.000185636069;
2016;03;17;4;0;0.000062845361;0.000165399248;0.000083929137;0.000180739191;
2016;03;17;5;0;0.000061900524;0.000163060672;0.000084905898;0.000176798141;
2016;03;17;6;0;0.000064087732;0.000170951388;0.000086976666;0.000174956835;
2016;03;17;7;0;0.000076123413;0.000175178931;0.000097671048;0.000175322494;
2016;03;17;8;0;0.000104336595;0.000133905835;0.000112448083;0.000100498215;
2016;03;17;9;0;0.000127209373;0.000109885293;0.000146469731;0.000066394613;
2016;03;17;10;0;0.000140658242;0.000104641474;0.000169586879;0.000058237350;
2016;03;17;11;0;0.000150022884;0.000098225941;0.000177524957;0.000060743542;
2016;03;17;12;0;0.000151170442;0.000086347636;0.000177101899;0.000060279821;
2016;03;17;13;0;0.000153189040;0.000070052161;0.000175910329;0.000055622110;
2016;03;17;14;0;0.000154756032;0.000070919181;0.000165318280;0.000054685630;
2016;03;17;15;0;0.000144794204;0.000068474606;0.000146281996;0.000053600632;
2016;03;17;16;0;0.000134689800;0.000064179511;0.000141467766;0.000045358164;
2016;03;17;17;0;0.000135269217;0.000062111567;0.000143391730;0.000042289767;
2016;03;17;18;0;0.000142056279;0.000062567137;0.000144134747;0.000043752180;
2016;03;17;19;0;0.000149316857;0.000066160818;0.000141635448;0.000047237942;
2016;03;17;20;0;0.000168642121;0.000126129335;0.000148918084;0.000146985937;
2016;03;17;21;0;0.000181257773;0.000176034956;0.000142987803;0.000258255969;
2016;03;17;22;0;0.000175093436;0.000182068426;0.000124393544;0.000259710077;
2016;03;17;23;0;0.000151365406;0.000209262811;0.000107496725;0.000218416279;
2016;03;17;24;0;0.000121428973;0.000211609829;0.000096713002;0.000197466663;
2016;03;18;1;0;0.000094543166;0.000200366839;0.000089330125;0.000183935011;
2016;03;18;2;0;0.000076538024;0.000183368659;0.000086633095;0.000188432827;
2016;03;18;3;0;0.000067428691;0.000172293109;0.000085032831;0.000185927243;
2016;03;18;4;0;0.000063286264;0.000166217001;0.000083353676;0.000180956283;
2016;03;18;5;0;0.000062198122;0.000163886799;0.000083508733;0.000178058877;
2016;03;18;6;0;0.000064262839;0.000171878904;0.000086820092;0.000176738918;
2016;03;18;7;0;0.000076403233;0.000174642045;0.000097061351;0.000176979702;
2016;03;18;8;0;0.000103659946;0.000131127172;0.000110613158;0.000093778180;
2016;03;18;9;0;0.000126700340;0.000110631563;0.000143203427;0.000064209671;
2016;03;18;10;0;0.000140855272;0.000105024206;0.000167715530;0.000058145928;
2016;03;18;11;0;0.000151066489;0.000098893780;0.000176431990;0.000059900907;
2016;03;18;12;0;0.000152076774;0.000086501499;0.000175414808;0.000056429499;
2016;03;18;13;0;0.000153492295;0.000069704108;0.000173866820;0.000052701270;
2016;03;18;14;0;0.000154902120;0.000071199379;0.000163896958;0.000053008371;
2016;03;18;15;0;0.000145829168;0.000068625717;0.000146534701;0.000051527166;
2016;03;18;16;0;0.000136370842;0.000064410534;0.000134972921;0.000047676041;
2016;03;18;17;0;0.000135026064;0.000062020313;0.000132925165;0.000044158730;
2016;03;18;18;0;0.000141038488;0.000062338887;0.000133190801;0.000045279067;
2016;03;18;19;0;0.000146115040;0.000065256696;0.000132156984;0.000047855550;
2016;03;18;20;0;0.000161232834;0.000122783332;0.000145371256;0.000140622431;
2016;03;18;21;0;0.000172135267;0.000173405949;0.000144447012;0.000263312881;
2016;03;18;22;0;0.000167818844;0.000177519097;0.000125744854;0.000255978182;
2016;03;18;23;0;0.000148858461;0.000206901641;0.000109548219;0.000219467307;
2016;03;18;24;0;0.000124985060;0.000211461125;0.000100455112;0.000202112971;
2016;03;19;1;0;0.000100364275;0.000202158580;0.000088861024;0.000187039560;
2016;03;19;2;0;0.000082163985;0.000187002338;0.000083460853;0.000188910251;
2016;03;19;3;0;0.000071416204;0.000174481645;0.000081494086;0.000184312574;
2016;03;19;4;0;0.000065656836;0.000167503207;0.000080578081;0.000180541501;
2016;03;19;5;0;0.000063347762;0.000164845857;0.000080287556;0.000173452803;
2016;03;19;6;0;0.000063449497;0.000172396828;0.000082282701;0.000172310859;
2016;03;19;7;0;0.000067312814;0.000170697804;0.000085980458;0.000171213900;
2016;03;19;8;0;0.000077052812;0.000119070987;0.000083140007;0.000090206273;
2016;03;19;9;0;0.000098101986;0.000097674451;0.000090921893;0.000055162833;
2016;03;19;10;0;0.000125838451;0.000104522669;0.000103058481;0.000053238029;
2016;03;19;11;0;0.000144746470;0.000104045708;0.000114142213;0.000059469782;
2016;03;19;12;0;0.000148860807;0.000093544647;0.000118859322;0.000060274191;
2016;03;19;13;0;0.000149432841;0.000073504360;0.000120671735;0.000055144296;
2016;03;19;14;0;0.000153517794;0.000074171943;0.000115047201;0.000052373034;
2016;03;19;15;0;0.000146279682;0.000072123770;0.000105718046;0.000055610507;
2016;03;19;16;0;0.000130940745;0.000065258335;0.000100371950;0.000051183969;
2016;03;19;17;0;0.000122408178;0.000061420717;0.000100595095;0.000043026695;
2016;03;19;18;0;0.000121125937;0.000061284574;0.000102736188;0.000041272301;
2016;03;19;19;0;0.000125462935;0.000064669916;0.000105162651;0.000045939497;
2016;03;19;20;0;0.000139823230;0.000121042020;0.000120455895;0.000147479911;
2016;03;19;21;0;0.000155621595;0.000168624156;0.000126642201;0.000259566251;
2016;03;19;22;0;0.000157759415;0.000173278485;0.000115974154;0.000254370617;
2016;03;19;23;0;0.000142797237;0.000203909373;0.000105096262;0.000215661158;
2016;03;19;24;0;0.000121677327;0.000209399994;0.000097394991;0.000199613008;
2016;03;20;1;0;0.000100504682;0.000201456551;0.000091103572;0.000184444297;
2016;03;20;2;0;0.000082851308;0.000186593169;0.000085365065;0.000185617102;
2016;03;20;3;0;0.000072779050;0.000174834311;0.000082766080;0.000180332344;
2016;03;20;4;0;0.000066830950;0.000167678282;0.000082145555;0.000176317588;
2016;03;20;5;0;0.000063400457;0.000163820403;0.000082205447;0.000171421833;
2016;03;20;6;0;0.000062677230;0.000169596247;0.000082461500;0.000169312011;
2016;03;20;7;0;0.000064326342;0.000170654027;0.000085312203;0.000172847414;
2016;03;20;8;0;0.000070120240;0.000128094937;0.000081022869;0.000105776954;
2016;03;20;9;0;0.000083372648;0.000092809060;0.000078583179;0.000053667327;
2016;03;20;10;0;0.000106035628;0.000097870612;0.000081823121;0.000049378985;
2016;03;20;11;0;0.000124337221;0.000101019374;0.000086406969;0.000053850111;
2016;03;20;12;0;0.000132990919;0.000093741713;0.000092185869;0.000056403618;
2016;03;20;13;0;0.000135031367;0.000076774531;0.000094381354;0.000052110093;
2016;03;20;14;0;0.000138208753;0.000073908392;0.000094351576;0.000052927279;
2016;03;20;15;0;0.000137921661;0.000071583019;0.000092414819;0.000053585961;
2016;03;20;16;0;0.000123972106;0.000063875162;0.000088759615;0.000050849793;
2016;03;20;17;0;0.000116501301;0.000059501743;0.000087216005;0.000044384449;
2016;03;20;18;0;0.000114707898;0.000058803501;0.000083507427;0.000043127440;
2016;03;20;19;0;0.000121451566;0.000062862174;0.000084356429;0.000047079967;
2016;03;20;20;0;0.000140965300;0.000116195707;0.000097149241;0.000136447961;
2016;03;20;21;0;0.000161140486;0.000160394423;0.000105414356;0.000228577741;
2016;03;20;22;0;0.000163116766;0.000176195668;0.000103263680;0.000258732698;
2016;03;20;23;0;0.000142465468;0.000200261984;0.000097186127;0.000224282399;
2016;03;20;24;0;0.000116949315;0.000206517299;0.000090960011;0.000202192834;
2016;03;21;1;0;0.000089300963;0.000195745065;0.000084379276;0.000184152210;
2016;03;21;2;0;0.000072399079;0.000180817830;0.000082198593;0.000183185373;
2016;03;21;3;0;0.000064265229;0.000169813567;0.000081283596;0.000178774497;
2016;03;21;4;0;0.000060588060;0.000163047115;0.000080533316;0.000174686015;
2016;03;21;5;0;0.000059487952;0.000160528932;0.000080544305;0.000172174293;
2016;03;21;6;0;0.000061664480;0.000167349656;0.000082421282;0.000171675191;
2016;03;21;7;0;0.000073066696;0.000172575980;0.000093024494;0.000175155229;
2016;03;21;8;0;0.000099780065;0.000138552269;0.000108481333;0.000113182463;
2016;03;21;9;0;0.000121970120;0.000108040205;0.000142091111;0.000065685458;
2016;03;21;10;0;0.000136805239;0.000102849006;0.000165446750;0.000059087112;
2016;03;21;11;0;0.000147126244;0.000096461212;0.000173274163;0.000061957214;
2016;03;21;12;0;0.000148995746;0.000086224394;0.000172931591;0.000059693027;
2016;03;21;13;0;0.000150363704;0.000071025031;0.000172116219;0.000055534974;
2016;03;21;14;0;0.000152381488;0.000070160293;0.000160076745;0.000054342037;
2016;03;21;15;0;0.000142228864;0.000067219219;0.000140979639;0.000051850199;
2016;03;21;16;0;0.000131675009;0.000063146917;0.000137497166;0.000043841051;
2016;03;21;17;0;0.000131832986;0.000060997943;0.000137130769;0.000041614174;
2016;03;21;18;0;0.000138482916;0.000061204040;0.000138815877;0.000045067830;
2016;03;21;19;0;0.000144289630;0.000064613262;0.000136115772;0.000047287137;
2016;03;21;20;0;0.000160618998;0.000116285466;0.000142535872;0.000135918939;
2016;03;21;21;0;0.000172535903;0.000162057505;0.000135824053;0.000230767022;
2016;03;21;22;0;0.000169675475;0.000178536870;0.000119009960;0.000257160350;
2016;03;21;23;0;0.000146316974;0.000201289501;0.000102441725;0.000224611920;
2016;03;21;24;0;0.000117256817;0.000204962487;0.000092110865;0.000200945301;
2016;03;22;1;0;0.000088741389;0.000194637516;0.000084926446;0.000182007125;
2016;03;22;2;0;0.000071451790;0.000178892542;0.000082064283;0.000187093278;
2016;03;22;3;0;0.000063798156;0.000167681878;0.000080950710;0.000183203983;
2016;03;22;4;0;0.000060430564;0.000161865974;0.000079696372;0.000178392060;
2016;03;22;5;0;0.000059501564;0.000159522480;0.000080596149;0.000174442184;
2016;03;22;6;0;0.000061574318;0.000167161382;0.000082522017;0.000172542222;
2016;03;22;7;0;0.000073085135;0.000171171432;0.000092601713;0.000172777906;
2016;03;22;8;0;0.000099894904;0.000130480252;0.000106316606;0.000098765391;
2016;03;22;9;0;0.000121899533;0.000107167008;0.000138603177;0.000065306368;
2016;03;22;10;0;0.000135234677;0.000102391838;0.000161011724;0.000057473050;
2016;03;22;11;0;0.000144521998;0.000096303319;0.000168880006;0.000060064286;
2016;03;22;12;0;0.000145850940;0.000084787418;0.000168736072;0.000059697214;
2016;03;22;13;0;0.000147923992;0.000068844789;0.000167743089;0.000055131289;
2016;03;22;14;0;0.000149453752;0.000069704619;0.000157660349;0.000054209103;
2016;03;22;15;0;0.000139836972;0.000067303707;0.000139509596;0.000053134979;
2016;03;22;16;0;0.000129992262;0.000063040232;0.000134828796;0.000044934304;
2016;03;22;17;0;0.000130423075;0.000060948996;0.000136528066;0.000041853378;
2016;03;22;18;0;0.000136877719;0.000061356025;0.000137146076;0.000043272480;
2016;03;22;19;0;0.000143753889;0.000064826151;0.000134655809;0.000046681144;
2016;03;22;20;0;0.000162073774;0.000123367682;0.000141330697;0.000144998075;
2016;03;22;21;0;0.000174306858;0.000172288131;0.000135787314;0.000254922381;
2016;03;22;22;0;0.000168474419;0.000178294255;0.000118196418;0.000256503129;
2016;03;22;23;0;0.000145665054;0.000204955420;0.000102156581;0.000215751346;
2016;03;22;24;0;0.000116911264;0.000207352120;0.000091952019;0.000195149564;
2016;03;23;1;0;0.000087306376;0.000192986387;0.000082990320;0.000181239280;
2016;03;23;2;0;0.000070226477;0.000177198639;0.000080113682;0.000186118759;
2016;03;23;3;0;0.000062713937;0.000166120201;0.000079038984;0.000182278332;
2016;03;23;4;0;0.000059430377;0.000160430811;0.000077849376;0.000177570800;
2016;03;23;5;0;0.000058532214;0.000158149872;0.000078749102;0.000173684988;
2016;03;23;6;0;0.000060599949;0.000165801698;0.000080669103;0.000171874808;
2016;03;23;7;0;0.000071880258;0.000169664990;0.000090461616;0.000171993872;
2016;03;23;8;0;0.000098187154;0.000129251772;0.000103795181;0.000098256281;
2016;03;23;9;0;0.000119796483;0.000106141083;0.000135294443;0.000064959363;
2016;03;23;10;0;0.000132762286;0.000101305349;0.000157003344;0.000057107757;
2016;03;23;11;0;0.000141770395;0.000095207952;0.000164548744;0.000059636494;
2016;03;23;12;0;0.000142911331;0.000083727712;0.000164221538;0.000059204633;
2016;03;23;13;0;0.000144983116;0.000068003343;0.000163300755;0.000054691666;
2016;03;23;14;0;0.000146442395;0.000068833830;0.000153443053;0.000053762124;
2016;03;23;15;0;0.000136976175;0.000066441953;0.000135735001;0.000052680238;
2016;03;23;16;0;0.000127326226;0.000062229820;0.000131174002;0.000044547422;
2016;03;23;17;0;0.000127820807;0.000060199662;0.000132902699;0.000041516605;
2016;03;23;18;0;0.000134093421;0.000060577634;0.000133451311;0.000042907251;
2016;03;23;19;0;0.000140778258;0.000063980349;0.000130980254;0.000046270232;
2016;03;23;20;0;0.000158777370;0.000121802904;0.000137523560;0.000143774641;
2016;03;23;21;0;0.000170793709;0.000170134792;0.000132154313;0.000252818912;
2016;03;23;22;0;0.000165068620;0.000176054967;0.000115026953;0.000254370894;
2016;03;23;23;0;0.000142874054;0.000202599225;0.000099524290;0.000214188279;
2016;03;23;24;0;0.000114781251;0.000205165086;0.000089668646;0.000193921686;
2016;03;24;1;0;0.000078401068;0.000182822118;0.000071153066;0.000176226049;
2016;03;24;2;0;0.000063039601;0.000167802723;0.000068660890;0.000180902465;
2016;03;24;3;0;0.000056230228;0.000157128248;0.000067660824;0.000176963044;
2016;03;24;4;0;0.000053183802;0.000151455385;0.000066514479;0.000172061699;
2016;03;24;5;0;0.000052331557;0.000149163853;0.000067220923;0.000168140659;
2016;03;24;6;0;0.000054050731;0.000156007089;0.000068695249;0.000165990526;
2016;03;24;7;0;0.000063784230;0.000158826137;0.000076640476;0.000165256453;
2016;03;24;8;0;0.000086557671;0.000120202483;0.000087361129;0.000093789230;
2016;03;24;9;0;0.000105244395;0.000098370406;0.000113481489;0.000061792878;
2016;03;24;10;0;0.000116688429;0.000093931550;0.000131750457;0.000054348796;
2016;03;24;11;0;0.000124856713;0.000088455657;0.000138360167;0.000056869605;
2016;03;24;12;0;0.000126032314;0.000077895167;0.000138272406;0.000056534389;
2016;03;24;13;0;0.000127822563;0.000063247941;0.000137457500;0.000052209917;
2016;03;24;14;0;0.000129206149;0.000064068468;0.000129256904;0.000051361126;
2016;03;24;15;0;0.000120942303;0.000061887313;0.000114423495;0.000050364287;
2016;03;24;16;0;0.000112243362;0.000057871853;0.000110402963;0.000042521359;
2016;03;24;17;0;0.000112484422;0.000055887016;0.000111664413;0.000039559830;
2016;03;24;18;0;0.000117988309;0.000056230230;0.000112110040;0.000040879347;
2016;03;24;19;0;0.000124037016;0.000059468690;0.000110182268;0.000044142727;
2016;03;24;20;0;0.000140264330;0.000113512142;0.000115991430;0.000137525327;
2016;03;24;21;0;0.000151319071;0.000159016054;0.000111787513;0.000242534269;
2016;03;24;22;0;0.000146357611;0.000164674030;0.000097373452;0.000244208043;
2016;03;24;23;0;0.000127041393;0.000190044673;0.000084491131;0.000206219315;
2016;03;24;24;0;0.000102198730;0.000192709909;0.000076226384;0.000186957410;
2016;03;25;1;0;0.000094590071;0.000194789474;0.000083890044;0.000180863738;
2016;03;25;2;0;0.000078039538;0.000180565966;0.000078670381;0.000182163063;
2016;03;25;3;0;0.000068594534;0.000169291295;0.000076322269;0.000177085813;
2016;03;25;4;0;0.000063032756;0.000162476411;0.000075803367;0.000173265189;
2016;03;25;5;0;0.000059831133;0.000158828220;0.000075901647;0.000168549703;
2016;03;25;6;0;0.000059168561;0.000164483480;0.000076163730;0.000166531348;
2016;03;25;7;0;0.000060737523;0.000165542534;0.000078812506;0.000170042751;
2016;03;25;8;0;0.000066221014;0.000124282286;0.000074864480;0.000104080773;
2016;03;25;9;0;0.000078661630;0.000089961058;0.000072541194;0.000052756542;
2016;03;25;10;0;0.000099843881;0.000094677500;0.000075380922;0.000048443868;
2016;03;25;11;0;0.000116972224;0.000097636252;0.000079532773;0.000052783139;
2016;03;25;12;0;0.000124963808;0.000090494042;0.000084750522;0.000055219980;
2016;03;25;13;0;0.000126844297;0.000074093189;0.000086743761;0.000051001758;
2016;03;25;14;0;0.000129738094;0.000071277187;0.000086655651;0.000051765278;
2016;03;25;15;0;0.000129377764;0.000068986166;0.000084817319;0.000052372729;
2016;03;25;16;0;0.000116402417;0.000061616194;0.000081539716;0.000049745548;
2016;03;25;17;0;0.000109348839;0.000057377011;0.000080093145;0.000043405148;
2016;03;25;18;0;0.000107733090;0.000056739279;0.000076735559;0.000042202336;
2016;03;25;19;0;0.000113962438;0.000060600031;0.000077444853;0.000046027966;
2016;03;25;20;0;0.000132111297;0.000111877474;0.000089080553;0.000133236065;
2016;03;25;21;0;0.000150994102;0.000154407863;0.000096643095;0.000223159955;
2016;03;25;22;0;0.000152770114;0.000169535192;0.000094624404;0.000252474855;
2016;03;25;23;0;0.000133461214;0.000192738649;0.000089076983;0.000218911043;
2016;03;25;24;0;0.000109714430;0.000199043198;0.000083489591;0.000197632718;
2016;03;26;1;0;0.000090586513;0.000190894795;0.000077456670;0.000180454873;
2016;03;26;2;0;0.000074185859;0.000176646154;0.000072775562;0.000182324868;
2016;03;26;3;0;0.000064535284;0.000164955852;0.000071119660;0.000178035323;
2016;03;26;4;0;0.000059314277;0.000158314224;0.000070300648;0.000174344034;
2016;03;26;5;0;0.000057261765;0.000155893859;0.000070088184;0.000167596724;
2016;03;26;6;0;0.000057421745;0.000163228124;0.000071915062;0.000166690787;
2016;03;26;7;0;0.000060951354;0.000161707836;0.000075187991;0.000165720175;
2016;03;26;8;0;0.000069710748;0.000112702804;0.000072641437;0.000087236602;
2016;03;26;9;0;0.000088719980;0.000092414929;0.000079410005;0.000053326238;
2016;03;26;10;0;0.000113766264;0.000098861716;0.000089980207;0.000051448516;
2016;03;26;11;0;0.000130806261;0.000098369902;0.000099616197;0.000057447039;
2016;03;26;12;0;0.000134446364;0.000088390411;0.000103672856;0.000058190332;
2016;03;26;13;0;0.000134816959;0.000069379169;0.000105139800;0.000053180182;
2016;03;26;14;0;0.000138677264;0.000070097692;0.000100365792;0.000050571406;
2016;03;26;15;0;0.000132504111;0.000068350435;0.000092482080;0.000053845938;
2016;03;26;16;0;0.000118744370;0.000061914408;0.000087905024;0.000049616134;
2016;03;26;17;0;0.000111032830;0.000058287225;0.000088121300;0.000041718599;
2016;03;26;18;0;0.000109919930;0.000058184591;0.000090038004;0.000040035820;
2016;03;26;19;0;0.000113781986;0.000061358945;0.000092104895;0.000044534344;
2016;03;26;20;0;0.000126744668;0.000114789998;0.000105448776;0.000142900577;
2016;03;26;21;0;0.000141465433;0.000160368024;0.000111178815;0.000252219956;
2016;03;26;22;0;0.000143612414;0.000165028462;0.000101957934;0.000247522332;
2016;03;26;23;0;0.000129938411;0.000194120971;0.000092356642;0.000209768577;
2016;03;26;24;0;0.000110708924;0.000199327470;0.000085580085;0.000194138898;
2016;03;27;1;0;0.000093114071;0.000193100698;0.000082094079;0.000179906330;
2016;03;27;3;1;0.000076809887;0.000178972756;0.000076974228;0.000181170688;
2016;03;27;4;1;0.000062214718;0.000161497478;0.000074378426;0.000172807795;
2016;03;27;5;1;0.000058982301;0.000157677868;0.000074383623;0.000167898821;
2016;03;27;6;1;0.000058200409;0.000162931819;0.000074475750;0.000165522181;
2016;03;27;7;1;0.000059677209;0.000163798387;0.000076980055;0.000168824211;
2016;03;27;8;1;0.000065249439;0.000123321496;0.000073331138;0.000103627887;
2016;03;27;9;1;0.000077165007;0.000088871111;0.000070741426;0.000052294854;
2016;03;27;10;1;0.000097776319;0.000093370052;0.000073384666;0.000047937592;
2016;03;27;11;1;0.000114736985;0.000096445146;0.000077552974;0.000052316788;
2016;03;27;12;1;0.000122917522;0.000089639231;0.000082871191;0.000054884659;
2016;03;27;13;1;0.000125010489;0.000073536404;0.000084985612;0.000050790891;
2016;03;27;14;1;0.000127739839;0.000070673727;0.000084817875;0.000051501820;
2016;03;27;15;1;0.000127452192;0.000068438151;0.000083062282;0.000052133640;
2016;03;27;16;1;0.000114638424;0.000061109914;0.000079830537;0.000049504833;
2016;03;27;17;1;0.000107667159;0.000056892575;0.000078396393;0.000043185256;
2016;03;27;18;1;0.000105917311;0.000056175926;0.000074997388;0.000041925621;
2016;03;27;19;1;0.000111827008;0.000059883395;0.000075545601;0.000045638560;
2016;03;27;20;1;0.000129207736;0.000110189398;0.000086609019;0.000131672638;
2016;03;27;21;1;0.000147937576;0.000152347916;0.000094128469;0.000220932677;
2016;03;27;22;1;0.000151078067;0.000168838494;0.000093024603;0.000252293652;
2016;03;27;23;1;0.000131873618;0.000191787481;0.000087498377;0.000218572590;
2016;03;27;24;1;0.000108461971;0.000198157118;0.000082049838;0.000197423007;
2016;03;28;1;1;0.000079379188;0.000184041531;0.000071607019;0.000178038549;
2016;03;28;2;1;0.000064272786;0.000169789113;0.000069667104;0.000176877047;
2016;03;28;3;1;0.000056995758;0.000159299117;0.000068823805;0.000172448192;
2016;03;28;4;1;0.000053741678;0.000152971950;0.000068197594;0.000168526779;
2016;03;28;5;1;0.000052685318;0.000150379423;0.000068102761;0.000165850010;
2016;03;28;6;1;0.000054526767;0.000156521501;0.000069579825;0.000165108267;
2016;03;28;7;1;0.000064415182;0.000160925039;0.000078295243;0.000167949409;
2016;03;28;8;1;0.000087826467;0.000128994080;0.000091160340;0.000108354605;
2016;03;28;9;1;0.000106835661;0.000100097378;0.000118822585;0.000062577561;
2016;03;28;10;1;0.000119822905;0.000095282188;0.000138345377;0.000056288086;
2016;03;28;11;1;0.000129077267;0.000089513149;0.000145131844;0.000059120500;
2016;03;28;12;1;0.000130954576;0.000080158848;0.000145107694;0.000057063317;
2016;03;28;13;1;0.000132160645;0.000066030574;0.000144427609;0.000053089949;
2016;03;28;14;1;0.000133912024;0.000065215866;0.000134302748;0.000051940950;
2016;03;28;15;1;0.000125086722;0.000062530434;0.000118372047;0.000049597582;
2016;03;28;16;1;0.000115703693;0.000058690866;0.000115347159;0.000041899750;
2016;03;28;17;1;0.000115577626;0.000056563904;0.000114776740;0.000039680540;
2016;03;28;18;1;0.000121318436;0.000056713337;0.000116101823;0.000042942157;
2016;03;28;19;1;0.000126464200;0.000059900253;0.000113896460;0.000045077737;
2016;03;28;20;1;0.000140206586;0.000107367155;0.000118785922;0.000129044080;
2016;03;28;21;1;0.000150883478;0.000149901459;0.000113398728;0.000219493950;
2016;03;28;22;1;0.000149952279;0.000166892346;0.000100412227;0.000247186421;
2016;03;28;23;1;0.000129540299;0.000188497595;0.000086587731;0.000216286588;
2016;03;28;24;1;0.000104014517;0.000192311275;0.000078007438;0.000193874333;
2016;03;29;1;1;0.000084889387;0.000189857407;0.000080022389;0.000179299806;
2016;03;29;2;1;0.000068362237;0.000174529645;0.000077339030;0.000184342550;
2016;03;29;3;1;0.000061016622;0.000163530958;0.000076260928;0.000180442651;
2016;03;29;4;1;0.000057787024;0.000157834908;0.000075067789;0.000175676413;
2016;03;29;5;1;0.000056918261;0.000155603354;0.000075941456;0.000171845835;
2016;03;29;6;1;0.000058964530;0.000163230381;0.000077839932;0.000170157410;
2016;03;29;7;1;0.000070157077;0.000167551198;0.000087559414;0.000170802765;
2016;03;29;8;1;0.000096339229;0.000128315297;0.000100995569;0.000098090935;
2016;03;29;9;1;0.000117234922;0.000105096894;0.000131301452;0.000064680705;
2016;03;29;10;1;0.000129786884;0.000100203270;0.000152209453;0.000056802996;
2016;03;29;11;1;0.000138622261;0.000094192016;0.000159558022;0.000059330717;
2016;03;29;12;1;0.000139803382;0.000082873117;0.000159315404;0.000058928687;
2016;03;29;13;1;0.000141878236;0.000067332083;0.000158475884;0.000054455225;
2016;03;29;14;1;0.000143258909;0.000068131851;0.000148860230;0.000053512013;
2016;03;29;15;1;0.000134020068;0.000065774964;0.000131702279;0.000052443611;
2016;03;29;16;1;0.000124529161;0.000061580779;0.000127226507;0.000044329806;
2016;03;29;17;1;0.000124980463;0.000059556349;0.000128869759;0.000041303082;
2016;03;29;18;1;0.000131128763;0.000059937170;0.000129416597;0.000042691483;
2016;03;29;19;1;0.000137517633;0.000063235774;0.000126883535;0.000045988001;
2016;03;29;20;1;0.000154292129;0.000119758472;0.000132528388;0.000142153487;
2016;03;29;21;1;0.000165921841;0.000167231567;0.000127317959;0.000249897150;
2016;03;29;22;1;0.000161692926;0.000174489065;0.000111738479;0.000253521018;
2016;03;29;23;1;0.000139689180;0.000200419796;0.000096497292;0.000213071400;
2016;03;29;24;1;0.000112206908;0.000202929663;0.000086929242;0.000192883500;
2016;03;30;1;1;0.000085585766;0.000190853078;0.000080779899;0.000180060575;
2016;03;30;2;1;0.000068935367;0.000175476316;0.000078085104;0.000185157830;
2016;03;30;3;1;0.000061541683;0.000164454085;0.000077013513;0.000181280493;
2016;03;30;4;1;0.000058284854;0.000158727408;0.000075809329;0.000176493822;
2016;03;30;5;1;0.000057412176;0.000156492963;0.000076696394;0.000172656153;
2016;03;30;6;1;0.000059420556;0.000164010005;0.000078540193;0.000170799818;
2016;03;30;7;1;0.000070522385;0.000167929316;0.000088125581;0.000171017703;
2016;03;30;8;1;0.000096811383;0.000128565716;0.000101617669;0.000098184470;
2016;03;30;9;1;0.000117666551;0.000105174241;0.000131949941;0.000064663832;
2016;03;30;10;1;0.000130164236;0.000100199658;0.000152843206;0.000056744370;
2016;03;30;11;1;0.000138910278;0.000094110693;0.000160089811;0.000059220445;
2016;03;30;12;1;0.000140145266;0.000082831953;0.000159905046;0.000058840748;
2016;03;30;13;1;0.000142268739;0.000067319244;0.000159111120;0.000054390610;
2016;03;30;14;1;0.000143689334;0.000068135988;0.000149494503;0.000053461957;
2016;03;30;15;1;0.000134322307;0.000065729815;0.000132164630;0.000052355410;
2016;03;30;16;1;0.000124866481;0.000061566359;0.000127730927;0.000044275280;
2016;03;30;17;1;0.000125347071;0.000059555737;0.000129409668;0.000041261517;
2016;03;30;18;1;0.000131526002;0.000059942296;0.000129971245;0.000042652605;
2016;03;30;19;1;0.000137966114;0.000063255802;0.000127456785;0.000045956743;
2016;03;30;20;1;0.000154858523;0.000119845316;0.000133181500;0.000142114871;
2016;03;30;21;1;0.000166510787;0.000167332598;0.000127929920;0.000249799053;
2016;03;30;22;1;0.000162144828;0.000174463177;0.000112191120;0.000253230913;
2016;03;30;23;1;0.000140186156;0.000200542514;0.000096961904;0.000212989497;
2016;03;30;24;1;0.000112551052;0.000202954636;0.000087305078;0.000192715084;
2016;03;31;1;1;0.000086834533;0.000192273544;0.000082455038;0.000180731398;
2016;03;31;2;1;0.000069932387;0.000176760086;0.000079694328;0.000185824251;
2016;03;31;3;1;0.000062456055;0.000165721661;0.000078631231;0.000182003734;
2016;03;31;4;1;0.000059198364;0.000160079363;0.000077463943;0.000177340342;
2016;03;31;5;1;0.000058286928;0.000157758004;0.000078336662;0.000173409650;
2016;03;31;6;1;0.000060341103;0.000165377457;0.000080240099;0.000171588423;
2016;03;31;7;1;0.000071643060;0.000169395974;0.000090068325;0.000171874815;
2016;03;31;8;1;0.000098352204;0.000129691728;0.000103860369;0.000098678949;
2016;03;31;9;1;0.000119632866;0.000106178430;0.000134967636;0.000065040364;
2016;03;31;10;1;0.000132292453;0.000101120467;0.000156283271;0.000057054541;
2016;03;31;11;1;0.000141300366;0.000095055513;0.000163830801;0.000059594285;
2016;03;31;12;1;0.000142646112;0.000083716072;0.000163744467;0.000059249370;
2016;03;31;13;1;0.000144810293;0.000068039108;0.000162934645;0.000054769392;
2016;03;31;14;1;0.000146285101;0.000068878163;0.000153117118;0.000053844886;
2016;03;31;15;1;0.000136691399;0.000066417861;0.000135310422;0.000052708256;
2016;03;31;16;1;0.000127116397;0.000062234127;0.000130820173;0.000044590368;
2016;03;31;17;1;0.000127622194;0.000060209505;0.000132556704;0.000041560547;
2016;03;31;18;1;0.000133939280;0.000060612074;0.000133157789;0.000042970059;
2016;03;31;19;1;0.000140449416;0.000063940687;0.000130536938;0.000046282924;
2016;03;31;20;1;0.000157619635;0.000121122744;0.000136377292;0.000143099716;
2016;03;31;21;1;0.000169400578;0.000169037281;0.000130938572;0.000251412776;
2016;03;31;22;1;0.000164920179;0.000176199189;0.000114802709;0.000254807062;
2016;03;31;23;1;0.000142541325;0.000202475067;0.000099188142;0.000214248552;
2016;03;31;24;1;0.000114477480;0.000204974063;0.000089337329;0.000193914486;
