AŃO;MES;DIA;HORA;VERANO(1)/INVIERNO(0);COEF. PERFIL A;COEF. PERFIL B;COEF. PERFIL C;COEF. PERFIL D;
2017;02;01;1;0;0.000098000816;0.000216076809;0.000083010045;0.000172181224;
2017;02;01;2;0;0.000077031176;0.000200049576;0.000080335796;0.000178613256;
2017;02;01;3;0;0.000067853306;0.000185697152;0.000078665230;0.000173998235;
2017;02;01;4;0;0.000063874295;0.000177218822;0.000077655695;0.000167600539;
2017;02;01;5;0;0.000062905851;0.000174025614;0.000077841074;0.000161195024;
2017;02;01;6;0;0.000065195446;0.000181071935;0.000080700421;0.000160248173;
2017;02;01;7;0;0.000077279689;0.000189593663;0.000092899839;0.000164858083;
2017;02;01;8;0;0.000108740999;0.000188135168;0.000117103980;0.000160469258;
2017;02;01;9;0;0.000133141668;0.000140745637;0.000153433763;0.000084609695;
2017;02;01;10;0;0.000147682660;0.000122704223;0.000179460107;0.000066323785;
2017;02;01;11;0;0.000159866764;0.000115342453;0.000187727140;0.000064023203;
2017;02;01;12;0;0.000161120790;0.000100331914;0.000186369894;0.000059706636;
2017;02;01;13;0;0.000162878659;0.000076928264;0.000184046073;0.000056610688;
2017;02;01;14;0;0.000164667866;0.000075855860;0.000171649779;0.000056158605;
2017;02;01;15;0;0.000155856731;0.000074596957;0.000148672503;0.000053889367;
2017;02;01;16;0;0.000147546518;0.000071195654;0.000142061056;0.000049201445;
2017;02;01;17;0;0.000147967379;0.000068836056;0.000144367542;0.000046103570;
2017;02;01;18;0;0.000156356214;0.000069925267;0.000147531283;0.000050655407;
2017;02;01;19;0;0.000168942981;0.000089548866;0.000151079389;0.000065534479;
2017;02;01;20;0;0.000186590656;0.000161650941;0.000157616044;0.000205407366;
2017;02;01;21;0;0.000192744202;0.000178631097;0.000140579839;0.000239540296;
2017;02;01;22;0;0.000185460344;0.000183108742;0.000118467647;0.000243404020;
2017;02;01;23;0;0.000161651520;0.000218395079;0.000100917421;0.000221200771;
2017;02;01;24;0;0.000129991272;0.000226651741;0.000090111512;0.000189623976;
2017;02;02;1;0;0.000098212911;0.000216355022;0.000083267020;0.000172296426;
2017;02;02;2;0;0.000077184512;0.000200272445;0.000080570530;0.000178701792;
2017;02;02;3;0;0.000067985837;0.000185897097;0.000078892139;0.000174077991;
2017;02;02;4;0;0.000064073686;0.000177616525;0.000077970513;0.000167872899;
2017;02;02;5;0;0.000063109336;0.000174435820;0.000078165456;0.000161475182;
2017;02;02;6;0;0.000065356953;0.000181361714;0.000080975534;0.000160405483;
2017;02;02;7;0;0.000077443834;0.000189830166;0.000093183694;0.000164961772;
2017;02;02;8;0;0.000108928760;0.000188295160;0.000117415216;0.000160506518;
2017;02;02;9;0;0.000133236050;0.000140722203;0.000153685245;0.000084543354;
2017;02;02;10;0;0.000147799264;0.000122693683;0.000179768738;0.000066277124;
2017;02;02;11;0;0.000160075156;0.000115391778;0.000188146566;0.000064011018;
2017;02;02;12;0;0.000161402678;0.000100419529;0.000186869488;0.000059721863;
2017;02;02;13;0;0.000163425763;0.000077119145;0.000184835922;0.000056716099;
2017;02;02;14;0;0.000165404844;0.000076128704;0.000172578266;0.000056325787;
2017;02;02;15;0;0.000156548257;0.000074862395;0.000149470955;0.000054047716;
2017;02;02;16;0;0.000148266819;0.000071480638;0.000142887267;0.000049367877;
2017;02;02;17;0;0.000148692256;0.000069112767;0.000145209629;0.000046260307;
2017;02;02;18;0;0.000157066388;0.000070181425;0.000148339125;0.000050809569;
2017;02;02;19;0;0.000169597726;0.000089817279;0.000151805873;0.000065690310;
2017;02;02;20;0;0.000187155582;0.000161998525;0.000158240191;0.000205721884;
2017;02;02;21;0;0.000193189771;0.000178887420;0.000141035789;0.000239735844;
2017;02;02;22;0;0.000185752914;0.000183237174;0.000118764821;0.000243424287;
2017;02;02;23;0;0.000162014305;0.000218693739;0.000101237916;0.000221366446;
2017;02;02;24;0;0.000130250458;0.000226904997;0.000090375108;0.000189718597;
2017;02;03;1;0;0.000099453962;0.000218036909;0.000084871101;0.000170746478;
2017;02;03;2;0;0.000079354634;0.000201208255;0.000081597215;0.000175300838;
2017;02;03;3;0;0.000069045850;0.000187253099;0.000079691799;0.000172178403;
2017;02;03;4;0;0.000064624488;0.000178586533;0.000078603228;0.000164790098;
2017;02;03;5;0;0.000063558655;0.000174808444;0.000078688208;0.000159849777;
2017;02;03;6;0;0.000065554320;0.000181588211;0.000081760091;0.000161617588;
2017;02;03;7;0;0.000076639615;0.000189372877;0.000093834101;0.000164584980;
2017;02;03;8;0;0.000105329792;0.000187294027;0.000116778029;0.000158728900;
2017;02;03;9;0;0.000130829578;0.000142854640;0.000152147219;0.000086150333;
2017;02;03;10;0;0.000146324570;0.000123518986;0.000178075513;0.000063586017;
2017;02;03;11;0;0.000157722234;0.000115956493;0.000186350368;0.000061378885;
2017;02;03;12;0;0.000159795970;0.000101410457;0.000185119838;0.000060864360;
2017;02;03;13;0;0.000161038813;0.000078035812;0.000182273561;0.000058320784;
2017;02;03;14;0;0.000162719506;0.000075659515;0.000169458871;0.000057250595;
2017;02;03;15;0;0.000156117788;0.000074617047;0.000145536565;0.000056256179;
2017;02;03;16;0;0.000148114879;0.000071103074;0.000134699890;0.000052711213;
2017;02;03;17;0;0.000146793447;0.000068965405;0.000134334949;0.000049137196;
2017;02;03;18;0;0.000152008288;0.000069709287;0.000137031223;0.000050840273;
2017;02;03;19;0;0.000161891961;0.000086708074;0.000142778351;0.000062659552;
2017;02;03;20;0;0.000176256365;0.000153973305;0.000153486301;0.000189879708;
2017;02;03;21;0;0.000180712823;0.000173116577;0.000142147892;0.000231161048;
2017;02;03;22;0;0.000176885083;0.000177999931;0.000123166478;0.000237557583;
2017;02;03;23;0;0.000159135789;0.000212626590;0.000107142085;0.000218888292;
2017;02;03;24;0;0.000134624898;0.000226229753;0.000097221461;0.000188676863;
2017;02;04;1;0;0.000106076862;0.000218369656;0.000086899592;0.000170569053;
2017;02;04;2;0;0.000085734822;0.000203269871;0.000081951979;0.000175719305;
2017;02;04;3;0;0.000073983994;0.000188509931;0.000078948924;0.000173206917;
2017;02;04;4;0;0.000067542067;0.000179382907;0.000077345964;0.000165892769;
2017;02;04;5;0;0.000064796969;0.000174573013;0.000076837558;0.000157178040;
2017;02;04;6;0;0.000064919924;0.000180947647;0.000077997524;0.000157984605;
2017;02;04;7;0;0.000068707359;0.000184913682;0.000082520416;0.000159776059;
2017;02;04;8;0;0.000077950105;0.000172058877;0.000086473928;0.000146039538;
2017;02;04;9;0;0.000098239429;0.000125545794;0.000087984446;0.000071609978;
2017;02;04;10;0;0.000126451380;0.000119230317;0.000100188596;0.000058051094;
2017;02;04;11;0;0.000149149959;0.000119740946;0.000113935375;0.000062928434;
2017;02;04;12;0;0.000155830459;0.000107080202;0.000118271459;0.000061316366;
2017;02;04;13;0;0.000157856609;0.000081876715;0.000120078583;0.000059603774;
2017;02;04;14;0;0.000162457270;0.000080732273;0.000115052191;0.000056354381;
2017;02;04;15;0;0.000157342383;0.000079475581;0.000103192859;0.000058969224;
2017;02;04;16;0;0.000143567483;0.000073472248;0.000098001535;0.000054785880;
2017;02;04;17;0;0.000134954277;0.000069540860;0.000097085037;0.000049033359;
2017;02;04;18;0;0.000132875217;0.000068761438;0.000100574930;0.000047325028;
2017;02;04;19;0;0.000141765879;0.000086692899;0.000107196056;0.000059352070;
2017;02;04;20;0;0.000154469468;0.000154857880;0.000124350365;0.000196091751;
2017;02;04;21;0;0.000163583618;0.000168927213;0.000123903280;0.000227117553;
2017;02;04;22;0;0.000164724352;0.000173280612;0.000113567821;0.000230299502;
2017;02;04;23;0;0.000149844191;0.000211086238;0.000102915219;0.000210678036;
2017;02;04;24;0;0.000128776598;0.000223720478;0.000095134311;0.000184098667;
2017;02;05;1;0;0.000107705703;0.000218557193;0.000088161263;0.000170339280;
2017;02;05;2;0;0.000088183319;0.000203334108;0.000082395609;0.000172639633;
2017;02;05;3;0;0.000075517961;0.000188799789;0.000079204197;0.000167637617;
2017;02;05;4;0;0.000068515001;0.000179189147;0.000077593208;0.000162160874;
2017;02;05;5;0;0.000065316943;0.000174747064;0.000076907018;0.000155378163;
2017;02;05;6;0;0.000064781070;0.000180751765;0.000077733288;0.000154237158;
2017;02;05;7;0;0.000066536665;0.000183805960;0.000079990328;0.000157770674;
2017;02;05;8;0;0.000072589211;0.000170534374;0.000080203003;0.000147661598;
2017;02;05;9;0;0.000085115958;0.000119825082;0.000073930922;0.000067354791;
2017;02;05;10;0;0.000108229021;0.000112758626;0.000077436325;0.000052028161;
2017;02;05;11;0;0.000130924730;0.000117323998;0.000083005831;0.000057238032;
2017;02;05;12;0;0.000142263759;0.000108106485;0.000087558845;0.000061268422;
2017;02;05;13;0;0.000146083671;0.000083686277;0.000090753378;0.000057512133;
2017;02;05;14;0;0.000152172048;0.000081511433;0.000090386004;0.000055438175;
2017;02;05;15;0;0.000150482639;0.000078923972;0.000087054475;0.000057169251;
2017;02;05;16;0;0.000136754123;0.000070913052;0.000083563954;0.000052901923;
2017;02;05;17;0;0.000128468089;0.000067044507;0.000081073073;0.000049065813;
2017;02;05;18;0;0.000127254267;0.000066674818;0.000080031691;0.000047009248;
2017;02;05;19;0;0.000140206643;0.000087221216;0.000086079317;0.000063799832;
2017;02;05;20;0;0.000159996723;0.000157586832;0.000102303960;0.000204083117;
2017;02;05;21;0;0.000174120926;0.000173296321;0.000103351262;0.000233197825;
2017;02;05;22;0;0.000174799609;0.000178038565;0.000099175553;0.000234588351;
2017;02;05;23;0;0.000153175124;0.000214430463;0.000091687100;0.000213982264;
2017;02;05;24;0;0.000125146235;0.000224078369;0.000084662745;0.000184211772;
2017;02;06;1;0;0.000094776816;0.000213294239;0.000079349543;0.000166754164;
2017;02;06;2;0;0.000075406264;0.000197478135;0.000077045415;0.000171787870;
2017;02;06;3;0;0.000066587085;0.000183723755;0.000075497761;0.000166671704;
2017;02;06;4;0;0.000062477154;0.000175158885;0.000075026313;0.000160761872;
2017;02;06;5;0;0.000061478407;0.000171440649;0.000075343058;0.000155633350;
2017;02;06;6;0;0.000063549084;0.000178581432;0.000078138454;0.000157883161;
2017;02;06;7;0;0.000075505538;0.000187944297;0.000090522836;0.000162955521;
2017;02;06;8;0;0.000105720304;0.000185356977;0.000114041003;0.000157292913;
2017;02;06;9;0;0.000129934910;0.000138280816;0.000150582865;0.000082305082;
2017;02;06;10;0;0.000145151272;0.000121698516;0.000177312958;0.000063349677;
2017;02;06;11;0;0.000158905768;0.000115595786;0.000185225346;0.000062408112;
2017;02;06;12;0;0.000161064064;0.000100478789;0.000183775029;0.000059913056;
2017;02;06;13;0;0.000162948110;0.000077058332;0.000180249464;0.000058836687;
2017;02;06;14;0;0.000164774976;0.000076116073;0.000167099710;0.000056310732;
2017;02;06;15;0;0.000154891971;0.000074642126;0.000144631839;0.000054864437;
2017;02;06;16;0;0.000146166923;0.000070865075;0.000137867284;0.000049123511;
2017;02;06;17;0;0.000147060802;0.000068175886;0.000140397565;0.000047408036;
2017;02;06;18;0;0.000154900916;0.000068878181;0.000144165304;0.000051460457;
2017;02;06;19;0;0.000167138480;0.000088964083;0.000147068216;0.000066763107;
2017;02;06;20;0;0.000184720769;0.000160523547;0.000152978493;0.000205406413;
2017;02;06;21;0;0.000190612401;0.000177273332;0.000136677304;0.000236609417;
2017;02;06;22;0;0.000183809661;0.000181765246;0.000114805220;0.000239667002;
2017;02;06;23;0;0.000159353489;0.000217038248;0.000097947862;0.000219241179;
2017;02;06;24;0;0.000127605692;0.000224140463;0.000087909628;0.000186733384;
2017;02;07;1;0;0.000096354779;0.000213947752;0.000081157475;0.000171118063;
2017;02;07;2;0;0.000075804954;0.000198255250;0.000078613018;0.000177668831;
2017;02;07;3;0;0.000066805698;0.000184121176;0.000077015763;0.000173162496;
2017;02;07;4;0;0.000062916699;0.000175794651;0.000076061946;0.000166871326;
2017;02;07;5;0;0.000061966806;0.000172638336;0.000076248480;0.000160504123;
2017;02;07;6;0;0.000064218155;0.000179617112;0.000079044321;0.000159551227;
2017;02;07;7;0;0.000076146112;0.000188131789;0.000091023103;0.000164194690;
2017;02;07;8;0;0.000107030395;0.000186483237;0.000114614556;0.000159651188;
2017;02;07;9;0;0.000130895371;0.000139348159;0.000149998024;0.000084080817;
2017;02;07;10;0;0.000145141430;0.000121444374;0.000175381637;0.000065886690;
2017;02;07;11;0;0.000157063131;0.000114119866;0.000183399200;0.000063579918;
2017;02;07;12;0;0.000158283474;0.000099261101;0.000182059799;0.000059288859;
2017;02;07;13;0;0.000159940436;0.000076073961;0.000179711121;0.000056189998;
2017;02;07;14;0;0.000161775926;0.000075049911;0.000167688236;0.000055768357;
2017;02;07;15;0;0.000153132944;0.000073810846;0.000145253976;0.000053519574;
2017;02;07;16;0;0.000144995421;0.000070458730;0.000138820841;0.000048873077;
2017;02;07;17;0;0.000145458771;0.000068146870;0.000141123001;0.000045811550;
2017;02;07;18;0;0.000153792810;0.000069264552;0.000144297669;0.000050363186;
2017;02;07;19;0;0.000166022477;0.000088622262;0.000147633957;0.000065097316;
2017;02;07;20;0;0.000183515717;0.000160109689;0.000154148075;0.000204204771;
2017;02;07;21;0;0.000189526108;0.000176888984;0.000137456434;0.000238085420;
2017;02;07;22;0;0.000182341042;0.000181300271;0.000115821035;0.000241895404;
2017;02;07;23;0;0.000158921706;0.000216223194;0.000098656085;0.000219814613;
2017;02;07;24;0;0.000127872962;0.000224532697;0.000088145291;0.000188549019;
2017;02;08;1;0;0.000097098960;0.000214793356;0.000082036822;0.000171444204;
2017;02;08;2;0;0.000076400072;0.000199063975;0.000079474836;0.000178029945;
2017;02;08;3;0;0.000067311935;0.000184822187;0.000077838987;0.000173467467;
2017;02;08;4;0;0.000063407504;0.000176503037;0.000076891998;0.000167202235;
2017;02;08;5;0;0.000062476763;0.000173407727;0.000077113353;0.000160890808;
2017;02;08;6;0;0.000064744324;0.000180411152;0.000079938048;0.000159929896;
2017;02;08;7;0;0.000076732990;0.000188872344;0.000092007877;0.000164505010;
2017;02;08;8;0;0.000107973183;0.000187421913;0.000115981183;0.000160127734;
2017;02;08;9;0;0.000132098402;0.000140102636;0.000151844057;0.000084363741;
2017;02;08;10;0;0.000146541989;0.000122157429;0.000177620788;0.000066138449;
2017;02;08;11;0;0.000158630211;0.000114827180;0.000185801012;0.000063843582;
2017;02;08;12;0;0.000159807139;0.000099841590;0.000184379930;0.000059514026;
2017;02;08;13;0;0.000161592663;0.000076572211;0.000182128245;0.000056442730;
2017;02;08;14;0;0.000163366617;0.000075504250;0.000169859955;0.000055991603;
2017;02;08;15;0;0.000154567583;0.000074223557;0.000147067530;0.000053709123;
2017;02;08;16;0;0.000146341502;0.000070846733;0.000140542242;0.000049042041;
2017;02;08;17;0;0.000146775743;0.000068506548;0.000142840434;0.000045959468;
2017;02;08;18;0;0.000155081148;0.000069583424;0.000145955772;0.000050491910;
2017;02;08;19;0;0.000167376659;0.000089010785;0.000149297747;0.000065249430;
2017;02;08;20;0;0.000185183085;0.000160959813;0.000156028934;0.000204870565;
2017;02;08;21;0;0.000191359137;0.000177931460;0.000139214419;0.000239000380;
2017;02;08;22;0;0.000184106512;0.000182370658;0.000117303547;0.000242827553;
2017;02;08;23;0;0.000160560423;0.000217635310;0.000099981155;0.000220799191;
2017;02;08;24;0;0.000129095944;0.000225831888;0.000089263103;0.000189253441;
2017;02;09;1;0;0.000098593696;0.000216674784;0.000083709730;0.000172376205;
2017;02;09;2;0;0.000077560573;0.000200767251;0.000081079194;0.000178961758;
2017;02;09;3;0;0.000068342708;0.000186426295;0.000079419989;0.000174396627;
2017;02;09;4;0;0.000064370938;0.000178014068;0.000078444568;0.000168078127;
2017;02;09;5;0;0.000063395666;0.000174808463;0.000078632698;0.000161656147;
2017;02;09;6;0;0.000065678745;0.000181819092;0.000081490921;0.000160647045;
2017;02;09;7;0;0.000077861730;0.000190398384;0.000093820876;0.000165287876;
2017;02;09;8;0;0.000109546020;0.000188909599;0.000118249899;0.000160867087;
2017;02;09;9;0;0.000134039807;0.000141232776;0.000154834085;0.000084764108;
2017;02;09;10;0;0.000148817684;0.000123243863;0.000181267020;0.000066506855;
2017;02;09;11;0;0.000161169910;0.000115903279;0.000189704957;0.000064229604;
2017;02;09;12;0;0.000162272520;0.000100719428;0.000188146001;0.000059839516;
2017;02;09;13;0;0.000163881818;0.000077149529;0.000185617527;0.000056680946;
2017;02;09;14;0;0.000165663328;0.000076065447;0.000173095833;0.000056221950;
2017;02;09;15;0;0.000156759748;0.000074784374;0.000149887523;0.000053936672;
2017;02;09;16;0;0.000148540083;0.000071441233;0.000143355901;0.000049290659;
2017;02;09;17;0;0.000149058702;0.000069117511;0.000145776243;0.000046216599;
2017;02;09;18;0;0.000157598257;0.000070250781;0.000149054887;0.000050808239;
2017;02;09;19;0;0.000170096160;0.000089865957;0.000152470355;0.000065659304;
2017;02;09;20;0;0.000188023866;0.000162361135;0.000159202303;0.000205973414;
2017;02;09;21;0;0.000194186268;0.000179380411;0.000141966564;0.000240152904;
2017;02;09;22;0;0.000186817441;0.000183846850;0.000119616739;0.000243986711;
2017;02;09;23;0;0.000162950883;0.000219432289;0.000101969175;0.000221888928;
2017;02;09;24;0;0.000131027761;0.000227713587;0.000091044820;0.000190201721;
2017;02;10;1;0;0.000102042507;0.000221068443;0.000087864244;0.000172043384;
2017;02;10;2;0;0.000081506060;0.000204221334;0.000084564144;0.000176818944;
2017;02;10;3;0;0.000070949191;0.000190141355;0.000082626014;0.000173746367;
2017;02;10;4;0;0.000066411976;0.000181357576;0.000081504761;0.000166305876;
2017;02;10;5;0;0.000065336063;0.000177573592;0.000081617113;0.000161368028;
2017;02;10;6;0;0.000067368853;0.000184409458;0.000084779825;0.000163107394;
2017;02;10;7;0;0.000078821327;0.000192462405;0.000097374319;0.000166229392;
2017;02;10;8;0;0.000108352516;0.000190392311;0.000121211053;0.000160350741;
2017;02;10;9;0;0.000134518688;0.000145147226;0.000157846157;0.000086988299;
2017;02;10;10;0;0.000150516702;0.000125556401;0.000184826803;0.000064232711;
2017;02;10;11;0;0.000162262512;0.000117884866;0.000193441138;0.000062011390;
2017;02;10;12;0;0.000164465378;0.000103140471;0.000192244949;0.000061517534;
2017;02;10;13;0;0.000165831614;0.000079408762;0.000189388566;0.000058977630;
2017;02;10;14;0;0.000167577234;0.000076997506;0.000176089321;0.000057900537;
2017;02;10;15;0;0.000160797719;0.000075945712;0.000151249144;0.000056901658;
2017;02;10;16;0;0.000152514638;0.000072350064;0.000139950158;0.000053301943;
2017;02;10;17;0;0.000151060501;0.000070131520;0.000139484702;0.000049657153;
2017;02;10;18;0;0.000156410498;0.000070880533;0.000142269392;0.000051372855;
2017;02;10;19;0;0.000166391397;0.000088064897;0.000148068016;0.000063244106;
2017;02;10;20;0;0.000181129476;0.000156360647;0.000159150223;0.000191624073;
2017;02;10;21;0;0.000185885322;0.000175967511;0.000147533235;0.000233505963;
2017;02;10;22;0;0.000181896587;0.000180880137;0.000127796563;0.000239899548;
2017;02;10;23;0;0.000163594858;0.000216001650;0.000111136111;0.000220979259;
2017;02;10;24;0;0.000138349500;0.000229741596;0.000100810939;0.000190413636;
2017;02;11;1;0;0.000109891355;0.000222698636;0.000091122478;0.000172527799;
2017;02;11;2;0;0.000088845991;0.000207365257;0.000085961690;0.000177793565;
2017;02;11;3;0;0.000076659733;0.000192285337;0.000082801969;0.000175230921;
2017;02;11;4;0;0.000069947935;0.000182879072;0.000081078018;0.000167742838;
2017;02;11;5;0;0.000067194857;0.000178213604;0.000080652868;0.000159143605;
2017;02;11;6;0;0.000067310635;0.000184688998;0.000081856170;0.000159932392;
2017;02;11;7;0;0.000071175853;0.000188573591;0.000086527818;0.000161605862;
2017;02;11;8;0;0.000080770768;0.000175508030;0.000090695891;0.000147748791;
2017;02;11;9;0;0.000101783149;0.000128048537;0.000092270075;0.000072440189;
2017;02;11;10;0;0.000131241418;0.000121819396;0.000105252047;0.000058826598;
2017;02;11;11;0;0.000155026950;0.000122520610;0.000119869189;0.000063862655;
2017;02;11;12;0;0.000161943899;0.000109547842;0.000124410522;0.000062216365;
2017;02;11;13;0;0.000164047601;0.000083762557;0.000126309956;0.000060477921;
2017;02;11;14;0;0.000168732059;0.000082544480;0.000120953452;0.000057148142;
2017;02;11;15;0;0.000163580150;0.000081339405;0.000108592403;0.000059858561;
2017;02;11;16;0;0.000149168168;0.000075149449;0.000103066580;0.000055578227;
2017;02;11;17;0;0.000140109682;0.000071072886;0.000102023146;0.000049703746;
2017;02;11;18;0;0.000137912816;0.000070256739;0.000105661140;0.000047958711;
2017;02;11;19;0;0.000147026757;0.000088509643;0.000112530018;0.000060100282;
2017;02;11;20;0;0.000160255405;0.000158156027;0.000130581609;0.000198630227;
2017;02;11;21;0;0.000169794952;0.000172610409;0.000130176528;0.000230171551;
2017;02;11;22;0;0.000170874349;0.000176950356;0.000119244752;0.000233253432;
2017;02;11;23;0;0.000155480042;0.000215614051;0.000108088442;0.000213437133;
2017;02;11;24;0;0.000133541228;0.000228384465;0.000099857460;0.000186399628;
2017;02;12;1;0;0.000110250907;0.000221657753;0.000090915321;0.000171928302;
2017;02;12;2;0;0.000090226164;0.000206124987;0.000084930939;0.000174170923;
2017;02;12;3;0;0.000077160644;0.000191126737;0.000081528526;0.000168890866;
2017;02;12;4;0;0.000069984432;0.000181343430;0.000079846390;0.000163324353;
2017;02;12;5;0;0.000066711588;0.000176831515;0.000079132922;0.000156478440;
2017;02;12;6;0;0.000066125377;0.000182800316;0.000079936087;0.000155238041;
2017;02;12;7;0;0.000067934137;0.000185934926;0.000082277354;0.000158833612;
2017;02;12;8;0;0.000074074256;0.000172417564;0.000082452088;0.000148577102;
2017;02;12;9;0;0.000086917963;0.000121232939;0.000076057225;0.000067819742;
2017;02;12;10;0;0.000110618091;0.000114184343;0.000079733893;0.000052433640;
2017;02;12;11;0;0.000133869475;0.000118855991;0.000085503576;0.000057707687;
2017;02;12;12;0;0.000145643892;0.000109653903;0.000090305421;0.000061847733;
2017;02;12;13;0;0.000149625628;0.000084924482;0.000093644638;0.000058083513;
2017;02;12;14;0;0.000155881490;0.000082728003;0.000093277448;0.000055996088;
2017;02;12;15;0;0.000154193202;0.000080123907;0.000089863998;0.000057760432;
2017;02;12;16;0;0.000140129351;0.000071992824;0.000086262784;0.000053450188;
2017;02;12;17;0;0.000131593939;0.000068042173;0.000083662929;0.000049557424;
2017;02;12;18;0;0.000130383347;0.000067683991;0.000082609039;0.000047492187;
2017;02;12;19;0;0.000143453373;0.000088417588;0.000088727203;0.000064365153;
2017;02;12;20;0;0.000163418257;0.000159471751;0.000105268331;0.000205534940;
2017;02;12;21;0;0.000177826624;0.000175351510;0.000106335286;0.000234833152;
2017;02;12;22;0;0.000178407581;0.000180036800;0.000101974899;0.000236084995;
2017;02;12;23;0;0.000156340768;0.000216842715;0.000094277497;0.000215352974;
2017;02;12;24;0;0.000127765045;0.000226656694;0.000087076791;0.000185438857;
2017;02;13;1;0;0.000095485448;0.000214232250;0.000080160289;0.000167177613;
2017;02;13;2;0;0.000075922492;0.000198222384;0.000077783880;0.000172116253;
2017;02;13;3;0;0.000067018140;0.000184347958;0.000076193200;0.000166928542;
2017;02;13;4;0;0.000062868312;0.000175716842;0.000075701405;0.000160975573;
2017;02;13;5;0;0.000061890162;0.000172061403;0.000076053994;0.000155907868;
2017;02;13;6;0;0.000063987147;0.000179262894;0.000078891105;0.000158192403;
2017;02;13;7;0;0.000075980160;0.000188547683;0.000091339646;0.000163176208;
2017;02;13;8;0;0.000106403520;0.000185984683;0.000115090212;0.000157533566;
2017;02;13;9;0;0.000130735959;0.000138708090;0.000151923352;0.000082406642;
2017;02;13;10;0;0.000146119718;0.000122136062;0.000178981534;0.000063459806;
2017;02;13;11;0;0.000160160194;0.000116152236;0.000187195373;0.000062592504;
2017;02;13;12;0;0.000162335439;0.000100962414;0.000185729529;0.000060090043;
2017;02;13;13;0;0.000164285799;0.000077453482;0.000182223528;0.000059028978;
2017;02;13;14;0;0.000166233276;0.000076555030;0.000169037155;0.000056530683;
2017;02;13;15;0;0.000156254751;0.000075068715;0.000146301240;0.000055075902;
2017;02;13;16;0;0.000147392852;0.000071241035;0.000139401776;0.000049292753;
2017;02;13;17;0;0.000148381883;0.000068578090;0.000142044131;0.000047599487;
2017;02;13;18;0;0.000156327742;0.000069300184;0.000145889015;0.000051679947;
2017;02;13;19;0;0.000168482155;0.000089405208;0.000148653815;0.000066970010;
2017;02;13;20;0;0.000186285234;0.000161388320;0.000154693781;0.000206130882;
2017;02;13;21;0;0.000192304071;0.000178300017;0.000138265396;0.000237539431;
2017;02;13;22;0;0.000185442588;0.000182819552;0.000116140195;0.000240611149;
2017;02;13;23;0;0.000160672315;0.000218165663;0.000099027133;0.000219972283;
2017;02;13;24;0;0.000128593999;0.000225186096;0.000088831474;0.000187257398;
2017;02;14;1;0;0.000097172207;0.000214964799;0.000082081278;0.000171601307;
2017;02;14;2;0;0.000076404593;0.000199084474;0.000079462666;0.000178069301;
2017;02;14;3;0;0.000067321984;0.000184857873;0.000077834080;0.000173521448;
2017;02;14;4;0;0.000063420634;0.000176547316;0.000076891593;0.000167263929;
2017;02;14;5;0;0.000062498091;0.000173474522;0.000077123302;0.000160971788;
2017;02;14;6;0;0.000064742932;0.000180415174;0.000079919359;0.000159952347;
2017;02;14;7;0;0.000076736564;0.000188889413;0.000091992630;0.000164539304;
2017;02;14;8;0;0.000107927794;0.000187351331;0.000115907817;0.000160086332;
2017;02;14;9;0;0.000132028459;0.000140034587;0.000151731442;0.000084332722;
2017;02;14;10;0;0.000146536405;0.000122158124;0.000177576314;0.000066146635;
2017;02;14;11;0;0.000158621568;0.000114825952;0.000185751447;0.000063850438;
2017;02;14;12;0;0.000159732657;0.000099799427;0.000184254872;0.000059495917;
2017;02;14;13;0;0.000161351281;0.000076461178;0.000181817582;0.000056367541;
2017;02;14;14;0;0.000163154811;0.000075409660;0.000169603717;0.000055928062;
2017;02;14;15;0;0.000154400924;0.000074146774;0.000146877771;0.000053659898;
2017;02;14;16;0;0.000146172602;0.000070768064;0.000140350234;0.000048993369;
2017;02;14;17;0;0.000146678803;0.000068464300;0.000142715790;0.000045936548;
2017;02;14;18;0;0.000155010067;0.000069554577;0.000145857903;0.000050476937;
2017;02;14;19;0;0.000167325198;0.000088987315;0.000149220160;0.000065239928;
2017;02;14;20;0;0.000185160024;0.000160946816;0.000155976384;0.000204878213;
2017;02;14;21;0;0.000191310861;0.000177894361;0.000139149751;0.000238978764;
2017;02;14;22;0;0.000183967981;0.000182241414;0.000117190398;0.000242684117;
2017;02;14;23;0;0.000160345163;0.000217353048;0.000099825915;0.000220538864;
2017;02;14;24;0;0.000128923354;0.000225539846;0.000089124841;0.000189031020;
2017;02;15;1;0;0.000095582052;0.000213042628;0.000080257904;0.000170731718;
2017;02;15;2;0;0.000075165241;0.000197333063;0.000077708789;0.000177192761;
2017;02;15;3;0;0.000066200420;0.000183149894;0.000076082200;0.000172590282;
2017;02;15;4;0;0.000062381659;0.000174965468;0.000075182130;0.000166413277;
2017;02;15;5;0;0.000061449265;0.000171850388;0.000075378064;0.000160088097;
2017;02;15;6;0;0.000063686932;0.000178811690;0.000078148272;0.000159150467;
2017;02;15;7;0;0.000075436355;0.000187090115;0.000089896089;0.000163609055;
2017;02;15;8;0;0.000106080340;0.000185533897;0.000113246230;0.000159153133;
2017;02;15;9;0;0.000129671684;0.000138572736;0.000148136678;0.000083778590;
2017;02;15;10;0;0.000143884802;0.000120852774;0.000173326054;0.000065695630;
2017;02;15;11;0;0.000155762891;0.000113607419;0.000181319030;0.000063419815;
2017;02;15;12;0;0.000156900553;0.000098769688;0.000179911598;0.000059112219;
2017;02;15;13;0;0.000158336679;0.000075598813;0.000177359483;0.000055949671;
2017;02;15;14;0;0.000160296685;0.000074647715;0.000165641610;0.000055579388;
2017;02;15;15;0;0.000151701797;0.000073400323;0.000143451907;0.000053327351;
2017;02;15;16;0;0.000143633611;0.000070063575;0.000137092174;0.000048695265;
2017;02;15;17;0;0.000143941220;0.000067693485;0.000139219244;0.000045596921;
2017;02;15;18;0;0.000152015099;0.000068725422;0.000142189069;0.000050070180;
2017;02;15;19;0;0.000164163967;0.000087964912;0.000145530297;0.000064742475;
2017;02;15;20;0;0.000181887913;0.000159295637;0.000152308760;0.000203569038;
2017;02;15;21;0;0.000187950381;0.000176088360;0.000135892485;0.000237477370;
2017;02;15;22;0;0.000180831134;0.000180485751;0.000114507101;0.000241285739;
2017;02;15;23;0;0.000157568298;0.000215200659;0.000097513716;0.000219208530;
2017;02;15;24;0;0.000126725146;0.000223367181;0.000087084206;0.000187941902;
2017;02;16;1;0;0.000095906672;0.000213379025;0.000080653411;0.000170835369;
2017;02;16;2;0;0.000075418191;0.000197638549;0.000078089321;0.000177294859;
2017;02;16;3;0;0.000066451498;0.000183511567;0.000076487337;0.000172763294;
2017;02;16;4;0;0.000062616964;0.000175307370;0.000075580918;0.000166576668;
2017;02;16;5;0;0.000061699106;0.000172236599;0.000075800070;0.000160292178;
2017;02;16;6;0;0.000063959206;0.000179250916;0.000078602176;0.000159386582;
2017;02;16;7;0;0.000075773195;0.000187585166;0.000090435337;0.000163882791;
2017;02;16;8;0;0.000106521965;0.000185968881;0.000113891280;0.000159371466;
2017;02;16;9;0;0.000130199855;0.000138885173;0.000148967114;0.000083886004;
2017;02;16;10;0;0.000144451415;0.000121108951;0.000174274233;0.000065771004;
2017;02;16;11;0;0.000156414640;0.000113876167;0.000182355658;0.000063508153;
2017;02;16;12;0;0.000157537038;0.000098990753;0.000180917182;0.000059187033;
2017;02;16;13;0;0.000159182018;0.000075864779;0.000178578570;0.000056092026;
2017;02;16;14;0;0.000161003432;0.000074841048;0.000166625894;0.000055669262;
2017;02;16;15;0;0.000152398085;0.000073603676;0.000144330316;0.000053423201;
2017;02;16;16;0;0.000144269571;0.000070246340;0.000137909371;0.000048774913;
2017;02;16;17;0;0.000144692958;0.000067923778;0.000140159952;0.000045707645;
2017;02;16;18;0;0.000152869419;0.000068986490;0.000143206441;0.000050211610;
2017;02;16;19;0;0.000164915772;0.000088207715;0.000146419939;0.000064858181;
2017;02;16;20;0;0.000182574953;0.000159607753;0.000153117451;0.000203769974;
2017;02;16;21;0;0.000188721907;0.000176490973;0.000136658610;0.000237789375;
2017;02;16;22;0;0.000181657784;0.000180982453;0.000115206154;0.000241714982;
2017;02;16;23;0;0.000158355179;0.000215883658;0.000098150290;0.000219690859;
2017;02;16;24;0;0.000127386710;0.000224126615;0.000087672456;0.000188397897;
2017;02;17;1;0;0.000097778824;0.000215894151;0.000082928603;0.000169747851;
2017;02;17;2;0;0.000078109897;0.000199465462;0.000079823525;0.000174480773;
2017;02;17;3;0;0.000067968161;0.000185645784;0.000077965660;0.000171386426;
2017;02;17;4;0;0.000063594376;0.000176993957;0.000076874758;0.000163976841;
2017;02;17;5;0;0.000062600149;0.000173400846;0.000077025072;0.000159199798;
2017;02;17;6;0;0.000064535324;0.000180041226;0.000079994353;0.000160884648;
2017;02;17;7;0;0.000075429274;0.000187712211;0.000091784447;0.000163797254;
2017;02;17;8;0;0.000103623482;0.000185574807;0.000114179959;0.000157903867;
2017;02;17;9;0;0.000128510519;0.000141323773;0.000148531492;0.000085569601;
2017;02;17;10;0;0.000143847759;0.000122294717;0.000173985012;0.000063208760;
2017;02;17;11;0;0.000154886003;0.000114683902;0.000181874283;0.000060949207;
2017;02;17;12;0;0.000156837444;0.000100243174;0.000180575441;0.000060405545;
2017;02;17;13;0;0.000157993061;0.000077106242;0.000177726799;0.000057857627;
2017;02;17;14;0;0.000159538802;0.000074709942;0.000165124991;0.000056759233;
2017;02;17;15;0;0.000152987656;0.000073642784;0.000141741789;0.000055744759;
2017;02;17;16;0;0.000145059085;0.000070133055;0.000131109836;0.000052201029;
2017;02;17;17;0;0.000143690918;0.000067989536;0.000130687320;0.000048636558;
2017;02;17;18;0;0.000148814511;0.000068731653;0.000133327377;0.000050328698;
2017;02;17;19;0;0.000158251298;0.000085363001;0.000138709481;0.000061935420;
2017;02;17;20;0;0.000172896795;0.000152116283;0.000149635122;0.000188343439;
2017;02;17;21;0;0.000177599701;0.000171348400;0.000138840278;0.000229719427;
2017;02;17;22;0;0.000173907860;0.000176252778;0.000120348952;0.000236171075;
2017;02;17;23;0;0.000156432194;0.000210505761;0.000104674322;0.000217575813;
2017;02;17;24;0;0.000132306235;0.000223919947;0.000094959595;0.000187500909;
2017;02;18;1;0;0.000105748075;0.000217876663;0.000086535953;0.000170282854;
2017;02;18;2;0;0.000085531937;0.000202960109;0.000081669057;0.000175553466;
2017;02;18;3;0;0.000073812500;0.000188231799;0.000078680189;0.000173051851;
2017;02;18;4;0;0.000067375238;0.000179090951;0.000077070941;0.000165718998;
2017;02;18;5;0;0.000064707299;0.000174478656;0.000076647707;0.000157184358;
2017;02;18;6;0;0.000064801214;0.000180769308;0.000077770160;0.000157920599;
2017;02;18;7;0;0.000068560701;0.000184674808;0.000082254646;0.000159662370;
2017;02;18;8;0;0.000077781363;0.000171831407;0.000086192816;0.000145931205;
2017;02;18;9;0;0.000097996851;0.000125341554;0.000087671660;0.000071535020;
2017;02;18;10;0;0.000126350473;0.000119235786;0.000099999684;0.000058087487;
2017;02;18;11;0;0.000148876667;0.000119622481;0.000113602823;0.000062902702;
2017;02;18;12;0;0.000155319261;0.000106819064;0.000117755163;0.000061202372;
2017;02;18;13;0;0.000157207947;0.000081609131;0.000119454996;0.000059443498;
2017;02;18;14;0;0.000161745488;0.000080446438;0.000114423428;0.000056187484;
2017;02;18;15;0;0.000156731491;0.000079233871;0.000102680324;0.000058824038;
2017;02;18;16;0;0.000142978831;0.000073232794;0.000097493479;0.000054639054;
2017;02;18;17;0;0.000134266836;0.000069245057;0.000096485364;0.000048853156;
2017;02;18;18;0;0.000132129650;0.000068433361;0.000099901745;0.000047126594;
2017;02;18;19;0;0.000140884279;0.000086226540;0.000106413485;0.000059067088;
2017;02;18;20;0;0.000153971873;0.000154489394;0.000123814881;0.000195738809;
2017;02;18;21;0;0.000163308882;0.000168785926;0.000123560551;0.000227059445;
2017;02;18;22;0;0.000164500153;0.000173190908;0.000113289805;0.000230314017;
2017;02;18;23;0;0.000149637434;0.000210973000;0.000102661352;0.000210687358;
2017;02;18;24;0;0.000128510304;0.000223446399;0.000094834251;0.000183979961;
2017;02;19;1;0;0.000106339254;0.000217122391;0.000086602227;0.000169787900;
2017;02;19;2;0;0.000086995763;0.000201839657;0.000080874588;0.000171944856;
2017;02;19;3;0;0.000074492074;0.000187389787;0.000077732809;0.000166943038;
2017;02;19;4;0;0.000067608258;0.000177914105;0.000076178801;0.000161546359;
2017;02;19;5;0;0.000064451438;0.000173500709;0.000075503848;0.000154786745;
2017;02;19;6;0;0.000063914624;0.000179440005;0.000076305442;0.000153630753;
2017;02;19;7;0;0.000065658652;0.000182505150;0.000078535274;0.000157178897;
2017;02;19;8;0;0.000071541950;0.000169116206;0.000078645826;0.000146924182;
2017;02;19;9;0;0.000083917219;0.000118870044;0.000072520796;0.000067041789;
2017;02;19;10;0;0.000106796990;0.000111956589;0.000076024989;0.000051831143;
2017;02;19;11;0;0.000129051292;0.000116362254;0.000081403977;0.000056959004;
2017;02;19;12;0;0.000140215096;0.000107210381;0.000085861183;0.000060964106;
2017;02;19;13;0;0.000143824969;0.000082903232;0.000088897954;0.000057164855;
2017;02;19;14;0;0.000149827277;0.000080753086;0.000088542858;0.000055106388;
2017;02;19;15;0;0.000148277875;0.000078249846;0.000085344867;0.000056870819;
2017;02;19;16;0;0.000134821133;0.000070344205;0.000081965837;0.000052653352;
2017;02;19;17;0;0.000126575599;0.000066466457;0.000079474484;0.000048805723;
2017;02;19;18;0;0.000125374426;0.000066097197;0.000078450361;0.000046758108;
2017;02;19;19;0;0.000137822456;0.000086269669;0.000084187295;0.000063315195;
2017;02;19;20;0;0.000157419568;0.000156009899;0.000100146650;0.000202717727;
2017;02;19;21;0;0.000171578072;0.000171824370;0.000101326479;0.000231991638;
2017;02;19;22;0;0.000172217968;0.000176496740;0.000097216277;0.000233335848;
2017;02;19;23;0;0.000150788019;0.000212397636;0.000089801416;0.000212663713;
2017;02;19;24;0;0.000123254265;0.000222059166;0.000082960788;0.000183163347;
2017;02;20;1;0;0.000092811323;0.000210805551;0.000077181818;0.000165543075;
2017;02;20;2;0;0.000073812898;0.000195095800;0.000074910615;0.000170471904;
2017;02;20;3;0;0.000065147512;0.000181416681;0.000073369175;0.000165312310;
2017;02;20;4;0;0.000061119613;0.000172940060;0.000072902881;0.000159432884;
2017;02;20;5;0;0.000060192062;0.000169408223;0.000073270910;0.000154473777;
2017;02;20;6;0;0.000062255061;0.000176565457;0.000076032962;0.000156796609;
2017;02;20;7;0;0.000073975278;0.000185840781;0.000088092246;0.000161849874;
2017;02;20;8;0;0.000103577117;0.000183281413;0.000110978327;0.000156224828;
2017;02;20;9;0;0.000127229774;0.000136656065;0.000146457019;0.000081700562;
2017;02;20;10;0;0.000142136940;0.000120275029;0.000172463947;0.000062887743;
2017;02;20;11;0;0.000155619469;0.000114253718;0.000180175780;0.000061958486;
2017;02;20;12;0;0.000157759460;0.000099328807;0.000178794842;0.000059491335;
2017;02;20;13;0;0.000159633258;0.000076189956;0.000175396032;0.000058432941;
2017;02;20;14;0;0.000161484583;0.000075287045;0.000162662422;0.000055945668;
2017;02;20;15;0;0.000151782959;0.000073821384;0.000140776365;0.000054503015;
2017;02;20;16;0;0.000143220683;0.000070079817;0.000134180555;0.000048795697;
2017;02;20;17;0;0.000144093709;0.000067419100;0.000136640485;0.000047090742;
2017;02;20;18;0;0.000151774216;0.000068112960;0.000140306080;0.000051115561;
2017;02;20;19;0;0.000163516639;0.000087842418;0.000142914423;0.000066215175;
2017;02;20;20;0;0.000180951810;0.000158704785;0.000148850161;0.000203984274;
2017;02;20;21;0;0.000187007913;0.000175532004;0.000133191640;0.000235329485;
2017;02;20;22;0;0.000180338165;0.000179984137;0.000111880056;0.000238376281;
2017;02;20;23;0;0.000156278912;0.000214822195;0.000095412548;0.000217969847;
2017;02;20;24;0;0.000125111075;0.000221794129;0.000085611849;0.000185602218;
2017;02;21;1;0;0.000095094523;0.000212355884;0.000079733748;0.000170342119;
2017;02;21;2;0;0.000074793774;0.000196728320;0.000077213589;0.000176816605;
2017;02;21;3;0;0.000065916897;0.000182709577;0.000075647447;0.000172337990;
2017;02;21;4;0;0.000062110602;0.000174533903;0.000074747842;0.000166159615;
2017;02;21;5;0;0.000061178643;0.000171416373;0.000074938213;0.000159834626;
2017;02;21;6;0;0.000063396682;0.000178332599;0.000077680281;0.000158873987;
2017;02;21;7;0;0.000075224669;0.000186917115;0.000089514956;0.000163612172;
2017;02;21;8;0;0.000105687740;0.000185196002;0.000112664909;0.000159013347;
2017;02;21;9;0;0.000129191295;0.000138319855;0.000147375710;0.000083704697;
2017;02;21;10;0;0.000143359153;0.000120638453;0.000172444585;0.000065641072;
2017;02;21;11;0;0.000155208577;0.000113416710;0.000180414032;0.000063373161;
2017;02;21;12;0;0.000156251163;0.000098546477;0.000178909398;0.000059034341;
2017;02;21;13;0;0.000157866951;0.000075516752;0.000176579105;0.000055941732;
2017;02;21;14;0;0.000159621926;0.000074473739;0.000164707229;0.000055502232;
2017;02;21;15;0;0.000151035175;0.000073215660;0.000142616216;0.000053243435;
2017;02;21;16;0;0.000142958925;0.000069866039;0.000136252057;0.000048603843;
2017;02;21;17;0;0.000143331206;0.000067533784;0.000138429947;0.000045532319;
2017;02;21;18;0;0.000151474601;0.000068610272;0.000141479824;0.000050033504;
2017;02;21;19;0;0.000163295906;0.000087664865;0.000144552658;0.000064582587;
2017;02;21;20;0;0.000180925263;0.000158751518;0.000151284858;0.000203065327;
2017;02;21;21;0;0.000187194896;0.000175711455;0.000135151678;0.000237192910;
2017;02;21;22;0;0.000180111248;0.000180106415;0.000113887289;0.000241006059;
2017;02;21;23;0;0.000157004189;0.000214834798;0.000097024924;0.000219042570;
2017;02;21;24;0;0.000126211609;0.000222881747;0.000086606624;0.000187710602;
2017;02;22;1;0;0.000095252322;0.000212577616;0.000079892113;0.000170485254;
2017;02;22;2;0;0.000074966746;0.000197062171;0.000077417406;0.000177080594;
2017;02;22;3;0;0.000066062234;0.000182999952;0.000075838972;0.000172576729;
2017;02;22;4;0;0.000062229546;0.000174760731;0.000074915418;0.000166341676;
2017;02;22;5;0;0.000061318393;0.000171702408;0.000075133897;0.000160068729;
2017;02;22;6;0;0.000063534952;0.000178611773;0.000077875102;0.000159090292;
2017;02;22;7;0;0.000075272455;0.000186920970;0.000089601041;0.000163582224;
2017;02;22;8;0;0.000105743066;0.000185179139;0.000112760662;0.000158966486;
2017;02;22;9;0;0.000129235358;0.000138282043;0.000147474071;0.000083664772;
2017;02;22;10;0;0.000143527009;0.000120705520;0.000172702820;0.000065664188;
2017;02;22;11;0;0.000155344657;0.000113446425;0.000180631122;0.000063376855;
2017;02;22;12;0;0.000156449358;0.000098610871;0.000179194774;0.000059060886;
2017;02;22;13;0;0.000158062953;0.000075564069;0.000176856017;0.000055965384;
2017;02;22;14;0;0.000159769132;0.000074496635;0.000164912907;0.000055507987;
2017;02;22;15;0;0.000151263505;0.000073281307;0.000142878416;0.000053280321;
2017;02;22;16;0;0.000143180768;0.000069931477;0.000136508011;0.000048639458;
2017;02;22;17;0;0.000143523849;0.000067583015;0.000138661224;0.000045556232;
2017;02;22;18;0;0.000151652939;0.000068648858;0.000141692605;0.000050051448;
2017;02;22;19;0;0.000163559920;0.000087752667;0.000144833603;0.000064634105;
2017;02;22;20;0;0.000181061418;0.000158773404;0.000151448099;0.000203051960;
2017;02;22;21;0;0.000187196378;0.000175604919;0.000135196840;0.000237000820;
2017;02;22;22;0;0.000180236681;0.000180121143;0.000114003783;0.000240976679;
2017;02;22;23;0;0.000157087238;0.000214816409;0.000097107915;0.000218979215;
2017;02;22;24;0;0.000126312371;0.000222922677;0.000086704044;0.000187706837;
2017;02;23;1;0;0.000095716504;0.000213261700;0.000080422147;0.000170848310;
2017;02;23;2;0;0.000075249102;0.000197478583;0.000077845189;0.000177262244;
2017;02;23;3;0;0.000066307393;0.000183376530;0.000076253825;0.000172744226;
2017;02;23;4;0;0.000062467247;0.000175139322;0.000075333378;0.000166521156;
2017;02;23;5;0;0.000061527366;0.000172003793;0.000075522086;0.000160175714;
2017;02;23;6;0;0.000063773895;0.000178988198;0.000078304976;0.000159252598;
2017;02;23;7;0;0.000075521854;0.000187231392;0.000090055475;0.000163676106;
2017;02;23;8;0;0.000106081354;0.000185465567;0.000113319663;0.000159039624;
2017;02;23;9;0;0.000129678775;0.000138527953;0.000148239425;0.000083722617;
2017;02;23;10;0;0.000143974357;0.000120882302;0.000173544735;0.000065689008;
2017;02;23;11;0;0.000155984275;0.000113725902;0.000181692741;0.000063464051;
2017;02;23;12;0;0.000157290456;0.000098977722;0.000180473909;0.000059216284;
2017;02;23;13;0;0.000159040971;0.000075906390;0.000178262202;0.000056157921;
2017;02;23;14;0;0.000160890568;0.000074895968;0.000166361511;0.000055744985;
2017;02;23;15;0;0.000152248842;0.000073637175;0.000144061179;0.000053480970;
2017;02;23;16;0;0.000144122349;0.000070275415;0.000137646535;0.000048825645;
2017;02;23;17;0;0.000144546064;0.000067952250;0.000139893562;0.000045755426;
2017;02;23;18;0;0.000152714322;0.000069015451;0.000142934354;0.000050264132;
2017;02;23;19;0;0.000164605598;0.000088168227;0.000146015024;0.000064869725;
2017;02;23;20;0;0.000181992978;0.000159327429;0.000152494100;0.000203539410;
2017;02;23;21;0;0.000188067629;0.000176131633;0.000136064130;0.000237453769;
2017;02;23;22;0;0.000181008996;0.000180595011;0.000114692955;0.000241348500;
2017;02;23;23;0;0.000157743357;0.000215358346;0.000097684422;0.000219293461;
2017;02;23;24;0;0.000126891539;0.000223575959;0.000087254258;0.000188052659;
2017;02;24;1;0;0.000096880351;0.000214747477;0.000081948851;0.000169150957;
2017;02;24;2;0;0.000077411420;0.000198455425;0.000078900089;0.000173910508;
2017;02;24;3;0;0.000067387501;0.000184780110;0.000077094752;0.000170895069;
2017;02;24;4;0;0.000063090469;0.000176278678;0.000076063523;0.000163608868;
2017;02;24;5;0;0.000062103973;0.000172699679;0.000076212069;0.000158842169;
2017;02;24;6;0;0.000064031474;0.000179334674;0.000079159486;0.000160542452;
2017;02;24;7;0;0.000074806002;0.000186889690;0.000090784821;0.000163373802;
2017;02;24;8;0;0.000102710156;0.000184659020;0.000112873688;0.000157408165;
2017;02;24;9;0;0.000127405544;0.000140656944;0.000146864159;0.000085319527;
2017;02;24;10;0;0.000142669801;0.000121767938;0.000172102991;0.000063050060;
2017;02;24;11;0;0.000153712228;0.000114260207;0.000180017682;0.000060833609;
2017;02;24;12;0;0.000155827753;0.000099987604;0.000178937499;0.000060360265;
2017;02;24;13;0;0.000157055948;0.000076948865;0.000176204470;0.000057843728;
2017;02;24;14;0;0.000158584256;0.000074553569;0.000163702072;0.000056742641;
2017;02;24;15;0;0.000152115774;0.000073509651;0.000140560534;0.000055744392;
2017;02;24;16;0;0.000144192404;0.000069986860;0.000129981143;0.000052186214;
2017;02;24;17;0;0.000142746534;0.000067807016;0.000129484365;0.000048593520;
2017;02;24;18;0;0.000147797523;0.000068529090;0.000132065335;0.000050270922;
2017;02;24;19;0;0.000156956111;0.000084995694;0.000137209671;0.000061780201;
2017;02;24;20;0;0.000171319519;0.000151318458;0.000147877150;0.000187693693;
2017;02;24;21;0;0.000176071813;0.000170539097;0.000137281086;0.000229047002;
2017;02;24;22;0;0.000172477900;0.000175487633;0.000119043088;0.000235570136;
2017;02;24;23;0;0.000155012858;0.000209412149;0.000103449732;0.000216836048;
2017;02;24;24;0;0.000131127966;0.000222794311;0.000093864527;0.000186894995;
2017;02;25;1;0;0.000103987985;0.000215872122;0.000084584955;0.000169403729;
2017;02;25;2;0;0.000084187548;0.000201282209;0.000079902973;0.000174811626;
2017;02;25;3;0;0.000072643692;0.000186653500;0.000076969601;0.000172300125;
2017;02;25;4;0;0.000066301887;0.000177571952;0.000075387976;0.000164983012;
2017;02;25;5;0;0.000063653239;0.000172935715;0.000074946655;0.000156429231;
2017;02;25;6;0;0.000063731441;0.000179130876;0.000076027278;0.000157126970;
2017;02;25;7;0;0.000067453628;0.000183068184;0.000080440795;0.000158918329;
2017;02;25;8;0;0.000076458842;0.000170188365;0.000084218807;0.000145124818;
2017;02;25;9;0;0.000096384477;0.000124212471;0.000085711689;0.000071179516;
2017;02;25;10;0;0.000124322100;0.000118209733;0.000097803849;0.000057822306;
2017;02;25;11;0;0.000146388459;0.000118513591;0.000111033793;0.000062573559;
2017;02;25;12;0;0.000152768029;0.000105859803;0.000115125881;0.000060899926;
2017;02;25;13;0;0.000154590463;0.000080857835;0.000116761151;0.000059136268;
2017;02;25;14;0;0.000158963782;0.000079661409;0.000111780698;0.000055865919;
2017;02;25;15;0;0.000153936771;0.000078410122;0.000100244184;0.000058449701;
2017;02;25;16;0;0.000140502660;0.000072509274;0.000095230097;0.000054319696;
2017;02;25;17;0;0.000131951956;0.000068566346;0.000094252823;0.000048571448;
2017;02;25;18;0;0.000129793604;0.000067732331;0.000097546553;0.000046833910;
2017;02;25;19;0;0.000138039066;0.000085124699;0.000103638708;0.000058549932;
2017;02;25;20;0;0.000150861910;0.000152514815;0.000120586004;0.000194024469;
2017;02;25;21;0;0.000160234016;0.000166861558;0.000120506534;0.000225385429;
2017;02;25;22;0;0.000161472267;0.000171289948;0.000110537163;0.000228714321;
2017;02;25;23;0;0.000146941862;0.000208740788;0.000100207013;0.000209307658;
2017;02;25;24;0;0.000126232561;0.000221147459;0.000092594355;0.000182829098;
2017;02;26;1;0;0.000105029797;0.000215532581;0.000085180220;0.000169006187;
2017;02;26;2;0;0.000086009202;0.000200559258;0.000079625042;0.000171321929;
2017;02;26;3;0;0.000073668256;0.000186254014;0.000076553572;0.000166385543;
2017;02;26;4;0;0.000066836850;0.000176773031;0.000074996525;0.000160949769;
2017;02;26;5;0;0.000063725675;0.000172413981;0.000074343276;0.000154238414;
2017;02;26;6;0;0.000063203827;0.000178341248;0.000075143154;0.000153108127;
2017;02;26;7;0;0.000064940420;0.000181421041;0.000077353269;0.000156673059;
2017;02;26;8;0;0.000070773875;0.000168146111;0.000077478046;0.000146481384;
2017;02;26;9;0;0.000083030689;0.000118208684;0.000071456362;0.000066851339;
2017;02;26;10;0;0.000105684286;0.000111350062;0.000074920135;0.000051691501;
2017;02;26;11;0;0.000127639024;0.000115670507;0.000080178424;0.000056775433;
2017;02;26;12;0;0.000138617022;0.000106524138;0.000084529721;0.000060739743;
2017;02;26;13;0;0.000142059850;0.000082299638;0.000087441904;0.000056904043;
2017;02;26;14;0;0.000147943720;0.000080140893;0.000087066275;0.000054838371;
2017;02;26;15;0;0.000146331156;0.000077612798;0.000083874246;0.000056562277;
2017;02;26;16;0;0.000133063410;0.000069777981;0.000080560904;0.000052372542;
2017;02;26;17;0;0.000125090279;0.000066018477;0.000078215363;0.000048609513;
2017;02;26;18;0;0.000123842806;0.000065619704;0.000077169831;0.000046547430;
2017;02;26;19;0;0.000136052107;0.000085591929;0.000082760407;0.000062989794;
2017;02;26;20;0;0.000155415060;0.000154801775;0.000098460398;0.000201698683;
2017;02;26;21;0;0.000169389459;0.000170489939;0.000099618116;0.000230820235;
2017;02;26;22;0;0.000170112053;0.000175219611;0.000095628290;0.000232281725;
2017;02;26;23;0;0.000149112360;0.000211098859;0.000088434305;0.000211942061;
2017;02;26;24;0;0.000121942769;0.000220806676;0.000081736821;0.000182628949;
2017;02;27;1;0;0.000091053463;0.000208760355;0.000075137779;0.000164747930;
2017;02;27;2;0;0.000072418688;0.000193213200;0.000072930568;0.000169662026;
2017;02;27;3;0;0.000063923966;0.000179685724;0.000071437682;0.000164544933;
2017;02;27;4;0;0.000059962806;0.000171264532;0.000070973118;0.000158669222;
2017;02;27;5;0;0.000059043725;0.000167741102;0.000071320431;0.000153710216;
2017;02;27;6;0;0.000061022122;0.000174698373;0.000073954123;0.000155905971;
2017;02;27;7;0;0.000072451555;0.000183726838;0.000085614362;0.000160800319;
2017;02;27;8;0;0.000101104966;0.000180591609;0.000107496588;0.000154693535;
2017;02;27;9;0;0.000124041817;0.000134486519;0.000141689410;0.000080801207;
2017;02;27;10;0;0.000138867933;0.000118615367;0.000167201885;0.000062326746;
2017;02;27;11;0;0.000152113317;0.000112731199;0.000174762222;0.000061435238;
2017;02;27;12;0;0.000154242977;0.000098029251;0.000173465381;0.000059003414;
2017;02;27;13;0;0.000156128454;0.000075218884;0.000170226153;0.000057973547;
2017;02;27;14;0;0.000157979242;0.000074346356;0.000157907963;0.000055519924;
2017;02;27;15;0;0.000148489919;0.000072899847;0.000136663187;0.000054088871;
2017;02;27;16;0;0.000139985573;0.000069141847;0.000130141247;0.000048380739;
2017;02;27;17;0;0.000140866416;0.000066529747;0.000132553036;0.000046699413;
2017;02;27;18;0;0.000148383918;0.000067218539;0.000136117251;0.000050693866;
2017;02;27;19;0;0.000159767539;0.000086636591;0.000138564026;0.000065629269;
2017;02;27;20;0;0.000176821479;0.000156542615;0.000144334196;0.000202200496;
2017;02;27;21;0;0.000182723064;0.000173125154;0.000129139229;0.000233250814;
2017;02;27;22;0;0.000176271229;0.000177581816;0.000108516132;0.000236357979;
2017;02;27;23;0;0.000152821713;0.000212048063;0.000092584443;0.000216219343;
2017;02;27;24;0;0.000122386759;0.000219007607;0.000083103707;0.000184176952;
2017;02;28;1;0;0.000092768436;0.000209636045;0.000077067415;0.000169152635;
2017;02;28;2;0;0.000072977313;0.000194243384;0.000074644884;0.000175613325;
2017;02;28;3;0;0.000064336810;0.000180460024;0.000073154480;0.000171220511;
2017;02;28;4;0;0.000060580568;0.000172267887;0.000072235409;0.000164970036;
2017;02;28;5;0;0.000059680560;0.000169216333;0.000072430297;0.000158714247;
2017;02;28;6;0;0.000061857315;0.000176080882;0.000075096416;0.000157793579;
2017;02;28;7;0;0.000073218167;0.000184104566;0.000086325290;0.000162101176;
2017;02;28;8;0;0.000102497051;0.000181750367;0.000108257828;0.000156975666;
2017;02;28;9;0;0.000125204318;0.000135652409;0.000141512842;0.000082574866;
2017;02;28;10;0;0.000139272970;0.000118599838;0.000165987297;0.000064912610;
2017;02;28;11;0;0.000150907241;0.000111590786;0.000173799514;0.000062720820;
2017;02;28;12;0;0.000152269760;0.000097182583;0.000172745778;0.000058560816;
2017;02;28;13;0;0.000153940036;0.000074517897;0.000170601779;0.000055527518;
2017;02;28;14;0;0.000155709444;0.000073516106;0.000159191161;0.000055111832;
2017;02;28;15;0;0.000147357673;0.000072286228;0.000137862911;0.000052877719;
2017;02;28;16;0;0.000139354071;0.000068917805;0.000131593772;0.000048227083;
2017;02;28;17;0;0.000139684217;0.000066601590;0.000133665867;0.000045168779;
2017;02;28;18;0;0.000147612737;0.000067659702;0.000136603683;0.000049631446;
2017;02;28;19;0;0.000159000304;0.000086378399;0.000139454528;0.000064010333;
2017;02;28;20;0;0.000175959227;0.000156238352;0.000145778064;0.000201029875;
2017;02;28;21;0;0.000182016513;0.000172891559;0.000130203336;0.000234763450;
2017;02;28;22;0;0.000175276782;0.000177365713;0.000109810203;0.000238739078;
2017;02;28;23;0;0.000152868235;0.000211674024;0.000093599430;0.000217093355;
2017;02;28;24;0;0.000123038563;0.000219873746;0.000083652117;0.000186269926;
