AŃO;MES;DIA;HORA;VERANO(1)/INVIERNO(0);COEF. PERFIL A;COEF. PERFIL B;COEF. PERFIL C;COEF. PERFIL D;
2016;11;01;1;0;0.000087387109;0.000171030315;0.000080892639;0.000160392860;
2016;11;01;2;0;0.000072720050;0.000159158504;0.000076047194;0.000161678830;
2016;11;01;3;0;0.000063394168;0.000150021731;0.000073321713;0.000158343276;
2016;11;01;4;0;0.000058544910;0.000144154223;0.000071653401;0.000154037705;
2016;11;01;5;0;0.000056341680;0.000141536326;0.000071563885;0.000150067608;
2016;11;01;6;0;0.000055916528;0.000145010056;0.000072384688;0.000150357469;
2016;11;01;7;0;0.000057947060;0.000147478678;0.000074306999;0.000148638241;
2016;11;01;8;0;0.000063594394;0.000119394231;0.000072026534;0.000121609826;
2016;11;01;9;0;0.000076268177;0.000078370916;0.000067435597;0.000052388980;
2016;11;01;10;0;0.000096305279;0.000081657805;0.000071584939;0.000045676448;
2016;11;01;11;0;0.000113248872;0.000087034251;0.000076691721;0.000048993766;
2016;11;01;12;0;0.000120280321;0.000083298240;0.000081050902;0.000052707588;
2016;11;01;13;0;0.000123252043;0.000070682721;0.000083882903;0.000050876007;
2016;11;01;14;0;0.000128636686;0.000070847394;0.000083538341;0.000051308770;
2016;11;01;15;0;0.000127601827;0.000069321839;0.000080679756;0.000052688814;
2016;11;01;16;0;0.000113864200;0.000062515902;0.000078163331;0.000048133787;
2016;11;01;17;0;0.000107578019;0.000058730399;0.000076012597;0.000045864426;
2016;11;01;18;0;0.000110142479;0.000065102045;0.000077565496;0.000054766218;
2016;11;01;19;0;0.000126885297;0.000134331395;0.000092997604;0.000173367658;
2016;11;01;20;0;0.000137438609;0.000159038929;0.000097555882;0.000232094961;
2016;11;01;21;0;0.000144241045;0.000162922034;0.000097234954;0.000233301716;
2016;11;01;22;0;0.000142476758;0.000164668894;0.000092702537;0.000224120780;
2016;11;01;23;0;0.000123658547;0.000182413635;0.000085976862;0.000185924840;
2016;11;01;24;0;0.000100570251;0.000180202005;0.000079711983;0.000169006174;
2016;11;02;1;0;0.000078431692;0.000174761183;0.000070602072;0.000161262877;
2016;11;02;2;0;0.000062884173;0.000160812657;0.000068207252;0.000166632482;
2016;11;02;3;0;0.000056391611;0.000151481897;0.000067039699;0.000159952562;
2016;11;02;4;0;0.000053639445;0.000146809290;0.000066620841;0.000153627013;
2016;11;02;5;0;0.000052972822;0.000144798681;0.000066689530;0.000150506062;
2016;11;02;6;0;0.000054866672;0.000150489690;0.000069357166;0.000150861447;
2016;11;02;7;0;0.000065321099;0.000157584164;0.000079435803;0.000151567751;
2016;11;02;8;0;0.000092077468;0.000146633297;0.000094335597;0.000135702814;
2016;11;02;9;0;0.000110565536;0.000103668221;0.000120222755;0.000066375367;
2016;11;02;10;0;0.000119474944;0.000094002451;0.000141443554;0.000054070751;
2016;11;02;11;0;0.000127509449;0.000088592003;0.000149354239;0.000054538807;
2016;11;02;12;0;0.000128638014;0.000079363669;0.000149799862;0.000053963727;
2016;11;02;13;0;0.000131101627;0.000065488186;0.000149596502;0.000053176010;
2016;11;02;14;0;0.000134238870;0.000066761724;0.000139977725;0.000053647803;
2016;11;02;15;0;0.000127354966;0.000065183251;0.000121624951;0.000052657333;
2016;11;02;16;0;0.000120012607;0.000062065346;0.000117940664;0.000047543967;
2016;11;02;17;0;0.000120263265;0.000060449240;0.000121852141;0.000045168873;
2016;11;02;18;0;0.000130418132;0.000068646431;0.000130283617;0.000052472063;
2016;11;02;19;0;0.000148301073;0.000139609844;0.000144400099;0.000177488339;
2016;11;02;20;0;0.000157422990;0.000162873111;0.000138616689;0.000233516145;
2016;11;02;21;0;0.000159775918;0.000168830441;0.000122702040;0.000236488925;
2016;11;02;22;0;0.000152335022;0.000170277410;0.000103348789;0.000229315732;
2016;11;02;23;0;0.000130838777;0.000192204203;0.000088103840;0.000192373495;
2016;11;02;24;0;0.000104220805;0.000190179810;0.000078794960;0.000173160607;
2016;11;03;1;0;0.000080453547;0.000177505437;0.000072897117;0.000163140238;
2016;11;03;2;0;0.000064500091;0.000163324852;0.000070418833;0.000168558911;
2016;11;03;3;0;0.000057802263;0.000153746114;0.000069167438;0.000161694265;
2016;11;03;4;0;0.000054946133;0.000148908493;0.000068691384;0.000155200644;
2016;11;03;5;0;0.000054245412;0.000146820796;0.000068739576;0.000151997682;
2016;11;03;6;0;0.000056145771;0.000152485398;0.000071439610;0.000152250870;
2016;11;03;7;0;0.000066683967;0.000159291861;0.000081625063;0.000152597643;
2016;11;03;8;0;0.000093803594;0.000147914851;0.000096734415;0.000136341490;
2016;11;03;9;0;0.000112546021;0.000104488644;0.000123178907;0.000066633157;
2016;11;03;10;0;0.000121541584;0.000094689169;0.000144833997;0.000054247975;
2016;11;03;11;0;0.000129683563;0.000089217523;0.000152897160;0.000054704276;
2016;11;03;12;0;0.000130788276;0.000079897703;0.000153302839;0.000054109622;
2016;11;03;13;0;0.000133314177;0.000065939293;0.000153118967;0.000053328219;
2016;11;03;14;0;0.000136482410;0.000067210792;0.000143250658;0.000053792709;
2016;11;03;15;0;0.000129495029;0.000065627567;0.000124479889;0.000052804283;
2016;11;03;16;0;0.000121985920;0.000062466200;0.000120666219;0.000047659703;
2016;11;03;17;0;0.000122312914;0.000060875598;0.000124741736;0.000045305576;
2016;11;03;18;0;0.000132670203;0.000069145903;0.000133402670;0.000052642516;
2016;11;03;19;0;0.000150885017;0.000140647150;0.000147879718;0.000178092129;
2016;11;03;20;0;0.000160071874;0.000163986968;0.000141873633;0.000234173022;
2016;11;03;21;0;0.000162431444;0.000169950565;0.000125559583;0.000237106067;
2016;11;03;22;0;0.000154981139;0.000171533598;0.000105833651;0.000230083787;
2016;11;03;23;0;0.000133211784;0.000193768029;0.000090290135;0.000193163240;
2016;11;03;24;0;0.000106085372;0.000191680777;0.000080730718;0.000173829410;
2016;11;04;1;0;0.000084049116;0.000184945835;0.000075850517;0.000164526781;
2016;11;04;2;0;0.000068015879;0.000170355023;0.000073238649;0.000168994445;
2016;11;04;3;0;0.000060182805;0.000159927812;0.000071855770;0.000163092586;
2016;11;04;4;0;0.000056811664;0.000154370616;0.000070938691;0.000156079212;
2016;11;04;5;0;0.000056086056;0.000151618917;0.000071456490;0.000154416064;
2016;11;04;6;0;0.000058105999;0.000156887348;0.000073664075;0.000154483738;
2016;11;04;7;0;0.000068685773;0.000164374983;0.000084101987;0.000156622207;
2016;11;04;8;0;0.000095657435;0.000154429720;0.000099806023;0.000144116497;
2016;11;04;9;0;0.000115952619;0.000109947751;0.000126101374;0.000067906058;
2016;11;04;10;0;0.000125444940;0.000099248693;0.000148275141;0.000055256924;
2016;11;04;11;0;0.000134552157;0.000093026616;0.000156203130;0.000058926419;
2016;11;04;12;0;0.000135982342;0.000083797490;0.000156775491;0.000058141456;
2016;11;04;13;0;0.000138851878;0.000068789970;0.000157262387;0.000052232147;
2016;11;04;14;0;0.000141928091;0.000069584054;0.000147061494;0.000054597300;
2016;11;04;15;0;0.000135528268;0.000068823504;0.000127490054;0.000056585904;
2016;11;04;16;0;0.000128975233;0.000065659922;0.000120311974;0.000053220271;
2016;11;04;17;0;0.000129279537;0.000063430314;0.000121674786;0.000051883415;
2016;11;04;18;0;0.000138375139;0.000073294013;0.000129691284;0.000054142790;
2016;11;04;19;0;0.000153755318;0.000145606274;0.000145210066;0.000185503148;
2016;11;04;20;0;0.000158791255;0.000165353395;0.000141270277;0.000234912560;
2016;11;04;21;0;0.000157771547;0.000169467034;0.000129808833;0.000232609363;
2016;11;04;22;0;0.000152536628;0.000172175507;0.000112560726;0.000229822192;
2016;11;04;23;0;0.000134972315;0.000198153370;0.000097787057;0.000196232186;
2016;11;04;24;0;0.000112830156;0.000201178222;0.000088843759;0.000176025528;
2016;11;05;1;0;0.000091466347;0.000189560627;0.000081137748;0.000164281990;
2016;11;05;2;0;0.000075028310;0.000176021411;0.000076460529;0.000169510901;
2016;11;05;3;0;0.000065330007;0.000164140079;0.000073968733;0.000165330641;
2016;11;05;4;0;0.000060271060;0.000156924383;0.000072988464;0.000161255880;
2016;11;05;5;0;0.000058249392;0.000153999296;0.000072519465;0.000154221518;
2016;11;05;6;0;0.000058183009;0.000158830658;0.000073464892;0.000152260380;
2016;11;05;7;0;0.000061821894;0.000161400177;0.000077549659;0.000151652437;
2016;11;05;8;0;0.000070299031;0.000140556764;0.000079610843;0.000133824279;
2016;11;05;9;0;0.000089010304;0.000097204339;0.000080896870;0.000057588214;
2016;11;05;10;0;0.000114726051;0.000098648307;0.000091507850;0.000049428774;
2016;11;05;11;0;0.000132865155;0.000100104265;0.000102515259;0.000055611103;
2016;11;05;12;0;0.000137662637;0.000091396469;0.000107217257;0.000057125649;
2016;11;05;13;0;0.000139568703;0.000073954626;0.000109404710;0.000054805560;
2016;11;05;14;0;0.000144296126;0.000074128806;0.000105166900;0.000054081379;
2016;11;05;15;0;0.000140807029;0.000073401787;0.000094904415;0.000056074176;
2016;11;05;16;0;0.000127515154;0.000067901450;0.000090463647;0.000053618543;
2016;11;05;17;0;0.000120508557;0.000064884348;0.000090050455;0.000048611369;
2016;11;05;18;0;0.000122418975;0.000073059435;0.000097439303;0.000051733804;
2016;11;05;19;0;0.000136098643;0.000143401706;0.000114594893;0.000179540727;
2016;11;05;20;0;0.000141962927;0.000162157835;0.000119078895;0.000228855289;
2016;11;05;21;0;0.000146057264;0.000164862565;0.000116626011;0.000231286299;
2016;11;05;22;0;0.000145532338;0.000167487236;0.000106013514;0.000226616841;
2016;11;05;23;0;0.000132468828;0.000193869530;0.000095658796;0.000190798657;
2016;11;05;24;0;0.000112746542;0.000197454625;0.000088991989;0.000172312962;
2016;11;06;1;0;0.000088500837;0.000172280724;0.000082286566;0.000161119711;
2016;11;06;2;0;0.000073610185;0.000160242301;0.000077319113;0.000162330652;
2016;11;06;3;0;0.000064150224;0.000150996414;0.000074524901;0.000158932288;
2016;11;06;4;0;0.000059185336;0.000144949237;0.000072758161;0.000154459865;
2016;11;06;5;0;0.000056943041;0.000142279512;0.000072648174;0.000150439354;
2016;11;06;6;0;0.000056516408;0.000145779367;0.000073485388;0.000150738085;
2016;11;06;7;0;0.000058482778;0.000148043522;0.000075326232;0.000148795836;
2016;11;06;8;0;0.000064215276;0.000119913050;0.000073051975;0.000121801272;
2016;11;06;9;0;0.000077002520;0.000078700969;0.000068386552;0.000052464453;
2016;11;06;10;0;0.000097321003;0.000082076300;0.000072660448;0.000045783864;
2016;11;06;11;0;0.000114528750;0.000087545619;0.000077902079;0.000049145651;
2016;11;06;12;0;0.000121700081;0.000083829274;0.000082370949;0.000052897247;
2016;11;06;13;0;0.000124780282;0.000071175198;0.000085299251;0.000051089128;
2016;11;06;14;0;0.000130217406;0.000071333193;0.000084939554;0.000051518053;
2016;11;06;15;0;0.000129232823;0.000069831215;0.000082073025;0.000052929525;
2016;11;06;16;0;0.000115301369;0.000062965312;0.000079500573;0.000048346043;
2016;11;06;17;0;0.000108944059;0.000059157055;0.000077318872;0.000046070148;
2016;11;06;18;0;0.000111559495;0.000065585813;0.000078911481;0.000055020949;
2016;11;06;19;0;0.000128429904;0.000135237137;0.000094546737;0.000174055028;
2016;11;06;20;0;0.000139116995;0.000160117376;0.000099184732;0.000233024068;
2016;11;06;21;0;0.000146051150;0.000164081468;0.000098891387;0.000234313705;
2016;11;06;22;0;0.000144457560;0.000166062436;0.000094407783;0.000225393822;
2016;11;06;23;0;0.000125467807;0.000184089514;0.000087621299;0.000187115264;
2016;11;06;24;0;0.000102125932;0.000182007675;0.000081303649;0.000170228669;
2016;11;07;1;0;0.000080126552;0.000175309141;0.000074326444;0.000157751062;
2016;11;07;2;0;0.000065524716;0.000161895506;0.000072281412;0.000161194129;
2016;11;07;3;0;0.000058674129;0.000152996087;0.000071003798;0.000155254468;
2016;11;07;4;0;0.000055829027;0.000147740151;0.000070440216;0.000151298840;
2016;11;07;5;0;0.000054798001;0.000145440881;0.000070746475;0.000148037453;
2016;11;07;6;0;0.000056834247;0.000150720691;0.000073239069;0.000149589083;
2016;11;07;7;0;0.000067238152;0.000156961918;0.000083685870;0.000150873419;
2016;11;07;8;0;0.000094147450;0.000142680631;0.000098368557;0.000132169048;
2016;11;07;9;0;0.000113163956;0.000100391791;0.000124497473;0.000066901435;
2016;11;07;10;0;0.000124247159;0.000092513832;0.000146614861;0.000055523703;
2016;11;07;11;0;0.000133289203;0.000088530117;0.000154923786;0.000055651330;
2016;11;07;12;0;0.000134885155;0.000080455736;0.000155129347;0.000055294526;
2016;11;07;13;0;0.000137741636;0.000067795372;0.000155635319;0.000055565460;
2016;11;07;14;0;0.000141580630;0.000068916317;0.000146027899;0.000058059558;
2016;11;07;15;0;0.000134660040;0.000067118534;0.000127182715;0.000054146277;
2016;11;07;16;0;0.000125640086;0.000063239316;0.000124202024;0.000048921307;
2016;11;07;17;0;0.000125777571;0.000061733990;0.000128336223;0.000047534597;
2016;11;07;18;0;0.000136719557;0.000069552681;0.000137156324;0.000058680223;
2016;11;07;19;0;0.000155133582;0.000141649345;0.000152218598;0.000179452024;
2016;11;07;20;0;0.000164282532;0.000165699754;0.000145690956;0.000235527493;
2016;11;07;21;0;0.000166490795;0.000171062876;0.000129797977;0.000234162468;
2016;11;07;22;0;0.000159394551;0.000173457930;0.000109361229;0.000226724228;
2016;11;07;23;0;0.000136313543;0.000193855581;0.000093385313;0.000191404165;
2016;11;07;24;0;0.000107514303;0.000190667393;0.000083309904;0.000174179522;
2016;11;08;1;0;0.000084296188;0.000181975960;0.000077714853;0.000165436916;
2016;11;08;2;0;0.000067535861;0.000167326992;0.000075022904;0.000170818310;
2016;11;08;3;0;0.000060538528;0.000157554488;0.000073708851;0.000163904253;
2016;11;08;4;0;0.000057544074;0.000152588765;0.000073197571;0.000157313351;
2016;11;08;5;0;0.000056815108;0.000150462413;0.000073255226;0.000154080042;
2016;11;08;6;0;0.000058803456;0.000156262106;0.000076129996;0.000154331356;
2016;11;08;7;0;0.000069865758;0.000163296228;0.000087015659;0.000154738850;
2016;11;08;8;0;0.000098408015;0.000151831678;0.000103257816;0.000138435547;
2016;11;08;9;0;0.000118209205;0.000107381598;0.000131640169;0.000067736091;
2016;11;08;10;0;0.000127685252;0.000097332027;0.000154816518;0.000055157931;
2016;11;08;11;0;0.000136219276;0.000091694526;0.000163412014;0.000055613919;
2016;11;08;12;0;0.000137356671;0.000082102211;0.000163818171;0.000055000170;
2016;11;08;13;0;0.000139889985;0.000067700861;0.000163482102;0.000054159663;
2016;11;08;14;0;0.000143175103;0.000068987348;0.000152903835;0.000054616369;
2016;11;08;15;0;0.000135840912;0.000067360207;0.000132864089;0.000053611163;
2016;11;08;16;0;0.000128011737;0.000064139385;0.000128841782;0.000048406090;
2016;11;08;17;0;0.000128361019;0.000062509166;0.000133199796;0.000046017296;
2016;11;08;18;0;0.000139317793;0.000071045940;0.000142537340;0.000053503035;
2016;11;08;19;0;0.000158516143;0.000144576576;0.000158076360;0.000181084258;
2016;11;08;20;0;0.000168213939;0.000168614883;0.000151697903;0.000238172932;
2016;11;08;21;0;0.000170872471;0.000174929971;0.000134394901;0.000241408886;
2016;11;08;22;0;0.000163136575;0.000176669388;0.000113351481;0.000234405121;
2016;11;08;23;0;0.000140262467;0.000199627592;0.000096731977;0.000196848405;
2016;11;08;24;0;0.000111586163;0.000197275440;0.000086402158;0.000176964717;
2016;11;09;1;0;0.000084942378;0.000182968757;0.000078396096;0.000166216940;
2016;11;09;2;0;0.000068073918;0.000168290170;0.000075703178;0.000171675020;
2016;11;09;3;0;0.000060957946;0.000158298094;0.000074300552;0.000164556510;
2016;11;09;4;0;0.000057922955;0.000153256569;0.000073759965;0.000157885434;
2016;11;09;5;0;0.000057149220;0.000151015293;0.000073766472;0.000154532288;
2016;11;09;6;0;0.000059156145;0.000156854551;0.000076670227;0.000154802355;
2016;11;09;7;0;0.000070211264;0.000163743853;0.000087541455;0.000155048711;
2016;11;09;8;0;0.000098748316;0.000152022566;0.000103728022;0.000138507480;
2016;11;09;9;0;0.000118540247;0.000107446143;0.000132152958;0.000067726875;
2016;11;09;10;0;0.000128030857;0.000097381424;0.000155405054;0.000055145269;
2016;11;09;11;0;0.000136646650;0.000091780468;0.000164103685;0.000055625035;
2016;11;09;12;0;0.000137824709;0.000082201288;0.000164555852;0.000055025974;
2016;11;09;13;0;0.000140362578;0.000067780590;0.000164213499;0.000054183499;
2016;11;09;14;0;0.000143732905;0.000069104223;0.000153667140;0.000054668594;
2016;11;09;15;0;0.000136380026;0.000067479217;0.000133537034;0.000053666317;
2016;11;09;16;0;0.000128533119;0.000064259373;0.000129507795;0.000048460918;
2016;11;09;17;0;0.000128846360;0.000062607900;0.000133849418;0.000046056027;
2016;11;09;18;0;0.000139826866;0.000071149154;0.000143214376;0.000053541291;
2016;11;09;19;0;0.000158980989;0.000144682522;0.000158713019;0.000181083455;
2016;11;09;20;0;0.000168632338;0.000168663545;0.000152241266;0.000238066158;
2016;11;09;21;0;0.000171227197;0.000174908658;0.000134820945;0.000241201652;
2016;11;09;22;0;0.000163421551;0.000176589847;0.000113673470;0.000234126980;
2016;11;09;23;0;0.000140591448;0.000199656952;0.000097064725;0.000196732318;
2016;11;09;24;0;0.000111877656;0.000197356971;0.000086722449;0.000176907433;
2016;11;10;1;0;0.000084935409;0.000182880002;0.000078425396;0.000166098484;
2016;11;10;2;0;0.000068004343;0.000168050408;0.000075660278;0.000171391401;
2016;11;10;3;0;0.000060894529;0.000158069672;0.000074257087;0.000164281644;
2016;11;10;4;0;0.000057900173;0.000153134543;0.000073764563;0.000157723802;
2016;11;10;5;0;0.000057144898;0.000150943007;0.000073794515;0.000154423150;
2016;11;10;6;0;0.000059167892;0.000156822466;0.000076720408;0.000154735450;
2016;11;10;7;0;0.000070310582;0.000163909387;0.000087705248;0.000155170115;
2016;11;10;8;0;0.000099099529;0.000152501764;0.000104144396;0.000138912441;
2016;11;10;9;0;0.000118952650;0.000107776491;0.000132673169;0.000067919636;
2016;11;10;10;0;0.000128431721;0.000097646951;0.000155962687;0.000055283042;
2016;11;10;11;0;0.000137013933;0.000091990066;0.000164619773;0.000055739371;
2016;11;10;12;0;0.000138043270;0.000082298457;0.000164891931;0.000055078476;
2016;11;10;13;0;0.000140568881;0.000067852853;0.000164529821;0.000054228915;
2016;11;10;14;0;0.000143815149;0.000069115895;0.000153825155;0.000054665378;
2016;11;10;15;0;0.000136420909;0.000067472238;0.000133637953;0.000053648549;
2016;11;10;16;0;0.000128542547;0.000064238184;0.000129576332;0.000048433908;
2016;11;10;17;0;0.000128880785;0.000062599386;0.000133946210;0.000046039279;
2016;11;10;18;0;0.000139846799;0.000071130615;0.000143300084;0.000053515152;
2016;11;10;19;0;0.000159189079;0.000144813505;0.000158993201;0.000181206124;
2016;11;10;20;0;0.000168874082;0.000168837254;0.000152529008;0.000238257084;
2016;11;10;21;0;0.000171495420;0.000175112039;0.000135093691;0.000241427134;
2016;11;10;22;0;0.000163682928;0.000176800995;0.000113907179;0.000234353552;
2016;11;10;23;0;0.000140853175;0.000199948012;0.000097289749;0.000196974256;
2016;11;10;24;0;0.000112161518;0.000197777966;0.000086982116;0.000177244439;
2016;11;11;1;0;0.000087194645;0.000188839925;0.000079588800;0.000166768017;
2016;11;11;2;0;0.000070499718;0.000173789929;0.000076781066;0.000171146882;
2016;11;11;3;0;0.000062341124;0.000163049245;0.000075283638;0.000165065349;
2016;11;11;4;0;0.000058853620;0.000157395715;0.000074328538;0.000157979317;
2016;11;11;5;0;0.000058072772;0.000154512510;0.000074833505;0.000156217482;
2016;11;11;6;0;0.000060165640;0.000159885133;0.000077147179;0.000156289510;
2016;11;11;7;0;0.000071133519;0.000167546679;0.000088094848;0.000158482145;
2016;11;11;8;0;0.000099095905;0.000157456453;0.000104575627;0.000145871407;
2016;11;11;9;0;0.000120024046;0.000112012541;0.000132021381;0.000068677696;
2016;11;11;10;0;0.000129915745;0.000101164009;0.000155315119;0.000055913264;
2016;11;11;11;0;0.000139245680;0.000094752546;0.000163499921;0.000059582760;
2016;11;11;12;0;0.000140455582;0.000085188329;0.000163783976;0.000058676187;
2016;11;11;13;0;0.000143200146;0.000069824755;0.000164041343;0.000052631903;
2016;11;11;14;0;0.000146214894;0.000070554640;0.000153235353;0.000054955848;
2016;11;11;15;0;0.000139593993;0.000069769597;0.000132815847;0.000056946180;
2016;11;11;16;0;0.000132895343;0.000066588066;0.000125385999;0.000053579668;
2016;11;11;17;0;0.000133237077;0.000064340550;0.000126833112;0.000052244835;
2016;11;11;18;0;0.000142674026;0.000074378591;0.000135249101;0.000054543999;
2016;11;11;19;0;0.000158795953;0.000148006904;0.000151685042;0.000187188889;
2016;11;11;20;0;0.000164056557;0.000168140652;0.000147623181;0.000237133411;
2016;11;11;21;0;0.000163093380;0.000172419141;0.000135721498;0.000234938579;
2016;11;11;22;0;0.000157811721;0.000175319040;0.000117784665;0.000232314637;
2016;11;11;23;0;0.000139771732;0.000201961557;0.000102421888;0.000198547484;
2016;11;11;24;0;0.000116847604;0.000205053972;0.000093058982;0.000178110603;
2016;11;12;1;0;0.000094201975;0.000192745205;0.000084368394;0.000166002455;
2016;11;12;2;0;0.000077153938;0.000178704382;0.000079383162;0.000171023759;
2016;11;12;3;0;0.000067175605;0.000166628887;0.000076790098;0.000166793113;
2016;11;12;4;0;0.000061929845;0.000159190945;0.000075718769;0.000162567078;
2016;11;12;5;0;0.000059787856;0.000156054787;0.000075150927;0.000155307505;
2016;11;12;6;0;0.000059745071;0.000161018958;0.000076162976;0.000153397646;
2016;11;12;7;0;0.000063500975;0.000163673685;0.000080422235;0.000152831670;
2016;11;12;8;0;0.000072327331;0.000142771533;0.000082695805;0.000135087105;
2016;11;12;9;0;0.000091657490;0.000098821194;0.000084104175;0.000058181802;
2016;11;12;10;0;0.000118072261;0.000100233349;0.000095082884;0.000049910458;
2016;11;12;11;0;0.000136560363;0.000101578762;0.000106380061;0.000056079090;
2016;11;12;12;0;0.000141319071;0.000092629833;0.000111123917;0.000057536272;
2016;11;12;13;0;0.000143156901;0.000074890436;0.000113297004;0.000055153712;
2016;11;12;14;0;0.000147935005;0.000075030882;0.000108856286;0.000054398875;
2016;11;12;15;0;0.000144504281;0.000074370343;0.000098333377;0.000056460557;
2016;11;12;16;0;0.000131027158;0.000068883522;0.000093849459;0.000054055565;
2016;11;12;17;0;0.000123933521;0.000065879095;0.000093500724;0.000049049506;
2016;11;12;18;0;0.000125946337;0.000074207856;0.000101211330;0.000052220027;
2016;11;12;19;0;0.000140035998;0.000145672302;0.000119044495;0.000181248639;
2016;11;12;20;0;0.000146009191;0.000164656909;0.000123651162;0.000230936236;
2016;11;12;21;0;0.000150280614;0.000167470619;0.000121152780;0.000233483173;
2016;11;12;22;0;0.000149852566;0.000170264131;0.000110210779;0.000228940561;
2016;11;12;23;0;0.000136641337;0.000197430724;0.000099621134;0.000193094367;
2016;11;12;24;0;0.000116373910;0.000201213204;0.000092738799;0.000174500318;
2016;11;13;1;0;0.000091964590;0.000176110973;0.000086548828;0.000163375369;
2016;11;13;2;0;0.000076430375;0.000163674764;0.000081259462;0.000164472488;
2016;11;13;3;0;0.000066530351;0.000154051077;0.000078231568;0.000160841614;
2016;11;13;4;0;0.000061372949;0.000147861557;0.000076366622;0.000156294312;
2016;11;13;5;0;0.000059046600;0.000145135306;0.000076249664;0.000152223024;
2016;11;13;6;0;0.000058565677;0.000148607642;0.000077077673;0.000152425018;
2016;11;13;7;0;0.000060654562;0.000151043260;0.000079075274;0.000150588185;
2016;11;13;8;0;0.000066601560;0.000122345773;0.000076689695;0.000123271455;
2016;11;13;9;0;0.000079819028;0.000080252403;0.000071751535;0.000053067825;
2016;11;13;10;0;0.000100856781;0.000083674431;0.000076217657;0.000046299427;
2016;11;13;11;0;0.000118783520;0.000089320791;0.000081780491;0.000049738355;
2016;11;13;12;0;0.000126176011;0.000085498422;0.000086440843;0.000053516000;
2016;11;13;13;0;0.000129290013;0.000072547787;0.000089458833;0.000051654975;
2016;11;13;14;0;0.000134857391;0.000072673126;0.000089037854;0.000052063073;
2016;11;13;15;0;0.000133735656;0.000071088680;0.000085967405;0.000053448685;
2016;11;13;16;0;0.000119390025;0.000064137408;0.000083322604;0.000048849392;
2016;11;13;17;0;0.000112825600;0.000060268047;0.000081049176;0.000046557362;
2016;11;13;18;0;0.000115647538;0.000066883075;0.000082799753;0.000055657357;
2016;11;13;19;0;0.000133323949;0.000138106605;0.000099345352;0.000176316613;
2016;11;13;20;0;0.000144274202;0.000163351613;0.000104114763;0.000235816356;
2016;11;13;21;0;0.000151368404;0.000167288564;0.000103740351;0.000236969576;
2016;11;13;22;0;0.000149906153;0.000169522387;0.000099162160;0.000228236890;
2016;11;13;23;0;0.000130271971;0.000188028723;0.000092084675;0.000189580011;
2016;11;13;24;0;0.000105848452;0.000185572941;0.000085293810;0.000172165383;
2016;11;14;1;0;0.000082206736;0.000177785979;0.000076911478;0.000159087146;
2016;11;14;2;0;0.000067216213;0.000164159370;0.000074784633;0.000162536146;
2016;11;14;3;0;0.000060210918;0.000155192565;0.000073489794;0.000156604613;
2016;11;14;4;0;0.000057287614;0.000149851539;0.000072901793;0.000152604775;
2016;11;14;5;0;0.000056225197;0.000147507724;0.000073212955;0.000149303409;
2016;11;14;6;0;0.000058320104;0.000152877317;0.000075799763;0.000150882868;
2016;11;14;7;0;0.000069024310;0.000159273159;0.000086647351;0.000152240739;
2016;11;14;8;0;0.000096715190;0.000144881570;0.000101919969;0.000133458961;
2016;11;14;9;0;0.000116259021;0.000101948006;0.000129001848;0.000067559406;
2016;11;14;10;0;0.000127496249;0.000093838186;0.000151741994;0.000056004279;
2016;11;14;11;0;0.000136818523;0.000089826185;0.000160392805;0.000056150977;
2016;11;14;12;0;0.000138431474;0.000081618704;0.000160576323;0.000055780792;
2016;11;14;13;0;0.000141123502;0.000068658790;0.000160827060;0.000055959119;
2016;11;14;14;0;0.000145000599;0.000069766993;0.000150840737;0.000058448252;
2016;11;14;15;0;0.000137892239;0.000067936871;0.000131354825;0.000054500631;
2016;11;14;16;0;0.000128751027;0.000064057743;0.000128371319;0.000049277920;
2016;11;14;17;0;0.000128797992;0.000062487367;0.000132547639;0.000047846211;
2016;11;14;18;0;0.000140203367;0.000070502362;0.000141860175;0.000059149545;
2016;11;14;19;0;0.000159185872;0.000143673034;0.000157537253;0.000181000138;
2016;11;14;20;0;0.000168429984;0.000167923654;0.000150652889;0.000237356690;
2016;11;14;21;0;0.000170733542;0.000173398919;0.000134249724;0.000236035734;
2016;11;14;22;0;0.000163479844;0.000175851832;0.000113128227;0.000228570681;
2016;11;14;23;0;0.000139898835;0.000196659710;0.000096665283;0.000193089352;
2016;11;14;24;0;0.000110347229;0.000193434356;0.000086239986;0.000175721189;
2016;11;15;1;0;0.000085762858;0.000183823714;0.000079475540;0.000166552280;
2016;11;15;2;0;0.000068686253;0.000168965328;0.000076695063;0.000171908224;
2016;11;15;3;0;0.000061519417;0.000158967132;0.000075290146;0.000164815262;
2016;11;15;4;0;0.000058458436;0.000153909471;0.000074744872;0.000158139010;
2016;11;15;5;0;0.000057727162;0.000151789103;0.000074815766;0.000154913620;
2016;11;15;6;0;0.000059763253;0.000157681686;0.000077772369;0.000155207390;
2016;11;15;7;0;0.000071042588;0.000164864349;0.000088938532;0.000155697130;
2016;11;15;8;0;0.000100116891;0.000153368256;0.000105593690;0.000139364241;
2016;11;15;9;0;0.000120266364;0.000108472325;0.000134623060;0.000068193010;
2016;11;15;10;0;0.000129855417;0.000098281394;0.000158261317;0.000055507817;
2016;11;15;11;0;0.000138497978;0.000092564504;0.000167004047;0.000055951948;
2016;11;15;12;0;0.000139496623;0.000082787544;0.000167229988;0.000055271954;
2016;11;15;13;0;0.000142053924;0.000068258542;0.000166868734;0.000054421363;
2016;11;15;14;0;0.000145432878;0.000069576207;0.000156117512;0.000054896514;
2016;11;15;15;0;0.000137874048;0.000067881520;0.000135549432;0.000053843591;
2016;11;15;16;0;0.000129919477;0.000064631683;0.000131437515;0.000048612877;
2016;11;15;17;0;0.000130245802;0.000062975335;0.000135853955;0.000046203888;
2016;11;15;18;0;0.000141419058;0.000071603924;0.000145434736;0.000053741109;
2016;11;15;19;0;0.000160998698;0.000145795127;0.000161381572;0.000181993724;
2016;11;15;20;0;0.000170753893;0.000169942007;0.000154784104;0.000239236745;
2016;11;15;21;0;0.000173422090;0.000176275821;0.000137104988;0.000242444545;
2016;11;15;22;0;0.000165598517;0.000178058460;0.000115656608;0.000235450191;
2016;11;15;23;0;0.000142361848;0.000201172641;0.000098687093;0.000197701923;
2016;11;15;24;0;0.000113192604;0.000198690421;0.000088098891;0.000177632014;
2016;11;16;1;0;0.000085509618;0.000183581925;0.000079133587;0.000166487129;
2016;11;16;2;0;0.000068446511;0.000168652100;0.000076323899;0.000171748324;
2016;11;16;3;0;0.000061302345;0.000158666367;0.000074922915;0.000164655659;
2016;11;16;4;0;0.000058237630;0.000153579948;0.000074361742;0.000157946455;
2016;11;16;5;0;0.000057472884;0.000151368686;0.000074385375;0.000154627504;
2016;11;16;6;0;0.000059531292;0.000157327630;0.000077365629;0.000155002192;
2016;11;16;7;0;0.000070760058;0.000164478383;0.000088464905;0.000155476366;
2016;11;16;8;0;0.000099777502;0.000153099375;0.000105093266;0.000139248649;
2016;11;16;9;0;0.000119824899;0.000108251645;0.000133947311;0.000068117251;
2016;11;16;10;0;0.000129318193;0.000098035536;0.000157393206;0.000055420198;
2016;11;16;11;0;0.000137914781;0.000092326107;0.000166075674;0.000055859489;
2016;11;16;12;0;0.000138860729;0.000082545501;0.000166242305;0.000055161355;
2016;11;16;13;0;0.000141403287;0.000068057493;0.000165879566;0.000054311281;
2016;11;16;14;0;0.000144719346;0.000069348553;0.000155141241;0.000054767526;
2016;11;16;15;0;0.000137304612;0.000067712184;0.000134806846;0.000053758975;
2016;11;16;16;0;0.000129415431;0.000064486667;0.000130750330;0.000048548687;
2016;11;16;17;0;0.000129701160;0.000062814988;0.000135102710;0.000046128890;
2016;11;16;18;0;0.000140762755;0.000071388673;0.000144563821;0.000053629137;
2016;11;16;19;0;0.000160328812;0.000145426946;0.000160492522;0.000181702116;
2016;11;16;20;0;0.000170056701;0.000169526089;0.000153943423;0.000238872075;
2016;11;16;21;0;0.000172697096;0.000175827187;0.000136346980;0.000242051288;
2016;11;16;22;0;0.000164829188;0.000177522316;0.000114963447;0.000234958460;
2016;11;16;23;0;0.000141821887;0.000200738755;0.000098179688;0.000197458075;
2016;11;16;24;0;0.000112855042;0.000198423228;0.000087717249;0.000177557295;
2016;11;17;1;0;0.000085737291;0.000183866449;0.000079405765;0.000166656339;
2016;11;17;2;0;0.000068650028;0.000168965848;0.000076610154;0.000171976177;
2016;11;17;3;0;0.000061471510;0.000158927646;0.000075187881;0.000164838949;
2016;11;17;4;0;0.000058406062;0.000153853197;0.000074634594;0.000158143190;
2016;11;17;5;0;0.000057644432;0.000151652017;0.000074665215;0.000154834416;
2016;11;17;6;0;0.000059653369;0.000157475300;0.000077584348;0.000155065037;
2016;11;17;7;0;0.000070910880;0.000164646044;0.000088722158;0.000155551949;
2016;11;17;8;0;0.000099965839;0.000153218138;0.000105373223;0.000139282436;
2016;11;17;9;0;0.000120041369;0.000108326859;0.000134293272;0.000068128270;
2016;11;17;10;0;0.000129543876;0.000098097641;0.000157790055;0.000055425767;
2016;11;17;11;0;0.000138162052;0.000092388999;0.000166502352;0.000055867765;
2016;11;17;12;0;0.000139146723;0.000082623717;0.000166713774;0.000055184213;
2016;11;17;13;0;0.000141676663;0.000068113396;0.000166329043;0.000054326940;
2016;11;17;14;0;0.000145079157;0.000069443822;0.000155647475;0.000054813550;
2016;11;17;15;0;0.000137560636;0.000067763159;0.000135162864;0.000053770789;
2016;11;17;16;0;0.000129682715;0.000064548141;0.000131121892;0.000048569082;
2016;11;17;17;0;0.000130000381;0.000062890033;0.000135519320;0.000046159400;
2016;11;17;18;0;0.000141199427;0.000071530664;0.000145124648;0.000053707181;
2016;11;17;19;0;0.000160739518;0.000145637678;0.000161028325;0.000181868487;
2016;11;17;20;0;0.000170464945;0.000169744477;0.000154432556;0.000239052393;
2016;11;17;21;0;0.000173029811;0.000175970433;0.000136715517;0.000242119449;
2016;11;17;22;0;0.000165242477;0.000177769933;0.000115341008;0.000235160863;
2016;11;17;23;0;0.000142169628;0.000201007642;0.000098496682;0.000197617247;
2016;11;17;24;0;0.000113142549;0.000198707966;0.000088008858;0.000177717375;
2016;11;18;1;0;0.000087747732;0.000189511499;0.000080295713;0.000167084988;
2016;11;18;2;0;0.000070914436;0.000174328159;0.000077427587;0.000171393698;
2016;11;18;3;0;0.000062674989;0.000163468508;0.000075877769;0.000165216776;
2016;11;18;4;0;0.000059197096;0.000157875881;0.000074950947;0.000158199839;
2016;11;18;5;0;0.000058407672;0.000154973218;0.000075454951;0.000156424783;
2016;11;18;6;0;0.000060492741;0.000160309211;0.000077762300;0.000156445525;
2016;11;18;7;0;0.000071526084;0.000168004782;0.000088804502;0.000158653289;
2016;11;18;8;0;0.000099784828;0.000158112036;0.000105568318;0.000146237099;
2016;11;18;9;0;0.000120930599;0.000112546050;0.000133354148;0.000068890961;
2016;11;18;10;0;0.000130721117;0.000101509259;0.000156672225;0.000056011524;
2016;11;18;11;0;0.000140100992;0.000095070556;0.000164919247;0.000059684104;
2016;11;18;12;0;0.000141461423;0.000085560789;0.000165373053;0.000058835506;
2016;11;18;13;0;0.000144245326;0.000070139615;0.000165655523;0.000052782013;
2016;11;18;14;0;0.000147327590;0.000070894691;0.000154791019;0.000055129616;
2016;11;18;15;0;0.000140688731;0.000070122028;0.000134195143;0.000057139412;
2016;11;18;16;0;0.000134042541;0.000066976887;0.000126787445;0.000053803619;
2016;11;18;17;0;0.000134357050;0.000064701716;0.000128221936;0.000052451427;
2016;11;18;18;0;0.000144061628;0.000074893998;0.000136909034;0.000054831353;
2016;11;18;19;0;0.000160224363;0.000148924709;0.000153435621;0.000188038931;
2016;11;18;20;0;0.000165368351;0.000169015758;0.000149178996;0.000237974344;
2016;11;18;21;0;0.000164279642;0.000173192291;0.000137053577;0.000235602741;
2016;11;18;22;0;0.000158939163;0.000176082589;0.000118925431;0.000232941478;
2016;11;18;23;0;0.000140751281;0.000202813745;0.000103399896;0.000199056326;
2016;11;18;24;0;0.000117618085;0.000205834488;0.000093908933;0.000178493601;
2016;11;19;1;0;0.000094941862;0.000193521880;0.000085272884;0.000166331478;
2016;11;19;2;0;0.000077817366;0.000179557020;0.000080293476;0.000171489320;
2016;11;19;3;0;0.000067699709;0.000167291650;0.000077609318;0.000167115037;
2016;11;19;4;0;0.000062424166;0.000159852662;0.000076540225;0.000162909930;
2016;11;19;5;0;0.000060268143;0.000156711432;0.000075970084;0.000155642957;
2016;11;19;6;0;0.000060235335;0.000161724201;0.000077006359;0.000153755317;
2016;11;19;7;0;0.000064008008;0.000164354476;0.000081294935;0.000153154400;
2016;11;19;8;0;0.000072960354;0.000143474549;0.000083656831;0.000135475445;
2016;11;19;9;0;0.000092423292;0.000099268698;0.000085048069;0.000058326087;
2016;11;19;10;0;0.000119064755;0.000100692318;0.000096154834;0.000050036751;
2016;11;19;11;0;0.000137723806;0.000102055408;0.000107591515;0.000056227336;
2016;11;19;12;0;0.000142552343;0.000093083611;0.000112412488;0.000057700225;
2016;11;19;13;0;0.000144335513;0.000075220467;0.000114554662;0.000055283796;
2016;11;19;14;0;0.000149084418;0.000075326903;0.000110014074;0.000054502123;
2016;11;19;15;0;0.000145553404;0.000074626005;0.000099328995;0.000056539115;
2016;11;19;16;0;0.000131944881;0.000069102748;0.000094775575;0.000054117015;
2016;11;19;17;0;0.000124830347;0.000066104004;0.000094445179;0.000049116592;
2016;11;19;18;0;0.000127058640;0.000074579127;0.000102395583;0.000052374266;
2016;11;19;19;0;0.000141506385;0.000146643252;0.000120636602;0.000182084634;
2016;11;19;20;0;0.000147510643;0.000165718836;0.000125277996;0.000231951638;
2016;11;19;21;0;0.000151799170;0.000168520918;0.000122725060;0.000234468347;
2016;11;19;22;0;0.000151276234;0.000171229441;0.000111574261;0.000229769013;
2016;11;19;23;0;0.000137818571;0.000198376002;0.000100765196;0.000193623222;
2016;11;19;24;0;0.000117324899;0.000202087660;0.000093762562;0.000174901279;
2016;11;20;1;0;0.000094329982;0.000178558972;0.000089625947;0.000164618772;
2016;11;20;2;0;0.000078391919;0.000165940798;0.000084143911;0.000165715157;
2016;11;20;3;0;0.000068262869;0.000156241214;0.000081038279;0.000162116346;
2016;11;20;4;0;0.000062975194;0.000149973300;0.000079111489;0.000157543092;
2016;11;20;5;0;0.000060600503;0.000147238218;0.000079006481;0.000153470654;
2016;11;20;6;0;0.000060150502;0.000150870169;0.000079922330;0.000153785719;
2016;11;20;7;0;0.000062314335;0.000153388215;0.000082017902;0.000151977418;
2016;11;20;8;0;0.000068448070;0.000124288779;0.000079571449;0.000124452319;
2016;11;20;9;0;0.000082029084;0.000081524026;0.000074445093;0.000053574285;
2016;11;20;10;0;0.000103606564;0.000084965200;0.000079046239;0.000046722002;
2016;11;20;11;0;0.000122148816;0.000090792876;0.000084903625;0.000050244456;
2016;11;20;12;0;0.000129975615;0.000087058130;0.000089897482;0.000054154231;
2016;11;20;13;0;0.000133258597;0.000073912956;0.000093088693;0.000052300528;
2016;11;20;14;0;0.000139098670;0.000074094882;0.000092718491;0.000052752335;
2016;11;20;15;0;0.000138089048;0.000072556883;0.000089616771;0.000054214157;
2016;11;20;16;0;0.000123235859;0.000065440499;0.000086831106;0.000049532686;
2016;11;20;17;0;0.000116499735;0.000061513515;0.000084490784;0.000047224711;
2016;11;20;18;0;0.000119420533;0.000068269228;0.000086320730;0.000056458438;
2016;11;20;19;0;0.000137262659;0.000140548053;0.000103260741;0.000178320444;
2016;11;20;20;0;0.000148253422;0.000165922627;0.000108011950;0.000238042023;
2016;11;20;21;0;0.000155647941;0.000170035869;0.000107695934;0.000239367068;
2016;11;20;22;0;0.000154022594;0.000172170277;0.000102861866;0.000230363930;
2016;11;20;23;0;0.000133917106;0.000191062481;0.000095568744;0.000191443787;
2016;11;20;24;0;0.000108877471;0.000188683667;0.000088575676;0.000173965451;
2016;11;21;1;0;0.000084039288;0.000180073347;0.000079176598;0.000160384128;
2016;11;21;2;0;0.000068720573;0.000166285883;0.000076993812;0.000163875499;
2016;11;21;3;0;0.000061516402;0.000157095433;0.000075608989;0.000157787126;
2016;11;21;4;0;0.000058552260;0.000151747349;0.000075032923;0.000153816311;
2016;11;21;5;0;0.000057477477;0.000149402699;0.000075367718;0.000150517769;
2016;11;21;6;0;0.000059583126;0.000154747990;0.000077983651;0.000152018436;
2016;11;21;7;0;0.000070517425;0.000161218152;0.000089141592;0.000153382776;
2016;11;21;8;0;0.000098779575;0.000146609658;0.000104824421;0.000134422368;
2016;11;21;9;0;0.000118684516;0.000103115300;0.000132615430;0.000068014978;
2016;11;21;10;0;0.000130328370;0.000095038184;0.000156198935;0.000056456520;
2016;11;21;11;0;0.000139995652;0.000091064599;0.000165266662;0.000056660227;
2016;11;21;12;0;0.000141755048;0.000082807630;0.000165583067;0.000056329994;
2016;11;21;13;0;0.000144521250;0.000069663531;0.000165852573;0.000056513808;
2016;11;21;14;0;0.000148449635;0.000070767901;0.000155510138;0.000059010895;
2016;11;21;15;0;0.000141045798;0.000068849825;0.000135299778;0.000054976008;
2016;11;21;16;0;0.000131694037;0.000064917833;0.000132225171;0.000049707179;
2016;11;21;17;0;0.000131800121;0.000063354273;0.000136587022;0.000048284263;
2016;11;21;18;0;0.000143469808;0.000071479699;0.000146181795;0.000059690445;
2016;11;21;19;0;0.000162591283;0.000145393495;0.000162034216;0.000182315244;
2016;11;21;20;0;0.000171858597;0.000169762087;0.000154796111;0.000238838685;
2016;11;21;21;0;0.000174113109;0.000175200757;0.000137865863;0.000237378682;
2016;11;21;22;0;0.000166738778;0.000177703618;0.000116191432;0.000229902800;
2016;11;21;23;0;0.000142744627;0.000198809915;0.000099322335;0.000194292186;
2016;11;21;24;0;0.000112568241;0.000195508223;0.000088591866;0.000176778692;
2016;11;22;1;0;0.000086764930;0.000185067323;0.000080722000;0.000167246821;
2016;11;22;2;0;0.000069470098;0.000170062640;0.000077876952;0.000172578645;
2016;11;22;3;0;0.000062212067;0.000159975323;0.000076438828;0.000165433006;
2016;11;22;4;0;0.000059131384;0.000154924263;0.000075904184;0.000158771368;
2016;11;22;5;0;0.000058378313;0.000152754905;0.000075958769;0.000155497443;
2016;11;22;6;0;0.000060438767;0.000158688649;0.000078962367;0.000155795921;
2016;11;22;7;0;0.000071839988;0.000165904233;0.000090292336;0.000156275322;
2016;11;22;8;0;0.000101219078;0.000154302775;0.000107178197;0.000139852002;
2016;11;22;9;0;0.000121599432;0.000109141408;0.000136653350;0.000068436776;
2016;11;22;10;0;0.000131291365;0.000098885049;0.000160643931;0.000055704792;
2016;11;22;11;0;0.000140219349;0.000093259316;0.000169748117;0.000056226628;
2016;11;22;12;0;0.000141388377;0.000083502263;0.000170167896;0.000055605423;
2016;11;22;13;0;0.000144025882;0.000068869599;0.000169853983;0.000054767011;
2016;11;22;14;0;0.000147425248;0.000070186446;0.000158881871;0.000055235253;
2016;11;22;15;0;0.000139750033;0.000068470608;0.000137936928;0.000054170859;
2016;11;22;16;0;0.000131800228;0.000065248510;0.000133867359;0.000048950320;
2016;11;22;17;0;0.000132156468;0.000063588475;0.000138391823;0.000046533479;
2016;11;22;18;0;0.000143548531;0.000072328735;0.000148208263;0.000054145173;
2016;11;22;19;0;0.000163025676;0.000146912885;0.000164059372;0.000182916285;
2016;11;22;20;0;0.000172684895;0.000171028196;0.000157153316;0.000240145214;
2016;11;22;21;0;0.000175287823;0.000177305950;0.000139127840;0.000243232756;
2016;11;22;22;0;0.000167259972;0.000178970489;0.000117278792;0.000236046160;
2016;11;22;23;0;0.000143901921;0.000202360213;0.000100149040;0.000198356384;
2016;11;22;24;0;0.000114541912;0.000200081319;0.000089501492;0.000178414411;
2016;11;23;1;0;0.000087105881;0.000185562882;0.000081118575;0.000167585303;
2016;11;23;2;0;0.000069691372;0.000170391581;0.000078201521;0.000172799692;
2016;11;23;3;0;0.000062398025;0.000160253424;0.000076742400;0.000165612524;
2016;11;23;4;0;0.000059287782;0.000155140329;0.000076179483;0.000158889116;
2016;11;23;5;0;0.000058517727;0.000152928763;0.000076214739;0.000155572904;
2016;11;23;6;0;0.000060592339;0.000158893485;0.000079240539;0.000155895294;
2016;11;23;7;0;0.000072004818;0.000166077533;0.000090588140;0.000156336546;
2016;11;23;8;0;0.000101447414;0.000154458016;0.000107525184;0.000139901413;
2016;11;23;9;0;0.000121928095;0.000109299934;0.000137156902;0.000068491486;
2016;11;23;10;0;0.000131698419;0.000099067942;0.000161299813;0.000055771427;
2016;11;23;11;0;0.000140624951;0.000093412453;0.000170405868;0.000056282228;
2016;11;23;12;0;0.000141873815;0.000083684475;0.000170919381;0.000055690420;
2016;11;23;13;0;0.000144484468;0.000069002731;0.000170561693;0.000054837098;
2016;11;23;14;0;0.000147886218;0.000070318111;0.000159534760;0.000055302783;
2016;11;23;15;0;0.000140252102;0.000068630909;0.000138568065;0.000054262274;
2016;11;23;16;0;0.000132173590;0.000065351752;0.000134378059;0.000048995801;
2016;11;23;17;0;0.000132568295;0.000063707090;0.000138959046;0.000046589878;
2016;11;23;18;0;0.000143957544;0.000072444373;0.000148776124;0.000054196374;
2016;11;23;19;0;0.000163485931;0.000147143937;0.000164683679;0.000183084488;
2016;11;23;20;0;0.000173219976;0.000171344216;0.000157794666;0.000240432052;
2016;11;23;21;0;0.000175786772;0.000177588919;0.000139660512;0.000243462069;
2016;11;23;22;0;0.000167750254;0.000179271273;0.000117737767;0.000236288677;
2016;11;23;23;0;0.000144312096;0.000202683960;0.000100532869;0.000198544166;
2016;11;23;24;0;0.000114891929;0.000200442471;0.000089862917;0.000178619895;
2016;11;24;1;0;0.000087409897;0.000185837230;0.000081530985;0.000167651934;
2016;11;24;2;0;0.000069962877;0.000170712476;0.000078630871;0.000172938273;
2016;11;24;3;0;0.000062631795;0.000160531333;0.000077152256;0.000165720676;
2016;11;24;4;0;0.000059506083;0.000155399405;0.000076581421;0.000158982681;
2016;11;24;5;0;0.000058735190;0.000153189356;0.000076619469;0.000155669811;
2016;11;24;6;0;0.000060776496;0.000159056900;0.000079607613;0.000155887199;
2016;11;24;7;0;0.000072221506;0.000166243376;0.000091005066;0.000156323764;
2016;11;24;8;0;0.000101804259;0.000154690591;0.000108074790;0.000139960850;
2016;11;24;9;0;0.000122428260;0.000109528282;0.000137938278;0.000068560501;
2016;11;24;10;0;0.000132274664;0.000099301939;0.000162262893;0.000055842824;
2016;11;24;11;0;0.000141227101;0.000093624372;0.000171407354;0.000056349031;
2016;11;24;12;0;0.000142347320;0.000083795448;0.000171762203;0.000055704085;
2016;11;24;13;0;0.000144928101;0.000069075845;0.000171357130;0.000054835955;
2016;11;24;14;0;0.000148371805;0.000070407570;0.000160312816;0.000055313377;
2016;11;24;15;0;0.000140682324;0.000068703425;0.000139213884;0.000054260982;
2016;11;24;16;0;0.000132628525;0.000065445226;0.000135054749;0.000049012926;
2016;11;24;17;0;0.000133006351;0.000063789465;0.000139639657;0.000046599772;
2016;11;24;18;0;0.000144520497;0.000072581871;0.000149595145;0.000054240634;
2016;11;24;19;0;0.000164290488;0.000147571636;0.000165756986;0.000183418482;
2016;11;24;20;0;0.000174066839;0.000171836730;0.000158817965;0.000240862915;
2016;11;24;21;0;0.000176752483;0.000178206558;0.000140650800;0.000244045133;
2016;11;24;22;0;0.000168835481;0.000180069316;0.000118687660;0.000237084384;
2016;11;24;23;0;0.000145365674;0.000203754399;0.000101427670;0.000199377327;
2016;11;24;24;0;0.000115714882;0.000201473497;0.000090650343;0.000179344901;
2016;11;25;1;0;0.000090707311;0.000193054879;0.000083955940;0.000168916646;
2016;11;25;2;0;0.000073236158;0.000177417833;0.000080879659;0.000173106900;
2016;11;25;3;0;0.000064735123;0.000166386708;0.000079270746;0.000166889293;
2016;11;25;4;0;0.000061088749;0.000160551896;0.000078233117;0.000159659766;
2016;11;25;5;0;0.000060280112;0.000157615757;0.000078767050;0.000157884080;
2016;11;25;6;0;0.000062450615;0.000163091286;0.000081199851;0.000157952035;
2016;11;25;7;0;0.000073876752;0.000171003033;0.000092775010;0.000160258493;
2016;11;25;8;0;0.000103182890;0.000161119064;0.000110415351;0.000147886784;
2016;11;25;9;0;0.000125230442;0.000114853118;0.000139679579;0.000069769334;
2016;11;25;10;0;0.000135448185;0.000103650624;0.000164199614;0.000056758833;
2016;11;25;11;0;0.000145215592;0.000097108421;0.000172900425;0.000060500553;
2016;11;25;12;0;0.000146532114;0.000087339036;0.000173265548;0.000059602285;
2016;11;25;13;0;0.000149467059;0.000071621916;0.000173621034;0.000053488241;
2016;11;25;14;0;0.000152660654;0.000072392833;0.000162233850;0.000055867164;
2016;11;25;15;0;0.000145755933;0.000071591295;0.000140623016;0.000057893702;
2016;11;25;16;0;0.000138805431;0.000068348279;0.000132798368;0.000054488383;
2016;11;25;17;0;0.000139167225;0.000066043659;0.000134335722;0.000053132768;
2016;11;25;18;0;0.000149220703;0.000076448083;0.000143438439;0.000055544154;
2016;11;25;19;0;0.000165872019;0.000151932317;0.000160665805;0.000190379848;
2016;11;25;20;0;0.000171016198;0.000172246684;0.000156043330;0.000240682001;
2016;11;25;21;0;0.000170044739;0.000176663501;0.000143490288;0.000238500018;
2016;11;25;22;0;0.000164602690;0.000179705449;0.000124575725;0.000235929072;
2016;11;25;23;0;0.000145942337;0.000207235975;0.000108443050;0.000201852229;
2016;11;25;24;0;0.000121929400;0.000210276771;0.000098467729;0.000180961260;
2016;11;26;1;0;0.000099309902;0.000198577093;0.000090581801;0.000168932249;
2016;11;26;2;0;0.000081323116;0.000184078954;0.000085214389;0.000174011469;
2016;11;26;3;0;0.000070696057;0.000171374785;0.000082303339;0.000169444405;
2016;11;26;4;0;0.000065159824;0.000163685910;0.000081135718;0.000165111767;
2016;11;26;5;0;0.000062917526;0.000160490294;0.000080541854;0.000157767161;
2016;11;26;6;0;0.000062862893;0.000165570252;0.000081614027;0.000155803240;
2016;11;26;7;0;0.000066833514;0.000168347156;0.000086202262;0.000155271866;
2016;11;26;8;0;0.000076148215;0.000146896663;0.000088668506;0.000137289301;
2016;11;26;9;0;0.000096531819;0.000101710467;0.000090208758;0.000059150063;
2016;11;26;10;0;0.000124516567;0.000103300999;0.000102119864;0.000050808494;
2016;11;26;11;0;0.000144349674;0.000104931789;0.000114519647;0.000057221285;
2016;11;26;12;0;0.000149624258;0.000095844046;0.000119822230;0.000058804216;
2016;11;26;13;0;0.000151640920;0.000077525309;0.000122222502;0.000056395490;
2016;11;26;14;0;0.000156704484;0.000077671832;0.000117433663;0.000055624472;
2016;11;26;15;0;0.000153019786;0.000076962591;0.000106046529;0.000057713518;
2016;11;26;16;0;0.000138823815;0.000071323232;0.000101265859;0.000055285161;
2016;11;26;17;0;0.000131318052;0.000068217576;0.000100897229;0.000050169040;
2016;11;26;18;0;0.000133465819;0.000076850627;0.000109230084;0.000053417938;
2016;11;26;19;0;0.000148285235;0.000150746842;0.000128379642;0.000185267177;
2016;11;26;20;0;0.000154352270;0.000170108418;0.000133125010;0.000235662467;
2016;11;26;21;0;0.000158882703;0.000173031552;0.000130447471;0.000238283930;
2016;11;26;22;0;0.000158394334;0.000175878051;0.000118639184;0.000233595090;
2016;11;26;23;0;0.000144338180;0.000203810652;0.000107171479;0.000196894795;
2016;11;26;24;0;0.000122813072;0.000207519286;0.000099673351;0.000177766819;
2016;11;27;1;0;0.000097003577;0.000181557349;0.000092961627;0.000166366522;
2016;11;27;2;0;0.000080533000;0.000168558213;0.000087188106;0.000167306726;
2016;11;27;3;0;0.000070065385;0.000158565514;0.000083895979;0.000163528843;
2016;11;27;4;0;0.000064592008;0.000152095855;0.000081842859;0.000158802458;
2016;11;27;5;0;0.000062103290;0.000149194595;0.000081664453;0.000154565408;
2016;11;27;6;0;0.000061620913;0.000152822187;0.000082582680;0.000154829413;
2016;11;27;7;0;0.000063861262;0.000155430300;0.000084779363;0.000153065451;
2016;11;27;8;0;0.000070163591;0.000125972770;0.000082269683;0.000125372468;
2016;11;27;9;0;0.000084125554;0.000082668461;0.000077006629;0.000053996429;
2016;11;27;10;0;0.000106257699;0.000086160533;0.000081768553;0.000047091570;
2016;11;27;11;0;0.000125414722;0.000092173312;0.000087926028;0.000050698603;
2016;11;27;12;0;0.000133502106;0.000088415769;0.000093133458;0.000054664731;
2016;11;27;13;0;0.000136880085;0.000075068849;0.000096443715;0.000052795838;
2016;11;27;14;0;0.000142940229;0.000075285939;0.000096101423;0.000053274793;
2016;11;27;15;0;0.000141984074;0.000073765480;0.000092939783;0.000054782480;
2016;11;27;16;0;0.000126770750;0.000066561442;0.000090092629;0.000050075169;
2016;11;27;17;0;0.000119750105;0.000062519525;0.000087597613;0.000047705545;
2016;11;27;18;0;0.000122770590;0.000069396008;0.000089508114;0.000057041741;
2016;11;27;19;0;0.000141137760;0.000142892622;0.000107092243;0.000180194086;
2016;11;27;20;0;0.000152431920;0.000168682865;0.000112014686;0.000240532303;
2016;11;27;21;0;0.000159995794;0.000172822345;0.000111659701;0.000241812181;
2016;11;27;22;0;0.000158396558;0.000175070771;0.000106695886;0.000232822191;
2016;11;27;23;0;0.000137656058;0.000194190888;0.000099084819;0.000193396735;
2016;11;27;24;0;0.000111877823;0.000191705446;0.000091802059;0.000175678079;
2016;11;28;1;0;0.000085171840;0.000181437305;0.000080603608;0.000161097350;
2016;11;28;2;0;0.000069570195;0.000167361406;0.000078295401;0.000164423476;
2016;11;28;3;0;0.000062280008;0.000158119262;0.000076890934;0.000158322502;
2016;11;28;4;0;0.000059212341;0.000152564386;0.000076219204;0.000154164474;
2016;11;28;5;0;0.000058144841;0.000150257243;0.000076584843;0.000150908813;
2016;11;28;6;0;0.000060321680;0.000155753798;0.000079304473;0.000152531572;
2016;11;28;7;0;0.000071348325;0.000162167851;0.000090596558;0.000153807416;
2016;11;28;8;0;0.000099920856;0.000147439910;0.000106511239;0.000134763995;
2016;11;28;9;0;0.000120379650;0.000103978993;0.000135112972;0.000068371786;
2016;11;28;10;0;0.000132126822;0.000095788559;0.000159064794;0.000056725649;
2016;11;28;11;0;0.000141937389;0.000091789991;0.000168310610;0.000056934291;
2016;11;28;12;0;0.000143546892;0.000083366026;0.000168428336;0.000056533817;
2016;11;28;13;0;0.000146223433;0.000070073569;0.000168558809;0.000056669996;
2016;11;28;14;0;0.000150232316;0.000071200661;0.000158083634;0.000059187470;
2016;11;28;15;0;0.000142711599;0.000069257282;0.000137511866;0.000055129704;
2016;11;28;16;0;0.000133199835;0.000065277735;0.000134337014;0.000049827608;
2016;11;28;17;0;0.000133424987;0.000063761828;0.000138891214;0.000048444035;
2016;11;28;18;0;0.000145420440;0.000072029622;0.000148834016;0.000059962965;
2016;11;28;19;0;0.000164923581;0.000146620251;0.000165095868;0.000183282848;
2016;11;28;20;0;0.000174383837;0.000171253382;0.000157775290;0.000240188928;
2016;11;28;21;0;0.000176766317;0.000176834707;0.000140594640;0.000238848822;
2016;11;28;22;0;0.000169385838;0.000179473460;0.000118565561;0.000231471799;
2016;11;28;23;0;0.000145044936;0.000200837277;0.000101375661;0.000195664249;
2016;11;28;24;0;0.000114349403;0.000197445180;0.000090397381;0.000177975936;
2016;11;29;1;0;0.000088320374;0.000186969766;0.000082635013;0.000168322530;
2016;11;29;2;0;0.000070651436;0.000171655198;0.000079650322;0.000173531306;
2016;11;29;3;0;0.000063258882;0.000161445089;0.000078165734;0.000166317038;
2016;11;29;4;0;0.000060062461;0.000156181459;0.000077536519;0.000159450161;
2016;11;29;5;0;0.000059273335;0.000153931656;0.000077560615;0.000156098514;
2016;11;29;6;0;0.000061384832;0.000159961805;0.000080653113;0.000156447726;
2016;11;29;7;0;0.000072986210;0.000167284996;0.000092253098;0.000156975785;
2016;11;29;8;0;0.000103012996;0.000155857727;0.000109696203;0.000140723307;
2016;11;29;9;0;0.000123946401;0.000110412155;0.000140080655;0.000068969903;
2016;11;29;10;0;0.000133807820;0.000100023241;0.000164651299;0.000056131363;
2016;11;29;11;0;0.000142711725;0.000094203903;0.000173744946;0.000056579806;
2016;11;29;12;0;0.000143725126;0.000084244624;0.000173961092;0.000055886104;
2016;11;29;13;0;0.000146290828;0.000069427106;0.000173503322;0.000055000076;
2016;11;29;14;0;0.000149748379;0.000070756848;0.000162300596;0.000055472062;
2016;11;29;15;0;0.000142089280;0.000069093714;0.000141041023;0.000054455634;
2016;11;29;16;0;0.000133928265;0.000065803901;0.000136800060;0.000049178958;
2016;11;29;17;0;0.000134308152;0.000064138282;0.000141442488;0.000046757057;
2016;11;29;18;0;0.000145940035;0.000072981288;0.000151531743;0.000054425590;
2016;11;29;19;0;0.000165800807;0.000148291233;0.000167798154;0.000183929208;
2016;11;29;20;0;0.000175711895;0.000172718751;0.000160814746;0.000241595281;
2016;11;29;21;0;0.000178431467;0.000179129853;0.000142425990;0.000244798899;
2016;11;29;22;0;0.000170351653;0.000180909226;0.000120123872;0.000237694411;
2016;11;29;23;0;0.000146658500;0.000204687224;0.000102646216;0.000199873183;
2016;11;29;24;0;0.000116710916;0.000202338513;0.000091713408;0.000179739977;
2016;11;30;1;0;0.000087998999;0.000186632900;0.000082210178;0.000168191739;
2016;11;30;2;0;0.000070391660;0.000171339369;0.000079237799;0.000173389833;
2016;11;30;3;0;0.000062973250;0.000161012436;0.000077695462;0.000166041602;
2016;11;30;4;0;0.000059838849;0.000155886884;0.000077131374;0.000159312793;
2016;11;30;5;0;0.000059042881;0.000153615879;0.000077142565;0.000155938204;
2016;11;30;6;0;0.000061125768;0.000159580397;0.000080191631;0.000156234913;
2016;11;30;7;0;0.000072686818;0.000166905951;0.000091736139;0.000156780875;
2016;11;30;8;0;0.000102539848;0.000155427900;0.000109027713;0.000140479276;
2016;11;30;9;0;0.000123315490;0.000110052671;0.000139157472;0.000068815918;
2016;11;30;10;0;0.000133082310;0.000099664330;0.000163511632;0.000055987362;
2016;11;30;11;0;0.000141886636;0.000093831946;0.000172479973;0.000056414256;
2016;11;30;12;0;0.000142975547;0.000083959773;0.000172792882;0.000055754315;
2016;11;30;13;0;0.000145580167;0.000069217223;0.000172400121;0.000054890096;
2016;11;30;14;0;0.000149002595;0.000070534269;0.000161248793;0.000055354329;
2016;11;30;15;0;0.000141411094;0.000068890716;0.000140156187;0.000054351379;
2016;11;30;16;0;0.000133297052;0.000065614516;0.000135950010;0.000049087759;
2016;11;30;17;0;0.000133633434;0.000063933733;0.000140519727;0.000046655785;
2016;11;30;18;0;0.000145231636;0.000072760939;0.000150568824;0.000054316966;
2016;11;30;19;0;0.000165061594;0.000147902278;0.000166798150;0.000183635092;
2016;11;30;20;0;0.000174847197;0.000172185664;0.000159782067;0.000241096851;
2016;11;30;21;0;0.000177540353;0.000178563871;0.000141501009;0.000244275929;
2016;11;30;22;0;0.000169599770;0.000180442824;0.000119413351;0.000237324983;
2016;11;30;23;0;0.000145983385;0.000204120637;0.000102019641;0.000199524532;
2016;11;30;24;0;0.000116209089;0.000201839964;0.000091181368;0.000179481165;
