AŃO;MES;DIA;HORA;VERANO(1)/INVIERNO(0);COEF. PERFIL A;COEF. PERFIL B;COEF. PERFIL C;COEF. PERFIL D;
2019;08;01;1;1;0.000110763659;0.000139272980;0.000105656714;0.000169574803;
2019;08;01;2;1;0.000093425594;0.000127968643;0.000097744526;0.000170062764;
2019;08;01;3;1;0.000082996800;0.000120449111;0.000093400316;0.000165177730;
2019;08;01;4;1;0.000077175545;0.000116502160;0.000091209515;0.000156324538;
2019;08;01;5;1;0.000073930305;0.000114074591;0.000090109224;0.000150591162;
2019;08;01;6;1;0.000072900616;0.000113079118;0.000091884401;0.000146974810;
2019;08;01;7;1;0.000076299251;0.000113592586;0.000099413226;0.000146450969;
2019;08;01;8;1;0.000085043476;0.000081875022;0.000107007192;0.000084687570;
2019;08;01;9;1;0.000099732189;0.000071892860;0.000133639725;0.000059569665;
2019;08;01;10;1;0.000118824568;0.000081042528;0.000154244883;0.000066519044;
2019;08;01;11;1;0.000133877661;0.000087173405;0.000169203085;0.000070654710;
2019;08;01;12;1;0.000140597290;0.000088837951;0.000175118070;0.000072161547;
2019;08;01;13;1;0.000146923883;0.000090113480;0.000179317454;0.000071858539;
2019;08;01;14;1;0.000155953459;0.000092338564;0.000177009676;0.000071260494;
2019;08;01;15;1;0.000155623018;0.000091556987;0.000162968872;0.000071758878;
2019;08;01;16;1;0.000148107044;0.000085743733;0.000152858445;0.000068722963;
2019;08;01;17;1;0.000145417520;0.000083025850;0.000150714881;0.000066671073;
2019;08;01;18;1;0.000147187963;0.000082965480;0.000152682005;0.000068189143;
2019;08;01;19;1;0.000147412618;0.000083094061;0.000150524838;0.000067080408;
2019;08;01;20;1;0.000144905498;0.000082962414;0.000146358572;0.000066856392;
2019;08;01;21;1;0.000145052961;0.000086871447;0.000140590453;0.000069256217;
2019;08;01;22;1;0.000156238758;0.000135497689;0.000140824915;0.000149625261;
2019;08;01;23;1;0.000151690521;0.000156422172;0.000129983371;0.000198722825;
2019;08;01;24;1;0.000131962079;0.000151783914;0.000117173058;0.000184486289;
2019;08;02;1;1;0.000113117070;0.000142447546;0.000107772415;0.000174256765;
2019;08;02;2;1;0.000096089602;0.000131211840;0.000099154020;0.000173772280;
2019;08;02;3;1;0.000085251887;0.000123588005;0.000094625264;0.000167721180;
2019;08;02;4;1;0.000079063254;0.000119380774;0.000092036973;0.000158382393;
2019;08;02;5;1;0.000075670158;0.000116802516;0.000090957269;0.000154100589;
2019;08;02;6;1;0.000074362586;0.000115797826;0.000092697207;0.000149781767;
2019;08;02;7;1;0.000077692234;0.000116275266;0.000099827901;0.000150354480;
2019;08;02;8;1;0.000086105064;0.000083341305;0.000106416917;0.000087382096;
2019;08;02;9;1;0.000100710976;0.000072571055;0.000131769186;0.000061046066;
2019;08;02;10;1;0.000119756922;0.000081460297;0.000152067488;0.000067166557;
2019;08;02;11;1;0.000135156242;0.000087880242;0.000167726395;0.000071896677;
2019;08;02;12;1;0.000142622965;0.000089713296;0.000173942256;0.000073620842;
2019;08;02;13;1;0.000149730156;0.000091262655;0.000178030837;0.000074350061;
2019;08;02;14;1;0.000158554094;0.000093523657;0.000176302188;0.000073403564;
2019;08;02;15;1;0.000158725802;0.000092828301;0.000161766261;0.000074346923;
2019;08;02;16;1;0.000151908421;0.000087335364;0.000149873717;0.000070106336;
2019;08;02;17;1;0.000148864893;0.000084599919;0.000146385578;0.000068186127;
2019;08;02;18;1;0.000149980412;0.000084335993;0.000147822937;0.000068936710;
2019;08;02;19;1;0.000149937198;0.000084479819;0.000147189636;0.000068551138;
2019;08;02;20;1;0.000146908042;0.000084039817;0.000145024681;0.000066855480;
2019;08;02;21;1;0.000145190710;0.000087574037;0.000141026495;0.000068394868;
2019;08;02;22;1;0.000153154490;0.000137576394;0.000142996945;0.000153250691;
2019;08;02;23;1;0.000148197156;0.000157542359;0.000133555997;0.000202789273;
2019;08;02;24;1;0.000132086105;0.000154082236;0.000122004574;0.000190528941;
2019;08;03;1;1;0.000114280744;0.000143422129;0.000110442515;0.000173148202;
2019;08;03;2;1;0.000098983486;0.000133043564;0.000100457356;0.000172181036;
2019;08;03;3;1;0.000087722920;0.000125147532;0.000094951442;0.000166518731;
2019;08;03;4;1;0.000080585097;0.000120480307;0.000091873861;0.000156198719;
2019;08;03;5;1;0.000076516114;0.000117257447;0.000090450599;0.000152368551;
2019;08;03;6;1;0.000074486102;0.000116018384;0.000091123081;0.000149729404;
2019;08;03;7;1;0.000075225750;0.000114532989;0.000093494318;0.000148023192;
2019;08;03;8;1;0.000078309638;0.000078233212;0.000089059978;0.000082391377;
2019;08;03;9;1;0.000089278940;0.000064368308;0.000096348444;0.000055250188;
2019;08;03;10;1;0.000107496854;0.000073787455;0.000111781277;0.000061398652;
2019;08;03;11;1;0.000124242288;0.000081815259;0.000127131197;0.000066913708;
2019;08;03;12;1;0.000132140315;0.000084846796;0.000132607209;0.000069612480;
2019;08;03;13;1;0.000138254069;0.000085914466;0.000136755749;0.000069850705;
2019;08;03;14;1;0.000146404416;0.000087005577;0.000136740078;0.000068709697;
2019;08;03;15;1;0.000148428544;0.000087591094;0.000129136323;0.000071165434;
2019;08;03;16;1;0.000141490089;0.000082918409;0.000124953085;0.000067067840;
2019;08;03;17;1;0.000136199924;0.000079711274;0.000121906984;0.000063665337;
2019;08;03;18;1;0.000133833804;0.000078269041;0.000121788094;0.000063579849;
2019;08;03;19;1;0.000133034875;0.000078136287;0.000122656937;0.000062198391;
2019;08;03;20;1;0.000131286344;0.000078384621;0.000125074585;0.000063544756;
2019;08;03;21;1;0.000133515244;0.000083185522;0.000128285542;0.000065403766;
2019;08;03;22;1;0.000144803918;0.000131173559;0.000135114111;0.000148688477;
2019;08;03;23;1;0.000141644701;0.000153553442;0.000129640374;0.000201065528;
2019;08;03;24;1;0.000127019879;0.000150902995;0.000119333904;0.000186597875;
2019;08;04;1;1;0.000112371301;0.000145367933;0.000109663847;0.000179174739;
2019;08;04;2;1;0.000098004768;0.000134992625;0.000100132557;0.000173151772;
2019;08;04;3;1;0.000087424262;0.000128135776;0.000094897726;0.000168679890;
2019;08;04;4;1;0.000080471285;0.000123468305;0.000091869121;0.000160246967;
2019;08;04;5;1;0.000076592151;0.000120368666;0.000090467958;0.000155656494;
2019;08;04;6;1;0.000074502605;0.000119076973;0.000090504786;0.000152319339;
2019;08;04;7;1;0.000074761643;0.000117532625;0.000092160364;0.000152372351;
2019;08;04;8;1;0.000076444058;0.000077800682;0.000083832337;0.000081556896;
2019;08;04;9;1;0.000084711157;0.000060659781;0.000084661049;0.000051295055;
2019;08;04;10;1;0.000099862698;0.000068448378;0.000092789771;0.000056386387;
2019;08;04;11;1;0.000114343172;0.000076544894;0.000101186903;0.000061621876;
2019;08;04;12;1;0.000123450615;0.000080748400;0.000106464218;0.000064665517;
2019;08;04;13;1;0.000129588169;0.000082441224;0.000110597803;0.000063749565;
2019;08;04;14;1;0.000137596697;0.000083141104;0.000113346191;0.000062632043;
2019;08;04;15;1;0.000141828079;0.000083961507;0.000112763881;0.000065165869;
2019;08;04;16;1;0.000134877352;0.000079271877;0.000110505799;0.000061970095;
2019;08;04;17;1;0.000129786596;0.000076119147;0.000106885804;0.000059645420;
2019;08;04;18;1;0.000128162247;0.000074642186;0.000103846214;0.000059213975;
2019;08;04;19;1;0.000128967327;0.000074991517;0.000103627445;0.000059105241;
2019;08;04;20;1;0.000129974654;0.000075926421;0.000106020093;0.000059469483;
2019;08;04;21;1;0.000134743260;0.000081763247;0.000110048759;0.000064359328;
2019;08;04;22;1;0.000150068765;0.000135073619;0.000123586859;0.000155423093;
2019;08;04;23;1;0.000147524599;0.000158287219;0.000121724100;0.000209175735;
2019;08;04;24;1;0.000130771180;0.000155906907;0.000112064485;0.000197751541;
2019;08;05;1;1;0.000112056671;0.000144766539;0.000100934044;0.000182835533;
2019;08;05;2;1;0.000094952270;0.000133362814;0.000093731587;0.000176254355;
2019;08;05;3;1;0.000084372379;0.000125452258;0.000089701997;0.000170258628;
2019;08;05;4;1;0.000078364739;0.000121485467;0.000087832057;0.000160646750;
2019;08;05;5;1;0.000075113153;0.000118653758;0.000086704921;0.000157219000;
2019;08;05;6;1;0.000073848293;0.000117517186;0.000088461748;0.000154439760;
2019;08;05;7;1;0.000077445036;0.000117809852;0.000096188800;0.000153761570;
2019;08;05;8;1;0.000086018370;0.000084126303;0.000104513473;0.000086149177;
2019;08;05;9;1;0.000101006218;0.000071786810;0.000132407684;0.000057779955;
2019;08;05;10;1;0.000120599254;0.000080402393;0.000153204884;0.000065297781;
2019;08;05;11;1;0.000135355308;0.000086662050;0.000167999839;0.000069197468;
2019;08;05;12;1;0.000142503035;0.000088448233;0.000174013563;0.000070699372;
2019;08;05;13;1;0.000149427285;0.000089664756;0.000177828002;0.000071331280;
2019;08;05;14;1;0.000158755180;0.000092267922;0.000175374030;0.000072552375;
2019;08;05;15;1;0.000159131820;0.000092209789;0.000161162332;0.000073829597;
2019;08;05;16;1;0.000151498543;0.000086476105;0.000150587997;0.000070428778;
2019;08;05;17;1;0.000149276238;0.000083412818;0.000148442170;0.000068728953;
2019;08;05;18;1;0.000151274621;0.000083546231;0.000150491999;0.000069622117;
2019;08;05;19;1;0.000151481480;0.000083476919;0.000148692917;0.000067942438;
2019;08;05;20;1;0.000148567096;0.000083311103;0.000143558330;0.000066103367;
2019;08;05;21;1;0.000148047520;0.000088111889;0.000137791161;0.000069315759;
2019;08;05;22;1;0.000159214936;0.000140569822;0.000137795295;0.000160377456;
2019;08;05;23;1;0.000154422741;0.000162541472;0.000127219300;0.000212008849;
2019;08;05;24;1;0.000134006360;0.000157648540;0.000114334991;0.000198793530;
2019;08;06;1;1;0.000111595114;0.000140200544;0.000106480806;0.000170621948;
2019;08;06;2;1;0.000094030144;0.000128519001;0.000098405647;0.000170388648;
2019;08;06;3;1;0.000083532834;0.000120963616;0.000094030893;0.000165485181;
2019;08;06;4;1;0.000077648927;0.000116913407;0.000091795680;0.000156405432;
2019;08;06;5;1;0.000074381887;0.000114470382;0.000090686010;0.000150651869;
2019;08;06;6;1;0.000073343342;0.000113461854;0.000092469314;0.000147009697;
2019;08;06;7;1;0.000076706789;0.000113786911;0.000099973303;0.000146040494;
2019;08;06;8;1;0.000085455254;0.000081921538;0.000107556603;0.000084274414;
2019;08;06;9;1;0.000100230290;0.000071958984;0.000134346252;0.000059317557;
2019;08;06;10;1;0.000119438854;0.000081150064;0.000155087392;0.000066287778;
2019;08;06;11;1;0.000134685276;0.000087460865;0.000170273329;0.000070661351;
2019;08;06;12;1;0.000141503249;0.000089214327;0.000176297751;0.000072291109;
2019;08;06;13;1;0.000147872502;0.000090497983;0.000180527735;0.000071991641;
2019;08;06;14;1;0.000157036836;0.000092835784;0.000178291188;0.000071536477;
2019;08;06;15;1;0.000156829959;0.000092218525;0.000164280570;0.000072274893;
2019;08;06;16;1;0.000149285296;0.000086402451;0.000154119327;0.000069274138;
2019;08;06;17;1;0.000146586176;0.000083679110;0.000151970314;0.000067228299;
2019;08;06;18;1;0.000148289340;0.000083513501;0.000153869251;0.000068603411;
2019;08;06;19;1;0.000148453817;0.000083563515;0.000151632126;0.000067372251;
2019;08;06;20;1;0.000145958698;0.000083469939;0.000147465227;0.000067203862;
2019;08;06;21;1;0.000146110761;0.000087408032;0.000141656916;0.000069624257;
2019;08;06;22;1;0.000157528234;0.000136631603;0.000142028491;0.000151013577;
2019;08;06;23;1;0.000152937905;0.000157719051;0.000131090384;0.000200534076;
2019;08;06;24;1;0.000132929742;0.000152734679;0.000118066618;0.000185493396;
2019;08;07;1;1;0.000110383888;0.000139214257;0.000105282067;0.000170097556;
2019;08;07;2;1;0.000093039726;0.000127709658;0.000097329370;0.000170094191;
2019;08;07;3;1;0.000082652222;0.000120199745;0.000093001605;0.000165195473;
2019;08;07;4;1;0.000076839142;0.000116205896;0.000090801256;0.000156207918;
2019;08;07;5;1;0.000073626755;0.000113850890;0.000089728690;0.000150638958;
2019;08;07;6;1;0.000072576946;0.000112771304;0.000091465686;0.000146819780;
2019;08;07;7;1;0.000075909936;0.000113110428;0.000098894338;0.000145889594;
2019;08;07;8;1;0.000084586724;0.000081477067;0.000106419958;0.000084267911;
2019;08;07;9;1;0.000099166285;0.000071493413;0.000132865791;0.000059199110;
2019;08;07;10;1;0.000118157685;0.000080603909;0.000153361168;0.000066123023;
2019;08;07;11;1;0.000133153446;0.000086742088;0.000168267980;0.000070293654;
2019;08;07;12;1;0.000139894738;0.000088482344;0.000174222525;0.000071916613;
2019;08;07;13;1;0.000146174091;0.000089730817;0.000178381364;0.000071582847;
2019;08;07;14;1;0.000155146012;0.000091930802;0.000176072497;0.000070965253;
2019;08;07;15;1;0.000154810228;0.000091143215;0.000162098646;0.000071448190;
2019;08;07;16;1;0.000147264323;0.000085264734;0.000151970810;0.000068292722;
2019;08;07;17;1;0.000144585890;0.000082556505;0.000149835328;0.000066245569;
2019;08;07;18;1;0.000146272829;0.000082402099;0.000151714864;0.000067613827;
2019;08;07;19;1;0.000146466459;0.000082491704;0.000149541111;0.000066458884;
2019;08;07;20;1;0.000144023615;0.000082423826;0.000145450734;0.000066328113;
2019;08;07;21;1;0.000144235198;0.000086396121;0.000139781405;0.000068836187;
2019;08;07;22;1;0.000155568687;0.000135174942;0.000140204457;0.000149557534;
2019;08;07;23;1;0.000151048024;0.000156067771;0.000129417592;0.000198671966;
2019;08;07;24;1;0.000131379043;0.000151376779;0.000116641641;0.000184300245;
2019;08;08;1;1;0.000112372692;0.000140776444;0.000107246673;0.000170778582;
2019;08;08;2;1;0.000094735059;0.000129201496;0.000099165486;0.000170914195;
2019;08;08;3;1;0.000084131788;0.000121515830;0.000094726252;0.000165772174;
2019;08;08;4;1;0.000078217165;0.000117486429;0.000092488078;0.000156771382;
2019;08;08;5;1;0.000074938360;0.000115074038;0.000091384845;0.000151105722;
2019;08;08;6;1;0.000073865675;0.000113966459;0.000093148637;0.000147230579;
2019;08;08;7;1;0.000077241645;0.000114254065;0.000100692853;0.000146168865;
2019;08;08;8;1;0.000086033923;0.000082219990;0.000108309095;0.000084277213;
2019;08;08;9;1;0.000100918552;0.000072236983;0.000135298965;0.000059343619;
2019;08;08;10;1;0.000120358687;0.000081618835;0.000156316636;0.000066548032;
2019;08;08;11;1;0.000135752375;0.000088010400;0.000171660683;0.000071003733;
2019;08;08;12;1;0.000142660111;0.000089826347;0.000177778734;0.000072716954;
2019;08;08;13;1;0.000149096176;0.000091139293;0.000182062252;0.000072445001;
2019;08;08;14;1;0.000158308184;0.000093455463;0.000179774712;0.000071933286;
2019;08;08;15;1;0.000158082742;0.000092811382;0.000165629819;0.000072643520;
2019;08;08;16;1;0.000150445641;0.000086915601;0.000155351901;0.000069566414;
2019;08;08;17;1;0.000147729280;0.000084180943;0.000153189579;0.000067518979;
2019;08;08;18;1;0.000149484281;0.000084063740;0.000155143765;0.000068973164;
2019;08;08;19;1;0.000149682321;0.000084155414;0.000152921046;0.000067795505;
2019;08;08;20;1;0.000147103263;0.000083978813;0.000148654768;0.000067506529;
2019;08;08;21;1;0.000147243635;0.000087923389;0.000142787110;0.000069912688;
2019;08;08;22;1;0.000158728848;0.000137396066;0.000143142905;0.000151557006;
2019;08;08;23;1;0.000154166229;0.000158748509;0.000132172725;0.000201592249;
2019;08;08;24;1;0.000134082181;0.000153953473;0.000119116773;0.000186958299;
2019;08;09;1;1;0.000115685892;0.000144928357;0.000110293515;0.000176403010;
2019;08;09;2;1;0.000098238311;0.000133393409;0.000101438993;0.000175666005;
2019;08;09;3;1;0.000087124326;0.000125531087;0.000096768196;0.000169275835;
2019;08;09;4;1;0.000080782663;0.000121198945;0.000094101365;0.000159709762;
2019;08;09;5;1;0.000077313481;0.000118573187;0.000092994681;0.000155371886;
2019;08;09;6;1;0.000075939208;0.000117416810;0.000094725812;0.000150696325;
2019;08;09;7;1;0.000079314484;0.000117815830;0.000101980455;0.000151073647;
2019;08;09;8;1;0.000087885222;0.000084406198;0.000108689589;0.000087725042;
2019;08;09;9;1;0.000102738771;0.000073409410;0.000134512157;0.000061150976;
2019;08;09;10;1;0.000122284948;0.000082582646;0.000155381340;0.000067553165;
2019;08;09;11;1;0.000138093418;0.000089215559;0.000171485891;0.000072494674;
2019;08;09;12;1;0.000145746561;0.000091111050;0.000177870556;0.000074284436;
2019;08;09;13;1;0.000153034159;0.000092718866;0.000182080924;0.000075070669;
2019;08;09;14;1;0.000162167784;0.000095169725;0.000180440880;0.000074331791;
2019;08;09;15;1;0.000162406136;0.000094545216;0.000165627697;0.000075406388;
2019;08;09;16;1;0.000155456180;0.000088984135;0.000153476444;0.000071154043;
2019;08;09;17;1;0.000152353823;0.000086212938;0.000149916512;0.000069228351;
2019;08;09;18;1;0.000153472848;0.000085915084;0.000151366213;0.000069947918;
2019;08;09;19;1;0.000153344394;0.000085953899;0.000150634987;0.000069399532;
2019;08;09;20;1;0.000150218157;0.000085469598;0.000148391454;0.000067630593;
2019;08;09;21;1;0.000148461365;0.000089063062;0.000144299705;0.000069186920;
2019;08;09;22;1;0.000156674276;0.000140058032;0.000146381042;0.000155311481;
2019;08;09;23;1;0.000151600687;0.000160377861;0.000136714571;0.000205499400;
2019;08;09;24;1;0.000135131453;0.000156886972;0.000124900892;0.000193145927;
2019;08;10;1;1;0.000116629341;0.000145789966;0.000112769751;0.000175399452;
2019;08;10;2;1;0.000100982068;0.000135131373;0.000102537997;0.000174166912;
2019;08;10;3;1;0.000089485915;0.000127084956;0.000096909141;0.000168376482;
2019;08;10;4;1;0.000082176618;0.000122250238;0.000093736141;0.000157718793;
2019;08;10;5;1;0.000078007428;0.000118910810;0.000092260557;0.000153688939;
2019;08;10;6;1;0.000075935328;0.000117645278;0.000092943407;0.000151005788;
2019;08;10;7;1;0.000076698284;0.000116170002;0.000095373102;0.000149357409;
2019;08;10;8;1;0.000079836739;0.000079338155;0.000090843054;0.000083108695;
2019;08;10;9;1;0.000090994308;0.000065235157;0.000098249756;0.000055665263;
2019;08;10;10;1;0.000109628541;0.000074885097;0.000114056100;0.000062016933;
2019;08;10;11;1;0.000126740929;0.000083084582;0.000129754119;0.000067664635;
2019;08;10;12;1;0.000134773534;0.000086127603;0.000135318751;0.000070340830;
2019;08;10;13;1;0.000141017632;0.000087223368;0.000139560546;0.000070598996;
2019;08;10;14;1;0.000149367882;0.000088380921;0.000139579114;0.000069516377;
2019;08;10;15;1;0.000151373757;0.000088896235;0.000131765935;0.000071884568;
2019;08;10;16;1;0.000144277143;0.000084126713;0.000127479416;0.000067706053;
2019;08;10;17;1;0.000138899601;0.000080895196;0.000124386798;0.000064303279;
2019;08;10;18;1;0.000136452400;0.000079386190;0.000124234370;0.000064150722;
2019;08;10;19;1;0.000135620016;0.000079227768;0.000125104223;0.000062722801;
2019;08;10;20;1;0.000133789011;0.000079413776;0.000127523883;0.000063984439;
2019;08;10;21;1;0.000136042751;0.000084252303;0.000130780754;0.000065819459;
2019;08;10;22;1;0.000147577959;0.000132923872;0.000137772794;0.000149774223;
2019;08;10;23;1;0.000144269948;0.000155385888;0.000132110516;0.000202026342;
2019;08;10;24;1;0.000129376434;0.000152710021;0.000121609891;0.000187502828;
2019;08;11;1;1;0.000110769495;0.000144078521;0.000108041022;0.000178644990;
2019;08;11;2;1;0.000096782854;0.000134350804;0.000098829584;0.000173943404;
2019;08;11;3;1;0.000086149817;0.000126904811;0.000093462766;0.000167957168;
2019;08;11;4;1;0.000079355321;0.000122483597;0.000090545134;0.000160037008;
2019;08;11;5;1;0.000075485388;0.000119248093;0.000089111519;0.000155075537;
2019;08;11;6;1;0.000073419820;0.000117945742;0.000089140249;0.000151698429;
2019;08;11;7;1;0.000073701716;0.000116511915;0.000090803666;0.000151976644;
2019;08;11;8;1;0.000075328259;0.000077050511;0.000082563142;0.000081203735;
2019;08;11;9;1;0.000083414501;0.000059975719;0.000083319187;0.000050919774;
2019;08;11;10;1;0.000098343720;0.000067691594;0.000091327985;0.000055996527;
2019;08;11;11;1;0.000112607778;0.000075704395;0.000099596229;0.000061204102;
2019;08;11;12;1;0.000121576394;0.000079860738;0.000104790065;0.000064225428;
2019;08;11;13;1;0.000127603828;0.000081510187;0.000108844199;0.000063280791;
2019;08;11;14;1;0.000135467432;0.000082171239;0.000111530657;0.000062129075;
2019;08;11;15;1;0.000139612569;0.000082953913;0.000110941173;0.000064602893;
2019;08;11;16;1;0.000132644473;0.000078151371;0.000108616457;0.000061195463;
2019;08;11;17;1;0.000127664527;0.000075078675;0.000105080193;0.000058949932;
2019;08;11;18;1;0.000125949244;0.000073465295;0.000101996804;0.000058298342;
2019;08;11;19;1;0.000126804493;0.000073894137;0.000101833382;0.000058312238;
2019;08;11;20;1;0.000127739023;0.000074740325;0.000104139033;0.000058564465;
2019;08;11;21;1;0.000132416537;0.000080472185;0.000108088817;0.000063357752;
2019;08;11;22;1;0.000147614501;0.000133225009;0.000121498648;0.000153602660;
2019;08;11;23;1;0.000144999926;0.000155847083;0.000119574989;0.000206074187;
2019;08;11;24;1;0.000128526827;0.000153486059;0.000110080447;0.000194779473;
2019;08;12;1;1;0.000102458511;0.000136234444;0.000092038636;0.000177151109;
2019;08;12;2;1;0.000086857686;0.000125630322;0.000085508847;0.000171089938;
2019;08;12;3;1;0.000077190485;0.000118217429;0.000081844173;0.000165373523;
2019;08;12;4;1;0.000071660007;0.000114355767;0.000080099793;0.000155736391;
2019;08;12;5;1;0.000068674663;0.000111647415;0.000079058117;0.000152313218;
2019;08;12;6;1;0.000067510226;0.000110551023;0.000080650451;0.000149565387;
2019;08;12;7;1;0.000070720731;0.000110548219;0.000087599139;0.000148228953;
2019;08;12;8;1;0.000078525459;0.000078885363;0.000095151083;0.000082943810;
2019;08;12;9;1;0.000092130497;0.000067185091;0.000120445526;0.000055434785;
2019;08;12;10;1;0.000109972414;0.000075201942;0.000139326564;0.000062576386;
2019;08;12;11;1;0.000123388382;0.000080996720;0.000152731993;0.000066224100;
2019;08;12;12;1;0.000129838498;0.000082570433;0.000158119214;0.000067519101;
2019;08;12;13;1;0.000136061924;0.000083585931;0.000161483826;0.000067945105;
2019;08;12;14;1;0.000144447832;0.000085866584;0.000159136786;0.000068896403;
2019;08;12;15;1;0.000144695718;0.000085684682;0.000146145137;0.000069921356;
2019;08;12;16;1;0.000137723721;0.000080314971;0.000136525201;0.000066637364;
2019;08;12;17;1;0.000135649233;0.000077399029;0.000134525971;0.000064920896;
2019;08;12;18;1;0.000137384828;0.000077419337;0.000136303902;0.000065605679;
2019;08;12;19;1;0.000137613031;0.000077407170;0.000134713922;0.000064101467;
2019;08;12;20;1;0.000135046753;0.000077359576;0.000130140385;0.000062521319;
2019;08;12;21;1;0.000134636325;0.000081902330;0.000124969678;0.000065680775;
2019;08;12;22;1;0.000145035499;0.000131167031;0.000125183496;0.000153033896;
2019;08;12;23;1;0.000140618005;0.000151541366;0.000115532682;0.000201995149;
2019;08;12;24;1;0.000122009547;0.000146932173;0.000103817303;0.000189293338;
2019;08;13;1;1;0.000099035540;0.000128752043;0.000094178374;0.000162041270;
2019;08;13;2;1;0.000083479012;0.000118126694;0.000087069125;0.000162074717;
2019;08;13;3;1;0.000074174253;0.000111232863;0.000083214782;0.000157541930;
2019;08;13;4;1;0.000068975330;0.000107600783;0.000081267057;0.000149131285;
2019;08;13;5;1;0.000066068197;0.000105334742;0.000080278549;0.000143604369;
2019;08;13;6;1;0.000065132275;0.000104358784;0.000081840288;0.000140020896;
2019;08;13;7;1;0.000068098253;0.000104584130;0.000088454548;0.000138919779;
2019;08;13;8;1;0.000075811956;0.000075175525;0.000095097692;0.000079932130;
2019;08;13;9;1;0.000088819777;0.000065863019;0.000118650673;0.000055996437;
2019;08;13;10;1;0.000105820338;0.000074241331;0.000136941151;0.000062524083;
2019;08;13;11;1;0.000119281021;0.000079942208;0.000150290599;0.000066539405;
2019;08;13;12;1;0.000125297240;0.000081512248;0.000155580737;0.000068024613;
2019;08;13;13;1;0.000130937773;0.000082686325;0.000159314543;0.000067745058;
2019;08;13;14;1;0.000139048069;0.000084816457;0.000157335696;0.000067309167;
2019;08;13;15;1;0.000138793046;0.000084153404;0.000144896815;0.000067860038;
2019;08;13;16;1;0.000132053928;0.000078761169;0.000135870556;0.000064915727;
2019;08;13;17;1;0.000129641932;0.000076245782;0.000133950766;0.000062949251;
2019;08;13;18;1;0.000131164184;0.000076115999;0.000135641045;0.000064269031;
2019;08;13;19;1;0.000131393987;0.000076273246;0.000133754779;0.000063283104;
2019;08;13;20;1;0.000129203221;0.000076211442;0.000130096900;0.000063160070;
2019;08;13;21;1;0.000129432402;0.000079940175;0.000125064068;0.000065631990;
2019;08;13;22;1;0.000139794282;0.000125465228;0.000125614692;0.000143401296;
2019;08;13;23;1;0.000135665903;0.000144695156;0.000115893845;0.000190104489;
2019;08;13;24;1;0.000117958346;0.000140233665;0.000104416130;0.000176099044;
2019;08;14;1;1;0.000100693907;0.000130222355;0.000095807061;0.000163076714;
2019;08;14;2;1;0.000084882936;0.000119494956;0.000088581186;0.000163157427;
2019;08;14;3;1;0.000075401819;0.000112453507;0.000084637600;0.000158421246;
2019;08;14;4;1;0.000070096720;0.000108710096;0.000082632836;0.000149784832;
2019;08;14;5;1;0.000067134539;0.000106392118;0.000081618252;0.000144162166;
2019;08;14;6;1;0.000066196279;0.000105452183;0.000083222105;0.000140673193;
2019;08;14;7;1;0.000069201537;0.000105647629;0.000089936121;0.000139488862;
2019;08;14;8;1;0.000077065816;0.000075997738;0.000096722669;0.000080370442;
2019;08;14;9;1;0.000090303940;0.000066609029;0.000120698381;0.000056343002;
2019;08;14;10;1;0.000107603564;0.000075106413;0.000139323924;0.000062948362;
2019;08;14;11;1;0.000121333963;0.000080939356;0.000152959715;0.000067090087;
2019;08;14;12;1;0.000127487119;0.000082578541;0.000158385289;0.000068662551;
2019;08;14;13;1;0.000133241317;0.000083789649;0.000162204763;0.000068412429;
2019;08;14;14;1;0.000141529688;0.000085997154;0.000160230087;0.000068042011;
2019;08;14;15;1;0.000141318403;0.000085391276;0.000147612817;0.000068695105;
2019;08;14;16;1;0.000134492656;0.000079968708;0.000138454417;0.000065787752;
2019;08;14;17;1;0.000132000662;0.000077367414;0.000136461466;0.000063724517;
2019;08;14;18;1;0.000133555665;0.000077242391;0.000138188657;0.000065070707;
2019;08;14;19;1;0.000133789828;0.000077402124;0.000136267135;0.000064072580;
2019;08;14;20;1;0.000131564404;0.000077346576;0.000132545878;0.000063958896;
2019;08;14;21;1;0.000131725346;0.000081029251;0.000127348286;0.000066311895;
2019;08;14;22;1;0.000142164511;0.000126957553;0.000127813415;0.000144439349;
2019;08;14;23;1;0.000137969588;0.000146424804;0.000117925369;0.000191501733;
2019;08;14;24;1;0.000120002053;0.000142019536;0.000106282513;0.000177639904;
2019;08;15;1;1;0.000112881872;0.000145981789;0.000110161614;0.000179947170;
2019;08;15;2;1;0.000098627639;0.000136122674;0.000100768493;0.000175204008;
2019;08;15;3;1;0.000087801783;0.000128611209;0.000095307085;0.000169251509;
2019;08;15;4;1;0.000080826252;0.000123952686;0.000092273945;0.000160852050;
2019;08;15;5;1;0.000076950769;0.000120915660;0.000090891130;0.000156420260;
2019;08;15;6;1;0.000074847485;0.000119603743;0.000090923328;0.000153033735;
2019;08;15;7;1;0.000075134353;0.000118148077;0.000092619390;0.000153310945;
2019;08;15;8;1;0.000076895309;0.000078372004;0.000084326817;0.000082372916;
2019;08;15;9;1;0.000085146519;0.000060999277;0.000085095766;0.000051645647;
2019;08;15;10;1;0.000100354956;0.000068798373;0.000093246739;0.000056721837;
2019;08;15;11;1;0.000114871204;0.000076881488;0.000101653716;0.000061907782;
2019;08;15;12;1;0.000124027202;0.000081113018;0.000106960981;0.000064979031;
2019;08;15;13;1;0.000130192459;0.000082812006;0.000111113032;0.000064056402;
2019;08;15;14;1;0.000138221358;0.000083491493;0.000113860241;0.000062901151;
2019;08;15;15;1;0.000142329304;0.000084122954;0.000113161876;0.000065176305;
2019;08;15;16;1;0.000135328573;0.000079390303;0.000110874981;0.000061932162;
2019;08;15;17;1;0.000130254001;0.000076277133;0.000107270246;0.000059671301;
2019;08;15;18;1;0.000128583014;0.000074742999;0.000104186675;0.000059162215;
2019;08;15;19;1;0.000129401901;0.000075107479;0.000103976158;0.000059074230;
2019;08;15;20;1;0.000130294607;0.000075886467;0.000106280594;0.000059215196;
2019;08;15;21;1;0.000135046421;0.000081679563;0.000110295856;0.000064023852;
2019;08;15;22;1;0.000150471413;0.000135069832;0.000123917888;0.000154895712;
2019;08;15;23;1;0.000147741838;0.000157848373;0.000121902791;0.000207437138;
2019;08;15;24;1;0.000130968190;0.000155486762;0.000112232802;0.000196135727;
2019;08;16;1;1;0.000102399765;0.000132508671;0.000097314738;0.000166407561;
2019;08;16;2;1;0.000086995117;0.000122087510;0.000089542455;0.000166020252;
2019;08;16;3;1;0.000077180356;0.000114984407;0.000085449608;0.000160215603;
2019;08;16;4;1;0.000071561554;0.000111012976;0.000083093605;0.000151153845;
2019;08;16;5;1;0.000068483901;0.000108591831;0.000082111022;0.000147009396;
2019;08;16;6;1;0.000067284994;0.000107600754;0.000083662449;0.000142751146;
2019;08;16;7;1;0.000070219675;0.000107769080;0.000089998099;0.000142631350;
2019;08;16;8;1;0.000077758937;0.000077097330;0.000095858910;0.000082604752;
2019;08;16;9;1;0.000090824626;0.000066923155;0.000118533435;0.000057378202;
2019;08;16;10;1;0.000108045045;0.000075192092;0.000136848736;0.000063242907;
2019;08;16;11;1;0.000121982547;0.000081186132;0.000150995218;0.000067801716;
2019;08;16;12;1;0.000128729059;0.000082891033;0.000156600240;0.000069445845;
2019;08;16;13;1;0.000135155117;0.000084339099;0.000160294507;0.000070159752;
2019;08;16;14;1;0.000143300055;0.000086678063;0.000158937651;0.000069631356;
2019;08;16;15;1;0.000143665572;0.000086321689;0.000146047227;0.000070953772;
2019;08;16;16;1;0.000137627902;0.000081392804;0.000135441049;0.000067173324;
2019;08;16;17;1;0.000134886180;0.000078864471;0.000132304205;0.000065365002;
2019;08;16;18;1;0.000135896224;0.000078617472;0.000133602585;0.000066083045;
2019;08;16;19;1;0.000135832031;0.000078718449;0.000133005692;0.000065663543;
2019;08;16;20;1;0.000133153801;0.000078397090;0.000131114314;0.000064170528;
2019;08;16;21;1;0.000131691467;0.000081828513;0.000127590903;0.000065845718;
2019;08;16;22;1;0.000139245536;0.000129248096;0.000129681641;0.000148985005;
2019;08;16;23;1;0.000134688329;0.000147876669;0.000121074778;0.000196823617;
2019;08;16;24;1;0.000120066636;0.000144686651;0.000110622002;0.000185060039;
2019;08;17;1;1;0.000111551810;0.000140759668;0.000107748138;0.000170816553;
2019;08;17;2;1;0.000096601347;0.000130516537;0.000097987822;0.000169727084;
2019;08;17;3;1;0.000085592091;0.000122705458;0.000092595963;0.000163986167;
2019;08;17;4;1;0.000078607992;0.000118061354;0.000089572328;0.000153661184;
2019;08;17;5;1;0.000074622559;0.000114845530;0.000088165486;0.000149755543;
2019;08;17;6;1;0.000072690590;0.000113803110;0.000088879431;0.000147564198;
2019;08;17;7;1;0.000073449278;0.000112475603;0.000091238082;0.000146189428;
2019;08;17;8;1;0.000076425107;0.000076746319;0.000086870706;0.000081212263;
2019;08;17;9;1;0.000087064105;0.000063034164;0.000093908466;0.000054284284;
2019;08;17;10;1;0.000104889107;0.000072352101;0.000109011829;0.000060469764;
2019;08;17;11;1;0.000121269690;0.000080287035;0.000124023758;0.000065997175;
2019;08;17;12;1;0.000129056647;0.000083377334;0.000129444052;0.000068832413;
2019;08;17;13;1;0.000135101135;0.000084531555;0.000133566208;0.000069224010;
2019;08;17;14;1;0.000143179149;0.000085760140;0.000133656889;0.000068316245;
2019;08;17;15;1;0.000145167870;0.000086349388;0.000126232568;0.000070775121;
2019;08;17;16;1;0.000138424716;0.000081800603;0.000122181239;0.000066784782;
2019;08;17;17;1;0.000133278268;0.000078675954;0.000119228749;0.000063453973;
2019;08;17;18;1;0.000130965673;0.000077256271;0.000119114989;0.000063374623;
2019;08;17;19;1;0.000130171042;0.000077108061;0.000119952945;0.000061973000;
2019;08;17;20;1;0.000128370777;0.000077230588;0.000122232195;0.000063133690;
2019;08;17;21;1;0.000130570051;0.000081989825;0.000125389266;0.000065023416;
2019;08;17;22;1;0.000141752911;0.000129585914;0.000132197215;0.000148437961;
2019;08;17;23;1;0.000138534826;0.000151381055;0.000126726906;0.000199973280;
2019;08;17;24;1;0.000124185614;0.000148644230;0.000116609348;0.000185306152;
2019;08;18;1;1;0.000110945588;0.000144002271;0.000108236988;0.000178096062;
2019;08;18;2;1;0.000096928461;0.000134253265;0.000099000414;0.000173346002;
2019;08;18;3;1;0.000086291785;0.000126853696;0.000093637729;0.000167476736;
2019;08;18;4;1;0.000079424285;0.000122216699;0.000090644097;0.000159065406;
2019;08;18;5;1;0.000075639895;0.000119308241;0.000089313893;0.000154885178;
2019;08;18;6;1;0.000073581055;0.000118045328;0.000089355994;0.000151605271;
2019;08;18;7;1;0.000073801991;0.000116388291;0.000090947552;0.000151359948;
2019;08;18;8;1;0.000075476974;0.000077076285;0.000082744648;0.000081078200;
2019;08;18;9;1;0.000083563571;0.000059969769;0.000083486761;0.000050800198;
2019;08;18;10;1;0.000098516365;0.000067680160;0.000091508781;0.000055858322;
2019;08;18;11;1;0.000112818243;0.000075711627;0.000099804698;0.000061083210;
2019;08;18;12;1;0.000121886408;0.000079992897;0.000105080778;0.000064280668;
2019;08;18;13;1;0.000128021659;0.000081779990;0.000109225034;0.000063525027;
2019;08;18;14;1;0.000135942829;0.000082487235;0.000111947092;0.000062428984;
2019;08;18;15;1;0.000140131447;0.000083311851;0.000111378403;0.000064968995;
2019;08;18;16;1;0.000133239526;0.000078625804;0.000109128128;0.000061736599;
2019;08;18;17;1;0.000128248998;0.000075550342;0.000105584886;0.000059493997;
2019;08;18;18;1;0.000126580172;0.000073999572;0.000102530677;0.000058941776;
2019;08;18;19;1;0.000127376002;0.000074346862;0.000102315231;0.000058835031;
2019;08;18;20;1;0.000128291031;0.000075166843;0.000104612455;0.000059045573;
2019;08;18;21;1;0.000132967514;0.000080902670;0.000108562850;0.000063838811;
2019;08;18;22;1;0.000148229636;0.000133938749;0.000122032249;0.000154768536;
2019;08;18;23;1;0.000145527769;0.000156493140;0.000120037127;0.000207181270;
2019;08;18;24;1;0.000129029418;0.000154217005;0.000110535629;0.000196043482;
2019;08;19;1;1;0.000108088261;0.000141262104;0.000097255031;0.000180562845;
2019;08;19;2;1;0.000091573952;0.000130084210;0.000090299670;0.000173943777;
2019;08;19;3;1;0.000081378015;0.000122394484;0.000086425620;0.000168093908;
2019;08;19;4;1;0.000075552459;0.000118413167;0.000084589131;0.000158335742;
2019;08;19;5;1;0.000072422989;0.000115673318;0.000083509867;0.000155008015;
2019;08;19;6;1;0.000071216315;0.000114613846;0.000085217374;0.000152388943;
2019;08;19;7;1;0.000074667675;0.000114838458;0.000092639700;0.000151572916;
2019;08;19;8;1;0.000082955793;0.000082055125;0.000100684214;0.000085019039;
2019;08;19;9;1;0.000097347093;0.000069915491;0.000127474013;0.000056867362;
2019;08;19;10;1;0.000116185491;0.000078237034;0.000147439374;0.000064162288;
2019;08;19;11;1;0.000130421570;0.000084357814;0.000161702446;0.000068037641;
2019;08;19;12;1;0.000137281178;0.000086056869;0.000167457104;0.000069456142;
2019;08;19;13;1;0.000143905596;0.000087176568;0.000171073018;0.000069983706;
2019;08;19;14;1;0.000152886833;0.000089704929;0.000168710088;0.000071178196;
2019;08;19;15;1;0.000153233922;0.000089627631;0.000155022601;0.000072401044;
2019;08;19;16;1;0.000145872743;0.000084040277;0.000144840375;0.000069044857;
2019;08;19;17;1;0.000143663565;0.000080973984;0.000142707515;0.000067244278;
2019;08;19;18;1;0.000145516295;0.000081013918;0.000144608079;0.000067982248;
2019;08;19;19;1;0.000145623786;0.000080830770;0.000142789625;0.000066170408;
2019;08;19;20;1;0.000142846938;0.000080702055;0.000137882862;0.000064424906;
2019;08;19;21;1;0.000142464742;0.000085512764;0.000132452821;0.000067784410;
2019;08;19;22;1;0.000153460937;0.000136932386;0.000132672838;0.000157896610;
2019;08;19;23;1;0.000148622227;0.000157803294;0.000122309192;0.000207464607;
2019;08;19;24;1;0.000128987412;0.000153092512;0.000109934669;0.000194622651;
2019;08;20;1;1;0.000104255477;0.000133680320;0.000099275633;0.000166085807;
2019;08;20;2;1;0.000087880255;0.000122652355;0.000091782918;0.000166130444;
2019;08;20;3;1;0.000078072391;0.000115452269;0.000087705829;0.000161378267;
2019;08;20;4;1;0.000072608107;0.000111710042;0.000085662262;0.000152831261;
2019;08;20;5;1;0.000069546950;0.000109354315;0.000084619183;0.000147160000;
2019;08;20;6;1;0.000068547371;0.000108289342;0.000086247275;0.000143364055;
2019;08;20;7;1;0.000071698528;0.000108626160;0.000093256286;0.000142482396;
2019;08;20;8;1;0.000079889268;0.000078236453;0.000100346999;0.000082279941;
2019;08;20;9;1;0.000093584915;0.000068525155;0.000125184355;0.000057611457;
2019;08;20;10;1;0.000111484723;0.000077221391;0.000144465405;0.000064295183;
2019;08;20;11;1;0.000125687000;0.000083182871;0.000158574920;0.000068471426;
2019;08;20;12;1;0.000132018926;0.000084805618;0.000164147469;0.000069983218;
2019;08;20;13;1;0.000137919639;0.000085966414;0.000168035197;0.000069605878;
2019;08;20;14;1;0.000146404526;0.000088101104;0.000165882465;0.000069043742;
2019;08;20;15;1;0.000146079481;0.000087335177;0.000152708786;0.000069497583;
2019;08;20;16;1;0.000138953361;0.000081694515;0.000143161672;0.000066416730;
2019;08;20;17;1;0.000136356423;0.000079007381;0.000141077898;0.000064289589;
2019;08;20;18;1;0.000137941955;0.000078852558;0.000142841999;0.000065606780;
2019;08;20;19;1;0.000138093279;0.000078897402;0.000140763493;0.000064425469;
2019;08;20;20;1;0.000135751416;0.000078781016;0.000136874217;0.000064222294;
2019;08;20;21;1;0.000136053986;0.000082720959;0.000131638973;0.000066860263;
2019;08;20;22;1;0.000146891986;0.000129722375;0.000132169974;0.000145871381;
2019;08;20;23;1;0.000142432364;0.000149315046;0.000121837791;0.000192706983;
2019;08;20;24;1;0.000123873302;0.000144794952;0.000109799487;0.000178694855;
2019;08;21;1;1;0.000103611469;0.000132781847;0.000098659100;0.000164764197;
2019;08;21;2;1;0.000087352568;0.000121875866;0.000091228760;0.000164924094;
2019;08;21;3;1;0.000077615840;0.000114762248;0.000087190039;0.000160308170;
2019;08;21;4;1;0.000072190533;0.000111066895;0.000085166776;0.000151877906;
2019;08;21;5;1;0.000069174793;0.000108824335;0.000084163568;0.000146483617;
2019;08;21;6;1;0.000068202141;0.000107842078;0.000085810043;0.000142889859;
2019;08;21;7;1;0.000071339671;0.000108185316;0.000092786440;0.000142029824;
2019;08;21;8;1;0.000079485899;0.000077911013;0.000099837011;0.000082003333;
2019;08;21;9;1;0.000093096979;0.000068214118;0.000124527516;0.000057377763;
2019;08;21;10;1;0.000110887806;0.000076846191;0.000143687115;0.000063997340;
2019;08;21;11;1;0.000124998024;0.000082754541;0.000157700411;0.000068118340;
2019;08;21;12;1;0.000131268670;0.000084329857;0.000163209191;0.000069563790;
2019;08;21;13;1;0.000137188054;0.000085558812;0.000167138299;0.000069298868;
2019;08;21;14;1;0.000145666650;0.000087736927;0.000165040924;0.000068815840;
2019;08;21;15;1;0.000145461076;0.000087135146;0.000152057252;0.000069500164;
2019;08;21;16;1;0.000138431591;0.000081596883;0.000142619349;0.000066551322;
2019;08;21;17;1;0.000135925445;0.000079020636;0.000140627314;0.000064579337;
2019;08;21;18;1;0.000137487795;0.000078842027;0.000142366964;0.000065866614;
2019;08;21;19;1;0.000137701845;0.000078969729;0.000140359814;0.000064803851;
2019;08;21;20;1;0.000135376621;0.000078866804;0.000136491776;0.000064620168;
2019;08;21;21;1;0.000135606519;0.000082711270;0.000131201656;0.000067128542;
2019;08;21;22;1;0.000146385809;0.000129658938;0.000131710141;0.000146353408;
2019;08;21;23;1;0.000141905325;0.000149154863;0.000121382915;0.000193138800;
2019;08;21;24;1;0.000123449745;0.000144732753;0.000109420408;0.000179303933;
2019;08;22;1;1;0.000104653112;0.000133783987;0.000099679617;0.000165629772;
2019;08;22;2;1;0.000088257034;0.000122879140;0.000092199871;0.000165994168;
2019;08;22;3;1;0.000078394903;0.000115624290;0.000088090532;0.000161140228;
2019;08;22;4;1;0.000072890902;0.000111816237;0.000086017769;0.000152456458;
2019;08;22;5;1;0.000069817610;0.000109457007;0.000084970102;0.000146794285;
2019;08;22;6;1;0.000068837164;0.000108473101;0.000086633922;0.000143201149;
2019;08;22;7;1;0.000071986757;0.000108758898;0.000093654988;0.000142197581;
2019;08;22;8;1;0.000080192476;0.000078291757;0.000100753466;0.000082038246;
2019;08;22;9;1;0.000093951732;0.000068592921;0.000125706989;0.000057471393;
2019;08;22;10;1;0.000111988438;0.000077403876;0.000145155039;0.000064300155;
2019;08;22;11;1;0.000126251907;0.000083375065;0.000159328151;0.000068470456;
2019;08;22;12;1;0.000132679476;0.000085100223;0.000165010724;0.000070129952;
2019;08;22;13;1;0.000138632898;0.000086298100;0.000168947153;0.000069800397;
2019;08;22;14;1;0.000147230657;0.000088535720;0.000166860929;0.000069370894;
2019;08;22;15;1;0.000146971623;0.000087858405;0.000153680486;0.000069959585;
2019;08;22;16;1;0.000139821444;0.000082210263;0.000144092679;0.000066897393;
2019;08;22;17;1;0.000137251001;0.000079562865;0.000142039565;0.000064838812;
2019;08;22;18;1;0.000138836359;0.000079393170;0.000143804735;0.000066146533;
2019;08;22;19;1;0.000139049776;0.000079518201;0.000141774529;0.000065073982;
2019;08;22;20;1;0.000136697111;0.000079408333;0.000137862785;0.000064880284;
2019;08;22;21;1;0.000136928545;0.000083278145;0.000132518843;0.000067397066;
2019;08;22;22;1;0.000147841142;0.000130604612;0.000133057831;0.000147055398;
2019;08;22;23;1;0.000143342298;0.000150305257;0.000122647338;0.000194210849;
2019;08;22;24;1;0.000124662527;0.000145749660;0.000110527145;0.000180077636;
2019;08;23;1;1;0.000107365771;0.000137234505;0.000102153493;0.000170405190;
2019;08;23;2;1;0.000091189535;0.000126364193;0.000093969483;0.000169820447;
2019;08;23;3;1;0.000080898069;0.000119000601;0.000089670412;0.000163854068;
2019;08;23;4;1;0.000075018794;0.000114926142;0.000087209869;0.000154673707;
2019;08;23;5;1;0.000071784037;0.000112389582;0.000086168505;0.000150360031;
2019;08;23;6;1;0.000070538217;0.000111403339;0.000087810115;0.000146099609;
2019;08;23;7;1;0.000073677215;0.000111795067;0.000094539964;0.000146496761;
2019;08;23;8;1;0.000081642399;0.000080101045;0.000100764058;0.000085083763;
2019;08;23;9;1;0.000095345206;0.000069504842;0.000124578709;0.000059060761;
2019;08;23;10;1;0.000113461409;0.000078153235;0.000143877148;0.000065187884;
2019;08;23;11;1;0.000128085308;0.000084364204;0.000158734938;0.000069856857;
2019;08;23;12;1;0.000135164570;0.000086128642;0.000164621445;0.000071539439;
2019;08;23;13;1;0.000141925064;0.000087651496;0.000168520587;0.000072301299;
2019;08;23;14;1;0.000150381279;0.000089949080;0.000166986715;0.000071562491;
2019;08;23;15;1;0.000150609755;0.000089369001;0.000153285624;0.000072612182;
2019;08;23;16;1;0.000144115112;0.000084046445;0.000141991078;0.000068420210;
2019;08;23;17;1;0.000141209854;0.000081390517;0.000138668849;0.000066511487;
2019;08;23;18;1;0.000142271151;0.000081140691;0.000140033528;0.000067249761;
2019;08;23;19;1;0.000142170349;0.000081201079;0.000139374966;0.000066757613;
2019;08;23;20;1;0.000139311240;0.000080795509;0.000137337903;0.000065131556;
2019;08;23;21;1;0.000137783831;0.000084334807;0.000133649716;0.000066834618;
2019;08;23;22;1;0.000145677709;0.000133188676;0.000135830729;0.000151191392;
2019;08;23;23;1;0.000140705170;0.000151882500;0.000126631423;0.000198556249;
2019;08;23;24;1;0.000125372486;0.000148449340;0.000115645602;0.000186331673;
2019;08;24;1;1;0.000110720025;0.000140054988;0.000106912331;0.000170382098;
2019;08;24;2;1;0.000095951470;0.000130081185;0.000097299145;0.000169810659;
2019;08;24;3;1;0.000085032471;0.000122349931;0.000091962694;0.000164199513;
2019;08;24;4;1;0.000078113099;0.000117785436;0.000088981454;0.000154019431;
2019;08;24;5;1;0.000074151886;0.000114574366;0.000087582864;0.000150099218;
2019;08;24;6;1;0.000072168524;0.000113305724;0.000088214376;0.000147361978;
2019;08;24;7;1;0.000072910928;0.000111945729;0.000090541922;0.000145897732;
2019;08;24;8;1;0.000075910843;0.000076491178;0.000086260025;0.000081257083;
2019;08;24;9;1;0.000086452055;0.000062781193;0.000093220063;0.000054246415;
2019;08;24;10;1;0.000104138324;0.000072040107;0.000108198762;0.000060393813;
2019;08;24;11;1;0.000120405162;0.000079945818;0.000123102308;0.000065921029;
2019;08;24;12;1;0.000128085338;0.000082946756;0.000128430924;0.000068637926;
2019;08;24;13;1;0.000134041321;0.000084033272;0.000132478306;0.000068936376;
2019;08;24;14;1;0.000142010202;0.000085191956;0.000132525540;0.000067942002;
2019;08;24;15;1;0.000143906620;0.000085674217;0.000125097939;0.000070235145;
2019;08;24;16;1;0.000137173131;0.000081095149;0.000121039858;0.000066178398;
2019;08;24;17;1;0.000132019061;0.000077924484;0.000118066519;0.000062771507;
2019;08;24;18;1;0.000129722406;0.000076510317;0.000117948495;0.000062680904;
2019;08;24;19;1;0.000128949828;0.000076382986;0.000118791611;0.000061322512;
2019;08;24;20;1;0.000127237981;0.000076602359;0.000121116881;0.000062615295;
2019;08;24;21;1;0.000129487703;0.000081422928;0.000124312208;0.000064632708;
2019;08;24;22;1;0.000140605447;0.000128747926;0.000131087396;0.000147667413;
2019;08;24;23;1;0.000137232006;0.000149950228;0.000125497117;0.000197858488;
2019;08;24;24;1;0.000123104471;0.000147475751;0.000115559159;0.000183877606;
2019;08;25;1;1;0.000108931582;0.000142086060;0.000106213355;0.000176582839;
2019;08;25;2;1;0.000095187086;0.000132524616;0.000097168027;0.000172009149;
2019;08;25;3;1;0.000084753937;0.000125262422;0.000091918084;0.000166286772;
2019;08;25;4;1;0.000078032221;0.000120766469;0.000089006114;0.000158132307;
2019;08;25;5;1;0.000074274897;0.000117750126;0.000087653613;0.000153639414;
2019;08;25;6;1;0.000072240539;0.000116456947;0.000087679550;0.000150276310;
2019;08;25;7;1;0.000072508910;0.000115008878;0.000089304628;0.000150476183;
2019;08;25;8;1;0.000074181965;0.000076227543;0.000081279948;0.000080730077;
2019;08;25;9;1;0.000082078441;0.000059224595;0.000081957628;0.000050450977;
2019;08;25;10;1;0.000096788307;0.000066875274;0.000089853903;0.000055528773;
2019;08;25;11;1;0.000110846515;0.000074822114;0.000098006156;0.000060738389;
2019;08;25;12;1;0.000119726996;0.000079008728;0.000103161998;0.000063852153;
2019;08;25;13;1;0.000125655345;0.000080629729;0.000107146839;0.000062897661;
2019;08;25;14;1;0.000133438583;0.000081338863;0.000109824085;0.000061828795;
2019;08;25;15;1;0.000137490384;0.000082070975;0.000109218791;0.000064230207;
2019;08;25;16;1;0.000130705370;0.000077423695;0.000106993333;0.000060990455;
2019;08;25;17;1;0.000125774787;0.000074348083;0.000103490628;0.000058707614;
2019;08;25;18;1;0.000124144899;0.000072830851;0.000100502458;0.000058175147;
2019;08;25;19;1;0.000124896614;0.000073133943;0.000100268150;0.000058013796;
2019;08;25;20;1;0.000125796182;0.000073943374;0.000102521327;0.000058224759;
2019;08;25;21;1;0.000130516493;0.000079773993;0.000106502730;0.000063221356;
2019;08;25;22;1;0.000145624849;0.000132335331;0.000119821491;0.000153830893;
2019;08;25;23;1;0.000142856973;0.000154339151;0.000117768955;0.000205248727;
2019;08;25;24;1;0.000126636400;0.000152025829;0.000108425582;0.000194056657;
2019;08;26;1;1;0.000109093244;0.000141711890;0.000098176665;0.000179873106;
2019;08;26;2;1;0.000092525219;0.000130819735;0.000091253851;0.000174049721;
2019;08;26;3;1;0.000082270239;0.000123246401;0.000087388652;0.000168590448;
2019;08;26;4;1;0.000076441128;0.000119452442;0.000085599241;0.000159322096;
2019;08;26;5;1;0.000073268568;0.000116665622;0.000084499847;0.000155917877;
2019;08;26;6;1;0.000072083203;0.000115727313;0.000086269961;0.000153597999;
2019;08;26;7;1;0.000075638297;0.000116171371;0.000093860557;0.000153297177;
2019;08;26;8;1;0.000084146901;0.000083262955;0.000102147952;0.000086468149;
2019;08;26;9;1;0.000098725560;0.000070912929;0.000129301971;0.000057789709;
2019;08;26;10;1;0.000117777201;0.000079270207;0.000149485710;0.000065078050;
2019;08;26;11;1;0.000132194026;0.000085450339;0.000163929028;0.000068976498;
2019;08;26;12;1;0.000139116512;0.000087127817;0.000169725904;0.000070350491;
2019;08;26;13;1;0.000145776693;0.000088188287;0.000173328030;0.000070778093;
2019;08;26;14;1;0.000154726683;0.000090547753;0.000170770581;0.000071701130;
2019;08;26;15;1;0.000154936192;0.000090281226;0.000156772488;0.000072658625;
2019;08;26;16;1;0.000147419268;0.000084556139;0.000146401867;0.000069146717;
2019;08;26;17;1;0.000145207844;0.000081497992;0.000144267052;0.000067383471;
2019;08;26;18;1;0.000147150460;0.000081626813;0.000146257930;0.000068257103;
2019;08;26;19;1;0.000147247978;0.000081428083;0.000144407764;0.000066416814;
2019;08;26;20;1;0.000144431195;0.000081286827;0.000139436744;0.000064647980;
2019;08;26;21;1;0.000144149909;0.000086276203;0.000134043285;0.000068225154;
2019;08;26;22;1;0.000155261491;0.000138125125;0.000134253247;0.000158861519;
2019;08;26;23;1;0.000150190614;0.000158754798;0.000123621782;0.000207731635;
2019;08;26;24;1;0.000130306654;0.000153902225;0.000111078705;0.000194612756;
2019;08;27;1;1;0.000105295324;0.000134377960;0.000100293636;0.000166101719;
2019;08;27;2;1;0.000088781929;0.000123371777;0.000092750367;0.000166338267;
2019;08;27;3;1;0.000078905276;0.000116236121;0.000088666083;0.000161847346;
2019;08;27;4;1;0.000073369247;0.000112421312;0.000086584267;0.000153158791;
2019;08;27;5;1;0.000070273586;0.000110041593;0.000085527023;0.000147452309;
2019;08;27;6;1;0.000069277684;0.000109020048;0.000087190354;0.000143766294;
2019;08;27;7;1;0.000072506140;0.000109510516;0.000094332895;0.000143242509;
2019;08;27;8;1;0.000080866943;0.000079047519;0.000101603221;0.000083051255;
2019;08;27;9;1;0.000094776508;0.000069313193;0.000126813478;0.000058270348;
2019;08;27;10;1;0.000112918240;0.000078131274;0.000146363608;0.000065062773;
2019;08;27;11;1;0.000127264009;0.000084103695;0.000160609136;0.000069200003;
2019;08;27;12;1;0.000133685987;0.000085759905;0.000166266359;0.000070750950;
2019;08;27;13;1;0.000139631251;0.000086891031;0.000170167760;0.000070306553;
2019;08;27;14;1;0.000148096780;0.000088877633;0.000167846426;0.000069496237;
2019;08;27;15;1;0.000147677253;0.000087981579;0.000154421910;0.000069776053;
2019;08;27;16;1;0.000140465691;0.000082288980;0.000144759965;0.000066667586;
2019;08;27;17;1;0.000137858216;0.000079605605;0.000142671275;0.000064566496;
2019;08;27;18;1;0.000139432279;0.000079411886;0.000144425332;0.000065832547;
2019;08;27;19;1;0.000139650662;0.000079542268;0.000142390494;0.000064773050;
2019;08;27;20;1;0.000137342377;0.000079504387;0.000138516766;0.000064686127;
2019;08;27;21;1;0.000137703982;0.000083557743;0.000133272401;0.000067456750;
2019;08;27;22;1;0.000148686126;0.000131059299;0.000133821426;0.000147220321;
2019;08;27;23;1;0.000144045843;0.000150552759;0.000123252169;0.000193787605;
2019;08;27;24;1;0.000125249202;0.000145922447;0.000111049874;0.000179534865;
2019;08;28;1;1;0.000106704482;0.000135321285;0.000101688882;0.000166118831;
2019;08;28;2;1;0.000089979700;0.000124267862;0.000094050720;0.000166427187;
2019;08;28;3;1;0.000079945713;0.000116999370;0.000089882095;0.000161729327;
2019;08;28;4;1;0.000074362600;0.000113249406;0.000087802324;0.000153266522;
2019;08;28;5;1;0.000071257159;0.000110966098;0.000086769334;0.000147829627;
2019;08;28;6;1;0.000070265765;0.000110001167;0.000088480055;0.000144286345;
2019;08;28;7;1;0.000073550305;0.000110530939;0.000095741313;0.000143844389;
2019;08;28;8;1;0.000082043080;0.000079810080;0.000103134729;0.000083450240;
2019;08;28;9;1;0.000096147178;0.000069968865;0.000128714589;0.000058530466;
2019;08;28;10;1;0.000114555093;0.000078876678;0.000148562750;0.000065363383;
2019;08;28;11;1;0.000129138550;0.000084950900;0.000163059863;0.000069586524;
2019;08;28;12;1;0.000135696375;0.000086684081;0.000168854743;0.000071236041;
2019;08;28;13;1;0.000141747795;0.000087851154;0.000172837304;0.000070823369;
2019;08;28;14;1;0.000150454814;0.000090014169;0.000170607882;0.000070224906;
2019;08;28;15;1;0.000150196748;0.000089334507;0.000157138413;0.000070833591;
2019;08;28;16;1;0.000142877134;0.000083574798;0.000147321950;0.000067708840;
2019;08;28;17;1;0.000140270941;0.000080910359;0.000145243972;0.000065664799;
2019;08;28;18;1;0.000141858992;0.000080695994;0.000147015606;0.000066926472;
2019;08;28;19;1;0.000142080360;0.000080827367;0.000144943441;0.000065847595;
2019;08;28;20;1;0.000139654444;0.000080686687;0.000140922087;0.000065608885;
2019;08;28;21;1;0.000139960769;0.000084715586;0.000135527230;0.000068295576;
2019;08;28;22;1;0.000151128677;0.000132885730;0.000136090750;0.000149068427;
2019;08;28;23;1;0.000146374469;0.000152561307;0.000125309990;0.000196012636;
2019;08;28;24;1;0.000127280771;0.000147887437;0.000112910003;0.000181637238;
2019;08;29;1;1;0.000109378436;0.000137910888;0.000104306394;0.000168360897;
2019;08;29;2;1;0.000092222975;0.000126609739;0.000096459525;0.000168586378;
2019;08;29;3;1;0.000081936278;0.000119195924;0.000092181261;0.000163807303;
2019;08;29;4;1;0.000076197282;0.000115317179;0.000090028360;0.000155093358;
2019;08;29;5;1;0.000073005457;0.000112957629;0.000088957281;0.000149508725;
2019;08;29;6;1;0.000071968908;0.000111901058;0.000090684890;0.000145748747;
2019;08;29;7;1;0.000075323679;0.000112407874;0.000098114871;0.000145226770;
2019;08;29;8;1;0.000084018040;0.000081158345;0.000105687574;0.000084239150;
2019;08;29;9;1;0.000098447005;0.000071126583;0.000131880975;0.000059047012;
2019;08;29;10;1;0.000117307973;0.000080201870;0.000152233934;0.000065970559;
2019;08;29;11;1;0.000132240946;0.000086376787;0.000167088102;0.000070231029;
2019;08;29;12;1;0.000138978209;0.000088170867;0.000173053402;0.000071942991;
2019;08;29;13;1;0.000145236633;0.000089443285;0.000177208993;0.000071650017;
2019;08;29;14;1;0.000154175744;0.000091669520;0.000174943362;0.000071078019;
2019;08;29;15;1;0.000153863505;0.000090912959;0.000161081575;0.000071602463;
2019;08;29;16;1;0.000146349400;0.000085030552;0.000151002483;0.000068413374;
2019;08;29;17;1;0.000143630102;0.000082254618;0.000148821024;0.000066253178;
2019;08;29;18;1;0.000145328248;0.000082129631;0.000150711023;0.000067664618;
2019;08;29;19;1;0.000145518293;0.000082215941;0.000148549269;0.000066504449;
2019;08;29;20;1;0.000143094153;0.000082152129;0.000144488941;0.000066379307;
2019;08;29;21;1;0.000143383169;0.000086220075;0.000138933452;0.000069048087;
2019;08;29;22;1;0.000154744055;0.000135086162;0.000139438953;0.000150389946;
2019;08;29;23;1;0.000149925651;0.000155204386;0.000128435392;0.000198019297;
2019;08;29;24;1;0.000130450122;0.000150663811;0.000115798390;0.000183968977;
2019;08;30;1;1;0.000113547234;0.000142753163;0.000108198337;0.000174322119;
2019;08;30;2;1;0.000096456719;0.000131498586;0.000099547641;0.000173849719;
2019;08;30;3;1;0.000085567061;0.000123823030;0.000094989210;0.000167709122;
2019;08;30;4;1;0.000079365436;0.000119641820;0.000092402475;0.000158452511;
2019;08;30;5;1;0.000075954876;0.000117041869;0.000091313078;0.000154129730;
2019;08;30;6;1;0.000074621086;0.000115958685;0.000093033269;0.000149628630;
2019;08;30;7;1;0.000077992797;0.000116541483;0.000100228997;0.000150447652;
2019;08;30;8;1;0.000086535661;0.000083748437;0.000106964990;0.000087849360;
2019;08;30;9;1;0.000101049363;0.000072652734;0.000132231583;0.000060954792;
2019;08;30;10;1;0.000120217777;0.000081643218;0.000152675375;0.000067203267;
2019;08;30;11;1;0.000135691136;0.000088099635;0.000168415221;0.000071968900;
2019;08;30;12;1;0.000143239771;0.000090012517;0.000174720478;0.000073806728;
2019;08;30;13;1;0.000150419934;0.000091625783;0.000178877578;0.000074624357;
2019;08;30;14;1;0.000159344942;0.000093976865;0.000177207900;0.000073789016;
2019;08;30;15;1;0.000159572592;0.000093351442;0.000162653448;0.000074843112;
2019;08;30;16;1;0.000152699821;0.000087802836;0.000150676912;0.000070538827;
2019;08;30;17;1;0.000149647074;0.000085061418;0.000147176608;0.000068619544;
2019;08;30;18;1;0.000150738856;0.000084758095;0.000148592556;0.000069318809;
2019;08;30;19;1;0.000150570783;0.000084742521;0.000147833583;0.000068696302;
2019;08;30;20;1;0.000147451141;0.000084199745;0.000145582456;0.000066851109;
2019;08;30;21;1;0.000145872967;0.000087941113;0.000141710247;0.000068673907;
2019;08;30;22;1;0.000154117780;0.000138653205;0.000143917738;0.000154886223;
2019;08;30;23;1;0.000148763937;0.000157888154;0.000134086714;0.000202883463;
2019;08;30;24;1;0.000132585897;0.000154405994;0.000122484425;0.000190584680;
2019;08;31;1;1;0.000114026903;0.000143128887;0.000110191294;0.000172804218;
2019;08;31;2;1;0.000098756041;0.000132748229;0.000100221153;0.000171784239;
2019;08;31;3;1;0.000087562621;0.000125004249;0.000094772856;0.000166459147;
2019;08;31;4;1;0.000080473741;0.000120465226;0.000091741990;0.000156432068;
2019;08;31;5;1;0.000076405885;0.000117227062;0.000090315457;0.000152559325;
2019;08;31;6;1;0.000074335773;0.000115834850;0.000090934302;0.000149556959;
2019;08;31;7;1;0.000075042393;0.000114241771;0.000093261435;0.000147594035;
2019;08;31;8;1;0.000078211616;0.000078247124;0.000088943733;0.000082560926;
2019;08;31;9;1;0.000089028283;0.000064149652;0.000096072791;0.000055003254;
2019;08;31;10;1;0.000107242616;0.000073611950;0.000111510930;0.000061238698;
2019;08;31;11;1;0.000123984624;0.000081675403;0.000126860743;0.000066821151;
2019;08;31;12;1;0.000131943772;0.000084815697;0.000132402876;0.000069686009;
2019;08;31;13;1;0.000138054728;0.000085891850;0.000136551251;0.000069937417;
2019;08;31;14;1;0.000146227319;0.000087028694;0.000136567352;0.000068860526;
2019;08;31;15;1;0.000148084528;0.000087392811;0.000128830117;0.000070996068;
2019;08;31;16;1;0.000141264284;0.000082867174;0.000124746986;0.000067107554;
2019;08;31;17;1;0.000135929528;0.000079591240;0.000121658444;0.000063600933;
2019;08;31;18;1;0.000133545644;0.000078121193;0.000121519358;0.000063471470;
2019;08;31;19;1;0.000132726982;0.000077959896;0.000122366505;0.000062050846;
2019;08;31;20;1;0.000130932539;0.000078139484;0.000124730836;0.000063293832;
2019;08;31;21;1;0.000133309209;0.000083144519;0.000128080713;0.000065458063;
2019;08;31;22;1;0.000144828354;0.000131622138;0.000135129671;0.000149866034;
2019;08;31;23;1;0.000141249290;0.000153039933;0.000129271546;0.000200194723;
2019;08;31;24;1;0.000126643187;0.000150338306;0.000118973630;0.000185655150;
