AŃO;MES;DIA;HORA;VERANO(1)/INVIERNO(0);COEF. PERFIL A;COEF. PERFIL B;COEF. PERFIL C;COEF. PERFIL D;
2018;12;01;1;0;0.000109366616;0.000218679847;0.000090933033;0.000180831037;
2018;12;01;2;0;0.000088415649;0.000200430800;0.000085576522;0.000188492105;
2018;12;01;3;0;0.000075526667;0.000184321086;0.000082485430;0.000178981573;
2018;12;01;4;0;0.000068786575;0.000174035571;0.000080740906;0.000173711354;
2018;12;01;5;0;0.000065852921;0.000168986525;0.000079907212;0.000166891894;
2018;12;01;6;0;0.000065907257;0.000176987996;0.000080837099;0.000162629115;
2018;12;01;7;0;0.000069719494;0.000182196825;0.000084813780;0.000159099059;
2018;12;01;8;0;0.000079043252;0.000181568355;0.000091428682;0.000159119292;
2018;12;01;9;0;0.000099099347;0.000144993397;0.000092771482;0.000085928252;
2018;12;01;10;0;0.000128708761;0.000127514388;0.000101515225;0.000063277223;
2018;12;01;11;0;0.000150879892;0.000130680518;0.000114935914;0.000068008714;
2018;12;01;12;0;0.000156857213;0.000119437040;0.000119552036;0.000068613734;
2018;12;01;13;0;0.000157290978;0.000091211065;0.000120616094;0.000064465596;
2018;12;01;14;0;0.000161534236;0.000089935990;0.000115986080;0.000063360838;
2018;12;01;15;0;0.000159080946;0.000089394494;0.000104993543;0.000064124964;
2018;12;01;16;0;0.000146981798;0.000082584568;0.000100352441;0.000058688107;
2018;12;01;17;0;0.000139870653;0.000078314265;0.000099227690;0.000055351038;
2018;12;01;18;0;0.000143760321;0.000087138814;0.000107150285;0.000057274046;
2018;12;01;19;0;0.000159968821;0.000152936840;0.000124278502;0.000182122360;
2018;12;01;20;0;0.000166153766;0.000167082018;0.000127039229;0.000215669190;
2018;12;01;21;0;0.000170296716;0.000170652305;0.000123522923;0.000223841768;
2018;12;01;22;0;0.000168512614;0.000173913437;0.000113971781;0.000225024620;
2018;12;01;23;0;0.000151264096;0.000217552518;0.000104158101;0.000210201890;
2018;12;01;24;0;0.000131537933;0.000227036032;0.000097426034;0.000190563927;
2018;12;02;1;0;0.000108616910;0.000221886184;0.000087238072;0.000184630418;
2018;12;02;2;0;0.000090003456;0.000204384910;0.000082111552;0.000191875928;
2018;12;02;3;0;0.000077362541;0.000188216478;0.000079429115;0.000180460856;
2018;12;02;4;0;0.000069749047;0.000177087548;0.000077760102;0.000172836277;
2018;12;02;5;0;0.000066173648;0.000171692755;0.000076970486;0.000167228787;
2018;12;02;6;0;0.000065393080;0.000180450896;0.000077946064;0.000164270282;
2018;12;02;7;0;0.000067684024;0.000185643706;0.000080943303;0.000163840288;
2018;12;02;8;0;0.000073419761;0.000180565996;0.000083677685;0.000163532765;
2018;12;02;9;0;0.000086957031;0.000138095139;0.000078462642;0.000080078474;
2018;12;02;10;0;0.000110791081;0.000117642042;0.000080185962;0.000056202940;
2018;12;02;11;0;0.000132840935;0.000122743866;0.000086890963;0.000060619955;
2018;12;02;12;0;0.000143618039;0.000114861966;0.000092115837;0.000063714818;
2018;12;02;13;0;0.000147083655;0.000088431414;0.000095109945;0.000062598190;
2018;12;02;14;0;0.000151671723;0.000087239459;0.000094373613;0.000060785862;
2018;12;02;15;0;0.000150664703;0.000085564159;0.000090301670;0.000060701686;
2018;12;02;16;0;0.000136640422;0.000077605650;0.000086566351;0.000055512630;
2018;12;02;17;0;0.000130137346;0.000072826262;0.000084517191;0.000052274013;
2018;12;02;18;0;0.000134034976;0.000082697285;0.000088869554;0.000054113402;
2018;12;02;19;0;0.000150446773;0.000151011080;0.000105513890;0.000195491173;
2018;12;02;20;0;0.000159497811;0.000166494913;0.000108736091;0.000230735892;
2018;12;02;21;0;0.000169531664;0.000172005854;0.000107081252;0.000239246307;
2018;12;02;22;0;0.000171273710;0.000177238064;0.000102048735;0.000240285931;
2018;12;02;23;0;0.000153525216;0.000222914851;0.000093929012;0.000221414015;
2018;12;02;24;0;0.000127633105;0.000230794340;0.000086953710;0.000196918466;
2018;12;03;1;0;0.000100350292;0.000216375401;0.000082287368;0.000178439891;
2018;12;03;2;0;0.000080046705;0.000197847869;0.000079429530;0.000184241927;
2018;12;03;3;0;0.000069982379;0.000183028389;0.000077879838;0.000175874691;
2018;12;03;4;0;0.000065019586;0.000173163500;0.000077401895;0.000170641669;
2018;12;03;5;0;0.000063385907;0.000168823834;0.000077512459;0.000165213256;
2018;12;03;6;0;0.000065373018;0.000178743907;0.000080026784;0.000162608861;
2018;12;03;7;0;0.000075668654;0.000188084268;0.000090535919;0.000164604751;
2018;12;03;8;0;0.000100129919;0.000194450928;0.000112037946;0.000171648741;
2018;12;03;9;0;0.000124538272;0.000159515738;0.000141913424;0.000096143054;
2018;12;03;10;0;0.000144178317;0.000132535134;0.000162313887;0.000070159559;
2018;12;03;11;0;0.000157873093;0.000127188855;0.000171348403;0.000068091272;
2018;12;03;12;0;0.000160820662;0.000113637339;0.000171826089;0.000067679755;
2018;12;03;13;0;0.000162328895;0.000087439398;0.000169953455;0.000066685391;
2018;12;03;14;0;0.000164512788;0.000087763047;0.000159491540;0.000066186873;
2018;12;03;15;0;0.000159080235;0.000086146861;0.000140206694;0.000064644979;
2018;12;03;16;0;0.000150470033;0.000080732886;0.000134311455;0.000057217510;
2018;12;03;17;0;0.000149305513;0.000077456185;0.000136664024;0.000055947743;
2018;12;03;18;0;0.000159292885;0.000088443386;0.000146087479;0.000062545788;
2018;12;03;19;0;0.000176009881;0.000156148695;0.000160229078;0.000199551064;
2018;12;03;20;0;0.000183412158;0.000172353098;0.000153477809;0.000233955797;
2018;12;03;21;0;0.000188070767;0.000177715536;0.000138422424;0.000243403042;
2018;12;03;22;0;0.000185904057;0.000182905404;0.000118977234;0.000244408135;
2018;12;03;23;0;0.000164830657;0.000226832545;0.000102461032;0.000226118049;
2018;12;03;24;0;0.000134641719;0.000232578929;0.000092921898;0.000199092568;
2018;12;04;1;0;0.000102653456;0.000220658697;0.000084303129;0.000183056139;
2018;12;04;2;0;0.000080552222;0.000201669818;0.000080774750;0.000192349043;
2018;12;04;3;0;0.000069843186;0.000186549297;0.000079003817;0.000183669272;
2018;12;04;4;0;0.000065023416;0.000176709367;0.000078092412;0.000177089347;
2018;12;04;5;0;0.000063746814;0.000172117672;0.000078161882;0.000171747613;
2018;12;04;6;0;0.000065969711;0.000181677309;0.000080855870;0.000167793322;
2018;12;04;7;0;0.000076854075;0.000191011095;0.000091857682;0.000168369485;
2018;12;04;8;0;0.000103881100;0.000198625864;0.000114677896;0.000176443297;
2018;12;04;9;0;0.000129933384;0.000163994560;0.000146634753;0.000098414251;
2018;12;04;10;0;0.000147298389;0.000135690639;0.000167520862;0.000070562829;
2018;12;04;11;0;0.000159467771;0.000129158730;0.000176305810;0.000067790638;
2018;12;04;12;0;0.000160652259;0.000114412624;0.000176065272;0.000064818084;
2018;12;04;13;0;0.000160915344;0.000087234914;0.000173477878;0.000063284648;
2018;12;04;14;0;0.000162491040;0.000087005632;0.000161543756;0.000062734213;
2018;12;04;15;0;0.000156732513;0.000085540271;0.000140333296;0.000061257650;
2018;12;04;16;0;0.000149504776;0.000080540333;0.000133970163;0.000057927061;
2018;12;04;17;0;0.000149433776;0.000078521207;0.000136460769;0.000055559990;
2018;12;04;18;0;0.000160034005;0.000089128367;0.000146551340;0.000059899784;
2018;12;04;19;0;0.000178206726;0.000158179389;0.000160771641;0.000201287083;
2018;12;04;20;0;0.000186654240;0.000175300635;0.000153417335;0.000236142312;
2018;12;04;21;0;0.000190550878;0.000181051708;0.000137150994;0.000244931571;
2018;12;04;22;0;0.000185597694;0.000185176590;0.000117335712;0.000247522230;
2018;12;04;23;0;0.000163180236;0.000228405260;0.000101472862;0.000229252690;
2018;12;04;24;0;0.000134246294;0.000234616510;0.000091756776;0.000200514720;
2018;12;05;1;0;0.000101813539;0.000219492894;0.000083593674;0.000182392651;
2018;12;05;2;0;0.000079903410;0.000200758810;0.000080115576;0.000192286930;
2018;12;05;3;0;0.000069282606;0.000185738298;0.000078363561;0.000183744701;
2018;12;05;4;0;0.000064509084;0.000176064657;0.000077477699;0.000177696380;
2018;12;05;5;0;0.000063239271;0.000171436093;0.000077538513;0.000172106714;
2018;12;05;6;0;0.000065449245;0.000181037520;0.000080222733;0.000168471661;
2018;12;05;7;0;0.000076252079;0.000190403755;0.000091148785;0.000169305848;
2018;12;05;8;0;0.000103066236;0.000197979764;0.000113790272;0.000177350917;
2018;12;05;9;0;0.000128897790;0.000163336933;0.000145462848;0.000098598594;
2018;12;05;10;0;0.000146114421;0.000135091370;0.000166159368;0.000070571773;
2018;12;05;11;0;0.000158180043;0.000128559392;0.000174859784;0.000067733777;
2018;12;05;12;0;0.000159369736;0.000113945084;0.000174653591;0.000064920341;
2018;12;05;13;0;0.000159637391;0.000086900279;0.000172101333;0.000063454356;
2018;12;05;14;0;0.000161183189;0.000086615719;0.000160227332;0.000062724892;
2018;12;05;15;0;0.000155459203;0.000085118140;0.000139168578;0.000061127871;
2018;12;05;16;0;0.000148292411;0.000080150091;0.000132862245;0.000057826853;
2018;12;05;17;0;0.000148222893;0.000078143638;0.000135333911;0.000055473073;
2018;12;05;18;0;0.000158721848;0.000088648143;0.000145312985;0.000059654057;
2018;12;05;19;0;0.000176714110;0.000157158692;0.000159356353;0.000199522003;
2018;12;05;20;0;0.000185060711;0.000173998671;0.000152017202;0.000233064888;
2018;12;05;21;0;0.000188929666;0.000179739333;0.000135907368;0.000241938233;
2018;12;05;22;0;0.000183972585;0.000183559364;0.000116213625;0.000242935949;
2018;12;05;23;0;0.000161800009;0.000226819276;0.000100562878;0.000226776803;
2018;12;05;24;0;0.000133156517;0.000233467677;0.000090996391;0.000200123242;
2018;12;06;1;0;0.000112019557;0.000226601048;0.000090049849;0.000189555641;
2018;12;06;2;0;0.000092830104;0.000208823506;0.000084771064;0.000197381711;
2018;12;06;3;0;0.000079796980;0.000192373206;0.000082011594;0.000185928111;
2018;12;06;4;0;0.000071951611;0.000181114424;0.000080305503;0.000178560467;
2018;12;06;5;0;0.000068273524;0.000175754646;0.000079513836;0.000173439308;
2018;12;06;6;0;0.000067458571;0.000184562989;0.000080498727;0.000169758372;
2018;12;06;7;0;0.000069823130;0.000189894899;0.000083597135;0.000169398822;
2018;12;06;8;0;0.000075762744;0.000185030037;0.000086472697;0.000170361822;
2018;12;06;9;0;0.000089746752;0.000141649425;0.000081110121;0.000083788860;
2018;12;06;10;0;0.000114289639;0.000120317606;0.000082810736;0.000058071396;
2018;12;06;11;0;0.000136983681;0.000125249906;0.000089667019;0.000062024825;
2018;12;06;12;0;0.000148043785;0.000116955428;0.000094990690;0.000064589215;
2018;12;06;13;0;0.000151629380;0.000090090152;0.000098095299;0.000063601039;
2018;12;06;14;0;0.000156349300;0.000088841903;0.000097323469;0.000061657314;
2018;12;06;15;0;0.000155277185;0.000087021404;0.000093083442;0.000061223430;
2018;12;06;16;0;0.000140824360;0.000078929961;0.000089234061;0.000055996844;
2018;12;06;17;0;0.000134126997;0.000074084898;0.000087128026;0.000052777145;
2018;12;06;18;0;0.000138125045;0.000084056276;0.000091589502;0.000054430126;
2018;12;06;19;0;0.000155003556;0.000153289888;0.000108695418;0.000195503014;
2018;12;06;20;0;0.000164292697;0.000168784376;0.000111965619;0.000229415596;
2018;12;06;21;0;0.000174575010;0.000174052419;0.000110194470;0.000235992019;
2018;12;06;22;0;0.000176345824;0.000179207031;0.000104988216;0.000236235617;
2018;12;06;23;0;0.000158117099;0.000225781332;0.000096690138;0.000219346965;
2018;12;06;24;0;0.000131476672;0.000234041793;0.000089545374;0.000196107192;
2018;12;07;1;0;0.000090737388;0.000200596994;0.000077380526;0.000165361235;
2018;12;07;2;0;0.000071905107;0.000183420676;0.000073945862;0.000175286878;
2018;12;07;3;0;0.000062462836;0.000169454603;0.000072387104;0.000172528686;
2018;12;07;4;0;0.000058212433;0.000160296002;0.000071449556;0.000165798606;
2018;12;07;5;0;0.000056949598;0.000156412867;0.000071372905;0.000157987332;
2018;12;07;6;0;0.000058911913;0.000164763204;0.000073679698;0.000152717828;
2018;12;07;7;0;0.000068959035;0.000172641872;0.000083596667;0.000150280214;
2018;12;07;8;0;0.000093137124;0.000179324234;0.000103487617;0.000153335027;
2018;12;07;9;0;0.000115919854;0.000147668813;0.000131394998;0.000088987837;
2018;12;07;10;0;0.000129751332;0.000124767933;0.000150972531;0.000066271597;
2018;12;07;11;0;0.000140073131;0.000119776300;0.000158768058;0.000066669017;
2018;12;07;12;0;0.000140779035;0.000106193508;0.000158341384;0.000064846889;
2018;12;07;13;0;0.000141128386;0.000081698587;0.000156312233;0.000061936541;
2018;12;07;14;0;0.000142589508;0.000081334778;0.000145983436;0.000062053390;
2018;12;07;15;0;0.000137888787;0.000079777202;0.000125711022;0.000059939634;
2018;12;07;16;0;0.000131233431;0.000074915168;0.000117265826;0.000056042116;
2018;12;07;17;0;0.000130910279;0.000072688601;0.000117375515;0.000054253404;
2018;12;07;18;0;0.000139504123;0.000083151605;0.000125944276;0.000059090980;
2018;12;07;19;0;0.000154318875;0.000145575790;0.000141431910;0.000179159704;
2018;12;07;20;0;0.000159264614;0.000158848155;0.000137695271;0.000209246316;
2018;12;07;21;0;0.000161253365;0.000162785062;0.000127533442;0.000217642970;
2018;12;07;22;0;0.000158500892;0.000167433928;0.000111485480;0.000218630367;
2018;12;07;23;0;0.000143196915;0.000209552252;0.000097550496;0.000205004103;
2018;12;07;24;0;0.000121256319;0.000216352405;0.000089152957;0.000184908310;
2018;12;08;1;0;0.000109200723;0.000222631528;0.000087711894;0.000185654899;
2018;12;08;2;0;0.000090496007;0.000205190701;0.000082573555;0.000193423335;
2018;12;08;3;0;0.000077789868;0.000189016119;0.000079884146;0.000182155475;
2018;12;08;4;0;0.000070133501;0.000177827496;0.000078203746;0.000174407450;
2018;12;08;5;0;0.000066555416;0.000172674620;0.000077449225;0.000169867715;
2018;12;08;6;0;0.000065766664;0.000181422164;0.000078422100;0.000166624798;
2018;12;08;7;0;0.000068073097;0.000186682559;0.000081443394;0.000166343461;
2018;12;08;8;0;0.000073853370;0.000181746527;0.000084221025;0.000166696907;
2018;12;08;9;0;0.000087504344;0.000139320101;0.000079033079;0.000082450416;
2018;12;08;10;0;0.000111469415;0.000118564036;0.000080741400;0.000057608947;
2018;12;08;11;0;0.000133631872;0.000123581690;0.000087463529;0.000061868328;
2018;12;08;12;0;0.000144423553;0.000115408494;0.000092659215;0.000064454685;
2018;12;08;13;0;0.000147901034;0.000088825070;0.000095661202;0.000063243627;
2018;12;08;14;0;0.000152499040;0.000087574169;0.000094901234;0.000061249664;
2018;12;08;15;0;0.000151477853;0.000085862899;0.000090796125;0.000061073265;
2018;12;08;16;0;0.000137383172;0.000077894597;0.000087047057;0.000055908364;
2018;12;08;17;0;0.000130830052;0.000073048179;0.000084967430;0.000052493276;
2018;12;08;18;0;0.000134725806;0.000082865361;0.000089312955;0.000054097905;
2018;12;08;19;0;0.000151193901;0.000151147900;0.000106000648;0.000194477596;
2018;12;08;20;0;0.000160253863;0.000166420491;0.000109188587;0.000228181622;
2018;12;08;21;0;0.000170293082;0.000171673556;0.000107473593;0.000235078005;
2018;12;08;22;0;0.000172017781;0.000176740998;0.000102392691;0.000235219665;
2018;12;08;23;0;0.000154240265;0.000222707223;0.000094304426;0.000218537950;
2018;12;08;24;0;0.000128272252;0.000231062751;0.000087362130;0.000196143615;
2018;12;09;1;0;0.000105921471;0.000218337294;0.000085024180;0.000181877573;
2018;12;09;2;0;0.000087773623;0.000201166625;0.000080034492;0.000189219963;
2018;12;09;3;0;0.000075452636;0.000185352103;0.000077433758;0.000178374214;
2018;12;09;4;0;0.000068032342;0.000174473044;0.000075818350;0.000171177835;
2018;12;09;5;0;0.000064552720;0.000169280167;0.000075066535;0.000166142517;
2018;12;09;6;0;0.000063788115;0.000177862540;0.000076010461;0.000162995827;
2018;12;09;7;0;0.000066014091;0.000182835686;0.000078912377;0.000162012712;
2018;12;09;8;0;0.000071606560;0.000177808638;0.000081574155;0.000161605405;
2018;12;09;9;0;0.000084815261;0.000136041785;0.000076500591;0.000079275508;
2018;12;09;10;0;0.000108034047;0.000115711127;0.000078139972;0.000055261042;
2018;12;09;11;0;0.000129529998;0.000120700206;0.000084667104;0.000059542262;
2018;12;09;12;0;0.000140030334;0.000112910094;0.000089747798;0.000062487745;
2018;12;09;13;0;0.000143420846;0.000086970304;0.000092679752;0.000061518854;
2018;12;09;14;0;0.000147901378;0.000085821499;0.000091970595;0.000059809347;
2018;12;09;15;0;0.000146926526;0.000084198071;0.000088010892;0.000059803693;
2018;12;09;16;0;0.000133265451;0.000076419013;0.000084389635;0.000054853507;
2018;12;09;17;0;0.000126924794;0.000071718809;0.000082394333;0.000051672650;
2018;12;09;18;0;0.000130718149;0.000081409535;0.000086626691;0.000053404110;
2018;12;09;19;0;0.000146717590;0.000148621636;0.000102842224;0.000192714541;
2018;12;09;20;0;0.000155557094;0.000163941691;0.000106000313;0.000227952131;
2018;12;09;21;0;0.000165374310;0.000169560300;0.000104426593;0.000237521908;
2018;12;09;22;0;0.000167048282;0.000174559122;0.000099488636;0.000237615362;
2018;12;09;23;0;0.000149756402;0.000219710196;0.000091595536;0.000219661002;
2018;12;09;24;0;0.000124517168;0.000227665251;0.000084817028;0.000196055820;
2018;12;10;1;0;0.000100434444;0.000216369053;0.000082349264;0.000178016145;
2018;12;10;2;0;0.000080110447;0.000197791967;0.000079482562;0.000183603377;
2018;12;10;3;0;0.000070037497;0.000182967248;0.000077930484;0.000175227968;
2018;12;10;4;0;0.000065074984;0.000173172466;0.000077462201;0.000170297603;
2018;12;10;5;0;0.000063439613;0.000168827695;0.000077572114;0.000164858121;
2018;12;10;6;0;0.000065424337;0.000178680885;0.000080078397;0.000161989162;
2018;12;10;7;0;0.000075734110;0.000188108466;0.000090608808;0.000164324292;
2018;12;10;8;0;0.000100241414;0.000194765686;0.000112183817;0.000172463951;
2018;12;10;9;0;0.000124684548;0.000159832128;0.000142115506;0.000096749223;
2018;12;10;10;0;0.000144341741;0.000132765618;0.000162531711;0.000070529848;
2018;12;10;11;0;0.000158042586;0.000127364472;0.000171557838;0.000068346050;
2018;12;10;12;0;0.000160971695;0.000113702571;0.000171989896;0.000067696195;
2018;12;10;13;0;0.000162485386;0.000087502655;0.000170123941;0.000066744812;
2018;12;10;14;0;0.000164642271;0.000087733478;0.000159595093;0.000065943023;
2018;12;10;15;0;0.000159191183;0.000086071597;0.000140272599;0.000064257456;
2018;12;10;16;0;0.000150580483;0.000080680054;0.000134384418;0.000056928616;
2018;12;10;17;0;0.000149422498;0.000077428384;0.000136751780;0.000055735552;
2018;12;10;18;0;0.000159439278;0.000088483466;0.000146220870;0.000062528003;
2018;12;10;19;0;0.000176181110;0.000156269934;0.000160392633;0.000199775420;
2018;12;10;20;0;0.000183617528;0.000172638995;0.000153679573;0.000235118779;
2018;12;10;21;0;0.000188281230;0.000178009415;0.000138604203;0.000244602467;
2018;12;10;22;0;0.000186092751;0.000183093545;0.000119108709;0.000244946863;
2018;12;10;23;0;0.000164995599;0.000227046421;0.000102571320;0.000226533417;
2018;12;10;24;0;0.000134773413;0.000232766824;0.000093017727;0.000199342971;
2018;12;11;1;0;0.000105153138;0.000223651439;0.000086364848;0.000183741463;
2018;12;11;2;0;0.000082516852;0.000204451669;0.000082756459;0.000193262549;
2018;12;11;3;0;0.000071542771;0.000189061394;0.000080933351;0.000184282664;
2018;12;11;4;0;0.000066611001;0.000179174160;0.000080012381;0.000178045855;
2018;12;11;5;0;0.000065298204;0.000174437709;0.000080071227;0.000172327458;
2018;12;11;6;0;0.000067578328;0.000184176633;0.000082838673;0.000168548064;
2018;12;11;7;0;0.000078729863;0.000193664633;0.000094114489;0.000169220996;
2018;12;11;8;0;0.000106415203;0.000201371083;0.000117492453;0.000177298275;
2018;12;11;9;0;0.000133135786;0.000166506775;0.000150307616;0.000099524348;
2018;12;11;10;0;0.000150917288;0.000137706335;0.000171690727;0.000071217464;
2018;12;11;11;0;0.000163381146;0.000131055627;0.000180684371;0.000068369655;
2018;12;11;12;0;0.000164628693;0.000116236921;0.000180512397;0.000065724231;
2018;12;11;13;0;0.000164922313;0.000088703427;0.000177911485;0.000064413883;
2018;12;11;14;0;0.000166525334;0.000088432224;0.000165648649;0.000063733406;
2018;12;11;15;0;0.000160611954;0.000086904267;0.000143877937;0.000062113894;
2018;12;11;16;0;0.000153231639;0.000081908901;0.000137401272;0.000058998342;
2018;12;11;17;0;0.000153177123;0.000079912714;0.000139989041;0.000056765078;
2018;12;11;18;0;0.000164052096;0.000090738737;0.000150357423;0.000061293366;
2018;12;11;19;0;0.000182652119;0.000160883923;0.000164894702;0.000205115175;
2018;12;11;20;0;0.000191304029;0.000178262434;0.000157341378;0.000240423777;
2018;12;11;21;0;0.000195307459;0.000184165510;0.000140672979;0.000249690543;
2018;12;11;22;0;0.000190184426;0.000188086751;0.000120290381;0.000250736012;
2018;12;11;23;0;0.000167220014;0.000232053442;0.000104036860;0.000232482277;
2018;12;11;24;0;0.000137567344;0.000238338797;0.000094071956;0.000203248167;
2018;12;12;1;0;0.000106390292;0.000225235465;0.000087393865;0.000184550267;
2018;12;12;2;0;0.000083490073;0.000205935080;0.000083747274;0.000194258200;
2018;12;12;3;0;0.000072393073;0.000190535907;0.000081917074;0.000185664931;
2018;12;12;4;0;0.000067402181;0.000180563407;0.000080983692;0.000179346081;
2018;12;12;5;0;0.000066080146;0.000175891742;0.000081058845;0.000174021205;
2018;12;12;6;0;0.000068383920;0.000185652539;0.000083851469;0.000169973095;
2018;12;12;7;0;0.000079661082;0.000195108929;0.000095247659;0.000170241105;
2018;12;12;8;0;0.000107669946;0.000202828283;0.000118898400;0.000178196715;
2018;12;12;9;0;0.000134686202;0.000167567030;0.000152062460;0.000099656784;
2018;12;12;10;0;0.000152682505;0.000138625158;0.000173712794;0.000071404618;
2018;12;12;11;0;0.000165313809;0.000132033875;0.000182860281;0.000068783607;
2018;12;12;12;0;0.000166582174;0.000117130126;0.000182699531;0.000066184767;
2018;12;12;13;0;0.000166884375;0.000089401433;0.000180078104;0.000064916714;
2018;12;12;14;0;0.000168493415;0.000089086678;0.000167639956;0.000064101658;
2018;12;12;15;0;0.000162534912;0.000087627409;0.000145651905;0.000062719500;
2018;12;12;16;0;0.000155055935;0.000082557574;0.000139076909;0.000059470880;
2018;12;12;17;0;0.000155010736;0.000080576651;0.000141714458;0.000057315369;
2018;12;12;18;0;0.000166002205;0.000091447485;0.000152185553;0.000061756621;
2018;12;12;19;0;0.000184804714;0.000162042542;0.000166865965;0.000206122918;
2018;12;12;20;0;0.000193543456;0.000179461875;0.000159197439;0.000241110821;
2018;12;12;21;0;0.000197606819;0.000185478416;0.000142351249;0.000250839689;
2018;12;12;22;0;0.000192412834;0.000189364932;0.000121712028;0.000251532417;
2018;12;12;23;0;0.000169178020;0.000233619453;0.000105264766;0.000233173899;
2018;12;12;24;0;0.000139179716;0.000239963326;0.000095184399;0.000203909439;
2018;12;13;1;0;0.000107882645;0.000227160195;0.000088633994;0.000185537749;
2018;12;13;2;0;0.000084660582;0.000207685850;0.000084934418;0.000195262116;
2018;12;13;3;0;0.000073402472;0.000192068869;0.000083065750;0.000186258934;
2018;12;13;4;0;0.000068334197;0.000181891614;0.000082100552;0.000179386694;
2018;12;13;5;0;0.000066991383;0.000177145810;0.000082170608;0.000173889236;
2018;12;13;6;0;0.000069341908;0.000187218668;0.000085038274;0.000170799032;
2018;12;13;7;0;0.000080776743;0.000196750174;0.000096595021;0.000171048261;
2018;12;13;8;0;0.000109166620;0.000204408250;0.000120555475;0.000178567290;
2018;12;13;9;0;0.000136554295;0.000168841828;0.000154172435;0.000099786848;
2018;12;13;10;0;0.000154813064;0.000139749328;0.000176152438;0.000071651523;
2018;12;13;11;0;0.000167642999;0.000133211319;0.000185477901;0.000069262534;
2018;12;13;12;0;0.000168937551;0.000118209586;0.000185333097;0.000066731109;
2018;12;13;13;0;0.000169289165;0.000090369688;0.000182771320;0.000065905780;
2018;12;13;14;0;0.000170947023;0.000090132298;0.000170198150;0.000065328085;
2018;12;13;15;0;0.000164865289;0.000088538531;0.000147809192;0.000063555887;
2018;12;13;16;0;0.000157270876;0.000083389896;0.000141122089;0.000060182598;
2018;12;13;17;0;0.000157218676;0.000081369348;0.000143786810;0.000057941621;
2018;12;13;18;0;0.000168339258;0.000092256955;0.000154360702;0.000062169000;
2018;12;13;19;0;0.000187398062;0.000163432753;0.000169235728;0.000207254359;
2018;12;13;20;0;0.000196285868;0.000181148081;0.000161501808;0.000243291175;
2018;12;13;21;0;0.000200398561;0.000187174848;0.000144399883;0.000252834769;
2018;12;13;22;0;0.000195134193;0.000191114478;0.000123467424;0.000253633102;
2018;12;13;23;0;0.000171573213;0.000235798051;0.000106786002;0.000235207965;
2018;12;13;24;0;0.000141168317;0.000242387656;0.000096584748;0.000206375350;
2018;12;14;1;0;0.000104300473;0.000218215180;0.000089159409;0.000175766436;
2018;12;14;2;0;0.000082647430;0.000199446833;0.000085190006;0.000185983837;
2018;12;14;3;0;0.000071787944;0.000184159360;0.000083378947;0.000182624909;
2018;12;14;4;0;0.000066911464;0.000174337781;0.000082319851;0.000176067393;
2018;12;14;5;0;0.000065453653;0.000170016748;0.000082215799;0.000167353448;
2018;12;14;6;0;0.000067716602;0.000179213483;0.000084892095;0.000162231823;
2018;12;14;7;0;0.000079300492;0.000188285422;0.000096403764;0.000161527827;
2018;12;14;8;0;0.000107186613;0.000196478635;0.000119525334;0.000168195662;
2018;12;14;9;0;0.000133440565;0.000162046706;0.000151836132;0.000098276451;
2018;12;14;10;0;0.000149244750;0.000136265865;0.000174183863;0.000071664141;
2018;12;14;11;0;0.000161071293;0.000130589963;0.000183073359;0.000071555175;
2018;12;14;12;0;0.000161896149;0.000115837153;0.000182610979;0.000069745181;
2018;12;14;13;0;0.000162301948;0.000089131176;0.000180279804;0.000066658996;
2018;12;14;14;0;0.000163925027;0.000088548547;0.000168249725;0.000066181282;
2018;12;14;15;0;0.000158493606;0.000086763181;0.000144835294;0.000063643724;
2018;12;14;16;0;0.000150868707;0.000081556180;0.000135150058;0.000059759354;
2018;12;14;17;0;0.000150524675;0.000079218991;0.000135325871;0.000058128056;
2018;12;14;18;0;0.000160395299;0.000090585345;0.000145185441;0.000063201412;
2018;12;14;19;0;0.000177387215;0.000158367801;0.000162963101;0.000190447819;
2018;12;14;20;0;0.000183048591;0.000172672315;0.000158616567;0.000221681369;
2018;12;14;21;0;0.000185308373;0.000176803539;0.000146869624;0.000229749181;
2018;12;14;22;0;0.000182116775;0.000181683045;0.000128348369;0.000229883622;
2018;12;14;23;0;0.000164500655;0.000227122301;0.000112262092;0.000214493614;
2018;12;14;24;0;0.000139271395;0.000234245981;0.000102562041;0.000192598801;
2018;12;15;1;0;0.000111340052;0.000221104160;0.000092599754;0.000182209631;
2018;12;15;2;0;0.000090016573;0.000202727273;0.000087155768;0.000190227314;
2018;12;15;3;0;0.000076896709;0.000186469159;0.000084013082;0.000180779097;
2018;12;15;4;0;0.000070021875;0.000175876251;0.000082206968;0.000174657622;
2018;12;15;5;0;0.000067036668;0.000170790985;0.000081360875;0.000167872684;
2018;12;15;6;0;0.000067084813;0.000178763163;0.000082290090;0.000163129063;
2018;12;15;7;0;0.000070960632;0.000183953194;0.000086327210;0.000159312741;
2018;12;15;8;0;0.000080451261;0.000183330860;0.000093062208;0.000159379373;
2018;12;15;9;0;0.000100879423;0.000146529818;0.000094456722;0.000086397394;
2018;12;15;10;0;0.000131010671;0.000128806441;0.000103343481;0.000063496267;
2018;12;15;11;0;0.000153603327;0.000132133845;0.000117043985;0.000068535838;
2018;12;15;12;0;0.000159692898;0.000120785121;0.000121751416;0.000069194959;
2018;12;15;13;0;0.000160164632;0.000092344746;0.000122881274;0.000065330646;
2018;12;15;14;0;0.000164493957;0.000091082136;0.000118176580;0.000064296768;
2018;12;15;15;0;0.000161980821;0.000090483766;0.000106956763;0.000064916215;
2018;12;15;16;0;0.000149667368;0.000083611850;0.000102237421;0.000059477470;
2018;12;15;17;0;0.000142448710;0.000079363622;0.000101123393;0.000056329962;
2018;12;15;18;0;0.000146385904;0.000088219099;0.000109161308;0.000058038921;
2018;12;15;19;0;0.000162875106;0.000154745025;0.000126587148;0.000184091965;
2018;12;15;20;0;0.000169186263;0.000169140676;0.000129420351;0.000218471678;
2018;12;15;21;0;0.000173381099;0.000172612728;0.000125803681;0.000225932383;
2018;12;15;22;0;0.000171559123;0.000175877111;0.000116068660;0.000226934889;
2018;12;15;23;0;0.000153992351;0.000219953964;0.000106065582;0.000211758133;
2018;12;15;24;0;0.000133917187;0.000229611906;0.000099220283;0.000192226727;
2018;12;16;1;0;0.000112203530;0.000226181303;0.000090150193;0.000186516124;
2018;12;16;2;0;0.000092975419;0.000208340803;0.000084852494;0.000193832210;
2018;12;16;3;0;0.000079913439;0.000191806640;0.000082073003;0.000182080989;
2018;12;16;4;0;0.000072046030;0.000180422162;0.000080342025;0.000174205282;
2018;12;16;5;0;0.000068361632;0.000175059963;0.000079546539;0.000169111660;
2018;12;16;6;0;0.000067539601;0.000183733649;0.000080517422;0.000165111052;
2018;12;16;7;0;0.000069906244;0.000189028796;0.000083614725;0.000164705008;
2018;12;16;8;0;0.000075833677;0.000183908004;0.000086447066;0.000164593222;
2018;12;16;9;0;0.000089824116;0.000140726770;0.000081074013;0.000080782754;
2018;12;16;10;0;0.000114434657;0.000119825318;0.000082841159;0.000056578623;
2018;12;16;11;0;0.000137248656;0.000125235589;0.000089819233;0.000061482301;
2018;12;16;12;0;0.000148421102;0.000117372673;0.000095268645;0.000065049702;
2018;12;16;13;0;0.000152073632;0.000090617821;0.000098457150;0.000064687976;
2018;12;16;14;0;0.000156850096;0.000089508005;0.000097735670;0.000063150442;
2018;12;16;15;0;0.000155792251;0.000087733139;0.000093498896;0.000062883679;
2018;12;16;16;0;0.000141288205;0.000079564778;0.000089628199;0.000057485946;
2018;12;16;17;0;0.000134547484;0.000074610644;0.000087485224;0.000053970390;
2018;12;16;18;0;0.000138541681;0.000084593759;0.000091943315;0.000055504619;
2018;12;16;19;0;0.000155455267;0.000154175344;0.000109093062;0.000198821669;
2018;12;16;20;0;0.000164819309;0.000170056109;0.000112440516;0.000235104334;
2018;12;16;21;0;0.000175170491;0.000175579946;0.000110707250;0.000243143891;
2018;12;16;22;0;0.000176960188;0.000180857902;0.000105492057;0.000243835607;
2018;12;16;23;0;0.000158644765;0.000227659700;0.000097125707;0.000225505719;
2018;12;16;24;0;0.000131899298;0.000235814631;0.000089926726;0.000200952603;
2018;12;17;1;0;0.000105014458;0.000222351957;0.000086156447;0.000181210351;
2018;12;17;2;0;0.000083763614;0.000203260780;0.000083157150;0.000186897099;
2018;12;17;3;0;0.000073219785;0.000187848437;0.000081507627;0.000177640877;
2018;12;17;4;0;0.000068032690;0.000177806421;0.000081019992;0.000172701080;
2018;12;17;5;0;0.000066330213;0.000173458661;0.000081152625;0.000167658278;
2018;12;17;6;0;0.000068415983;0.000183753246;0.000083800592;0.000165409568;
2018;12;17;7;0;0.000079198186;0.000193463132;0.000094822865;0.000167850274;
2018;12;17;8;0;0.000104810044;0.000200122227;0.000117364557;0.000175457035;
2018;12;17;9;0;0.000130385560;0.000164366545;0.000148720375;0.000098787392;
2018;12;17;10;0;0.000150954722;0.000136603508;0.000170115106;0.000072177406;
2018;12;17;11;0;0.000165318397;0.000131213290;0.000179638697;0.000070328440;
2018;12;17;12;0;0.000168379460;0.000117126502;0.000180084921;0.000069629105;
2018;12;17;13;0;0.000169961130;0.000090132352;0.000178127628;0.000068634115;
2018;12;17;14;0;0.000172196576;0.000090305034;0.000167063319;0.000067598205;
2018;12;17;15;0;0.000166495344;0.000088594361;0.000146836580;0.000065870292;
2018;12;17;16;0;0.000157480400;0.000083015827;0.000140656503;0.000058269473;
2018;12;17;17;0;0.000156272736;0.000079680383;0.000143140555;0.000057080720;
2018;12;17;18;0;0.000166735886;0.000091014900;0.000153028436;0.000063908712;
2018;12;17;19;0;0.000184254087;0.000160794107;0.000167878569;0.000204482372;
2018;12;17;20;0;0.000192017762;0.000177562111;0.000160829582;0.000240217045;
2018;12;17;21;0;0.000196910038;0.000183170568;0.000145075243;0.000250408387;
2018;12;17;22;0;0.000194589192;0.000188216087;0.000124628484;0.000249693863;
2018;12;17;23;0;0.000172543314;0.000233516302;0.000107342759;0.000231425926;
2018;12;17;24;0;0.000140939946;0.000239413233;0.000097346586;0.000203697540;
2018;12;18;1;0;0.000109798665;0.000229616066;0.000090228093;0.000186869562;
2018;12;18;2;0;0.000086157144;0.000209828441;0.000086447873;0.000196246977;
2018;12;18;3;0;0.000074710752;0.000194217717;0.000084570201;0.000187900040;
2018;12;18;4;0;0.000069555981;0.000183987527;0.000083596745;0.000181227795;
2018;12;18;5;0;0.000068192551;0.000179240608;0.000083676406;0.000175902823;
2018;12;18;6;0;0.000070575040;0.000189268504;0.000086571638;0.000172126043;
2018;12;18;7;0;0.000082223965;0.000199060815;0.000098362481;0.000172972907;
2018;12;18;8;0;0.000111126818;0.000206856955;0.000122770918;0.000180754732;
2018;12;18;9;0;0.000139034126;0.000171069912;0.000157068590;0.000101535266;
2018;12;18;10;0;0.000157629971;0.000141623254;0.000179474016;0.000072974547;
2018;12;18;11;0;0.000170657158;0.000134825835;0.000188895180;0.000070152723;
2018;12;18;12;0;0.000171980064;0.000119663372;0.000188758846;0.000067639312;
2018;12;18;13;0;0.000172288561;0.000091323836;0.000186042924;0.000066308157;
2018;12;18;14;0;0.000173968918;0.000091062464;0.000173231019;0.000065661246;
2018;12;18;15;0;0.000167776217;0.000089441178;0.000150436894;0.000063845687;
2018;12;18;16;0;0.000160044530;0.000084230038;0.000143625200;0.000060426328;
2018;12;18;17;0;0.000159983435;0.000082164522;0.000146322594;0.000058100426;
2018;12;18;18;0;0.000171352829;0.000093332249;0.000157180625;0.000062842686;
2018;12;18;19;0;0.000190739345;0.000165267567;0.000172303050;0.000209115667;
2018;12;18;20;0;0.000199758922;0.000183034711;0.000164384998;0.000244617550;
2018;12;18;21;0;0.000203945812;0.000189132350;0.000146979829;0.000254264164;
2018;12;18;22;0;0.000198597456;0.000193166985;0.000125685023;0.000255378374;
2018;12;18;23;0;0.000174622225;0.000238362471;0.000108708856;0.000236964122;
2018;12;18;24;0;0.000143650388;0.000244751512;0.000098287485;0.000206917192;
2018;12;19;1;0;0.000107628409;0.000227277673;0.000088462118;0.000187247568;
2018;12;19;2;0;0.000084449758;0.000207626240;0.000084747006;0.000196374842;
2018;12;19;3;0;0.000073218625;0.000191997230;0.000082880069;0.000187253005;
2018;12;19;4;0;0.000068161694;0.000181802325;0.000081913789;0.000180254687;
2018;12;19;5;0;0.000066818758;0.000177003187;0.000081975073;0.000174495477;
2018;12;19;6;0;0.000069148641;0.000186831327;0.000084800138;0.000170456346;
2018;12;19;7;0;0.000080566229;0.000196557753;0.000096359520;0.000171525727;
2018;12;19;8;0;0.000108891985;0.000204318733;0.000120283329;0.000179475291;
2018;12;19;9;0;0.000136237000;0.000168962688;0.000153883652;0.000100793118;
2018;12;19;10;0;0.000154440285;0.000139778723;0.000175792779;0.000072218326;
2018;12;19;11;0;0.000167209101;0.000133094857;0.000185032295;0.000069482429;
2018;12;19;12;0;0.000168474279;0.000117996797;0.000184830731;0.000066674152;
2018;12;19;13;0;0.000168759345;0.000089997116;0.000182134330;0.000065190038;
2018;12;19;14;0;0.000170380719;0.000089662139;0.000169542726;0.000064315345;
2018;12;19;15;0;0.000164332108;0.000088118319;0.000147263230;0.000062697622;
2018;12;19;16;0;0.000156748882;0.000082951715;0.000140576846;0.000059239366;
2018;12;19;17;0;0.000156685290;0.000080905763;0.000143210107;0.000056921410;
2018;12;19;18;0;0.000167812499;0.000091876532;0.000153822848;0.000061489496;
2018;12;19;19;0;0.000186850408;0.000162961676;0.000168716016;0.000206102959;
2018;12;19;20;0;0.000195692845;0.000180518374;0.000160973924;0.000241311415;
2018;12;19;21;0;0.000199789719;0.000186505402;0.000143923021;0.000250673053;
2018;12;19;22;0;0.000194567117;0.000190582616;0.000123092307;0.000252339620;
2018;12;19;23;0;0.000171097453;0.000235330094;0.000106489997;0.000234817597;
2018;12;19;24;0;0.000140772292;0.000241859539;0.000096310761;0.000205860433;
2018;12;20;1;0;0.000106079411;0.000225380241;0.000087181748;0.000186610339;
2018;12;20;2;0;0.000083236755;0.000205928484;0.000083525234;0.000195851684;
2018;12;20;3;0;0.000072165986;0.000190412275;0.000081683054;0.000186692421;
2018;12;20;4;0;0.000067178084;0.000180242566;0.000080721905;0.000179463776;
2018;12;20;5;0;0.000065856371;0.000175514163;0.000080786824;0.000173857935;
2018;12;20;6;0;0.000068154684;0.000185292470;0.000083575827;0.000169970841;
2018;12;20;7;0;0.000079393012;0.000194715494;0.000094932094;0.000170184123;
2018;12;20;8;0;0.000107302178;0.000202357285;0.000118492437;0.000177894977;
2018;12;20;9;0;0.000134262902;0.000167452308;0.000151626226;0.000100193378;
2018;12;20;10;0;0.000152195136;0.000138489547;0.000173197385;0.000071700367;
2018;12;20;11;0;0.000164758664;0.000131772969;0.000182256987;0.000068770709;
2018;12;20;12;0;0.000166011287;0.000116850139;0.000182071576;0.000066053096;
2018;12;20;13;0;0.000166309510;0.000089178260;0.000179452810;0.000064757727;
2018;12;20;14;0;0.000167897267;0.000088814343;0.000167026536;0.000063789332;
2018;12;20;15;0;0.000161914801;0.000087213938;0.000145038240;0.000061965444;
2018;12;20;16;0;0.000154449295;0.000082120038;0.000138463944;0.000058608306;
2018;12;20;17;0;0.000154383981;0.000080086268;0.000141052769;0.000056288808;
2018;12;20;18;0;0.000165339408;0.000090918181;0.000151490313;0.000060723782;
2018;12;20;19;0;0.000184117299;0.000161370156;0.000166194758;0.000204135755;
2018;12;20;20;0;0.000192828744;0.000178746173;0.000158565645;0.000238953851;
2018;12;20;21;0;0.000196876935;0.000184738093;0.000141786086;0.000248599597;
2018;12;20;22;0;0.000191727983;0.000188762018;0.000121261513;0.000250169648;
2018;12;20;23;0;0.000168619095;0.000233233693;0.000104928909;0.000233451729;
2018;12;20;24;0;0.000138740875;0.000239784548;0.000094909401;0.000204956860;
2018;12;21;1;0;0.000100070450;0.000213143909;0.000085517490;0.000174326955;
2018;12;21;2;0;0.000079290739;0.000194741112;0.000081700286;0.000184180338;
2018;12;21;3;0;0.000068864916;0.000179699459;0.000079946279;0.000180368832;
2018;12;21;4;0;0.000064184114;0.000170070209;0.000078923710;0.000173695462;
2018;12;21;5;0;0.000062787479;0.000165883066;0.000078828367;0.000165225241;
2018;12;21;6;0;0.000064948938;0.000174706478;0.000081371083;0.000159584784;
2018;12;21;7;0;0.000076059156;0.000183547333;0.000092404756;0.000158886066;
2018;12;21;8;0;0.000102809267;0.000191576595;0.000114575677;0.000165597335;
2018;12;21;9;0;0.000128005476;0.000158110381;0.000145581261;0.000097038795;
2018;12;21;10;0;0.000143155277;0.000132896331;0.000166983480;0.000070624639;
2018;12;21;11;0;0.000154492133;0.000127325447;0.000175489277;0.000070432383;
2018;12;21;12;0;0.000155271460;0.000112889795;0.000175019367;0.000068514952;
2018;12;21;13;0;0.000155646621;0.000086816406;0.000172753961;0.000065330814;
2018;12;21;14;0;0.000157181818;0.000086178826;0.000161182352;0.000064635797;
2018;12;21;15;0;0.000151956648;0.000084384006;0.000138720090;0.000061975293;
2018;12;21;16;0;0.000144632425;0.000079274304;0.000129419063;0.000058047459;
2018;12;21;17;0;0.000144301441;0.000076998482;0.000129585285;0.000056446597;
2018;12;21;18;0;0.000153777558;0.000088092597;0.000139051133;0.000061509541;
2018;12;21;19;0;0.000170068915;0.000154012814;0.000156078613;0.000185370568;
2018;12;21;20;0;0.000175512812;0.000168016739;0.000151943577;0.000216297592;
2018;12;21;21;0;0.000177675762;0.000172014623;0.000140684814;0.000224048483;
2018;12;21;22;0;0.000174614065;0.000176752802;0.000122941328;0.000224135595;
2018;12;21;23;0;0.000157748256;0.000221165715;0.000107566246;0.000209980798;
2018;12;21;24;0;0.000133547523;0.000228029992;0.000098261521;0.000188286383;
2018;12;22;1;0;0.000105728394;0.000214128326;0.000087847052;0.000177823850;
2018;12;22;2;0;0.000085461240;0.000196078668;0.000082646909;0.000184630357;
2018;12;22;3;0;0.000072999143;0.000180262350;0.000079653341;0.000175075619;
2018;12;22;4;0;0.000066481794;0.000170160124;0.000077962112;0.000169734420;
2018;12;22;5;0;0.000063635864;0.000165058914;0.000077131478;0.000162368587;
2018;12;22;6;0;0.000063687893;0.000172865845;0.000078027870;0.000158174846;
2018;12;22;7;0;0.000067378547;0.000178060234;0.000081882836;0.000155132919;
2018;12;22;8;0;0.000076398648;0.000177577411;0.000088290885;0.000155655389;
2018;12;22;9;0;0.000095796064;0.000141916056;0.000089610705;0.000084338793;
2018;12;22;10;0;0.000124434529;0.000124904754;0.000098081814;0.000062317933;
2018;12;22;11;0;0.000145900247;0.000128168697;0.000111095585;0.000067347604;
2018;12;22;12;0;0.000151665990;0.000117075038;0.000115535676;0.000067779930;
2018;12;22;13;0;0.000152096437;0.000089446244;0.000116580910;0.000063803116;
2018;12;22;14;0;0.000156216982;0.000088254790;0.000112130793;0.000062890488;
2018;12;22;15;0;0.000153835751;0.000087693588;0.000101492157;0.000063554214;
2018;12;22;16;0;0.000142131911;0.000081000940;0.000097000891;0.000058128717;
2018;12;22;17;0;0.000135263407;0.000076840007;0.000095925067;0.000054911329;
2018;12;22;18;0;0.000138999850;0.000085405743;0.000103546561;0.000056551339;
2018;12;22;19;0;0.000154684291;0.000149969032;0.000120118400;0.000180213379;
2018;12;22;20;0;0.000160674178;0.000163896467;0.000122800873;0.000213731013;
2018;12;22;21;0;0.000164690602;0.000167460009;0.000119416518;0.000222175118;
2018;12;22;22;0;0.000162957213;0.000170609308;0.000110172032;0.000223051030;
2018;12;22;23;0;0.000146293152;0.000213557360;0.000100707300;0.000208934945;
2018;12;22;24;0;0.000127207692;0.000222787455;0.000094187089;0.000189125111;
2018;12;23;1;0;0.000106174246;0.000218713636;0.000085227464;0.000182544227;
2018;12;23;2;0;0.000087965189;0.000201267609;0.000080193209;0.000188913459;
2018;12;23;3;0;0.000075613179;0.000185384362;0.000077578838;0.000177832649;
2018;12;23;4;0;0.000068166501;0.000174340734;0.000075936791;0.000169969876;
2018;12;23;5;0;0.000064677384;0.000169110335;0.000075177678;0.000164792341;
2018;12;23;6;0;0.000063910025;0.000177662436;0.000076119947;0.000161580272;
2018;12;23;7;0;0.000066155169;0.000182877127;0.000079061685;0.000161548190;
2018;12;23;8;0;0.000071773936;0.000178062719;0.000081761191;0.000161988556;
2018;12;23;9;0;0.000085035290;0.000136445817;0.000076715289;0.000079995605;
2018;12;23;10;0;0.000108345706;0.000116256750;0.000078404702;0.000056184684;
2018;12;23;11;0;0.000129933543;0.000121436442;0.000084993009;0.000060896790;
2018;12;23;12;0;0.000140467705;0.000113604153;0.000090094684;0.000063921759;
2018;12;23;13;0;0.000143873547;0.000087522473;0.000093044120;0.000062988658;
2018;12;23;14;0;0.000148364037;0.000086351594;0.000092326956;0.000061190867;
2018;12;23;15;0;0.000147354876;0.000084610127;0.000088314418;0.000060844534;
2018;12;23;16;0;0.000133640063;0.000076745211;0.000084663058;0.000055659771;
2018;12;23;17;0;0.000127279003;0.000072016445;0.000082657960;0.000052408592;
2018;12;23;18;0;0.000131066851;0.000081687439;0.000086882540;0.000053995748;
2018;12;23;19;0;0.000147101876;0.000149085529;0.000103136002;0.000194596697;
2018;12;23;20;0;0.000155922240;0.000164185475;0.000106245445;0.000228544592;
2018;12;23;21;0;0.000165696024;0.000169404262;0.000104584151;0.000235669215;
2018;12;23;22;0;0.000167390221;0.000174504968;0.000099658962;0.000236395177;
2018;12;23;23;0;0.000150068606;0.000219692127;0.000091759283;0.000218755402;
2018;12;23;24;0;0.000124770399;0.000227577450;0.000084960012;0.000194998156;
2018;12;24;1;0;0.000082665902;0.000194576186;0.000067641440;0.000171998197;
2018;12;24;2;0;0.000065935211;0.000177831894;0.000065282077;0.000177226904;
2018;12;24;3;0;0.000057631568;0.000164280413;0.000063978310;0.000168164557;
2018;12;24;4;0;0.000053545775;0.000155446534;0.000063588413;0.000163264865;
2018;12;24;5;0;0.000052197571;0.000151503449;0.000063672422;0.000157884904;
2018;12;24;6;0;0.000053843177;0.000160573046;0.000065760436;0.000156131696;
2018;12;24;7;0;0.000062272808;0.000168152764;0.000074276494;0.000154836894;
2018;12;24;8;0;0.000082301038;0.000172550471;0.000091688244;0.000156321663;
2018;12;24;9;0;0.000102342351;0.000141376357;0.000116089849;0.000087095408;
2018;12;24;10;0;0.000118599375;0.000118162782;0.000133041164;0.000065204652;
2018;12;24;11;0;0.000129881549;0.000113485503;0.000140483147;0.000063499218;
2018;12;24;12;0;0.000132260285;0.000101182013;0.000140776412;0.000062548824;
2018;12;24;13;0;0.000133473443;0.000077760423;0.000139185398;0.000061305895;
2018;12;24;14;0;0.000135235857;0.000077933190;0.000130553247;0.000060460632;
2018;12;24;15;0;0.000130732790;0.000076367175;0.000114701999;0.000058615321;
2018;12;24;16;0;0.000123638577;0.000071504165;0.000109846599;0.000051680016;
2018;12;24;17;0;0.000122666644;0.000068551071;0.000111743147;0.000050365310;
2018;12;24;18;0;0.000131016341;0.000078794853;0.000119711765;0.000057951697;
2018;12;24;19;0;0.000144785444;0.000139226807;0.000131335662;0.000185539972;
2018;12;24;20;0;0.000150780126;0.000153098718;0.000125644397;0.000214008425;
2018;12;24;21;0;0.000154454366;0.000156908389;0.000113091299;0.000216798885;
2018;12;24;22;0;0.000152423413;0.000159888392;0.000096884034;0.000208191498;
2018;12;24;23;0;0.000135205135;0.000198820538;0.000083508863;0.000194957453;
2018;12;24;24;0;0.000110577893;0.000205376161;0.000075920731;0.000177437734;
2018;12;25;1;0;0.000091905470;0.000200750140;0.000073561993;0.000171240433;
2018;12;25;2;0;0.000076182360;0.000185302155;0.000069287391;0.000179563472;
2018;12;25;3;0;0.000065477809;0.000170568582;0.000067014082;0.000168564905;
2018;12;25;4;0;0.000059023124;0.000160307249;0.000065581934;0.000160682352;
2018;12;25;5;0;0.000055995406;0.000155387996;0.000064911020;0.000155314266;
2018;12;25;6;0;0.000055337451;0.000163359617;0.000065739812;0.000152749379;
2018;12;25;7;0;0.000057279468;0.000168119702;0.000068275689;0.000152581999;
2018;12;25;8;0;0.000062121810;0.000163336846;0.000070555598;0.000151551584;
2018;12;25;9;0;0.000073560122;0.000124756751;0.000066129893;0.000073789651;
2018;12;25;10;0;0.000093750340;0.000106471241;0.000067622933;0.000052200617;
2018;12;25;11;0;0.000112426260;0.000111192705;0.000073300316;0.000056532089;
2018;12;25;12;0;0.000121577373;0.000104207554;0.000077746584;0.000059800164;
2018;12;25;13;0;0.000124560473;0.000080419449;0.000080337263;0.000059357954;
2018;12;25;14;0;0.000128410672;0.000079205006;0.000079671516;0.000057232422;
2018;12;25;15;0;0.000127383940;0.000077049545;0.000076025889;0.000055154616;
2018;12;25;16;0;0.000115521529;0.000069863890;0.000072874543;0.000050375459;
2018;12;25;17;0;0.000110074899;0.000065745254;0.000071215922;0.000048018557;
2018;12;25;18;0;0.000113495878;0.000075149831;0.000075047581;0.000051161334;
2018;12;25;19;0;0.000127362826;0.000137034654;0.000089061273;0.000183678119;
2018;12;25;20;0;0.000135009947;0.000150983457;0.000091760422;0.000216154725;
2018;12;25;21;0;0.000143497327;0.000155941761;0.000090356408;0.000223875512;
2018;12;25;22;0;0.000144933908;0.000160433281;0.000086064846;0.000223327454;
2018;12;25;23;0;0.000129913209;0.000201763337;0.000079214833;0.000205717457;
2018;12;25;24;0;0.000107977086;0.000208591561;0.000073296671;0.000181810772;
2018;12;26;1;0;0.000087257116;0.000199573766;0.000071368036;0.000167344268;
2018;12;26;2;0;0.000068451632;0.000182094086;0.000068342928;0.000174557232;
2018;12;26;3;0;0.000059337454;0.000168204158;0.000066813309;0.000165643343;
2018;12;26;4;0;0.000055236643;0.000159226756;0.000066028105;0.000159237373;
2018;12;26;5;0;0.000054147962;0.000155015754;0.000066076508;0.000154098541;
2018;12;26;6;0;0.000056046300;0.000163801547;0.000068378683;0.000151219527;
2018;12;26;7;0;0.000065277337;0.000171959144;0.000077644439;0.000150695941;
2018;12;26;8;0;0.000088181445;0.000178186203;0.000096819965;0.000155537148;
2018;12;26;9;0;0.000110352751;0.000147574117;0.000123927133;0.000087967481;
2018;12;26;10;0;0.000125245695;0.000122958275;0.000141907068;0.000065040670;
2018;12;26;11;0;0.000135725869;0.000117728549;0.000149641342;0.000064097790;
2018;12;26;12;0;0.000136806998;0.000104621225;0.000149596704;0.000062134947;
2018;12;26;13;0;0.000137058662;0.000079865840;0.000147457715;0.000060982504;
2018;12;26;14;0;0.000138405055;0.000079670062;0.000137322062;0.000060489226;
2018;12;26;15;0;0.000133500069;0.000078327916;0.000119291781;0.000059062117;
2018;12;26;16;0;0.000127269719;0.000073493996;0.000113750570;0.000055031582;
2018;12;26;17;0;0.000127192310;0.000071594575;0.000115834411;0.000052606086;
2018;12;26;18;0;0.000136202472;0.000081222119;0.000124377244;0.000056585724;
2018;12;26;19;0;0.000151688944;0.000144261643;0.000136481824;0.000190800810;
2018;12;26;20;0;0.000158905046;0.000160030968;0.000130280606;0.000224775577;
2018;12;26;21;0;0.000162268240;0.000165560526;0.000116533177;0.000234828344;
2018;12;26;22;0;0.000158081902;0.000169532422;0.000099736521;0.000238440499;
2018;12;26;23;0;0.000139076535;0.000209903497;0.000086362750;0.000224384226;
2018;12;26;24;0;0.000114433234;0.000215801708;0.000078116345;0.000197017524;
2018;12;27;1;0;0.000094521781;0.000209879426;0.000077488896;0.000176228072;
2018;12;27;2;0;0.000074150699;0.000191499031;0.000074204500;0.000183846178;
2018;12;27;3;0;0.000064276316;0.000176869767;0.000072540584;0.000174381410;
2018;12;27;4;0;0.000059832815;0.000167407422;0.000071684815;0.000167548776;
2018;12;27;5;0;0.000058654572;0.000162997747;0.000071739890;0.000162228400;
2018;12;27;6;0;0.000060702124;0.000172086746;0.000074217917;0.000158604871;
2018;12;27;7;0;0.000070696943;0.000180611169;0.000084267685;0.000157898185;
2018;12;27;8;0;0.000095497570;0.000187091275;0.000105067732;0.000162734583;
2018;12;27;9;0;0.000119510098;0.000154961774;0.000134487925;0.000092058100;
2018;12;27;10;0;0.000135625045;0.000129032624;0.000153968466;0.000067861964;
2018;12;27;11;0;0.000146922360;0.000123285181;0.000162246596;0.000066267237;
2018;12;27;12;0;0.000148070238;0.000109459956;0.000162149083;0.000063989197;
2018;12;27;13;0;0.000148317615;0.000083475438;0.000159776769;0.000062532219;
2018;12;27;14;0;0.000149765568;0.000083240972;0.000148776427;0.000061934138;
2018;12;27;15;0;0.000144451875;0.000081818090;0.000129231302;0.000060408842;
2018;12;27;16;0;0.000137743647;0.000076879305;0.000123287801;0.000056629701;
2018;12;27;17;0;0.000137672334;0.000074932944;0.000125569082;0.000054259048;
2018;12;27;18;0;0.000147436406;0.000085049259;0.000134850918;0.000058482306;
2018;12;27;19;0;0.000164165993;0.000150870329;0.000147913159;0.000196126781;
2018;12;27;20;0;0.000171947693;0.000167198982;0.000141146649;0.000230078438;
2018;12;27;21;0;0.000175562092;0.000172830357;0.000126216944;0.000239512902;
2018;12;27;22;0;0.000170992031;0.000176726654;0.000107973146;0.000241778120;
2018;12;27;23;0;0.000150409591;0.000218597408;0.000093464022;0.000226636275;
2018;12;27;24;0;0.000123750555;0.000224657049;0.000084529158;0.000198677054;
2018;12;28;1;0;0.000093084072;0.000203428054;0.000079384908;0.000166377915;
2018;12;28;2;0;0.000073740738;0.000185646987;0.000075811924;0.000174889921;
2018;12;28;3;0;0.000064046106;0.000171329332;0.000074187606;0.000171340798;
2018;12;28;4;0;0.000059690307;0.000162106697;0.000073232457;0.000164806453;
2018;12;28;5;0;0.000058392262;0.000158127591;0.000073145971;0.000156802309;
2018;12;28;6;0;0.000060404664;0.000166572900;0.000075510931;0.000151540330;
2018;12;28;7;0;0.000070725757;0.000174823895;0.000085721318;0.000150157274;
2018;12;28;8;0;0.000095550386;0.000181902044;0.000106178107;0.000154381450;
2018;12;28;9;0;0.000118987479;0.000150279751;0.000134956475;0.000090905700;
2018;12;28;10;0;0.000133207949;0.000127104984;0.000155118106;0.000067999278;
2018;12;28;11;0;0.000143840902;0.000122203417;0.000163209716;0.000068846908;
2018;12;28;12;0;0.000144601732;0.000108506464;0.000162851980;0.000067391103;
2018;12;28;13;0;0.000144954951;0.000083458839;0.000160752593;0.000064305365;
2018;12;28;14;0;0.000146413266;0.000082942557;0.000150043381;0.000063937743;
2018;12;28;15;0;0.000141556154;0.000081249977;0.000129151846;0.000061421688;
2018;12;28;16;0;0.000134707233;0.000076242252;0.000120445922;0.000057249464;
2018;12;28;17;0;0.000134391957;0.000074030740;0.000120588093;0.000055602081;
2018;12;28;18;0;0.000143210163;0.000084672382;0.000129383829;0.000060519196;
2018;12;28;19;0;0.000158390489;0.000148080538;0.000145243050;0.000182631733;
2018;12;28;20;0;0.000163463859;0.000161564204;0.000141400767;0.000213201490;
2018;12;28;21;0;0.000165479059;0.000165412524;0.000130924350;0.000220854011;
2018;12;28;22;0;0.000162662938;0.000170189684;0.000114461636;0.000222157521;
2018;12;28;23;0;0.000146964930;0.000213069103;0.000100165321;0.000208595041;
2018;12;28;24;0;0.000124422409;0.000219723854;0.000091506545;0.000187203957;
2018;12;29;1;0;0.000103505585;0.000211096268;0.000085943796;0.000174881408;
2018;12;29;2;0;0.000083657795;0.000193208928;0.000080843313;0.000181195602;
2018;12;29;3;0;0.000071454128;0.000177555803;0.000077905134;0.000171525873;
2018;12;29;4;0;0.000065071267;0.000167551765;0.000076242932;0.000166060197;
2018;12;29;5;0;0.000062293797;0.000162654947;0.000075450175;0.000159383167;
2018;12;29;6;0;0.000062351944;0.000170466241;0.000076344686;0.000155729500;
2018;12;29;7;0;0.000065970550;0.000175674245;0.000080129536;0.000153057091;
2018;12;29;8;0;0.000074795658;0.000175106404;0.000086385351;0.000153223185;
2018;12;29;9;0;0.000093785939;0.000139939823;0.000087676415;0.000083015101;
2018;12;29;10;0;0.000121802510;0.000123038258;0.000095931647;0.000061065493;
2018;12;29;11;0;0.000142850671;0.000126447740;0.000108715689;0.000066441618;
2018;12;29;12;0;0.000148534011;0.000115680968;0.000113118701;0.000067315187;
2018;12;29;13;0;0.000148963918;0.000088410907;0.000114154867;0.000063458291;
2018;12;29;14;0;0.000152983893;0.000087179536;0.000109774816;0.000062383947;
2018;12;29;15;0;0.000150668484;0.000086682097;0.000099381516;0.000063220142;
2018;12;29;16;0;0.000139216976;0.000080105883;0.000094999162;0.000057946117;
2018;12;29;17;0;0.000132481316;0.000075963551;0.000093934184;0.000054656143;
2018;12;29;18;0;0.000136121251;0.000084358446;0.000101368217;0.000056077329;
2018;12;29;19;0;0.000151497175;0.000148225921;0.000117616747;0.000179209957;
2018;12;29;20;0;0.000157389714;0.000162152671;0.000120283200;0.000213461764;
2018;12;29;21;0;0.000161327234;0.000165697339;0.000116972838;0.000221990083;
2018;12;29;22;0;0.000159656847;0.000168987472;0.000107954799;0.000223834383;
2018;12;29;23;0;0.000143323546;0.000211467213;0.000098671257;0.000209404509;
2018;12;29;24;0;0.000124622074;0.000220570727;0.000092277795;0.000189417691;
2018;12;30;1;0;0.000105206226;0.000217626971;0.000084448942;0.000182190903;
2018;12;30;2;0;0.000087156415;0.000200174505;0.000079448333;0.000188171637;
2018;12;30;3;0;0.000074905805;0.000184197876;0.000076833283;0.000176386662;
2018;12;30;4;0;0.000067524154;0.000173153391;0.000075196682;0.000168283429;
2018;12;30;5;0;0.000064071155;0.000168009599;0.000074452495;0.000163372520;
2018;12;30;6;0;0.000063309341;0.000176478327;0.000075381748;0.000160076758;
2018;12;30;7;0;0.000065533054;0.000181652763;0.000078294168;0.000160023791;
2018;12;30;8;0;0.000071097710;0.000176851799;0.000080964578;0.000160389133;
2018;12;30;9;0;0.000084239663;0.000135571490;0.000075977837;0.000079342321;
2018;12;30;10;0;0.000107323869;0.000115459548;0.000077639284;0.000055617551;
2018;12;30;11;0;0.000128724268;0.000120694651;0.000084184414;0.000060479569;
2018;12;30;12;0;0.000139166074;0.000112937826;0.000089244841;0.000063550607;
2018;12;30;13;0;0.000142518372;0.000086928730;0.000092138035;0.000062373696;
2018;12;30;14;0;0.000146965157;0.000085760906;0.000091426105;0.000060579009;
2018;12;30;15;0;0.000145980487;0.000084083053;0.000087470662;0.000060396397;
2018;12;30;16;0;0.000132384727;0.000076236522;0.000083842958;0.000055154177;
2018;12;30;17;0;0.000126082279;0.000071535103;0.000081855795;0.000051918494;
2018;12;30;18;0;0.000129830477;0.000081126020;0.000086034006;0.000053443153;
2018;12;30;19;0;0.000145734500;0.000148184939;0.000102157153;0.000193316541;
2018;12;30;20;0;0.000154509898;0.000163428897;0.000105287552;0.000228472743;
2018;12;30;21;0;0.000164207813;0.000168701634;0.000103657220;0.000236066808;
2018;12;30;22;0;0.000165898457;0.000173854182;0.000098789561;0.000237217460;
2018;12;30;23;0;0.000148740672;0.000218955842;0.000090970354;0.000219868196;
2018;12;30;24;0;0.000123668530;0.000226838635;0.000084232538;0.000196074044;
2018;12;31;1;0;0.000084421526;0.000197908757;0.000069188875;0.000176862728;
2018;12;31;2;0;0.000067299642;0.000180307569;0.000066704588;0.000179881716;
2018;12;31;3;0;0.000058810127;0.000166331721;0.000065341277;0.000169684782;
2018;12;31;4;0;0.000054626397;0.000157141431;0.000064908953;0.000163667060;
2018;12;31;5;0;0.000053242338;0.000153007182;0.000064973630;0.000157628269;
2018;12;31;6;0;0.000054887519;0.000161578649;0.000067022867;0.000153475811;
2018;12;31;7;0;0.000063457473;0.000168831545;0.000075647023;0.000150689182;
2018;12;31;8;0;0.000083860862;0.000173170380;0.000093366868;0.000151779466;
2018;12;31;9;0;0.000104300772;0.000142038190;0.000118257793;0.000084970456;
2018;12;31;10;0;0.000120885055;0.000118814252;0.000135562153;0.000063870832;
2018;12;31;11;0;0.000132479861;0.000114604302;0.000143351089;0.000063372376;
2018;12;31;12;0;0.000134942718;0.000102345308;0.000143728124;0.000062860275;
2018;12;31;13;0;0.000136176049;0.000078639134;0.000142094506;0.000061559976;
2018;12;31;14;0;0.000137954765;0.000078747446;0.000133244491;0.000060489846;
2018;12;31;15;0;0.000133409750;0.000077333943;0.000117151802;0.000059202404;
2018;12;31;16;0;0.000126137794;0.000072297563;0.000112134942;0.000051848772;
2018;12;31;17;0;0.000125127193;0.000069248285;0.000114036302;0.000050326716;
2018;12;31;18;0;0.000133479868;0.000079008251;0.000121867672;0.000056051855;
2018;12;31;19;0;0.000147625530;0.000140277056;0.000133914513;0.000183324343;
2018;12;31;20;0;0.000153924442;0.000155381184;0.000128422774;0.000218246854;
2018;12;31;21;0;0.000157716343;0.000159499475;0.000115652415;0.000222684921;
2018;12;31;22;0;0.000155781636;0.000163413933;0.000099255798;0.000219220315;
2018;12;31;23;0;0.000138117373;0.000202611403;0.000085470548;0.000202591660;
2018;12;31;24;0;0.000112927268;0.000208923530;0.000077659377;0.000182847399;
