AŃO;MES;DIA;HORA;VERANO(1)/INVIERNO(0);COEF. PERFIL A;COEF. PERFIL B;COEF. PERFIL C;COEF. PERFIL D;
2016;08;01;1;1;0.000105116444;0.000149844774;0.000103461734;0.000214471083;
2016;08;01;2;1;0.000088836367;0.000140441278;0.000096515303;0.000191123814;
2016;08;01;3;1;0.000078948068;0.000133832622;0.000092458591;0.000186120392;
2016;08;01;4;1;0.000073679267;0.000131247382;0.000090209265;0.000176401552;
2016;08;01;5;1;0.000071426315;0.000129371220;0.000089361455;0.000175339874;
2016;08;01;6;1;0.000070708133;0.000128258779;0.000091490946;0.000175269289;
2016;08;01;7;1;0.000075597717;0.000127488773;0.000099657160;0.000175318033;
2016;08;01;8;1;0.000085878863;0.000080791591;0.000107319062;0.000081529921;
2016;08;01;9;1;0.000101015478;0.000061531803;0.000135369200;0.000042590200;
2016;08;01;10;1;0.000121335316;0.000067837916;0.000156255561;0.000049024322;
2016;08;01;11;1;0.000135625561;0.000072272451;0.000171932996;0.000052976322;
2016;08;01;12;1;0.000142833739;0.000072873555;0.000178252414;0.000055595672;
2016;08;01;13;1;0.000148723633;0.000073061417;0.000181826590;0.000056160768;
2016;08;01;14;1;0.000154829444;0.000074117191;0.000178076781;0.000055357713;
2016;08;01;15;1;0.000151027612;0.000073858036;0.000162278620;0.000059514976;
2016;08;01;16;1;0.000141509505;0.000068683505;0.000152118152;0.000058901375;
2016;08;01;17;1;0.000140473441;0.000065893761;0.000150685038;0.000056556505;
2016;08;01;18;1;0.000144552407;0.000066323401;0.000154540767;0.000054882064;
2016;08;01;19;1;0.000146750140;0.000066239290;0.000152994872;0.000052131413;
2016;08;01;20;1;0.000144509285;0.000066284543;0.000148258358;0.000049542501;
2016;08;01;21;1;0.000142991487;0.000074020552;0.000141360557;0.000052776093;
2016;08;01;22;1;0.000152202957;0.000138531531;0.000140130108;0.000173238027;
2016;08;01;23;1;0.000147731650;0.000163453083;0.000130191883;0.000244878591;
2016;08;01;24;1;0.000126955889;0.000159846499;0.000117308638;0.000232299202;
2016;08;02;1;1;0.000106980976;0.000150672564;0.000107521448;0.000211642244;
2016;08;02;2;1;0.000089774294;0.000140857371;0.000099877959;0.000189796258;
2016;08;02;3;1;0.000079922967;0.000134437265;0.000095337356;0.000184911621;
2016;08;02;4;1;0.000074618011;0.000132014077;0.000092940608;0.000175748845;
2016;08;02;5;1;0.000072023116;0.000130171550;0.000092027768;0.000173154353;
2016;08;02;6;1;0.000071619962;0.000129079596;0.000093981051;0.000172293077;
2016;08;02;7;1;0.000075871397;0.000128319673;0.000101707739;0.000173306699;
2016;08;02;8;1;0.000086212422;0.000081539584;0.000108685560;0.000080570451;
2016;08;02;9;1;0.000101521988;0.000062469702;0.000135414519;0.000043892246;
2016;08;02;10;1;0.000122549503;0.000069755338;0.000156043498;0.000047910328;
2016;08;02;11;1;0.000138576476;0.000073947369;0.000172350470;0.000051718510;
2016;08;02;12;1;0.000145398694;0.000074364483;0.000178828773;0.000054801175;
2016;08;02;13;1;0.000150680612;0.000073949344;0.000182858676;0.000053645765;
2016;08;02;14;1;0.000156807932;0.000074729944;0.000179443120;0.000055256500;
2016;08;02;15;1;0.000152469959;0.000074370688;0.000163987898;0.000057422536;
2016;08;02;16;1;0.000143498797;0.000069590242;0.000153828654;0.000055201906;
2016;08;02;17;1;0.000141839609;0.000067011566;0.000152031465;0.000053410025;
2016;08;02;18;1;0.000145674169;0.000066875949;0.000155957856;0.000053693518;
2016;08;02;19;1;0.000147542662;0.000067038607;0.000154803181;0.000050463255;
2016;08;02;20;1;0.000144988278;0.000067244740;0.000151004025;0.000050685216;
2016;08;02;21;1;0.000144371001;0.000074119979;0.000144601365;0.000053382145;
2016;08;02;22;1;0.000153489231;0.000139723615;0.000143854913;0.000174942659;
2016;08;02;23;1;0.000148491556;0.000164222666;0.000133535844;0.000247157811;
2016;08;02;24;1;0.000128334977;0.000161186499;0.000120872055;0.000231594904;
2016;08;03;1;1;0.000108111973;0.000151595690;0.000108998557;0.000212468311;
2016;08;03;2;1;0.000090737784;0.000141742859;0.000101266136;0.000190567302;
2016;08;03;3;1;0.000080794313;0.000135305142;0.000096678678;0.000185694042;
2016;08;03;4;1;0.000075428961;0.000132861802;0.000094245011;0.000176486506;
2016;08;03;5;1;0.000072774112;0.000130950307;0.000093278661;0.000173805289;
2016;08;03;6;1;0.000072384973;0.000129884511;0.000095282476;0.000172984314;
2016;08;03;7;1;0.000076661207;0.000129085142;0.000103088443;0.000173955231;
2016;08;03;8;1;0.000087084120;0.000082001737;0.000110128412;0.000080848038;
2016;08;03;9;1;0.000102521646;0.000062807329;0.000137176302;0.000044031941;
2016;08;03;10;1;0.000123775981;0.000070143545;0.000158098921;0.000048070489;
2016;08;03;11;1;0.000139963910;0.000074359201;0.000174621386;0.000051891608;
2016;08;03;12;1;0.000146880631;0.000074791979;0.000181217372;0.000054994400;
2016;08;03;13;1;0.000152224766;0.000074378549;0.000185311305;0.000053837880;
2016;08;03;14;1;0.000158420949;0.000075166560;0.000181856907;0.000055456508;
2016;08;03;15;1;0.000154002908;0.000074787992;0.000166155546;0.000057617124;
2016;08;03;16;1;0.000144944632;0.000069982211;0.000155865329;0.000055390147;
2016;08;03;17;1;0.000143319545;0.000067412914;0.000154098985;0.000053611165;
2016;08;03;18;1;0.000147178422;0.000067269313;0.000158061921;0.000053889980;
2016;08;03;19;1;0.000148946933;0.000067378971;0.000156766129;0.000050607371;
2016;08;03;20;1;0.000146368350;0.000067586202;0.000152918918;0.000050830006;
2016;08;03;21;1;0.000145722852;0.000074484931;0.000146412614;0.000053526430;
2016;08;03;22;1;0.000154901041;0.000140388546;0.000145632911;0.000175386724;
2016;08;03;23;1;0.000149804131;0.000164945537;0.000135138251;0.000247697111;
2016;08;03;24;1;0.000129459990;0.000161884263;0.000122313626;0.000232083411;
2016;08;04;1;1;0.000107939280;0.000151464494;0.000108756705;0.000212355754;
2016;08;04;2;1;0.000090655502;0.000141718140;0.000101111326;0.000190598082;
2016;08;04;3;1;0.000080678415;0.000135210098;0.000096479900;0.000185625947;
2016;08;04;4;1;0.000075288062;0.000132710839;0.000094010408;0.000176345202;
2016;08;04;5;1;0.000072646441;0.000130816404;0.000093057054;0.000173685898;
2016;08;04;6;1;0.000072236377;0.000129712899;0.000095027685;0.000172813797;
2016;08;04;7;1;0.000076441585;0.000128809693;0.000102729123;0.000173642356;
2016;08;04;8;1;0.000086814561;0.000081807838;0.000109719180;0.000080683966;
2016;08;04;9;1;0.000102224022;0.000062670907;0.000136692932;0.000043951062;
2016;08;04;10;1;0.000123402996;0.000069983442;0.000157524390;0.000047976881;
2016;08;04;11;1;0.000139561921;0.000074199990;0.000174011470;0.000051797899;
2016;08;04;12;1;0.000146514082;0.000074660023;0.000180652608;0.000054915817;
2016;08;04;13;1;0.000151794642;0.000074222758;0.000184672665;0.000053743164;
2016;08;04;14;1;0.000157990062;0.000075017070;0.000181249381;0.000055364812;
2016;08;04;15;1;0.000153618760;0.000074656129;0.000165637912;0.000057534859;
2016;08;04;16;1;0.000144578507;0.000069856612;0.000155374839;0.000055309313;
2016;08;04;17;1;0.000142982158;0.000067303521;0.000153640523;0.000053542151;
2016;08;04;18;1;0.000146857698;0.000067171930;0.000157619303;0.000053830045;
2016;08;04;19;1;0.000148636040;0.000067287624;0.000156341534;0.000050555742;
2016;08;04;20;1;0.000146087353;0.000067505902;0.000152530337;0.000050786671;
2016;08;04;21;1;0.000145487718;0.000074419260;0.000146085373;0.000053497205;
2016;08;04;22;1;0.000154660615;0.000140273403;0.000145316356;0.000175301754;
2016;08;04;23;1;0.000149650556;0.000164897234;0.000134915675;0.000247707771;
2016;08;04;24;1;0.000129385816;0.000161910119;0.000122167452;0.000232198466;
2016;08;05;1;1;0.000106904407;0.000150833895;0.000107255191;0.000209894989;
2016;08;05;2;1;0.000090454927;0.000140967231;0.000099066855;0.000190719967;
2016;08;05;3;1;0.000080336787;0.000134769081;0.000094492686;0.000184118946;
2016;08;05;4;1;0.000074868689;0.000131762975;0.000092011674;0.000176303867;
2016;08;05;5;1;0.000072301102;0.000129817638;0.000091162254;0.000173655093;
2016;08;05;6;1;0.000071615274;0.000128680715;0.000092977293;0.000170393492;
2016;08;05;7;1;0.000075988779;0.000127559762;0.000100456690;0.000171979581;
2016;08;05;8;1;0.000086200612;0.000081938962;0.000107529103;0.000084427810;
2016;08;05;9;1;0.000101326357;0.000063181019;0.000133450086;0.000046299675;
2016;08;05;10;1;0.000121051499;0.000069770101;0.000154048270;0.000049719355;
2016;08;05;11;1;0.000136582036;0.000073708096;0.000169966909;0.000053779433;
2016;08;05;12;1;0.000144179902;0.000073692123;0.000176356283;0.000056131892;
2016;08;05;13;1;0.000150702990;0.000074198515;0.000180172008;0.000056556259;
2016;08;05;14;1;0.000155875674;0.000074627326;0.000176001254;0.000055371499;
2016;08;05;15;1;0.000151782077;0.000074108578;0.000159762581;0.000058704994;
2016;08;05;16;1;0.000142818606;0.000069745754;0.000148292514;0.000055752342;
2016;08;05;17;1;0.000140215216;0.000067372842;0.000145026728;0.000053863184;
2016;08;05;18;1;0.000143248704;0.000067081425;0.000147895194;0.000052932397;
2016;08;05;19;1;0.000145030761;0.000067534570;0.000147109703;0.000051123185;
2016;08;05;20;1;0.000141914805;0.000067570834;0.000144618639;0.000049621402;
2016;08;05;21;1;0.000140514611;0.000074857866;0.000140479051;0.000050267034;
2016;08;05;22;1;0.000147156040;0.000138969203;0.000141275635;0.000173166454;
2016;08;05;23;1;0.000141185976;0.000161185033;0.000132748916;0.000244095982;
2016;08;05;24;1;0.000124923811;0.000158845218;0.000121750344;0.000230964382;
2016;08;06;1;1;0.000107748037;0.000150274831;0.000108987039;0.000209016953;
2016;08;06;2;1;0.000092753851;0.000141443138;0.000099554530;0.000184860378;
2016;08;06;3;1;0.000081808457;0.000134848747;0.000093993270;0.000179014440;
2016;08;06;4;1;0.000075456145;0.000132014748;0.000091259312;0.000170129840;
2016;08;06;5;1;0.000072226783;0.000129398464;0.000089640175;0.000168317633;
2016;08;06;6;1;0.000070642338;0.000127880154;0.000090306034;0.000168045625;
2016;08;06;7;1;0.000071897424;0.000125116209;0.000093083980;0.000168722111;
2016;08;06;8;1;0.000075372640;0.000076984902;0.000088567265;0.000080751291;
2016;08;06;9;1;0.000086639731;0.000054838319;0.000095627157;0.000042263909;
2016;08;06;10;1;0.000104705759;0.000062360348;0.000110226198;0.000042646942;
2016;08;06;11;1;0.000120629947;0.000068236344;0.000125621503;0.000046940137;
2016;08;06;12;1;0.000127548134;0.000069053064;0.000131443514;0.000049144609;
2016;08;06;13;1;0.000133008876;0.000069017709;0.000135077024;0.000050269774;
2016;08;06;14;1;0.000138715226;0.000069494225;0.000134022335;0.000049633170;
2016;08;06;15;1;0.000137585492;0.000069200590;0.000125545577;0.000052868720;
2016;08;06;16;1;0.000128971869;0.000065079809;0.000120913442;0.000050359778;
2016;08;06;17;1;0.000123676643;0.000062418387;0.000118041124;0.000047156344;
2016;08;06;18;1;0.000121654219;0.000062289187;0.000118938683;0.000045767608;
2016;08;06;19;1;0.000121478175;0.000062435644;0.000119682034;0.000043708397;
2016;08;06;20;1;0.000120390764;0.000062756932;0.000121944419;0.000048616878;
2016;08;06;21;1;0.000124888985;0.000071037801;0.000125624383;0.000050403120;
2016;08;06;22;1;0.000137774306;0.000131862355;0.000132172583;0.000171988158;
2016;08;06;23;1;0.000134646387;0.000157040108;0.000127788395;0.000242195179;
2016;08;06;24;1;0.000119483290;0.000155103843;0.000118059225;0.000225748638;
2016;08;07;1;1;0.000102770881;0.000147435557;0.000106380248;0.000211383472;
2016;08;07;2;1;0.000089296014;0.000139127981;0.000097664431;0.000185207696;
2016;08;07;3;1;0.000079326576;0.000133380159;0.000092330602;0.000178565498;
2016;08;07;4;1;0.000073424683;0.000130790947;0.000089153119;0.000170867936;
2016;08;07;5;1;0.000070271085;0.000128595595;0.000088177817;0.000168016240;
2016;08;07;6;1;0.000068787723;0.000127115409;0.000088681240;0.000166556187;
2016;08;07;7;1;0.000069738200;0.000124335585;0.000090287395;0.000169162270;
2016;08;07;8;1;0.000071242166;0.000074049852;0.000081997338;0.000078882198;
2016;08;07;9;1;0.000079104889;0.000050768904;0.000081949505;0.000040249568;
2016;08;07;10;1;0.000093077935;0.000057219351;0.000089420409;0.000040884871;
2016;08;07;11;1;0.000106525619;0.000063105010;0.000097122257;0.000043693109;
2016;08;07;12;1;0.000114383896;0.000065628812;0.000102302717;0.000045981492;
2016;08;07;13;1;0.000119500654;0.000066110282;0.000105790603;0.000044813262;
2016;08;07;14;1;0.000125408636;0.000066214757;0.000107908468;0.000044138145;
2016;08;07;15;1;0.000127809361;0.000066356666;0.000107584956;0.000047148970;
2016;08;07;16;1;0.000120388912;0.000062260078;0.000105689933;0.000046395001;
2016;08;07;17;1;0.000115754034;0.000059662087;0.000102321350;0.000044448736;
2016;08;07;18;1;0.000114575953;0.000058750892;0.000099378855;0.000042789740;
2016;08;07;19;1;0.000116020520;0.000059591037;0.000099278003;0.000041937578;
2016;08;07;20;1;0.000117628167;0.000060399179;0.000101452931;0.000045051420;
2016;08;07;21;1;0.000123639143;0.000068512509;0.000106397234;0.000050452883;
2016;08;07;22;1;0.000139521677;0.000132904314;0.000120102261;0.000175275659;
2016;08;07;23;1;0.000136899452;0.000157791864;0.000119011548;0.000244170820;
2016;08;07;24;1;0.000119903642;0.000156573253;0.000109995845;0.000230690346;
2016;08;08;1;1;0.000101605078;0.000146981436;0.000098959258;0.000211905559;
2016;08;08;2;1;0.000085930773;0.000137857002;0.000092381716;0.000188973794;
2016;08;08;3;1;0.000076325526;0.000131300512;0.000088451967;0.000183929382;
2016;08;08;4;1;0.000071239391;0.000128778000;0.000086309374;0.000174343657;
2016;08;08;5;1;0.000069079338;0.000126970763;0.000085520864;0.000173340270;
2016;08;08;6;1;0.000068317744;0.000125755612;0.000087473033;0.000173100699;
2016;08;08;7;1;0.000072923179;0.000124797242;0.000095125586;0.000172867104;
2016;08;08;8;1;0.000082811888;0.000079058522;0.000102403592;0.000080362285;
2016;08;08;9;1;0.000097420202;0.000060219462;0.000129185237;0.000041985529;
2016;08;08;10;1;0.000117350776;0.000066580549;0.000149543020;0.000048466224;
2016;08;08;11;1;0.000131208241;0.000070952627;0.000164592758;0.000052387807;
2016;08;08;12;1;0.000138191487;0.000071547847;0.000170654532;0.000054981973;
2016;08;08;13;1;0.000143850943;0.000071712844;0.000174029168;0.000055525774;
2016;08;08;14;1;0.000149777409;0.000072759188;0.000170463727;0.000054739364;
2016;08;08;15;1;0.000146264789;0.000072586745;0.000155516568;0.000058916718;
2016;08;08;16;1;0.000137068266;0.000067511831;0.000145802265;0.000058318399;
2016;08;08;17;1;0.000136133752;0.000064802538;0.000144501930;0.000056025148;
2016;08;08;18;1;0.000140122605;0.000065241778;0.000148237423;0.000054380370;
2016;08;08;19;1;0.000142245874;0.000065155781;0.000146747243;0.000051652281;
2016;08;08;20;1;0.000140144363;0.000065233139;0.000142275785;0.000049111891;
2016;08;08;21;1;0.000138671696;0.000072846065;0.000135655627;0.000052317108;
2016;08;08;22;1;0.000147708660;0.000136429294;0.000134569379;0.000171852142;
2016;08;08;23;1;0.000143240373;0.000160827807;0.000124913025;0.000242700998;
2016;08;08;24;1;0.000123127909;0.000157319629;0.000112581121;0.000230292727;
2016;08;09;1;1;0.000102830865;0.000147468296;0.000101917168;0.000209042707;
2016;08;09;2;1;0.000086312461;0.000137895033;0.000094694873;0.000187510188;
2016;08;09;3;1;0.000076830863;0.000131592558;0.000090377958;0.000182660249;
2016;08;09;4;1;0.000071743205;0.000129242365;0.000088120697;0.000173638215;
2016;08;09;5;1;0.000069229396;0.000127403765;0.000087231399;0.000171028220;
2016;08;09;6;1;0.000068810000;0.000126276523;0.000089041626;0.000170098712;
2016;08;09;7;1;0.000072827907;0.000125418194;0.000096274010;0.000170942806;
2016;08;09;8;1;0.000082685920;0.000079630190;0.000102794262;0.000079405985;
2016;08;09;9;1;0.000097239842;0.000060925782;0.000127904161;0.000043200390;
2016;08;09;10;1;0.000117432677;0.000068061639;0.000147454623;0.000047176127;
2016;08;09;11;1;0.000132780580;0.000072146508;0.000162851899;0.000050922155;
2016;08;09;12;1;0.000139364565;0.000072577995;0.000169030300;0.000053975597;
2016;08;09;13;1;0.000144371769;0.000072145089;0.000172772964;0.000052817285;
2016;08;09;14;1;0.000150253455;0.000072911938;0.000169558108;0.000054407095;
2016;08;09;15;1;0.000146088044;0.000072557070;0.000154944976;0.000056536443;
2016;08;09;16;1;0.000137468045;0.000067881181;0.000145320219;0.000054340458;
2016;08;09;17;1;0.000135926674;0.000065388967;0.000143673262;0.000052595147;
2016;08;09;18;1;0.000139602189;0.000065257012;0.000147384646;0.000052874621;
2016;08;09;19;1;0.000141269999;0.000065358919;0.000146166388;0.000049650464;
2016;08;09;20;1;0.000138880319;0.000065586383;0.000142636821;0.000049889005;
2016;08;09;21;1;0.000138385662;0.000072342575;0.000136684362;0.000052580277;
2016;08;09;22;1;0.000147268724;0.000136505445;0.000136110811;0.000172482113;
2016;08;09;23;1;0.000142207664;0.000160140761;0.000126111418;0.000243226736;
2016;08;09;24;1;0.000122868163;0.000157134135;0.000114118366;0.000227844765;
2016;08;10;1;1;0.000099364205;0.000144726478;0.000097217197;0.000206736815;
2016;08;10;2;1;0.000083456862;0.000135419135;0.000090386652;0.000185562302;
2016;08;10;3;1;0.000074302478;0.000129253340;0.000086281839;0.000180795643;
2016;08;10;4;1;0.000069381447;0.000126943462;0.000084125911;0.000171863726;
2016;08;10;5;1;0.000066961318;0.000125157985;0.000083290517;0.000169308027;
2016;08;10;6;1;0.000066573131;0.000124083175;0.000085041278;0.000168432066;
2016;08;10;7;1;0.000070463540;0.000123245204;0.000091952801;0.000169275375;
2016;08;10;8;1;0.000079930466;0.000078181031;0.000098093207;0.000078561605;
2016;08;10;9;1;0.000093998338;0.000059816349;0.000122053398;0.000042740532;
2016;08;10;10;1;0.000113301383;0.000066694729;0.000140441002;0.000046584867;
2016;08;10;11;1;0.000127992188;0.000070632907;0.000154964068;0.000050237961;
2016;08;10;12;1;0.000134169390;0.000070965768;0.000160640453;0.000053183249;
2016;08;10;13;1;0.000138974575;0.000070534681;0.000164179200;0.000052036189;
2016;08;10;14;1;0.000144518633;0.000071226381;0.000160993082;0.000053558850;
2016;08;10;15;1;0.000140428481;0.000070837482;0.000147030454;0.000055621838;
2016;08;10;16;1;0.000132093780;0.000066248013;0.000137846559;0.000053441696;
2016;08;10;17;1;0.000130605921;0.000063812463;0.000136277263;0.000051722579;
2016;08;10;18;1;0.000134159614;0.000063694160;0.000139820578;0.000052005966;
2016;08;10;19;1;0.000135876235;0.000063847115;0.000138781109;0.000048875724;
2016;08;10;20;1;0.000133662513;0.000064109952;0.000135515771;0.000049141690;
2016;08;10;21;1;0.000133271423;0.000070759175;0.000129943346;0.000051825696;
2016;08;10;22;1;0.000142031335;0.000133710797;0.000129585242;0.000170252710;
2016;08;10;23;1;0.000137267211;0.000156995987;0.000120167629;0.000240287647;
2016;08;10;24;1;0.000118589268;0.000154035001;0.000108730363;0.000225071965;
2016;08;11;1;1;0.000098803891;0.000144219433;0.000096530498;0.000206215853;
2016;08;11;2;1;0.000082987685;0.000134947032;0.000089749753;0.000185097900;
2016;08;11;3;1;0.000073927934;0.000128877989;0.000085723921;0.000180448541;
2016;08;11;4;1;0.000069071253;0.000126647325;0.000083629813;0.000171632033;
2016;08;11;5;1;0.000066642830;0.000124830212;0.000082775605;0.000169031300;
2016;08;11;6;1;0.000066223717;0.000123697003;0.000084473740;0.000168073597;
2016;08;11;7;1;0.000070101446;0.000122875204;0.000091349221;0.000168933759;
2016;08;11;8;1;0.000079532723;0.000077959063;0.000097465252;0.000078415876;
2016;08;11;9;1;0.000093519328;0.000059639337;0.000121257454;0.000042656112;
2016;08;11;10;1;0.000112775766;0.000066527896;0.000139589213;0.000046514202;
2016;08;11;11;1;0.000127313660;0.000070409348;0.000153921722;0.000050128382;
2016;08;11;12;1;0.000133492025;0.000070759131;0.000159600469;0.000053080730;
2016;08;11;13;1;0.000138290686;0.000070338320;0.000163137227;0.000051942542;
2016;08;11;14;1;0.000143928837;0.000071088042;0.000160106348;0.000053507586;
2016;08;11;15;1;0.000139962003;0.000070753801;0.000146332104;0.000055610965;
2016;08;11;16;1;0.000131631949;0.000066158173;0.000137167821;0.000053421899;
2016;08;11;17;1;0.000130131092;0.000063717015;0.000135587289;0.000051696188;
2016;08;11;18;1;0.000133684676;0.000063604984;0.000139125996;0.000051984412;
2016;08;11;19;1;0.000135465804;0.000063790963;0.000138163680;0.000048880937;
2016;08;11;20;1;0.000133284355;0.000064065867;0.000134938774;0.000049156367;
2016;08;11;21;1;0.000132829315;0.000070675903;0.000129326734;0.000051815797;
2016;08;11;22;1;0.000141536452;0.000133531067;0.000128948723;0.000170191675;
2016;08;11;23;1;0.000136755432;0.000156746566;0.000119548088;0.000240142687;
2016;08;11;24;1;0.000118185053;0.000153839652;0.000108204513;0.000225008390;
2016;08;12;1;1;0.000100541018;0.000145657229;0.000098864001;0.000205327395;
2016;08;12;2;1;0.000085103720;0.000136182064;0.000091351754;0.000186642111;
2016;08;12;3;1;0.000075656411;0.000130318769;0.000087217105;0.000180354472;
2016;08;12;4;1;0.000070530806;0.000127455164;0.000084955939;0.000172757780;
2016;08;12;5;1;0.000068154315;0.000125651470;0.000084223967;0.000170268036;
2016;08;12;6;1;0.000067519585;0.000124572735;0.000085915833;0.000167099161;
2016;08;12;7;1;0.000071642748;0.000123487187;0.000092826897;0.000168654066;
2016;08;12;8;1;0.000081239721;0.000079292838;0.000099324479;0.000082763864;
2016;08;12;9;1;0.000095373312;0.000061062768;0.000123110612;0.000045329354;
2016;08;12;10;1;0.000114022236;0.000067479858;0.000142215981;0.000048712680;
2016;08;12;11;1;0.000128701917;0.000071316834;0.000156974102;0.000052711432;
2016;08;12;12;1;0.000135894940;0.000071318970;0.000162915233;0.000055030746;
2016;08;12;13;1;0.000141984784;0.000071779524;0.000166371698;0.000055423987;
2016;08;12;14;1;0.000146872956;0.000072201597;0.000162536705;0.000054268389;
2016;08;12;15;1;0.000143086309;0.000071735065;0.000147613084;0.000057563845;
2016;08;12;16;1;0.000134571633;0.000067479512;0.000136949407;0.000054642304;
2016;08;12;17;1;0.000132161668;0.000065204964;0.000133977112;0.000052807979;
2016;08;12;18;1;0.000135055592;0.000064939595;0.000136662111;0.000051908752;
2016;08;12;19;1;0.000136819866;0.000065418503;0.000136019930;0.000050165379;
2016;08;12;20;1;0.000133994336;0.000065509373;0.000133830531;0.000048733200;
2016;08;12;21;1;0.000132720334;0.000072600373;0.000130046821;0.000049385152;
2016;08;12;22;1;0.000139232185;0.000135009877;0.000131008964;0.000170420749;
2016;08;12;23;1;0.000133579375;0.000156587824;0.000123098008;0.000240218050;
2016;08;12;24;1;0.000118114393;0.000154211646;0.000112823610;0.000227143215;
2016;08;13;1;1;0.000104308260;0.000147546790;0.000104362021;0.000206653696;
2016;08;13;2;1;0.000089808405;0.000138899633;0.000095346410;0.000182802107;
2016;08;13;3;1;0.000079255338;0.000132498640;0.000090071079;0.000177121269;
2016;08;13;4;1;0.000073124207;0.000129754727;0.000087478643;0.000168383440;
2016;08;13;5;1;0.000070005538;0.000127203021;0.000085939951;0.000166615754;
2016;08;13;6;1;0.000068439520;0.000125654841;0.000086540012;0.000166272883;
2016;08;13;7;1;0.000069655882;0.000122939722;0.000089202638;0.000166943223;
2016;08;13;8;1;0.000073023912;0.000075646896;0.000084875606;0.000079901176;
2016;08;13;9;1;0.000083886634;0.000053851027;0.000091583072;0.000041792434;
2016;08;13;10;1;0.000101391141;0.000061245214;0.000105577787;0.000042176415;
2016;08;13;11;1;0.000116880642;0.000067055960;0.000120395352;0.000046449830;
2016;08;13;12;1;0.000123576513;0.000067854548;0.000125967722;0.000048628406;
2016;08;13;13;1;0.000128853932;0.000067812815;0.000129436518;0.000049736625;
2016;08;13;14;1;0.000134359742;0.000068269689;0.000128404574;0.000049098629;
2016;08;13;15;1;0.000133239343;0.000067967895;0.000120259542;0.000052289076;
2016;08;13;16;1;0.000124755628;0.000063847751;0.000115690587;0.000049750939;
2016;08;13;17;1;0.000119597600;0.000061218333;0.000112908438;0.000046572251;
2016;08;13;18;1;0.000117684604;0.000061113805;0.000113808287;0.000045217132;
2016;08;13;19;1;0.000117530826;0.000061266110;0.000114535675;0.000043188760;
2016;08;13;20;1;0.000116496759;0.000061590901;0.000116718821;0.000048046313;
2016;08;13;21;1;0.000120922590;0.000069760084;0.000120313825;0.000049841724;
2016;08;13;22;1;0.000133718801;0.000129801362;0.000126888980;0.000170480658;
2016;08;13;23;1;0.000130544446;0.000154421747;0.000122550023;0.000239817857;
2016;08;13;24;1;0.000115911114;0.000152607069;0.000113285969;0.000223663633;
2016;08;14;1;1;0.000099717366;0.000145016527;0.000102145117;0.000209347447;
2016;08;14;2;1;0.000086675193;0.000136896319;0.000093811280;0.000183492237;
2016;08;14;3;1;0.000077030928;0.000131296211;0.000088725403;0.000176986399;
2016;08;14;4;1;0.000071275842;0.000128704136;0.000085643165;0.000169299928;
2016;08;14;5;1;0.000068201820;0.000126520220;0.000084690469;0.000166443365;
2016;08;14;6;1;0.000066786691;0.000125109916;0.000085205306;0.000165057660;
2016;08;14;7;1;0.000067695496;0.000122348606;0.000086730540;0.000167605578;
2016;08;14;8;1;0.000069214270;0.000072928497;0.000078834111;0.000078222817;
2016;08;14;9;1;0.000076834943;0.000049988232;0.000078769424;0.000039903647;
2016;08;14;10;1;0.000090435710;0.000056357366;0.000085977687;0.000040546350;
2016;08;14;11;1;0.000103486059;0.000062144995;0.000093368942;0.000043324809;
2016;08;14;12;1;0.000111173841;0.000064661654;0.000098396757;0.000045615949;
2016;08;14;13;1;0.000116054185;0.000065083976;0.000101670160;0.000044421478;
2016;08;14;14;1;0.000121715665;0.000065146091;0.000103640727;0.000043724921;
2016;08;14;15;1;0.000123957307;0.000065239191;0.000103256382;0.000046674277;
2016;08;14;16;1;0.000116696164;0.000061177862;0.000101381708;0.000045902591;
2016;08;14;17;1;0.000112173292;0.000058609271;0.000098124054;0.000043965162;
2016;08;14;18;1;0.000111016353;0.000057706201;0.000095289128;0.000042318381;
2016;08;14;19;1;0.000112394625;0.000058520257;0.000095174293;0.000041467705;
2016;08;14;20;1;0.000113935091;0.000059305061;0.000097244862;0.000044540037;
2016;08;14;21;1;0.000119807149;0.000067299396;0.000102026496;0.000049900932;
2016;08;14;22;1;0.000135360090;0.000130708120;0.000115307093;0.000173566728;
2016;08;14;23;1;0.000132455060;0.000154762591;0.000113949346;0.000241132932;
2016;08;14;24;1;0.000115949413;0.000153485834;0.000105261208;0.000227699209;
2016;08;15;1;1;0.000101578028;0.000146276511;0.000104922149;0.000210122549;
2016;08;15;2;1;0.000088333436;0.000138149777;0.000096406420;0.000184257007;
2016;08;15;3;1;0.000078520944;0.000132525878;0.000091198764;0.000177760919;
2016;08;15;4;1;0.000072697846;0.000129986966;0.000088083080;0.000170142172;
2016;08;15;5;1;0.000069634202;0.000127913003;0.000087193029;0.000167443826;
2016;08;15;6;1;0.000068257797;0.000126614134;0.000087811131;0.000166216463;
2016;08;15;7;1;0.000069276651;0.000123980747;0.000089499323;0.000169001900;
2016;08;15;8;1;0.000070867600;0.000073939663;0.000081392961;0.000078915361;
2016;08;15;9;1;0.000078669952;0.000050681097;0.000081325806;0.000040256750;
2016;08;15;10;1;0.000092573356;0.000057124821;0.000088746739;0.000040895341;
2016;08;15;11;1;0.000105999632;0.000063031376;0.000096437410;0.000043725540;
2016;08;15;12;1;0.000113826855;0.000065556695;0.000101588255;0.000046018754;
2016;08;15;13;1;0.000118888926;0.000066021105;0.000105025485;0.000044838350;
2016;08;15;14;1;0.000124777704;0.000066131290;0.000107137512;0.000044166762;
2016;08;15;15;1;0.000127149071;0.000066264014;0.000106801796;0.000047173127;
2016;08;15;16;1;0.000119641274;0.000062107901;0.000104810463;0.000046370060;
2016;08;15;17;1;0.000115012681;0.000059504622;0.000101450067;0.000044416154;
2016;08;15;18;1;0.000113798632;0.000058573434;0.000098494965;0.000042742030;
2016;08;15;19;1;0.000115238828;0.000059413840;0.000098399646;0.000041892791;
2016;08;15;20;1;0.000116811690;0.000060207234;0.000100534717;0.000044994082;
2016;08;15;21;1;0.000122938723;0.000068382542;0.000105569759;0.000050453423;
2016;08;15;22;1;0.000138890012;0.000132803972;0.000119304547;0.000175478079;
2016;08;15;23;1;0.000135830884;0.000157153509;0.000117831771;0.000243647811;
2016;08;15;24;1;0.000118900870;0.000155852184;0.000108844232;0.000230066833;
2016;08;16;1;1;0.000098697689;0.000143977377;0.000096563489;0.000205787775;
2016;08;16;2;1;0.000082929416;0.000134770808;0.000089813926;0.000184782583;
2016;08;16;3;1;0.000073845949;0.000128657288;0.000085750290;0.000180067803;
2016;08;16;4;1;0.000068981137;0.000126405675;0.000083639149;0.000171236342;
2016;08;16;5;1;0.000066562078;0.000124603629;0.000082792552;0.000168657306;
2016;08;16;6;1;0.000066231435;0.000123636678;0.000084603396;0.000167924742;
2016;08;16;7;1;0.000070173176;0.000122926623;0.000091572374;0.000168937160;
2016;08;16;8;1;0.000079712221;0.000078087803;0.000097823756;0.000078514098;
2016;08;16;9;1;0.000093779332;0.000059769016;0.000121767019;0.000042731842;
2016;08;16;10;1;0.000113137741;0.000066701108;0.000140235847;0.000046616738;
2016;08;16;11;1;0.000127969230;0.000070729146;0.000154933715;0.000050336015;
2016;08;16;12;1;0.000134272083;0.000071129611;0.000160760754;0.000053337404;
2016;08;16;13;1;0.000139058637;0.000070686188;0.000164275796;0.000052178648;
2016;08;16;14;1;0.000144682571;0.000071417146;0.000161173048;0.000053733897;
2016;08;16;15;1;0.000140659589;0.000071063486;0.000147269997;0.000055832132;
2016;08;16;16;1;0.000132293435;0.000066450465;0.000138052631;0.000053636556;
2016;08;16;17;1;0.000130818496;0.000064014895;0.000136496816;0.000051917191;
2016;08;16;18;1;0.000134375406;0.000063894996;0.000140043165;0.000052200647;
2016;08;16;19;1;0.000136076052;0.000064039616;0.000138982904;0.000049051933;
2016;08;16;20;1;0.000133822757;0.000064285799;0.000135675998;0.000049305477;
2016;08;16;21;1;0.000133426280;0.000070950645;0.000130092188;0.000051996512;
2016;08;16;22;1;0.000142361707;0.000134228501;0.000129884520;0.000171012471;
2016;08;16;23;1;0.000137447920;0.000157445104;0.000120323841;0.000241116836;
2016;08;16;24;1;0.000118715501;0.000154436767;0.000108844306;0.000225791803;
2016;08;17;1;1;0.000100788835;0.000145769102;0.000099225285;0.000207479700;
2016;08;17;2;1;0.000084646266;0.000136383179;0.000092245852;0.000186213358;
2016;08;17;3;1;0.000075376583;0.000130199688;0.000088074327;0.000181466489;
2016;08;17;4;1;0.000070355009;0.000127819474;0.000085837734;0.000172429361;
2016;08;17;5;1;0.000067875974;0.000125975379;0.000084954119;0.000169802845;
2016;08;17;6;1;0.000067485560;0.000124899240;0.000086743801;0.000168932021;
2016;08;17;7;1;0.000071445183;0.000124083361;0.000093814562;0.000169815609;
2016;08;17;8;1;0.000081106087;0.000078773025;0.000100155969;0.000078872713;
2016;08;17;9;1;0.000095312751;0.000060226240;0.000124531008;0.000042879141;
2016;08;17;10;1;0.000115042099;0.000067243161;0.000143486917;0.000046799560;
2016;08;17;11;1;0.000130024023;0.000071249568;0.000158404655;0.000050494895;
2016;08;17;12;1;0.000136354368;0.000071614265;0.000164273431;0.000053476849;
2016;08;17;13;1;0.000141330141;0.000071225773;0.000168001968;0.000052357662;
2016;08;17;14;1;0.000147106012;0.000071991708;0.000164896178;0.000053940274;
2016;08;17;15;1;0.000143094117;0.000071674508;0.000150754635;0.000056077319;
2016;08;17;16;1;0.000134633464;0.000067046874;0.000141371992;0.000053892237;
2016;08;17;17;1;0.000133106444;0.000064576834;0.000139751480;0.000052154492;
2016;08;17;18;1;0.000136618076;0.000064405210;0.000143269668;0.000052398018;
2016;08;17;19;1;0.000138449689;0.000064598849;0.000142290410;0.000049273908;
2016;08;17;20;1;0.000136214216;0.000064874390;0.000138963086;0.000049549380;
2016;08;17;21;1;0.000135795335;0.000071592182;0.000133228966;0.000052247833;
2016;08;17;22;1;0.000144864664;0.000135419060;0.000132993567;0.000171809692;
2016;08;17;23;1;0.000139888074;0.000158868377;0.000123224814;0.000242281724;
2016;08;17;24;1;0.000120896022;0.000155926907;0.000111535793;0.000227019600;
2016;08;18;1;1;0.000102421938;0.000147102248;0.000101365988;0.000208664005;
2016;08;18;2;1;0.000086005323;0.000137610511;0.000094222303;0.000187249093;
2016;08;18;3;1;0.000076538334;0.000131288224;0.000089904460;0.000182360327;
2016;08;18;4;1;0.000071486433;0.000128973030;0.000087679122;0.000173392851;
2016;08;18;5;1;0.000068958412;0.000127095484;0.000086765077;0.000170729082;
2016;08;18;6;1;0.000068542598;0.000125974538;0.000088568135;0.000169806008;
2016;08;18;7;1;0.000072523866;0.000125081999;0.000095734306;0.000170599191;
2016;08;18;8;1;0.000082340755;0.000079416764;0.000102218045;0.000079246399;
2016;08;18;9;1;0.000096789620;0.000060734688;0.000127128998;0.000043093843;
2016;08;18;10;1;0.000116805905;0.000067799953;0.000146456834;0.000047026335;
2016;08;18;11;1;0.000132047462;0.000071855823;0.000161720003;0.000050751081;
2016;08;18;12;1;0.000138502936;0.000072237504;0.000167743844;0.000053758494;
2016;08;18;13;1;0.000143486357;0.000071810219;0.000171466596;0.000052607471;
2016;08;18;14;1;0.000149356159;0.000072585264;0.000168303304;0.000054199743;
2016;08;18;15;1;0.000145208331;0.000072228359;0.000153790593;0.000056318148;
2016;08;18;16;1;0.000136607519;0.000067557471;0.000144203003;0.000054117679;
2016;08;18;17;1;0.000135127488;0.000065102046;0.000142623266;0.000052399567;
2016;08;18;18;1;0.000138813196;0.000064985559;0.000146341055;0.000052690074;
2016;08;18;19;1;0.000140589563;0.000065141709;0.000145253319;0.000049518727;
2016;08;18;20;1;0.000138306633;0.000065413462;0.000141843476;0.000049790922;
2016;08;18;21;1;0.000137873438;0.000072182950;0.000135982729;0.000052499529;
2016;08;18;22;1;0.000147067146;0.000136523139;0.000135729164;0.000172620441;
2016;08;18;23;1;0.000142020171;0.000160169592;0.000125764147;0.000243434070;
2016;08;18;24;1;0.000122708095;0.000157164891;0.000113805907;0.000228042568;
2016;08;19;1;1;0.000104132508;0.000148518721;0.000103654621;0.000207750749;
2016;08;19;2;1;0.000088134462;0.000138842758;0.000095768246;0.000188825003;
2016;08;19;3;1;0.000078265473;0.000132720362;0.000091334232;0.000182265322;
2016;08;19;4;1;0.000072965009;0.000129807366;0.000088968644;0.000174592691;
2016;08;19;5;1;0.000070444250;0.000127857399;0.000088124225;0.000171924577;
2016;08;19;6;1;0.000069785694;0.000126755189;0.000089891220;0.000168718832;
2016;08;19;7;1;0.000074083897;0.000125712826;0.000097170145;0.000170373110;
2016;08;19;8;1;0.000084041204;0.000080753975;0.000104012987;0.000083640622;
2016;08;19;9;1;0.000098583069;0.000062138114;0.000128818545;0.000045772818;
2016;08;19;10;1;0.000117832498;0.000068652412;0.000148775483;0.000049177926;
2016;08;19;11;1;0.000133023632;0.000072567464;0.000164240109;0.000053223233;
2016;08;19;12;1;0.000140527035;0.000072605206;0.000170539789;0.000055592300;
2016;08;19;13;1;0.000146938657;0.000073130904;0.000174293481;0.000056033104;
2016;08;19;14;1;0.000152061102;0.000073591763;0.000170347272;0.000054887807;
2016;08;19;15;1;0.000148164065;0.000073127783;0.000154730913;0.000058230062;
2016;08;19;16;1;0.000139468362;0.000068849409;0.000143677833;0.000055322759;
2016;08;19;17;1;0.000136953978;0.000066520562;0.000140542342;0.000053459063;
2016;08;19;18;1;0.000139895585;0.000066222736;0.000143300266;0.000052527252;
2016;08;19;19;1;0.000141701956;0.000066701161;0.000142605627;0.000050755538;
2016;08;19;20;1;0.000138676748;0.000066746233;0.000140210275;0.000049271387;
2016;08;19;21;1;0.000137497249;0.000074045983;0.000136384092;0.000049981075;
2016;08;19;22;1;0.000144448122;0.000137893536;0.000137588047;0.000172721890;
2016;08;19;23;1;0.000138449345;0.000159777490;0.000129154623;0.000243225881;
2016;08;19;24;1;0.000122477234;0.000157425769;0.000118429520;0.000230093825;
2016;08;20;1;1;0.000109053308;0.000151290743;0.000110730488;0.000209876191;
2016;08;20;2;1;0.000093873326;0.000142393041;0.000101142610;0.000185612094;
2016;08;20;3;1;0.000082792484;0.000135748879;0.000095488780;0.000179735123;
2016;08;20;4;1;0.000076375779;0.000132916874;0.000092725911;0.000170841633;
2016;08;20;5;1;0.000073112054;0.000130291613;0.000091086976;0.000169033392;
2016;08;20;6;1;0.000071517020;0.000128778726;0.000091774916;0.000168781070;
2016;08;20;7;1;0.000072772119;0.000125968482;0.000094577866;0.000169424366;
2016;08;20;8;1;0.000076353807;0.000077574531;0.000090064384;0.000081155626;
2016;08;20;9;1;0.000087678368;0.000055202167;0.000097144783;0.000042432362;
2016;08;20;10;1;0.000105957613;0.000062772114;0.000111971966;0.000042815564;
2016;08;20;11;1;0.000122125792;0.000068717070;0.000127667136;0.000047146427;
2016;08;20;12;1;0.000129141132;0.000069545664;0.000133595711;0.000049364932;
2016;08;20;13;1;0.000134665988;0.000069507947;0.000137284547;0.000050493608;
2016;08;20;14;1;0.000140462400;0.000069997301;0.000136231020;0.000049860904;
2016;08;20;15;1;0.000139273422;0.000069679019;0.000127573332;0.000053094139;
2016;08;20;16;1;0.000130431757;0.000065468328;0.000122751219;0.000050527096;
2016;08;20;17;1;0.000124992696;0.000062748899;0.000119754863;0.000047281283;
2016;08;20;18;1;0.000122921220;0.000062604994;0.000120638433;0.000045878592;
2016;08;20;19;1;0.000122710819;0.000062735565;0.000121360242;0.000043802778;
2016;08;20;20;1;0.000121572236;0.000063037585;0.000123613539;0.000048705778;
2016;08;20;21;1;0.000126165445;0.000071384254;0.000127395212;0.000050515644;
2016;08;20;22;1;0.000139580168;0.000132884076;0.000134418715;0.000172864657;
2016;08;20;23;1;0.000136129966;0.000157930585;0.000129692041;0.000242927515;
2016;08;20;24;1;0.000120832997;0.000156026211;0.000119850867;0.000226493475;
2016;08;21;1;1;0.000102873972;0.000147522719;0.000106472226;0.000211464237;
2016;08;21;2;1;0.000089403961;0.000139238846;0.000097768966;0.000185316543;
2016;08;21;3;1;0.000079373070;0.000133403415;0.000092371936;0.000178559308;
2016;08;21;4;1;0.000073448395;0.000130779346;0.000089169572;0.000170817075;
2016;08;21;5;1;0.000070324671;0.000128640699;0.000088232849;0.000168040045;
2016;08;21;6;1;0.000068883337;0.000127239715;0.000088792219;0.000166684221;
2016;08;21;7;1;0.000069828875;0.000124446015;0.000090392280;0.000169277131;
2016;08;21;8;1;0.000071415237;0.000074199198;0.000082185165;0.000079024771;
2016;08;21;9;1;0.000079182045;0.000050797510;0.000082018086;0.000040263830;
2016;08;21;10;1;0.000093089848;0.000057203125;0.000089419481;0.000040864735;
2016;08;21;11;1;0.000106425586;0.000063019806;0.000097017629;0.000043624997;
2016;08;21;12;1;0.000114334886;0.000065573696;0.000102244735;0.000045933275;
2016;08;21;13;1;0.000119464759;0.000066063227;0.000105744194;0.000044772007;
2016;08;21;14;1;0.000125411030;0.000066188771;0.000107895598;0.000044111603;
2016;08;21;15;1;0.000127722481;0.000066284271;0.000107496949;0.000047087688;
2016;08;21;16;1;0.000120178535;0.000062125703;0.000105490644;0.000046285193;
2016;08;21;17;1;0.000115529023;0.000059521608;0.000102108321;0.000044334811;
2016;08;21;18;1;0.000114318062;0.000058594532;0.000099141451;0.000042666940;
2016;08;21;19;1;0.000115715535;0.000059409931;0.000099003330;0.000041801386;
2016;08;21;20;1;0.000117418008;0.000060266457;0.000101257660;0.000044943029;
2016;08;21;21;1;0.000123576106;0.000068449399;0.000106328274;0.000050395874;
2016;08;21;22;1;0.000139925541;0.000133234173;0.000120433248;0.000175673960;
2016;08;21;23;1;0.000136937764;0.000157771071;0.000119028384;0.000244087624;
2016;08;21;24;1;0.000119952873;0.000156573082;0.000110025783;0.000230641883;
2016;08;22;1;1;0.000103211011;0.000148178359;0.000101102745;0.000212829880;
2016;08;22;2;1;0.000087276620;0.000138959969;0.000094369386;0.000189771249;
2016;08;22;3;1;0.000077582977;0.000132456943;0.000090427397;0.000184853372;
2016;08;22;4;1;0.000072484528;0.000130040453;0.000088324052;0.000175392454;
2016;08;22;5;1;0.000070237792;0.000128126242;0.000087456212;0.000174261634;
2016;08;22;6;1;0.000069501893;0.000126970307;0.000089502096;0.000174117159;
2016;08;22;7;1;0.000074298502;0.000126191798;0.000097478247;0.000174143173;
2016;08;22;8;1;0.000084455873;0.000080019814;0.000105038440;0.000081034336;
2016;08;22;9;1;0.000099238575;0.000060880757;0.000132354978;0.000042287378;
2016;08;22;10;1;0.000119493252;0.000067284722;0.000153150867;0.000048795102;
2016;08;22;11;1;0.000133462027;0.000071626999;0.000168384931;0.000052687362;
2016;08;22;12;1;0.000140600748;0.000072246130;0.000174630488;0.000055310335;
2016;08;22;13;1;0.000146453296;0.000072459455;0.000178198638;0.000055893421;
2016;08;22;14;1;0.000152521387;0.000073533282;0.000174587164;0.000055114239;
2016;08;22;15;1;0.000148869669;0.000073322190;0.000159198508;0.000059290431;
2016;08;22;16;1;0.000139465441;0.000068174387;0.000149207225;0.000058669840;
2016;08;22;17;1;0.000138454844;0.000065410284;0.000147812748;0.000056338462;
2016;08;22;18;1;0.000142497222;0.000065846950;0.000151618415;0.000054678927;
2016;08;22;19;1;0.000144678555;0.000065770192;0.000150117158;0.000051943788;
2016;08;22;20;1;0.000142545068;0.000065850112;0.000145547065;0.000049390435;
2016;08;22;21;1;0.000141161799;0.000073594800;0.000138887471;0.000052656589;
2016;08;22;22;1;0.000150622216;0.000138070972;0.000138014661;0.000173267718;
2016;08;22;23;1;0.000145625833;0.000162272824;0.000127725203;0.000243963116;
2016;08;22;24;1;0.000125169206;0.000158721435;0.000115107192;0.000231473270;
2016;08;23;1;1;0.000105881241;0.000149785109;0.000106033949;0.000210878544;
2016;08;23;2;1;0.000088928854;0.000140149731;0.000098582022;0.000189276158;
2016;08;23;3;1;0.000079188654;0.000133792886;0.000094122148;0.000184447655;
2016;08;23;4;1;0.000073940866;0.000131396288;0.000091766408;0.000175327852;
2016;08;23;5;1;0.000071360741;0.000129546448;0.000090853925;0.000172718328;
2016;08;23;6;1;0.000070936275;0.000128414446;0.000092749581;0.000171798627;
2016;08;23;7;1;0.000075118258;0.000127609399;0.000100336464;0.000172742955;
2016;08;23;8;1;0.000085354930;0.000081086630;0.000107218069;0.000080306765;
2016;08;23;9;1;0.000100378753;0.000062040188;0.000133408738;0.000043690504;
2016;08;23;10;1;0.000121133866;0.000069255372;0.000153686976;0.000047676102;
2016;08;23;11;1;0.000136912958;0.000073383725;0.000169669928;0.000051442091;
2016;08;23;12;1;0.000143653794;0.000073797925;0.000176048105;0.000054508476;
2016;08;23;13;1;0.000148892732;0.000073396008;0.000180040022;0.000053366551;
2016;08;23;14;1;0.000155006428;0.000074199047;0.000176744479;0.000054989861;
2016;08;23;15;1;0.000150643322;0.000073805613;0.000161441343;0.000057117019;
2016;08;23;16;1;0.000141718276;0.000069031599;0.000151374319;0.000054884440;
2016;08;23;17;1;0.000140206941;0.000066534017;0.000149741725;0.000053151110;
2016;08;23;18;1;0.000144007514;0.000066404048;0.000153619810;0.000053436996;
2016;08;23;19;1;0.000145846793;0.000066561982;0.000152474252;0.000050219467;
2016;08;23;20;1;0.000143340407;0.000066775331;0.000148751594;0.000050446915;
2016;08;23;21;1;0.000142797129;0.000073637119;0.000142511287;0.000053156098;
2016;08;23;22;1;0.000152260222;0.000139219591;0.000142190510;0.000174711640;
2016;08;23;23;1;0.000146736769;0.000163001756;0.000131483851;0.000245883340;
2016;08;23;24;1;0.000126780500;0.000159940363;0.000118979103;0.000230331847;
2016;08;24;1;1;0.000105717617;0.000149661698;0.000105799813;0.000210787354;
2016;08;24;2;1;0.000088777896;0.000140012917;0.000098349349;0.000189165474;
2016;08;24;3;1;0.000079061858;0.000133675177;0.000093909063;0.000184357584;
2016;08;24;4;1;0.000073854176;0.000131337067;0.000091597978;0.000175317494;
2016;08;24;5;1;0.000071300974;0.000129531474;0.000090717574;0.000172766027;
2016;08;24;6;1;0.000070848872;0.000128348895;0.000092573811;0.000171778207;
2016;08;24;7;1;0.000075035669;0.000127561202;0.000100159619;0.000172745368;
2016;08;24;8;1;0.000085233587;0.000081029860;0.000106994574;0.000080281984;
2016;08;24;9;1;0.000100184510;0.000061964875;0.000133062194;0.000043654564;
2016;08;24;10;1;0.000120880098;0.000069160222;0.000153263208;0.000047629254;
2016;08;24;11;1;0.000136632301;0.000073286211;0.000169209727;0.000051393862;
2016;08;24;12;1;0.000143366268;0.000073703433;0.000175579115;0.000054460012;
2016;08;24;13;1;0.000148548372;0.000073279167;0.000179504391;0.000053302472;
2016;08;24;14;1;0.000154568741;0.000074042995;0.000176128420;0.000054895709;
2016;08;24;15;1;0.000150283249;0.000073682401;0.000160948552;0.000057044009;
2016;08;24;16;1;0.000141460205;0.000068955680;0.000150998365;0.000054845560;
2016;08;24;17;1;0.000139929712;0.000066450440;0.000149346441;0.000053105142;
2016;08;24;18;1;0.000143791613;0.000066352401;0.000153287678;0.000053416355;
2016;08;24;19;1;0.000145543200;0.000066471422;0.000152055862;0.000050170791;
2016;08;24;20;1;0.000143064891;0.000066695137;0.000148367126;0.000050406072;
2016;08;24;21;1;0.000142480240;0.000073526795;0.000142100644;0.000053097255;
2016;08;24;22;1;0.000151932416;0.000139020237;0.000141790200;0.000174529818;
2016;08;24;23;1;0.000146396107;0.000162740838;0.000131091523;0.000245585936;
2016;08;24;24;1;0.000126453908;0.000159643616;0.000118593833;0.000229994578;
2016;08;25;1;1;0.000104968674;0.000149080847;0.000104802930;0.000210302748;
2016;08;25;2;1;0.000088127288;0.000139435224;0.000097398716;0.000188684177;
2016;08;25;3;1;0.000078453480;0.000133074487;0.000092967015;0.000183820632;
2016;08;25;4;1;0.000073272235;0.000130722555;0.000090662240;0.000174774344;
2016;08;25;5;1;0.000070739908;0.000128926791;0.000089791791;0.000172232627;
2016;08;25;6;1;0.000070312865;0.000127788808;0.000091657112;0.000171300237;
2016;08;25;7;1;0.000074452311;0.000126977818;0.000099146929;0.000172228446;
2016;08;25;8;1;0.000084621746;0.000080707732;0.000105976397;0.000080089828;
2016;08;25;9;1;0.000099423226;0.000061692403;0.000131740144;0.000043531635;
2016;08;25;10;1;0.000119825969;0.000068778288;0.000151568948;0.000047441452;
2016;08;25;11;1;0.000135548190;0.000072939276;0.000167471861;0.000051231803;
2016;08;25;12;1;0.000142331397;0.000073407475;0.000173901275;0.000054327474;
2016;08;25;13;1;0.000147451525;0.000072972753;0.000177759421;0.000053163892;
2016;08;25;14;1;0.000153450800;0.000073744613;0.000174442823;0.000054761323;
2016;08;25;15;1;0.000149163153;0.000073369166;0.000159372811;0.000056891720;
2016;08;25;16;1;0.000140386111;0.000068652877;0.000149498999;0.000054691443;
2016;08;25;17;1;0.000138872523;0.000066161155;0.000147869104;0.000052957931;
2016;08;25;18;1;0.000142657921;0.000066041635;0.000151721023;0.000053250616;
2016;08;25;19;1;0.000144467600;0.000066193042;0.000150576738;0.000050040027;
2016;08;25;20;1;0.000142044423;0.000066433040;0.000146961977;0.000050287730;
2016;08;25;21;1;0.000141620399;0.000073318851;0.000140910515;0.000053031180;
2016;08;25;22;1;0.000151006834;0.000138619083;0.000140594573;0.000174302592;
2016;08;25;23;1;0.000145403153;0.000162158485;0.000129895793;0.000245095782;
2016;08;25;24;1;0.000125684432;0.000159184078;0.000117594638;0.000229696765;
2016;08;26;1;1;0.000106119564;0.000150077733;0.000106329424;0.000209066320;
2016;08;26;2;1;0.000089813887;0.000140296521;0.000098236965;0.000190015744;
2016;08;26;3;1;0.000079824943;0.000134224530;0.000093768646;0.000183571305;
2016;08;26;4;1;0.000074411952;0.000131266324;0.000091331521;0.000175827363;
2016;08;26;5;1;0.000071841272;0.000129294564;0.000090464762;0.000173140545;
2016;08;26;6;1;0.000071129504;0.000128107647;0.000092226625;0.000169816265;
2016;08;26;7;1;0.000075537298;0.000127099297;0.000099730074;0.000171542219;
2016;08;26;8;1;0.000085793846;0.000081743591;0.000106882623;0.000084316674;
2016;08;26;9;1;0.000100632900;0.000062895801;0.000132364556;0.000046140006;
2016;08;26;10;1;0.000120314084;0.000069507732;0.000152910890;0.000049585414;
2016;08;26;11;1;0.000135787353;0.000073451116;0.000168758405;0.000053649307;
2016;08;26;12;1;0.000143423230;0.000073477321;0.000175202784;0.000056028192;
2016;08;26;13;1;0.000149950540;0.000074001214;0.000179039467;0.000056466256;
2016;08;26;14;1;0.000155226323;0.000074490755;0.000175040314;0.000055329337;
2016;08;26;15;1;0.000151220017;0.000074007330;0.000158964135;0.000058687552;
2016;08;26;16;1;0.000142225187;0.000069618869;0.000147484454;0.000055710492;
2016;08;26;17;1;0.000139712305;0.000067288654;0.000144318782;0.000053853470;
2016;08;26;18;1;0.000142736377;0.000066998289;0.000147174755;0.000052923394;
2016;08;26;19;1;0.000144549294;0.000067468251;0.000146430808;0.000051127659;
2016;08;26;20;1;0.000141535574;0.000067548336;0.000144044761;0.000049657985;
2016;08;26;21;1;0.000140250087;0.000074892196;0.000140032394;0.000050343925;
2016;08;26;22;1;0.000147257469;0.000139391173;0.000141189305;0.000173878210;
2016;08;26;23;1;0.000140819128;0.000161143306;0.000132231939;0.000244294043;
2016;08;26;24;1;0.000124481179;0.000158653654;0.000121161309;0.000230932808;
2016;08;27;1;1;0.000109449174;0.000151506953;0.000111337541;0.000209922305;
2016;08;27;2;1;0.000094227249;0.000142616455;0.000101711307;0.000185678812;
2016;08;27;3;1;0.000083164073;0.000136059120;0.000096094372;0.000179928336;
2016;08;27;4;1;0.000076720388;0.000133223801;0.000093316194;0.000171029340;
2016;08;27;5;1;0.000073432726;0.000130576099;0.000091655329;0.000169197890;
2016;08;27;6;1;0.000071821993;0.000129044272;0.000092336372;0.000168924852;
2016;08;27;7;1;0.000073054183;0.000126179421;0.000095119674;0.000169503125;
2016;08;27;8;1;0.000076689037;0.000077744257;0.000090626758;0.000081234963;
2016;08;27;9;1;0.000088015641;0.000055292992;0.000097698445;0.000042450849;
2016;08;27;10;1;0.000106384403;0.000062886745;0.000112630462;0.000042841951;
2016;08;27;11;1;0.000122557746;0.000068808893;0.000128355139;0.000047152414;
2016;08;27;12;1;0.000129646974;0.000069664965;0.000134366525;0.000049389896;
2016;08;27;13;1;0.000135262900;0.000069662940;0.000138147555;0.000050545088;
2016;08;27;14;1;0.000141142766;0.000070182106;0.000137143529;0.000049932172;
2016;08;27;15;1;0.000140033088;0.000069905447;0.000128505907;0.000053202345;
2016;08;27;16;1;0.000131150086;0.000065684523;0.000123655039;0.000050632730;
2016;08;27;17;1;0.000125804022;0.000063017703;0.000120754638;0.000047426482;
2016;08;27;18;1;0.000123741048;0.000062884335;0.000121667164;0.000046027648;
2016;08;27;19;1;0.000123527382;0.000063014539;0.000122393284;0.000043944427;
2016;08;27;20;1;0.000122436872;0.000063346694;0.000124722450;0.000048885502;
2016;08;27;21;1;0.000127163191;0.000071790997;0.000128639656;0.000050742126;
2016;08;27;22;1;0.000140719404;0.000133674872;0.000135765925;0.000173683376;
2016;08;27;23;1;0.000137083306;0.000158687838;0.000130841323;0.000243797535;
2016;08;27;24;1;0.000121686793;0.000156784104;0.000120920477;0.000227318805;
2016;08;28;1;1;0.000106663306;0.000150454478;0.000111813715;0.000213873459;
2016;08;28;2;1;0.000092709912;0.000142025557;0.000102687987;0.000187453706;
2016;08;28;3;1;0.000082420885;0.000136259791;0.000097152359;0.000180866035;
2016;08;28;4;1;0.000076279285;0.000133598058;0.000093797270;0.000173047774;
2016;08;28;5;1;0.000073002360;0.000131354289;0.000092770244;0.000170158014;
2016;08;28;6;1;0.000071515671;0.000129941061;0.000093370818;0.000168807588;
2016;08;28;7;1;0.000072511065;0.000127112106;0.000095071378;0.000171465978;
2016;08;28;8;1;0.000074188156;0.000075819267;0.000086474157;0.000080078766;
2016;08;28;9;1;0.000082198581;0.000051870055;0.000086237558;0.000040772104;
2016;08;28;10;1;0.000096675342;0.000058434567;0.000094057785;0.000041397347;
2016;08;28;11;1;0.000110695069;0.000064475685;0.000102207341;0.000044261698;
2016;08;28;12;1;0.000118906145;0.000067079818;0.000107699999;0.000046597582;
2016;08;28;13;1;0.000124283500;0.000067603647;0.000111424169;0.000045435014;
2016;08;28;14;1;0.000130519811;0.000067758175;0.000113734871;0.000044782051;
2016;08;28;15;1;0.000132963988;0.000067875626;0.000113347523;0.000047817238;
2016;08;28;16;1;0.000125124944;0.000063624589;0.000111244909;0.000047007754;
2016;08;28;17;1;0.000120380913;0.000061006747;0.000107764788;0.000045063179;
2016;08;28;18;1;0.000119106932;0.000060050406;0.000104622878;0.000043363478;
2016;08;28;19;1;0.000120558700;0.000060883921;0.000104473441;0.000042482298;
2016;08;28;20;1;0.000122165148;0.000061677244;0.000106706215;0.000045612658;
2016;08;28;21;1;0.000128610043;0.000070072352;0.000112082640;0.000051161797;
2016;08;28;22;1;0.000145487901;0.000136264332;0.000126831022;0.000178175385;
2016;08;28;23;1;0.000142206732;0.000161161380;0.000125197793;0.000247259574;
2016;08;28;24;1;0.000124509860;0.000159862600;0.000115674271;0.000233529473;
2016;08;29;1;1;0.000106693571;0.000150955930;0.000105652453;0.000215222439;
2016;08;29;2;1;0.000090205825;0.000141540117;0.000098598932;0.000191871208;
2016;08;29;3;1;0.000080186450;0.000134915689;0.000094479807;0.000186898000;
2016;08;29;4;1;0.000074891865;0.000132410060;0.000092251351;0.000177273150;
2016;08;29;5;1;0.000072616425;0.000130543508;0.000091402714;0.000176241639;
2016;08;29;6;1;0.000071875167;0.000129400985;0.000093566386;0.000176143465;
2016;08;29;7;1;0.000076901438;0.000128717831;0.000101992099;0.000176320816;
2016;08;29;8;1;0.000087546779;0.000081744969;0.000110068487;0.000082171672;
2016;08;29;9;1;0.000102852129;0.000062182187;0.000138668388;0.000042873235;
2016;08;29;10;1;0.000123834355;0.000068717508;0.000160443322;0.000049467131;
2016;08;29;11;1;0.000138364690;0.000073180858;0.000176471754;0.000053433884;
2016;08;29;12;1;0.000145755429;0.000073808245;0.000183004428;0.000056090089;
2016;08;29;13;1;0.000151660795;0.000073947317;0.000186544727;0.000056621008;
2016;08;29;14;1;0.000157864820;0.000075005264;0.000182671730;0.000055803463;
2016;08;29;15;1;0.000153986071;0.000074741847;0.000166463350;0.000059993273;
2016;08;29;16;1;0.000144253119;0.000069491716;0.000156010160;0.000059363055;
2016;08;29;17;1;0.000143190458;0.000066666114;0.000154533354;0.000056997215;
2016;08;29;18;1;0.000147376246;0.000067113507;0.000158517591;0.000055320208;
2016;08;29;19;1;0.000149606312;0.000067023646;0.000156920798;0.000052543875;
2016;08;29;20;1;0.000147360728;0.000067087137;0.000152102878;0.000049947659;
2016;08;29;21;1;0.000145998835;0.000075012305;0.000145211060;0.000053275515;
2016;08;29;22;1;0.000155845935;0.000140786823;0.000144356415;0.000175374656;
2016;08;29;23;1;0.000150446733;0.000165212657;0.000133390642;0.000246553540;
2016;08;29;24;1;0.000129272760;0.000161546772;0.000120175629;0.000233858469;
2016;08;30;1;1;0.000107827727;0.000151292851;0.000108617022;0.000212134838;
2016;08;30;2;1;0.000090572294;0.000141573927;0.000100993151;0.000190421840;
2016;08;30;3;1;0.000080678095;0.000135196061;0.000096455286;0.000185623940;
2016;08;30;4;1;0.000075365294;0.000132833710;0.000094083211;0.000176524891;
2016;08;30;5;1;0.000072741625;0.000130974725;0.000093155579;0.000173912278;
2016;08;30;6;1;0.000072330705;0.000129869312;0.000095127877;0.000173038277;
2016;08;30;7;1;0.000076659901;0.000129164674;0.000102996642;0.000174137085;
2016;08;30;8;1;0.000087172553;0.000082136982;0.000110143954;0.000081016123;
2016;08;30;9;1;0.000102412764;0.000062780351;0.000136910923;0.000044031910;
2016;08;30;10;1;0.000123588558;0.000070081678;0.000157721638;0.000048048695;
2016;08;30;11;1;0.000139652743;0.000074240863;0.000174080980;0.000051831252;
2016;08;30;12;1;0.000146526276;0.000074658782;0.000180622269;0.000054920012;
2016;08;30;13;1;0.000151744806;0.000074190981;0.000184565669;0.000053725151;
2016;08;30;14;1;0.000157939861;0.000074985745;0.000181146283;0.000055346841;
2016;08;30;15;1;0.000153432007;0.000074557925;0.000165394999;0.000057464521;
2016;08;30;16;1;0.000144339496;0.000069734165;0.000155079023;0.000055217500;
2016;08;30;17;1;0.000142701609;0.000067164756;0.000153300550;0.000053436729;
2016;08;30;18;1;0.000146572470;0.000067034774;0.000157273664;0.000053725128;
2016;08;30;19;1;0.000148348551;0.000067150772;0.000155999952;0.000050457613;
2016;08;30;20;1;0.000145771045;0.000067353013;0.000152161855;0.000050676361;
2016;08;30;21;1;0.000145327173;0.000074329717;0.000145887520;0.000053437806;
2016;08;30;22;1;0.000155055266;0.000140617300;0.000145650574;0.000175747872;
2016;08;30;23;1;0.000149267366;0.000164458581;0.000134536417;0.000247071808;
2016;08;30;24;1;0.000128976818;0.000161382194;0.000121750686;0.000231462886;
2016;08;31;1;1;0.000108018185;0.000151425011;0.000108886426;0.000212222620;
2016;08;31;2;1;0.000090734884;0.000141701674;0.000101246558;0.000190506117;
2016;08;31;3;1;0.000080805356;0.000135288642;0.000096676290;0.000185665731;
2016;08;31;4;1;0.000075485163;0.000132926415;0.000094300015;0.000176566946;
2016;08;31;5;1;0.000072853403;0.000131059083;0.000093365224;0.000173944355;
2016;08;31;6;1;0.000072475920;0.000130014074;0.000095386798;0.000173151585;
2016;08;31;7;1;0.000076803051;0.000129290540;0.000103262518;0.000174226709;
2016;08;31;8;1;0.000087412301;0.000082289479;0.000110525599;0.000081129256;
2016;08;31;9;1;0.000102773224;0.000062945171;0.000137490730;0.000044127230;
2016;08;31;10;1;0.000123939678;0.000070218148;0.000158282465;0.000048120147;
2016;08;31;11;1;0.000140019352;0.000074369419;0.000174662367;0.000051897154;
2016;08;31;12;1;0.000146835248;0.000074749535;0.000181132146;0.000054961513;
2016;08;31;13;1;0.000152107654;0.000074302107;0.000185138858;0.000053780908;
2016;08;31;14;1;0.000158194440;0.000075039678;0.000181567586;0.000055361207;
2016;08;31;15;1;0.000153654177;0.000074599343;0.000165752545;0.000057470033;
2016;08;31;16;1;0.000144579232;0.000069787737;0.000155447310;0.000055234537;
2016;08;31;17;1;0.000143011116;0.000067250443;0.000153742546;0.000053480325;
2016;08;31;18;1;0.000146910800;0.000067129629;0.000157749050;0.000053776437;
2016;08;31;19;1;0.000148707282;0.000067253163;0.000156488640;0.000050511338;
2016;08;31;20;1;0.000146120924;0.000067454504;0.000152635785;0.000050729410;
2016;08;31;21;1;0.000145723126;0.000074465809;0.000146389263;0.000053511056;
2016;08;31;22;1;0.000155470973;0.000140868644;0.000146145156;0.000175981138;
2016;08;31;23;1;0.000149660647;0.000164744935;0.000134987028;0.000247388320;
2016;08;31;24;1;0.000129301043;0.000161643695;0.000122143741;0.000231731452;
