AŃO;MES;DIA;HORA;VERANO(1)/INVIERNO(0);COEF. PERFIL A;COEF. PERFIL B;COEF. PERFIL C;COEF. PERFIL D;
2016;10;01;1;1;0.000086725747;0.000137599849;0.000088949484;0.000176487073;
2016;10;01;2;1;0.000072893914;0.000128226879;0.000082898869;0.000180131700;
2016;10;01;3;1;0.000064414315;0.000122900652;0.000079962231;0.000180702991;
2016;10;01;4;1;0.000060449498;0.000123144015;0.000078410037;0.000175135837;
2016;10;01;5;1;0.000058481915;0.000123317452;0.000077676791;0.000167673588;
2016;10;01;6;1;0.000058634911;0.000122708893;0.000078758904;0.000164641127;
2016;10;01;7;1;0.000061011658;0.000125310747;0.000082594542;0.000165611876;
2016;10;01;8;1;0.000068371149;0.000123580552;0.000086794687;0.000168904316;
2016;10;01;9;1;0.000084641284;0.000077232405;0.000086881451;0.000073373911;
2016;10;01;10;1;0.000106231856;0.000067235474;0.000095342506;0.000041516261;
2016;10;01;11;1;0.000121139605;0.000071207097;0.000107018856;0.000046997410;
2016;10;01;12;1;0.000124492420;0.000069540099;0.000111979361;0.000045902672;
2016;10;01;13;1;0.000126188984;0.000066877397;0.000114912715;0.000045296644;
2016;10;01;14;1;0.000131275640;0.000066564809;0.000111607394;0.000045246796;
2016;10;01;15;1;0.000126044433;0.000064719752;0.000102247183;0.000048183394;
2016;10;01;16;1;0.000110859147;0.000058170743;0.000098477319;0.000047470216;
2016;10;01;17;1;0.000103069369;0.000054977577;0.000097443923;0.000042769716;
2016;10;01;18;1;0.000102038456;0.000054456014;0.000100566576;0.000038235005;
2016;10;01;19;1;0.000103600940;0.000055690655;0.000103753854;0.000039626409;
2016;10;01;20;1;0.000111736996;0.000085073433;0.000114628962;0.000078672465;
2016;10;01;21;1;0.000128549579;0.000149800159;0.000126073747;0.000233867895;
2016;10;01;22;1;0.000131445248;0.000154940712;0.000115968463;0.000245888445;
2016;10;01;23;1;0.000118377513;0.000151658806;0.000105798040;0.000246908818;
2016;10;01;24;1;0.000102114556;0.000149768110;0.000097591406;0.000237581777;
2016;10;02;1;1;0.000087368072;0.000141330244;0.000089647343;0.000177643927;
2016;10;02;2;1;0.000072716208;0.000131598449;0.000082850406;0.000174913215;
2016;10;02;3;1;0.000064289501;0.000125647306;0.000079789596;0.000168776900;
2016;10;02;4;1;0.000060048686;0.000123186129;0.000078622714;0.000166035823;
2016;10;02;5;1;0.000058844109;0.000123928199;0.000078035512;0.000164671870;
2016;10;02;6;1;0.000057853847;0.000121882362;0.000078406030;0.000161449899;
2016;10;02;7;1;0.000059960509;0.000122660608;0.000080570836;0.000148703373;
2016;10;02;8;1;0.000064904585;0.000107233767;0.000080713054;0.000143049644;
2016;10;02;9;1;0.000077510040;0.000065772717;0.000074578137;0.000058859929;
2016;10;02;10;1;0.000095179212;0.000060354268;0.000077246353;0.000039438838;
2016;10;02;11;1;0.000108840532;0.000066922927;0.000082951650;0.000043238129;
2016;10;02;12;1;0.000114157397;0.000067581853;0.000087453147;0.000048183141;
2016;10;02;13;1;0.000116910283;0.000065577939;0.000090847390;0.000048655967;
2016;10;02;14;1;0.000120890850;0.000065653397;0.000090808703;0.000045070262;
2016;10;02;15;1;0.000117837625;0.000063369156;0.000089070272;0.000047421042;
2016;10;02;16;1;0.000103592618;0.000056051400;0.000086757872;0.000043841992;
2016;10;02;17;1;0.000096580655;0.000052284567;0.000084224559;0.000041886998;
2016;10;02;18;1;0.000096748210;0.000052707256;0.000082495155;0.000054094580;
2016;10;02;19;1;0.000104344675;0.000067926900;0.000085073034;0.000083242461;
2016;10;02;20;1;0.000116707710;0.000098515328;0.000094022821;0.000111725453;
2016;10;02;21;1;0.000134011374;0.000153845169;0.000105879932;0.000235722084;
2016;10;02;22;1;0.000135554925;0.000158138911;0.000102407072;0.000245768921;
2016;10;02;23;1;0.000117463957;0.000152999648;0.000095655528;0.000230572835;
2016;10;02;24;1;0.000095481537;0.000148385393;0.000087902206;0.000213841473;
2016;10;03;1;1;0.000076496529;0.000130174719;0.000080933511;0.000172465319;
2016;10;03;2;1;0.000064547580;0.000121470896;0.000078067308;0.000173299503;
2016;10;03;3;1;0.000058567222;0.000117124058;0.000076645358;0.000169782044;
2016;10;03;4;1;0.000056395251;0.000116140606;0.000075769220;0.000165877372;
2016;10;03;5;1;0.000055828570;0.000115410167;0.000075931888;0.000163310642;
2016;10;03;6;1;0.000057406950;0.000116031706;0.000078336188;0.000163435955;
2016;10;03;7;1;0.000066667179;0.000120784414;0.000088200193;0.000155213945;
2016;10;03;8;1;0.000090189007;0.000115901087;0.000104638676;0.000154368998;
2016;10;03;9;1;0.000106155608;0.000082031649;0.000130035058;0.000071393505;
2016;10;03;10;1;0.000114637869;0.000068501041;0.000151246891;0.000046353524;
2016;10;03;11;1;0.000121411830;0.000067022330;0.000159830213;0.000049143371;
2016;10;03;12;1;0.000124121601;0.000064621000;0.000162085623;0.000048729490;
2016;10;03;13;1;0.000126566654;0.000062837646;0.000163734664;0.000049746611;
2016;10;03;14;1;0.000130619725;0.000063721279;0.000155828216;0.000052596322;
2016;10;03;15;1;0.000123436521;0.000062188515;0.000137775804;0.000051521945;
2016;10;03;16;1;0.000112527000;0.000056923624;0.000134192372;0.000046738311;
2016;10;03;17;1;0.000111260063;0.000054597169;0.000138105151;0.000047247912;
2016;10;03;18;1;0.000117494914;0.000056853941;0.000140899748;0.000059946300;
2016;10;03;19;1;0.000125209564;0.000072088571;0.000140912769;0.000082932734;
2016;10;03;20;1;0.000135592874;0.000101996715;0.000141622201;0.000117243551;
2016;10;03;21;1;0.000148365188;0.000150744818;0.000137844728;0.000239313417;
2016;10;03;22;1;0.000144440642;0.000154366109;0.000118135561;0.000247178158;
2016;10;03;23;1;0.000122526505;0.000148544912;0.000101808441;0.000237746218;
2016;10;03;24;1;0.000097650356;0.000141933093;0.000090947321;0.000223132815;
2016;10;04;1;1;0.000077956599;0.000130658670;0.000082411493;0.000174080876;
2016;10;04;2;1;0.000065022166;0.000121794914;0.000078915098;0.000177348970;
2016;10;04;3;1;0.000059123852;0.000117289667;0.000077360311;0.000172729937;
2016;10;04;4;1;0.000056627187;0.000116424847;0.000076629655;0.000166294459;
2016;10;04;5;1;0.000056009241;0.000116198686;0.000076545981;0.000162798568;
2016;10;04;6;1;0.000057925812;0.000116598597;0.000078828653;0.000160500949;
2016;10;04;7;1;0.000067213317;0.000121910331;0.000088616069;0.000154384228;
2016;10;04;8;1;0.000091959488;0.000119396112;0.000105982704;0.000153090376;
2016;10;04;9;1;0.000109449718;0.000083947810;0.000131717877;0.000072704167;
2016;10;04;10;1;0.000117357437;0.000069282465;0.000152396498;0.000046274918;
2016;10;04;11;1;0.000123873187;0.000067443252;0.000161217620;0.000046296105;
2016;10;04;12;1;0.000125684412;0.000065175710;0.000162917792;0.000048622885;
2016;10;04;13;1;0.000129004517;0.000063739365;0.000164702746;0.000051631816;
2016;10;04;14;1;0.000132602246;0.000064776433;0.000156426050;0.000051208407;
2016;10;04;15;1;0.000124232045;0.000061947105;0.000138225169;0.000049189777;
2016;10;04;16;1;0.000114157034;0.000057187305;0.000134225237;0.000042828659;
2016;10;04;17;1;0.000113665496;0.000055313180;0.000137177298;0.000040639985;
2016;10;04;18;1;0.000120227683;0.000057538042;0.000140512644;0.000056720455;
2016;10;04;19;1;0.000127117566;0.000071404919;0.000140793543;0.000077755023;
2016;10;04;20;1;0.000137197424;0.000100104657;0.000142176543;0.000111969979;
2016;10;04;21;1;0.000149723125;0.000151699997;0.000139904393;0.000237373633;
2016;10;04;22;1;0.000144775118;0.000155612736;0.000119924633;0.000242257359;
2016;10;04;23;1;0.000123991652;0.000150004262;0.000102761540;0.000235933044;
2016;10;04;24;1;0.000099102541;0.000143993893;0.000091350757;0.000223494041;
2016;10;05;1;1;0.000078197028;0.000130946171;0.000082698635;0.000174405960;
2016;10;05;2;1;0.000065203409;0.000122026802;0.000079166632;0.000177627594;
2016;10;05;3;1;0.000059302562;0.000117540544;0.000077625094;0.000173041887;
2016;10;05;4;1;0.000056783354;0.000116643067;0.000076871634;0.000166550799;
2016;10;05;5;1;0.000056154428;0.000116397255;0.000076775015;0.000163022591;
2016;10;05;6;1;0.000058075249;0.000116796405;0.000079063538;0.000160719822;
2016;10;05;7;1;0.000067361241;0.000122070991;0.000088846522;0.000154536324;
2016;10;05;8;1;0.000092137288;0.000119521564;0.000106229972;0.000153200316;
2016;10;05;9;1;0.000109687284;0.000084055902;0.000132056430;0.000072773595;
2016;10;05;10;1;0.000117559825;0.000069340801;0.000152720205;0.000046298495;
2016;10;05;11;1;0.000124069275;0.000067490499;0.000161537230;0.000046313145;
2016;10;05;12;1;0.000125882708;0.000065221027;0.000163239920;0.000048640528;
2016;10;05;13;1;0.000129205252;0.000063782302;0.000165024826;0.000051649431;
2016;10;05;14;1;0.000132710914;0.000064772400;0.000156616687;0.000051188207;
2016;10;05;15;1;0.000124357526;0.000061955043;0.000138419975;0.000049179735;
2016;10;05;16;1;0.000114287651;0.000057202297;0.000134432417;0.000042825654;
2016;10;05;17;1;0.000113766381;0.000055313498;0.000137353818;0.000040626716;
2016;10;05;18;1;0.000120351754;0.000057546674;0.000140713754;0.000056710117;
2016;10;05;19;1;0.000127207969;0.000071392746;0.000140949872;0.000077715939;
2016;10;05;20;1;0.000137339220;0.000100119831;0.000142380255;0.000111949746;
2016;10;05;21;1;0.000149806200;0.000151650443;0.000140037855;0.000237217253;
2016;10;05;22;1;0.000144862761;0.000155569757;0.000120045096;0.000242109986;
2016;10;05;23;1;0.000124082721;0.000149982181;0.000102878035;0.000235819940;
2016;10;05;24;1;0.000099187450;0.000143990293;0.000091465493;0.000223414203;
2016;10;06;1;1;0.000077927860;0.000130699410;0.000082312945;0.000174220836;
2016;10;06;2;1;0.000064990887;0.000121819191;0.000078811869;0.000177471600;
2016;10;06;3;1;0.000059111920;0.000117345820;0.000077280699;0.000172897661;
2016;10;06;4;1;0.000056626943;0.000116503595;0.000076565916;0.000166488816;
2016;10;06;5;1;0.000055976379;0.000116209561;0.000076437769;0.000162893915;
2016;10;06;6;1;0.000057873106;0.000116571800;0.000078691758;0.000160543016;
2016;10;06;7;1;0.000067123465;0.000121830234;0.000088424378;0.000154358708;
2016;10;06;8;1;0.000091783183;0.000119248322;0.000105691984;0.000152976112;
2016;10;06;9;1;0.000109316426;0.000083902649;0.000131448607;0.000072700808;
2016;10;06;10;1;0.000117171830;0.000069219978;0.000152029573;0.000046255930;
2016;10;06;11;1;0.000123653238;0.000067369327;0.000160798198;0.000046268114;
2016;10;06;12;1;0.000125454113;0.000065100569;0.000162484709;0.000048590725;
2016;10;06;13;1;0.000128754047;0.000063658915;0.000164246945;0.000051592020;
2016;10;06;14;1;0.000132212315;0.000064629915;0.000155837007;0.000051117718;
2016;10;06;15;1;0.000123893366;0.000061820279;0.000137734279;0.000049113223;
2016;10;06;16;1;0.000113837845;0.000057066226;0.000133739182;0.000042759009;
2016;10;06;17;1;0.000113343478;0.000055194021;0.000136675484;0.000040572389;
2016;10;06;18;1;0.000119883707;0.000057412478;0.000139994697;0.000056624523;
2016;10;06;19;1;0.000126803011;0.000071276711;0.000140328935;0.000077653604;
2016;10;06;20;1;0.000136836905;0.000099909571;0.000141685604;0.000111806756;
2016;10;06;21;1;0.000149197836;0.000151270673;0.000139298192;0.000236818310;
2016;10;06;22;1;0.000144226289;0.000155128347;0.000119371153;0.000241622092;
2016;10;06;23;1;0.000123582652;0.000149611229;0.000102337820;0.000235430648;
2016;10;06;24;1;0.000098836269;0.000143704759;0.000091029926;0.000223155020;
2016;10;07;1;1;0.000078392765;0.000133697087;0.000082197372;0.000172440648;
2016;10;07;2;1;0.000065344026;0.000124550798;0.000078479507;0.000177530351;
2016;10;07;3;1;0.000059107080;0.000119822108;0.000076581028;0.000173409405;
2016;10;07;4;1;0.000056403058;0.000118381326;0.000075482274;0.000168477642;
2016;10;07;5;1;0.000055747992;0.000117191140;0.000075347001;0.000166358994;
2016;10;07;6;1;0.000057725165;0.000117260523;0.000077783282;0.000162890247;
2016;10;07;7;1;0.000066505714;0.000122568147;0.000087437039;0.000157069791;
2016;10;07;8;1;0.000090150123;0.000120352362;0.000104322811;0.000154562660;
2016;10;07;9;1;0.000108259779;0.000084725891;0.000128398509;0.000072039780;
2016;10;07;10;1;0.000116086652;0.000069842660;0.000148207453;0.000047274298;
2016;10;07;11;1;0.000123535602;0.000067706652;0.000156791384;0.000048192108;
2016;10;07;12;1;0.000125568591;0.000065095764;0.000158687256;0.000049561524;
2016;10;07;13;1;0.000128258440;0.000063306066;0.000160326873;0.000049873355;
2016;10;07;14;1;0.000131430773;0.000064791080;0.000152153351;0.000051234325;
2016;10;07;15;1;0.000124634864;0.000063001067;0.000134194927;0.000051768784;
2016;10;07;16;1;0.000115183294;0.000057571575;0.000126171985;0.000049724289;
2016;10;07;17;1;0.000112403940;0.000055814176;0.000125652643;0.000044857292;
2016;10;07;18;1;0.000118442236;0.000057896559;0.000128322880;0.000060724061;
2016;10;07;19;1;0.000124116898;0.000070552052;0.000130357924;0.000077304275;
2016;10;07;20;1;0.000130345541;0.000098050254;0.000135327451;0.000113416031;
2016;10;07;21;1;0.000138354905;0.000149408526;0.000138155428;0.000236609398;
2016;10;07;22;1;0.000134577812;0.000153482055;0.000121651663;0.000239523244;
2016;10;07;23;1;0.000119765512;0.000149894891;0.000106684586;0.000231719287;
2016;10;07;24;1;0.000101309390;0.000146609547;0.000096368448;0.000224181530;
2016;10;08;1;1;0.000086013603;0.000136930395;0.000088001247;0.000175927730;
2016;10;08;2;1;0.000072261524;0.000127543325;0.000081976761;0.000179476795;
2016;10;08;3;1;0.000063880089;0.000122292585;0.000079103250;0.000180115369;
2016;10;08;4;1;0.000059941811;0.000122521777;0.000077559522;0.000174547845;
2016;10;08;5;1;0.000058047738;0.000122814906;0.000076909732;0.000167274866;
2016;10;08;6;1;0.000058195120;0.000122199422;0.000077975158;0.000164236974;
2016;10;08;7;1;0.000060585752;0.000124855825;0.000081815451;0.000165291858;
2016;10;08;8;1;0.000067912779;0.000123166208;0.000085999925;0.000168624891;
2016;10;08;9;1;0.000084108583;0.000077005271;0.000086121472;0.000073282800;
2016;10;08;10;1;0.000105513762;0.000067006298;0.000094464190;0.000041445261;
2016;10;08;11;1;0.000120299319;0.000070951750;0.000106014099;0.000046908684;
2016;10;08;12;1;0.000123654881;0.000069305304;0.000110951362;0.000045825650;
2016;10;08;13;1;0.000125278736;0.000066618998;0.000113802108;0.000045198524;
2016;10;08;14;1;0.000130263246;0.000066274317;0.000110473223;0.000045126110;
2016;10;08;15;1;0.000125047069;0.000064424270;0.000101187648;0.000048045149;
2016;10;08;16;1;0.000109957255;0.000057892164;0.000097434974;0.000047323393;
2016;10;08;17;1;0.000102254754;0.000054727083;0.000096435060;0.000042647401;
2016;10;08;18;1;0.000101180814;0.000054180493;0.000099475071;0.000038106385;
2016;10;08;19;1;0.000102801560;0.000055447396;0.000102699079;0.000039520555;
2016;10;08;20;1;0.000110911423;0.000084729777;0.000113501068;0.000078488197;
2016;10;08;21;1;0.000127628506;0.000149228617;0.000124861339;0.000233372641;
2016;10;08;22;1;0.000130483441;0.000154325920;0.000114835646;0.000245330159;
2016;10;08;23;1;0.000117456585;0.000150986669;0.000104715767;0.000246233458;
2016;10;08;24;1;0.000101375640;0.000149186017;0.000096645989;0.000237061698;
2016;10;09;1;1;0.000086785777;0.000140794740;0.000088858194;0.000177237407;
2016;10;09;2;1;0.000072213441;0.000131066922;0.000082100482;0.000174469153;
2016;10;09;3;1;0.000063857337;0.000125164005;0.000079082660;0.000168380958;
2016;10;09;4;1;0.000059627658;0.000122676554;0.000077903420;0.000165598066;
2016;10;09;5;1;0.000058425783;0.000123403422;0.000077313990;0.000164221563;
2016;10;09;6;1;0.000057465548;0.000121414818;0.000077712168;0.000161072837;
2016;10;09;7;1;0.000059620150;0.000122317440;0.000079941055;0.000148510715;
2016;10;09;8;1;0.000064572020;0.000106993174;0.000080126657;0.000142943691;
2016;10;09;9;1;0.000077149479;0.000065656289;0.000074071445;0.000058844243;
2016;10;09;10;1;0.000094632606;0.000060181388;0.000076637430;0.000039385107;
2016;10;09;11;1;0.000108210508;0.000066728172;0.000082293979;0.000043177241;
2016;10;09;12;1;0.000113501117;0.000067387864;0.000086763242;0.000048117206;
2016;10;09;13;1;0.000116175616;0.000065354508;0.000090082199;0.000048563234;
2016;10;09;14;1;0.000120088970;0.000065406725;0.000090012208;0.000044968561;
2016;10;09;15;1;0.000117047820;0.000063126657;0.000088282857;0.000047310731;
2016;10;09;16;1;0.000102899447;0.000055837532;0.000085991867;0.000043740498;
2016;10;09;17;1;0.000095860779;0.000052045099;0.000083416853;0.000041757958;
2016;10;09;18;1;0.000095914458;0.000052404316;0.000081608206;0.000053864683;
2016;10;09;19;1;0.000103514482;0.000067581548;0.000084214524;0.000082943996;
2016;10;09;20;1;0.000115998890;0.000098200480;0.000093250639;0.000111536145;
2016;10;09;21;1;0.000133229017;0.000153389822;0.000105035249;0.000235378425;
2016;10;09;22;1;0.000134622237;0.000157505514;0.000101483561;0.000245153265;
2016;10;09;23;1;0.000116649189;0.000152378273;0.000094787578;0.000229982323;
2016;10;09;24;1;0.000094794310;0.000147743892;0.000087081699;0.000213237716;
2016;10;10;1;1;0.000075434313;0.000129154184;0.000079424434;0.000171666118;
2016;10;10;2;1;0.000063650143;0.000120516434;0.000076610300;0.000172493342;
2016;10;10;3;1;0.000057810214;0.000116319005;0.000075289488;0.000169159856;
2016;10;10;4;1;0.000055660002;0.000115329231;0.000074420407;0.000165250747;
2016;10;10;5;1;0.000055100399;0.000114603249;0.000074579760;0.000162692798;
2016;10;10;6;1;0.000056647818;0.000115199344;0.000076927157;0.000162787822;
2016;10;10;7;1;0.000065801077;0.000119946186;0.000086634127;0.000154634809;
2016;10;10;8;1;0.000089004860;0.000115080634;0.000102766340;0.000153771482;
2016;10;10;9;1;0.000104776693;0.000081462514;0.000127726421;0.000071127256;
2016;10;10;10;1;0.000113099929;0.000067996415;0.000148497527;0.000046160720;
2016;10;10;11;1;0.000119769794;0.000066521256;0.000156907504;0.000048933563;
2016;10;10;12;1;0.000122400973;0.000064115908;0.000159067162;0.000048504827;
2016;10;10;13;1;0.000124815919;0.000062348385;0.000160690371;0.000049518762;
2016;10;10;14;1;0.000128752152;0.000063195308;0.000152858773;0.000052330720;
2016;10;10;15;1;0.000121533924;0.000061605381;0.000134997380;0.000051203741;
2016;10;10;16;1;0.000110735889;0.000056361017;0.000131418960;0.000046425894;
2016;10;10;17;1;0.000109459914;0.000054043136;0.000135214796;0.000046919570;
2016;10;10;18;1;0.000115544342;0.000056252886;0.000137891778;0.000059504197;
2016;10;10;19;1;0.000123104434;0.000071311116;0.000137874860;0.000082303400;
2016;10;10;20;1;0.000133569634;0.000101090810;0.000138835572;0.000116577687;
2016;10;10;21;1;0.000146227800;0.000149484081;0.000135203096;0.000238078723;
2016;10;10;22;1;0.000142274732;0.000152983624;0.000115802399;0.000245755960;
2016;10;10;23;1;0.000120758024;0.000147298511;0.000099854647;0.000236513083;
2016;10;10;24;1;0.000096156182;0.000140618243;0.000089123417;0.000221780023;
2016;10;11;1;1;0.000075366165;0.000128285291;0.000078725434;0.000172272433;
2016;10;11;2;1;0.000062863516;0.000119586313;0.000075387801;0.000175512110;
2016;10;11;3;1;0.000057143504;0.000115127477;0.000073879865;0.000170888541;
2016;10;11;4;1;0.000054761196;0.000114342768;0.000073223173;0.000164614048;
2016;10;11;5;1;0.000054116713;0.000114021838;0.000073079887;0.000161013946;
2016;10;11;6;1;0.000055990508;0.000114459196;0.000075288756;0.000158803864;
2016;10;11;7;1;0.000064989292;0.000119713211;0.000084664764;0.000152802547;
2016;10;11;8;1;0.000088894001;0.000117214459;0.000101231261;0.000151483379;
2016;10;11;9;1;0.000105914754;0.000082502343;0.000125947711;0.000072018206;
2016;10;11;10;1;0.000113515603;0.000068058656;0.000145654423;0.000045817542;
2016;10;11;11;1;0.000119757735;0.000066218579;0.000154007727;0.000045815444;
2016;10;11;12;1;0.000121469437;0.000063971490;0.000155581467;0.000048102485;
2016;10;11;13;1;0.000124569031;0.000062506905;0.000157148323;0.000051034487;
2016;10;11;14;1;0.000127940938;0.000063473255;0.000149132216;0.000050575607;
2016;10;11;15;1;0.000119825958;0.000060681092;0.000131737116;0.000048566110;
2016;10;11;16;1;0.000110082636;0.000056005525;0.000127895149;0.000042275797;
2016;10;11;17;1;0.000109569717;0.000054150891;0.000130661573;0.000040101130;
2016;10;11;18;1;0.000115845006;0.000056304488;0.000133780246;0.000055944028;
2016;10;11;19;1;0.000122502219;0.000069884620;0.000134067920;0.000076702237;
2016;10;11;20;1;0.000132415124;0.000098120784;0.000135588648;0.000110620195;
2016;10;11;21;1;0.000144402496;0.000148588940;0.000133327861;0.000234347044;
2016;10;11;22;1;0.000139529070;0.000152310907;0.000114204420;0.000238995066;
2016;10;11;23;1;0.000119520290;0.000146847949;0.000097877652;0.000232797948;
2016;10;11;24;1;0.000095562599;0.000141014032;0.000087040035;0.000220602433;
2016;10;12;1;1;0.000089854341;0.000143575367;0.000093025505;0.000179376914;
2016;10;12;2;1;0.000074789400;0.000133695908;0.000085976898;0.000176628721;
2016;10;12;3;1;0.000066220510;0.000127839237;0.000082923389;0.000170684998;
2016;10;12;4;1;0.000061878770;0.000125388725;0.000081745621;0.000167984742;
2016;10;12;5;1;0.000060666013;0.000126203419;0.000081173272;0.000166683172;
2016;10;12;6;1;0.000059633127;0.000124095126;0.000081542329;0.000163389069;
2016;10;12;7;1;0.000061763567;0.000124804627;0.000083738125;0.000150389581;
2016;10;12;8;1;0.000066896082;0.000109173036;0.000083935830;0.000144757796;
2016;10;12;9;1;0.000079996586;0.000067052934;0.000077661062;0.000059643497;
2016;10;12;10;1;0.000098124407;0.000061461258;0.000080350989;0.000039919853;
2016;10;12;11;1;0.000112149693;0.000068114705;0.000086240401;0.000043742560;
2016;10;12;12;1;0.000117685110;0.000068818638;0.000090964348;0.000048768842;
2016;10;12;13;1;0.000120555013;0.000066795752;0.000094519915;0.000049260469;
2016;10;12;14;1;0.000124636341;0.000066860093;0.000094461978;0.000045621674;
2016;10;12;15;1;0.000121250835;0.000064407612;0.000092472338;0.000047907304;
2016;10;12;16;1;0.000106478897;0.000056908838;0.000089975016;0.000044244051;
2016;10;12;17;1;0.000099142283;0.000053015249;0.000087234006;0.000042216077;
2016;10;12;18;1;0.000099321425;0.000053447688;0.000085448954;0.000054523488;
2016;10;12;19;1;0.000107182483;0.000068921360;0.000088170591;0.000083951471;
2016;10;12;20;1;0.000120180786;0.000100206944;0.000097689318;0.000112958130;
2016;10;12;21;1;0.000137719279;0.000156169227;0.000109785514;0.000237839086;
2016;10;12;22;1;0.000139030945;0.000160211407;0.000105975244;0.000247487352;
2016;10;12;23;1;0.000120359172;0.000154854387;0.000098892406;0.000231959722;
2016;10;12;24;1;0.000097767306;0.000150080379;0.000090813900;0.000214979010;
2016;10;13;1;1;0.000074180989;0.000126985311;0.000077220618;0.000170950223;
2016;10;13;2;1;0.000061852521;0.000118331574;0.000073919978;0.000174101902;
2016;10;13;3;1;0.000056262465;0.000113996442;0.000072490315;0.000169629942;
2016;10;13;4;1;0.000053899065;0.000113182018;0.000071822226;0.000163347651;
2016;10;13;5;1;0.000053296025;0.000112930660;0.000071723798;0.000159869121;
2016;10;13;6;1;0.000055163851;0.000113409981;0.000073921760;0.000157738939;
2016;10;13;7;1;0.000064206794;0.000118943766;0.000083357349;0.000152197480;
2016;10;13;8;1;0.000087848724;0.000116494282;0.000099696442;0.000150926560;
2016;10;13;9;1;0.000104862304;0.000082146608;0.000124266831;0.000071885769;
2016;10;13;10;1;0.000112400342;0.000067772868;0.000143726799;0.000045738461;
2016;10;13;11;1;0.000118634482;0.000065970176;0.000152037907;0.000045756937;
2016;10;13;12;1;0.000120311515;0.000063721657;0.000153567759;0.000048033626;
2016;10;13;13;1;0.000123396788;0.000062270476;0.000155133478;0.000050967720;
2016;10;13;14;1;0.000126663038;0.000063196287;0.000147134274;0.000050479978;
2016;10;13;15;1;0.000118614753;0.000060408994;0.000129956485;0.000048468413;
2016;10;13;16;1;0.000108964110;0.000055751422;0.000126159725;0.000042188506;
2016;10;13;17;1;0.000108426931;0.000053890555;0.000128853587;0.000040007455;
2016;10;13;18;1;0.000114719312;0.000056074144;0.000132024100;0.000055853531;
2016;10;13;19;1;0.000121396780;0.000069647454;0.000132400642;0.000076631783;
2016;10;13;20;1;0.000131373124;0.000097901730;0.000134058474;0.000110647356;
2016;10;13;21;1;0.000143222842;0.000148212383;0.000131783338;0.000234333701;
2016;10;13;22;1;0.000138393578;0.000151929693;0.000112884979;0.000238988970;
2016;10;13;23;1;0.000118450624;0.000146360545;0.000096667672;0.000232601519;
2016;10;13;24;1;0.000094700465;0.000140535780;0.000085957786;0.000220400280;
2016;10;14;1;1;0.000076071994;0.000131424321;0.000079005632;0.000170581423;
2016;10;14;2;1;0.000063373293;0.000122363496;0.000075388994;0.000175515819;
2016;10;14;3;1;0.000057313783;0.000117695947;0.000073551591;0.000171409739;
2016;10;14;4;1;0.000054691257;0.000116279575;0.000072495580;0.000166533191;
2016;10;14;5;1;0.000054067748;0.000115135383;0.000072381291;0.000164474513;
2016;10;14;6;1;0.000056065535;0.000115368592;0.000074828726;0.000161275775;
2016;10;14;7;1;0.000064640548;0.000120678157;0.000084176877;0.000155625946;
2016;10;14;8;1;0.000087707830;0.000118612823;0.000100531608;0.000153292145;
2016;10;14;9;1;0.000105518847;0.000083653483;0.000123957892;0.000071577834;
2016;10;14;10;1;0.000113109367;0.000068935359;0.000143033456;0.000046955303;
2016;10;14;11;1;0.000120352799;0.000066819062;0.000151299521;0.000047861164;
2016;10;14;12;1;0.000122290643;0.000064219944;0.000153075456;0.000049203968;
2016;10;14;13;1;0.000124773238;0.000062385808;0.000154487418;0.000049459230;
2016;10;14;14;1;0.000127807099;0.000063823132;0.000146551658;0.000050788127;
2016;10;14;15;1;0.000121103049;0.000062010955;0.000129152534;0.000051277491;
2016;10;14;16;1;0.000111845299;0.000056629318;0.000121350754;0.000049219828;
2016;10;14;17;1;0.000109126019;0.000054890385;0.000120828590;0.000044393880;
2016;10;14;18;1;0.000114917390;0.000056903226;0.000123320294;0.000060059710;
2016;10;14;19;1;0.000120505888;0.000069389217;0.000125362052;0.000076511046;
2016;10;14;20;1;0.000126810542;0.000096630202;0.000130405643;0.000112480411;
2016;10;14;21;1;0.000134807444;0.000147468640;0.000133333282;0.000235014455;
2016;10;14;22;1;0.000131023951;0.000151370002;0.000117313119;0.000237721339;
2016;10;14;23;1;0.000116506882;0.000147710585;0.000102795188;0.000229786896;
2016;10;14;24;1;0.000098539778;0.000144453846;0.000092842761;0.000222282350;
2016;10;15;1;1;0.000083949326;0.000135101562;0.000085204582;0.000174506830;
2016;10;15;2;1;0.000070492077;0.000125777037;0.000079331925;0.000177938347;
2016;10;15;3;1;0.000062240491;0.000120453121;0.000076458517;0.000178355426;
2016;10;15;4;1;0.000058447616;0.000120770443;0.000075023291;0.000172973466;
2016;10;15;5;1;0.000056598276;0.000121054076;0.000074391488;0.000165758820;
2016;10;15;6;1;0.000056771516;0.000120510117;0.000075461291;0.000162833184;
2016;10;15;7;1;0.000059097983;0.000123117958;0.000079170163;0.000163863294;
2016;10;15;8;1;0.000066294038;0.000121541607;0.000083280838;0.000167291050;
2016;10;15;9;1;0.000082205853;0.000076083996;0.000083502200;0.000072793489;
2016;10;15;10;1;0.000102988145;0.000066115637;0.000091468041;0.000041113180;
2016;10;15;11;1;0.000117460695;0.000070033034;0.000102687379;0.000046549037;
2016;10;15;12;1;0.000120750161;0.000068415320;0.000107481357;0.000045479235;
2016;10;15;13;1;0.000122291597;0.000065739710;0.000110203049;0.000044840616;
2016;10;15;14;1;0.000127125240;0.000065383111;0.000106952504;0.000044757502;
2016;10;15;15;1;0.000122132474;0.000063608856;0.000098041328;0.000047690870;
2016;10;15;16;1;0.000107396262;0.000057160431;0.000094407000;0.000046975262;
2016;10;15;17;1;0.000099762904;0.000053975703;0.000093335010;0.000042286934;
2016;10;15;18;1;0.000098705004;0.000053431134;0.000096267415;0.000037780423;
2016;10;15;19;1;0.000100324434;0.000054701420;0.000099425460;0.000039197476;
2016;10;15;20;1;0.000108451300;0.000083753889;0.000110098773;0.000077999334;
2016;10;15;21;1;0.000124765140;0.000147471509;0.000121087025;0.000231858794;
2016;10;15;22;1;0.000127466813;0.000152402130;0.000111286501;0.000243568277;
2016;10;15;23;1;0.000114712830;0.000149067739;0.000101454369;0.000244404811;
2016;10;15;24;1;0.000099030964;0.000147324831;0.000093658086;0.000235356852;
2016;10;16;1;1;0.000085458831;0.000139535146;0.000087092261;0.000176187597;
2016;10;16;2;1;0.000071058057;0.000129800745;0.000080410858;0.000173310750;
2016;10;16;3;1;0.000062836103;0.000123955751;0.000077455704;0.000167264189;
2016;10;16;4;1;0.000058709694;0.000121566081;0.000076347054;0.000164599638;
2016;10;16;5;1;0.000057526071;0.000122285838;0.000075769069;0.000163230724;
2016;10;16;6;1;0.000056583565;0.000120321499;0.000076163252;0.000160109321;
2016;10;16;7;1;0.000058690185;0.000121185202;0.000078327811;0.000147584844;
2016;10;16;8;1;0.000063569471;0.000106010551;0.000078515418;0.000142062933;
2016;10;16;9;1;0.000075990015;0.000065086161;0.000072618629;0.000058511209;
2016;10;16;10;1;0.000093205864;0.000059655903;0.000075130635;0.000039160301;
2016;10;16;11;1;0.000106605282;0.000066161799;0.000080695822;0.000042941354;
2016;10;16;12;1;0.000111775674;0.000066790953;0.000085046536;0.000047836470;
2016;10;16;13;1;0.000114372433;0.000064754614;0.000088271204;0.000048264246;
2016;10;16;14;1;0.000118200771;0.000064793044;0.000088184509;0.000044682528;
2016;10;16;15;1;0.000115126510;0.000062490441;0.000086429516;0.000046976778;
2016;10;16;16;1;0.000101323089;0.000055336334;0.000084280374;0.000043480113;
2016;10;16;17;1;0.000094462336;0.000051616239;0.000081817316;0.000041540196;
2016;10;16;18;1;0.000094613713;0.000052026649;0.000080126752;0.000053639618;
2016;10;16;19;1;0.000102120991;0.000067101284;0.000082694115;0.000082605777;
2016;10;16;20;1;0.000114760523;0.000097777986;0.000091825690;0.000111395045;
2016;10;16;21;1;0.000131625781;0.000152520237;0.000103288247;0.000234757971;
2016;10;16;22;1;0.000132945016;0.000156545219;0.000099752699;0.000244401853;
2016;10;16;23;1;0.000115187107;0.000151437692;0.000093163816;0.000229259930;
2016;10;16;24;1;0.000093645629;0.000146893834;0.000085626034;0.000212657556;
2016;10;17;1;1;0.000076248192;0.000129921020;0.000080596150;0.000172249058;
2016;10;17;2;1;0.000064282831;0.000121130140;0.000077675191;0.000172933690;
2016;10;17;3;1;0.000058326391;0.000116794272;0.000076259584;0.000169421880;
2016;10;17;4;1;0.000056181624;0.000115851270;0.000075412384;0.000165579345;
2016;10;17;5;1;0.000055637621;0.000115165148;0.000075602184;0.000163077406;
2016;10;17;6;1;0.000057241940;0.000115848789;0.000078038767;0.000163291934;
2016;10;17;7;1;0.000066488344;0.000120617213;0.000087882231;0.000155107013;
2016;10;17;8;1;0.000090009836;0.000115821405;0.000104334201;0.000154370286;
2016;10;17;9;1;0.000106129164;0.000082117969;0.000129882416;0.000071518397;
2016;10;17;10;1;0.000114548821;0.000068536929;0.000150989613;0.000046410103;
2016;10;17;11;1;0.000121315088;0.000067056100;0.000159555137;0.000049202370;
2016;10;17;12;1;0.000123952951;0.000064617200;0.000161715666;0.000048760553;
2016;10;17;13;1;0.000126324952;0.000062799286;0.000163270820;0.000049750861;
2016;10;17;14;1;0.000130252182;0.000063624691;0.000155246007;0.000052553166;
2016;10;17;15;1;0.000122971481;0.000062034869;0.000137129781;0.000051430440;
2016;10;17;16;1;0.000112043593;0.000056752865;0.000133492300;0.000046630553;
2016;10;17;17;1;0.000110721047;0.000054403390;0.000137308954;0.000047113001;
2016;10;17;18;1;0.000116872733;0.000056626493;0.000140023990;0.000059748056;
2016;10;17;19;1;0.000124576789;0.000071817619;0.000140070952;0.000082678555;
2016;10;17;20;1;0.000135363254;0.000101956534;0.000141251595;0.000117278971;
2016;10;17;21;1;0.000147988221;0.000150557531;0.000137367311;0.000239182526;
2016;10;17;22;1;0.000144034559;0.000154132496;0.000117694466;0.000246975941;
2016;10;17;23;1;0.000122271236;0.000148428396;0.000101502360;0.000237725152;
2016;10;17;24;1;0.000097351826;0.000141683375;0.000090585415;0.000222895334;
2016;10;18;1;1;0.000076919688;0.000129669766;0.000080962943;0.000173277250;
2016;10;18;2;1;0.000064165156;0.000120887900;0.000077537500;0.000176551878;
2016;10;18;3;1;0.000058340189;0.000116407437;0.000076004129;0.000171940654;
2016;10;18;4;1;0.000055869719;0.000115534859;0.000075276989;0.000165514151;
2016;10;18;5;1;0.000055249933;0.000115289338;0.000075181041;0.000162005030;
2016;10;18;6;1;0.000057166705;0.000115739130;0.000077458486;0.000159791798;
2016;10;18;7;1;0.000066371669;0.000121083171;0.000087127202;0.000153792868;
2016;10;18;8;1;0.000090829126;0.000118613641;0.000104226332;0.000152539505;
2016;10;18;9;1;0.000108334455;0.000083575155;0.000129810718;0.000072596738;
2016;10;18;10;1;0.000116068053;0.000068919366;0.000150068984;0.000046169332;
2016;10;18;11;1;0.000122490001;0.000067077627;0.000158726597;0.000046182095;
2016;10;18;12;1;0.000124149004;0.000064753531;0.000160230141;0.000048451631;
2016;10;18;13;1;0.000127416110;0.000063320308;0.000161969833;0.000051444941;
2016;10;18;14;1;0.000130804982;0.000064269704;0.000153637191;0.000050958957;
2016;10;18;15;1;0.000122537863;0.000061457310;0.000135749323;0.000048946019;
2016;10;18;16;1;0.000112548050;0.000056708845;0.000131759930;0.000042596668;
2016;10;18;17;1;0.000111967404;0.000054803393;0.000134542371;0.000040385210;
2016;10;18;18;1;0.000118412171;0.000056998419;0.000137791093;0.000056355645;
2016;10;18;19;1;0.000125265386;0.000070773309;0.000138140850;0.000077296498;
2016;10;18;20;1;0.000135682102;0.000099574183;0.000139996904;0.000111707944;
2016;10;18;21;1;0.000147840992;0.000150663281;0.000137547027;0.000236452720;
2016;10;18;22;1;0.000142844265;0.000154429363;0.000117812440;0.000241130257;
2016;10;18;23;1;0.000122308375;0.000148827508;0.000100927200;0.000234778525;
2016;10;18;24;1;0.000097760547;0.000142869251;0.000089723220;0.000222408116;
2016;10;19;1;1;0.000076621368;0.000129395645;0.000080532674;0.000173069618;
2016;10;19;2;1;0.000063900103;0.000120601770;0.000077105888;0.000176295629;
2016;10;19;3;1;0.000058124396;0.000116182279;0.000075613833;0.000171765563;
2016;10;19;4;1;0.000055671808;0.000115329503;0.000074902191;0.000165371577;
2016;10;19;5;1;0.000055044197;0.000115063473;0.000074793106;0.000161836020;
2016;10;19;6;1;0.000056946507;0.000115497529;0.000077048889;0.000159604568;
2016;10;19;7;1;0.000066100782;0.000120802575;0.000086646509;0.000153577275;
2016;10;19;8;1;0.000090475305;0.000118360857;0.000103670650;0.000152354103;
2016;10;19;9;1;0.000107929457;0.000083410193;0.000129138990;0.000072519934;
2016;10;19;10;1;0.000115586719;0.000068755122;0.000149231198;0.000046101572;
2016;10;19;11;1;0.000121965604;0.000066908758;0.000157819216;0.000046108104;
2016;10;19;12;1;0.000123661280;0.000064613386;0.000159370582;0.000048391134;
2016;10;19;13;1;0.000126828739;0.000063140047;0.000160990747;0.000051345562;
2016;10;19;14;1;0.000130213870;0.000064092587;0.000152722409;0.000050865157;
2016;10;19;15;1;0.000121968057;0.000061279878;0.000134923289;0.000048849495;
2016;10;19;16;1;0.000111975564;0.000056520322;0.000130900734;0.000042494019;
2016;10;19;17;1;0.000111449166;0.000054646356;0.000133726580;0.000040306442;
2016;10;19;18;1;0.000117874851;0.000056840274;0.000136968091;0.000056250857;
2016;10;19;19;1;0.000124714116;0.000070586652;0.000137334644;0.000077163383;
2016;10;19;20;1;0.000135077087;0.000099305755;0.000139171721;0.000111509041;
2016;10;19;21;1;0.000147178173;0.000150253469;0.000136732953;0.000236025951;
2016;10;19;22;1;0.000142216451;0.000154022956;0.000117125545;0.000240716378;
2016;10;19;23;1;0.000121801710;0.000148473500;0.000100364208;0.000234435007;
2016;10;19;24;1;0.000097376239;0.000142559673;0.000089241667;0.000222129843;
2016;10;20;1;1;0.000076437205;0.000129289366;0.000080242696;0.000173064251;
2016;10;20;2;1;0.000063702107;0.000120418765;0.000076774726;0.000176167348;
2016;10;20;3;1;0.000057904245;0.000115925797;0.000075237039;0.000171521940;
2016;10;20;4;1;0.000055438968;0.000115029300;0.000074499409;0.000165071581;
2016;10;20;5;1;0.000054826152;0.000114789444;0.000074407427;0.000161578304;
2016;10;20;6;1;0.000056723491;0.000115227674;0.000076655043;0.000159357609;
2016;10;20;7;1;0.000065849114;0.000120533502;0.000086213028;0.000153356407;
2016;10;20;8;1;0.000090146988;0.000118118388;0.000103170487;0.000152162260;
2016;10;20;9;1;0.000107569116;0.000083263560;0.000128553375;0.000072449707;
2016;10;20;10;1;0.000115183821;0.000068624130;0.000148532558;0.000046050135;
2016;10;20;11;1;0.000121551403;0.000066787290;0.000157094499;0.000046060802;
2016;10;20;12;1;0.000123235325;0.000064492947;0.000158631023;0.000048339139;
2016;10;20;13;1;0.000126349035;0.000063000994;0.000160189358;0.000051273007;
2016;10;20;14;1;0.000129708211;0.000063944953;0.000151946772;0.000050788132;
2016;10;20;15;1;0.000121486959;0.000061134969;0.000134229808;0.000048772528;
2016;10;20;16;1;0.000111561454;0.000056400607;0.000130260121;0.000042437554;
2016;10;20;17;1;0.000111015788;0.000054520192;0.000133046713;0.000040245193;
2016;10;20;18;1;0.000117440031;0.000056720417;0.000136299071;0.000056176642;
2016;10;20;19;1;0.000124271606;0.000070447750;0.000136683123;0.000077072453;
2016;10;20;20;1;0.000134573388;0.000099092358;0.000138486356;0.000111357433;
2016;10;20;21;1;0.000146641168;0.000149942674;0.000136070564;0.000235724046;
2016;10;20;22;1;0.000141735017;0.000153745009;0.000116588963;0.000240472044;
2016;10;20;23;1;0.000121372313;0.000148184724;0.000099890364;0.000234164113;
2016;10;20;24;1;0.000097048428;0.000142305092;0.000088834502;0.000221908555;
2016;10;21;1;1;0.000078062719;0.000133306795;0.000081798784;0.000172034879;
2016;10;21;2;1;0.000065031450;0.000124115697;0.000078053978;0.000177010622;
2016;10;21;3;1;0.000058838749;0.000119432777;0.000076184452;0.000172944097;
2016;10;21;4;1;0.000056162809;0.000118029895;0.000075112527;0.000168072870;
2016;10;21;5;1;0.000055510421;0.000116843005;0.000074977765;0.000165958976;
2016;10;21;6;1;0.000057484838;0.000116923715;0.000077409742;0.000162514599;
2016;10;21;7;1;0.000066308677;0.000122363437;0.000087122046;0.000156896493;
2016;10;21;8;1;0.000090013925;0.000120326322;0.000104098359;0.000154616959;
2016;10;21;9;1;0.000108326472;0.000084887991;0.000128395164;0.000072218590;
2016;10;21;10;1;0.000116103914;0.000069943602;0.000148134372;0.000047369503;
2016;10;21;11;1;0.000123430798;0.000067736911;0.000156557839;0.000048241021;
2016;10;21;12;1;0.000125411304;0.000065098509;0.000158386783;0.000049591755;
2016;10;21;13;1;0.000128068044;0.000063294038;0.000159986143;0.000049892191;
2016;10;21;14;1;0.000131185516;0.000064754014;0.000151771970;0.000051234088;
2016;10;21;15;1;0.000124346590;0.000062936834;0.000133798627;0.000051745366;
2016;10;21;16;1;0.000114838336;0.000057473568;0.000125713396;0.000049667826;
2016;10;21;17;1;0.000112050303;0.000055710707;0.000125176947;0.000044799558;
2016;10;21;18;1;0.000118047279;0.000057778304;0.000127812905;0.000060634438;
2016;10;21;19;1;0.000123802994;0.000070464850;0.000129944797;0.000077252566;
2016;10;21;20;1;0.000130408636;0.000098224890;0.000135306077;0.000113682545;
2016;10;21;21;1;0.000138200058;0.000149434782;0.000137912250;0.000236785348;
2016;10;21;22;1;0.000134331550;0.000153399809;0.000121351134;0.000239530820;
2016;10;21;23;1;0.000119543525;0.000149811021;0.000106418513;0.000231721129;
2016;10;21;24;1;0.000101197611;0.000146637638;0.000096200349;0.000224351799;
2016;10;22;1;1;0.000086639591;0.000137505289;0.000088893126;0.000176391896;
2016;10;22;2;1;0.000072758307;0.000128027567;0.000082774454;0.000179878332;
2016;10;22;3;1;0.000064263569;0.000122650619;0.000079803834;0.000180362056;
2016;10;22;4;1;0.000060303814;0.000122884893;0.000078249243;0.000174793182;
2016;10;22;5;1;0.000058392954;0.000123167610;0.000077586569;0.000167494639;
2016;10;22;6;1;0.000058582451;0.000122636687;0.000078716782;0.000164568602;
2016;10;22;7;1;0.000060951484;0.000125225530;0.000082542803;0.000165523751;
2016;10;22;8;1;0.000068430355;0.000123725480;0.000086901137;0.000169127429;
2016;10;22;9;1;0.000084944597;0.000077532928;0.000087224199;0.000073670323;
2016;10;22;10;1;0.000106493595;0.000067421792;0.000095611842;0.000041637471;
2016;10;22;11;1;0.000121472321;0.000071424558;0.000107351443;0.000047147914;
2016;10;22;12;1;0.000124898359;0.000069788237;0.000112384964;0.000046073285;
2016;10;22;13;1;0.000126479044;0.000067051669;0.000115218342;0.000045421403;
2016;10;22;14;1;0.000131497615;0.000066697803;0.000111836380;0.000045343909;
2016;10;22;15;1;0.000126219415;0.000064829466;0.000102426008;0.000048272220;
2016;10;22;16;1;0.000110858209;0.000058188082;0.000098511957;0.000047491394;
2016;10;22;17;1;0.000103018638;0.000054967361;0.000097431043;0.000042768098;
2016;10;22;18;1;0.000101957711;0.000054429602;0.000100523192;0.000038222117;
2016;10;22;19;1;0.000103662909;0.000055741048;0.000103853309;0.000039668137;
2016;10;22;20;1;0.000112107923;0.000085382011;0.000115050915;0.000078969513;
2016;10;22;21;1;0.000128682171;0.000150000635;0.000126249243;0.000234215544;
2016;10;22;22;1;0.000131432860;0.000154973600;0.000115999302;0.000245977042;
2016;10;22;23;1;0.000118284449;0.000151586028;0.000105752943;0.000246826863;
2016;10;22;24;1;0.000102106411;0.000149802070;0.000097618772;0.000237670825;
2016;10;23;1;1;0.000087795583;0.000141647470;0.000090319406;0.000177784738;
2016;10;23;2;1;0.000073046807;0.000131848313;0.000083442706;0.000174991449;
2016;10;23;3;1;0.000064589701;0.000125901295;0.000080369861;0.000168873079;
2016;10;23;4;1;0.000060320882;0.000123418362;0.000079183726;0.000166107854;
2016;10;23;5;1;0.000059111952;0.000124164156;0.000078593806;0.000164746394;
2016;10;23;6;1;0.000058200003;0.000122288447;0.000079079509;0.000161753149;
2016;10;23;7;1;0.000060355454;0.000123143111;0.000081311658;0.000149072051;
2016;10;23;8;1;0.000065357752;0.000107697864;0.000081487171;0.000143460621;
2016;10;23;9;1;0.000078199820;0.000066183140;0.000075436764;0.000059141416;
2016;10;23;10;1;0.000095911069;0.000060658045;0.000078041991;0.000039579922;
2016;10;23;11;1;0.000109732558;0.000067293571;0.000083848174;0.000043414613;
2016;10;23;12;1;0.000115214831;0.000068028082;0.000088491897;0.000048431022;
2016;10;23;13;1;0.000117980822;0.000066004001;0.000091916799;0.000048901142;
2016;10;23;14;1;0.000121919711;0.000066037632;0.000091818818;0.000045268361;
2016;10;23;15;1;0.000118783427;0.000063709411;0.000090017796;0.000047606599;
2016;10;23;16;1;0.000104347495;0.000056311031;0.000087616489;0.000043981262;
2016;10;23;17;1;0.000097155594;0.000052457185;0.000084945453;0.000041964407;
2016;10;23;18;1;0.000097325069;0.000052881770;0.000083202036;0.000054195064;
2016;10;23;19;1;0.000105077823;0.000068223872;0.000085892734;0.000083485275;
2016;10;23;20;1;0.000118099790;0.000099427652;0.000095390822;0.000112596762;
2016;10;23;21;1;0.000135224630;0.000154828820;0.000107115305;0.000236885571;
2016;10;23;22;1;0.000136437814;0.000158749363;0.000103341112;0.000246360234;
2016;10;23;23;1;0.000118235757;0.000153599017;0.000096533492;0.000231140764;
2016;10;23;24;1;0.000096043732;0.000148865676;0.000088648855;0.000214222833;
2016;10;24;1;1;0.000076593686;0.000130236309;0.000081103487;0.000172479760;
2016;10;24;2;1;0.000064585629;0.000121445759;0.000078178087;0.000173196204;
2016;10;24;3;1;0.000058589787;0.000117075924;0.000076738456;0.000169646215;
2016;10;24;4;1;0.000056436131;0.000116132287;0.000075887007;0.000165800934;
2016;10;24;5;1;0.000055885117;0.000115435109;0.000076071812;0.000163282360;
2016;10;24;6;1;0.000057496125;0.000116119450;0.000078522920;0.000163495887;
2016;10;24;7;1;0.000066820371;0.000120965602;0.000088476157;0.000155386279;
2016;10;24;8;1;0.000090487994;0.000116192756;0.000105072604;0.000154697239;
2016;10;24;9;1;0.000106768600;0.000082439669;0.000130894371;0.000071720686;
2016;10;24;10;1;0.000115253539;0.000068814114;0.000152185237;0.000046547251;
2016;10;24;11;1;0.000122101215;0.000067349239;0.000160871001;0.000049363853;
2016;10;24;12;1;0.000124776061;0.000064910024;0.000163075344;0.000048928386;
2016;10;24;13;1;0.000127127844;0.000063066028;0.000164597002;0.000049907981;
2016;10;24;14;1;0.000131098744;0.000063904058;0.000156529345;0.000052726660;
2016;10;24;15;1;0.000123741100;0.000062292343;0.000138230270;0.000051587878;
2016;10;24;16;1;0.000112698260;0.000056964882;0.000134508028;0.000046753982;
2016;10;24;17;1;0.000111310499;0.000054578442;0.000138282305;0.000047213323;
2016;10;24;18;1;0.000117456360;0.000056790048;0.000140970290;0.000059855626;
2016;10;24;19;1;0.000125241856;0.000072049770;0.000141065967;0.000082855835;
2016;10;24;20;1;0.000136264935;0.000102420672;0.000142442142;0.000117685060;
2016;10;24;21;1;0.000148790872;0.000151057001;0.000138354837;0.000239715684;
2016;10;24;22;1;0.000144725719;0.000154547666;0.000118466855;0.000247372557;
2016;10;24;23;1;0.000122821234;0.000148783709;0.000102137942;0.000238035729;
2016;10;24;24;1;0.000097797364;0.000142033626;0.000091159752;0.000223203955;
2016;10;25;1;1;0.000077201383;0.000129957439;0.000081358608;0.000173536069;
2016;10;25;2;1;0.000064331132;0.000121026263;0.000077832931;0.000176626116;
2016;10;25;3;1;0.000058486307;0.000116531125;0.000076287469;0.000171998864;
2016;10;25;4;1;0.000056025406;0.000115690158;0.000075578874;0.000165616764;
2016;10;25;5;1;0.000055402142;0.000115440659;0.000075480156;0.000162100346;
2016;10;25;6;1;0.000057305949;0.000115854154;0.000077741910;0.000159834921;
2016;10;25;7;1;0.000066602223;0.000121329002;0.000087536546;0.000153993654;
2016;10;25;8;1;0.000091166879;0.000118883460;0.000104741565;0.000152775925;
2016;10;25;9;1;0.000108897191;0.000083888439;0.000130644242;0.000072816168;
2016;10;25;10;1;0.000116609314;0.000069141161;0.000150952787;0.000046284415;
2016;10;25;11;1;0.000123029455;0.000067276130;0.000159620188;0.000046285263;
2016;10;25;12;1;0.000124745499;0.000064971059;0.000161196464;0.000048579237;
2016;10;25;13;1;0.000127919518;0.000063479039;0.000162808195;0.000051536603;
2016;10;25;14;1;0.000131290841;0.000064415635;0.000154396040;0.000051037725;
2016;10;25;15;1;0.000122970723;0.000061585691;0.000136395094;0.000049012792;
2016;10;25;16;1;0.000112909072;0.000056808917;0.000132343882;0.000042640976;
2016;10;25;17;1;0.000112382069;0.000054927232;0.000135205434;0.000040447194;
2016;10;25;18;1;0.000118817658;0.000057111334;0.000138431665;0.000056426448;
2016;10;25;19;1;0.000125691377;0.000070911841;0.000138779776;0.000077391785;
2016;10;25;20;1;0.000136255018;0.000099850798;0.000140759600;0.000111937251;
2016;10;25;21;1;0.000148316804;0.000150930761;0.000138158100;0.000236701192;
2016;10;25;22;1;0.000143316554;0.000154717087;0.000118346210;0.000241404799;
2016;10;25;23;1;0.000122751115;0.000149151391;0.000101416152;0.000235119289;
2016;10;25;24;1;0.000098146092;0.000143226377;0.000090186991;0.000222802809;
2016;10;26;1;1;0.000076938789;0.000129726229;0.000080966153;0.000173376982;
2016;10;26;2;1;0.000064138793;0.000120860837;0.000077489473;0.000176537075;
2016;10;26;3;1;0.000058310377;0.000116369716;0.000075949443;0.000171909014;
2016;10;26;4;1;0.000055858387;0.000115533033;0.000075246019;0.000165534717;
2016;10;26;5;1;0.000055228376;0.000115265914;0.000075136029;0.000161994801;
2016;10;26;6;1;0.000057155965;0.000115739034;0.000077427778;0.000159814045;
2016;10;26;7;1;0.000066304929;0.000120984043;0.000087021432;0.000153688484;
2016;10;26;8;1;0.000090799794;0.000118597517;0.000104170937;0.000152540132;
2016;10;26;9;1;0.000108404761;0.000083645037;0.000129867862;0.000072667617;
2016;10;26;10;1;0.000116072092;0.000068934658;0.000150042898;0.000046186044;
2016;10;26;11;1;0.000122459105;0.000067073253;0.000158653455;0.000046185551;
2016;10;26;12;1;0.000124164556;0.000064773757;0.000160216780;0.000048473554;
2016;10;26;13;1;0.000127355191;0.000063301874;0.000161858620;0.000051437167;
2016;10;26;14;1;0.000130712433;0.000064236245;0.000153496457;0.000050939561;
2016;10;26;15;1;0.000122424426;0.000061411903;0.000135595361;0.000048916706;
2016;10;26;16;1;0.000112400256;0.000056644971;0.000131559454;0.000042554649;
2016;10;26;17;1;0.000111871309;0.000054766602;0.000134398857;0.000040363751;
2016;10;26;18;1;0.000118281621;0.000056946228;0.000137610462;0.000056311929;
2016;10;26;19;1;0.000125086721;0.000070685587;0.000137915044;0.000077211503;
2016;10;26;20;1;0.000135675715;0.000099588121;0.000139961108;0.000111739229;
2016;10;26;21;1;0.000147677401;0.000150524720;0.000137366163;0.000236268348;
2016;10;26;22;1;0.000142647725;0.000154245733;0.000117625797;0.000240877265;
2016;10;26;23;1;0.000122250537;0.000148784957;0.000100858427;0.000234744275;
2016;10;26;24;1;0.000097752577;0.000142884328;0.000089697189;0.000222462741;
2016;10;27;1;1;0.000076759931;0.000129582149;0.000080716613;0.000173275528;
2016;10;27;2;1;0.000063972096;0.000120693406;0.000077229406;0.000176385257;
2016;10;27;3;1;0.000058146962;0.000116184799;0.000075679101;0.000171726134;
2016;10;27;4;1;0.000055694443;0.000115334117;0.000074968219;0.000165336645;
2016;10;27;5;1;0.000055044163;0.000115021242;0.000074828568;0.000161735978;
2016;10;27;6;1;0.000056930095;0.000115421933;0.000077063251;0.000159460031;
2016;10;27;7;1;0.000066075586;0.000120712282;0.000086654602;0.000153423930;
2016;10;27;8;1;0.000090497832;0.000118346948;0.000103745693;0.000152297927;
2016;10;27;9;1;0.000108112810;0.000083521277;0.000129419787;0.000072598271;
2016;10;27;10;1;0.000115671468;0.000068780323;0.000149411516;0.000046106883;
2016;10;27;11;1;0.000122034517;0.000066922033;0.000157983354;0.000046105666;
2016;10;27;12;1;0.000123795215;0.000064659666;0.000159618936;0.000048413629;
2016;10;27;13;1;0.000126992181;0.000063198249;0.000161274742;0.000051379980;
2016;10;27;14;1;0.000130397137;0.000064159276;0.000153009962;0.000050905290;
2016;10;27;15;1;0.000122107853;0.000061327636;0.000135142062;0.000048875283;
2016;10;27;16;1;0.000112171103;0.000056598275;0.000131191576;0.000042541937;
2016;10;27;17;1;0.000111656154;0.000054727787;0.000134038547;0.000040356363;
2016;10;27;18;1;0.000118110855;0.000056933209;0.000137307479;0.000056328672;
2016;10;27;19;1;0.000124947838;0.000070693024;0.000137657339;0.000077260250;
2016;10;27;20;1;0.000135469595;0.000099557826;0.000139642391;0.000111764002;
2016;10;27;21;1;0.000147409210;0.000150434192;0.000137012610;0.000236250471;
2016;10;27;22;1;0.000142343450;0.000154104012;0.000117285793;0.000240782549;
2016;10;27;23;1;0.000121992759;0.000148651896;0.000100569354;0.000234657720;
2016;10;27;24;1;0.000097540138;0.000142747299;0.000089434314;0.000222366314;
2016;10;28;1;1;0.000078365517;0.000133621617;0.000082204575;0.000172318351;
2016;10;28;2;1;0.000065290039;0.000124420891;0.000078448807;0.000177319505;
2016;10;28;3;1;0.000059057415;0.000119695451;0.000076549995;0.000173201019;
2016;10;28;4;1;0.000056333595;0.000118209880;0.000075422137;0.000168209283;
2016;10;28;5;1;0.000055702861;0.000117070861;0.000075318782;0.000166164187;
2016;10;28;6;1;0.000057704920;0.000117193965;0.000077789856;0.000162774215;
2016;10;28;7;1;0.000066517174;0.000122562668;0.000087490180;0.000157040027;
2016;10;28;8;1;0.000090360092;0.000120606503;0.000104611317;0.000154866612;
2016;10;28;9;1;0.000108816962;0.000085143474;0.000129115529;0.000072384354;
2016;10;28;10;1;0.000116502823;0.000070077839;0.000148803535;0.000047426614;
2016;10;28;11;1;0.000123869058;0.000067874681;0.000157283054;0.000048304711;
2016;10;28;12;1;0.000125825065;0.000065214570;0.000159080605;0.000049644788;
2016;10;28;13;1;0.000128395303;0.000063359869;0.000160567833;0.000049908513;
2016;10;28;14;1;0.000131511619;0.000064816868;0.000152313229;0.000051247294;
2016;10;28;15;1;0.000124706429;0.000063023565;0.000134330440;0.000051779771;
2016;10;28;16;1;0.000115171385;0.000057553133;0.000126213867;0.000049701162;
2016;10;28;17;1;0.000112328010;0.000055764371;0.000125622434;0.000044810775;
2016;10;28;18;1;0.000118432246;0.000057879115;0.000128367920;0.000060696974;
2016;10;28;19;1;0.000124239328;0.000070606322;0.000130543321;0.000077352536;
2016;10;28;20;1;0.000131030794;0.000098544339;0.000136098124;0.000113971038;
2016;10;28;21;1;0.000138723200;0.000149773741;0.000138583502;0.000237153421;
2016;10;28;22;1;0.000134662808;0.000153545669;0.000121781494;0.000239587821;
2016;10;28;23;1;0.000119862917;0.000149984251;0.000106817838;0.000231823851;
2016;10;28;24;1;0.000101409930;0.000146723201;0.000096506083;0.000224322831;
2016;10;29;1;1;0.000085114063;0.000136198168;0.000086752038;0.000175445419;
2016;10;29;2;1;0.000071447319;0.000126757532;0.000080746973;0.000178838359;
2016;10;29;3;1;0.000063110301;0.000121442887;0.000077854862;0.000179332524;
2016;10;29;4;1;0.000059230818;0.000121693779;0.000076350110;0.000173822469;
2016;10;29;5;1;0.000057337246;0.000121938214;0.000075681460;0.000166515924;
2016;10;29;6;1;0.000057491941;0.000121346367;0.000076742041;0.000163517747;
2016;10;29;7;1;0.000059852066;0.000123980870;0.000080519423;0.000164563556;
2016;10;29;8;1;0.000067157795;0.000122426016;0.000084722677;0.000168050636;
2016;10;29;9;1;0.000083356652;0.000076710996;0.000085029195;0.000073194013;
2016;10;29;10;1;0.000104391493;0.000066635989;0.000093106474;0.000041324198;
2016;10;29;11;1;0.000119052112;0.000070578800;0.000104518757;0.000046784365;
2016;10;29;12;1;0.000122237810;0.000068864911;0.000109265639;0.000045653753;
2016;10;29;13;1;0.000123804041;0.000066174821;0.000112037767;0.000045014794;
2016;10;29;14;1;0.000128658494;0.000065795933;0.000108700180;0.000044917752;
2016;10;29;15;1;0.000123616676;0.000064016257;0.000099652391;0.000047865946;
2016;10;29;16;1;0.000108716385;0.000057534470;0.000095971585;0.000047154218;
2016;10;29;17;1;0.000101027801;0.000054349670;0.000094918097;0.000042464255;
2016;10;29;18;1;0.000099966589;0.000053806765;0.000097910133;0.000037942681;
2016;10;29;19;1;0.000101587209;0.000055075404;0.000101102652;0.000039358262;
2016;10;29;20;1;0.000110045983;0.000084502819;0.000112190101;0.000078483041;
2016;10;29;21;1;0.000126220711;0.000148344782;0.000123017700;0.000232598245;
2016;10;29;22;1;0.000128892043;0.000153231059;0.000113006676;0.000244227858;
2016;10;29;23;1;0.000116048093;0.000149946546;0.000103069316;0.000245177865;
2016;10;29;24;1;0.000100174639;0.000148179976;0.000095140338;0.000236079960;
2016;10;30;1;1;0.000084773920;0.000139060138;0.000086137064;0.000176017019;
2016;10;30;2;1;0.000070511339;0.000129400674;0.000079554638;0.000173198904;
2016;10;30;2;0;0.000066122303;0.000125895674;0.000077727468;0.000169381404;
2016;10;30;3;0;0.000062164496;0.000123200814;0.000076399718;0.000166651854;
2016;10;30;4;0;0.000058116979;0.000120898067;0.000075351287;0.000164095284;
2016;10;30;5;0;0.000056997017;0.000121724305;0.000074848749;0.000162878339;
2016;10;30;6;0;0.000056079417;0.000119803677;0.000075259936;0.000159809949;
2016;10;30;7;0;0.000058243593;0.000120821993;0.000077500383;0.000147502183;
2016;10;30;8;0;0.000063005380;0.000105558169;0.000077587036;0.000141802478;
2016;10;30;9;0;0.000075621446;0.000065071501;0.000072051275;0.000058641022;
2016;10;30;10;0;0.000092904714;0.000059739511;0.000074664946;0.000039311041;
2016;10;30;11;0;0.000105847611;0.000065996874;0.000079883772;0.000042939015;
2016;10;30;12;0;0.000110835994;0.000066537257;0.000084080509;0.000047771255;
2016;10;30;13;0;0.000113386362;0.000064494682;0.000087249650;0.000048188011;
2016;10;30;14;0;0.000117226265;0.000064557504;0.000087197111;0.000044628918;
2016;10;30;15;0;0.000114127091;0.000062235864;0.000085424151;0.000046899762;
2016;10;30;16;0;0.000100357155;0.000055063527;0.000083228401;0.000043371514;
2016;10;30;17;0;0.000093540143;0.000051349880;0.000080777378;0.000041426848;
2016;10;30;18;0;0.000093756485;0.000051794878;0.000079164404;0.000053531192;
2016;10;30;19;0;0.000101870268;0.000067247630;0.000082245512;0.000082988297;
2016;10;30;20;0;0.000114277971;0.000097819359;0.000091167360;0.000111714586;
2016;10;30;21;0;0.000130002982;0.000151339937;0.000101711120;0.000233510658;
2016;10;30;22;0;0.000131085519;0.000155073001;0.000098064652;0.000242695186;
2016;10;30;23;0;0.000113650752;0.000150112256;0.000091647556;0.000227808859;
2016;10;30;24;0;0.000092321623;0.000145490022;0.000084164109;0.000211140111;
2016;10;31;1;0;0.000069576115;0.000123737790;0.000071108418;0.000167561863;
2016;10;31;2;0;0.000058701730;0.000115451725;0.000068582661;0.000168353911;
2016;10;31;3;0;0.000053274319;0.000111343956;0.000067347787;0.000164971907;
2016;10;31;4;0;0.000051269303;0.000110345908;0.000066539862;0.000161085700;
2016;10;31;5;0;0.000050769880;0.000109685940;0.000066703408;0.000158642330;
2016;10;31;6;0;0.000052172577;0.000110207653;0.000068772442;0.000158664724;
2016;10;31;7;0;0.000060433281;0.000114427985;0.000077233876;0.000150296820;
2016;10;31;8;0;0.000081309802;0.000109202874;0.000091128816;0.000148663495;
2016;10;31;9;0;0.000095777525;0.000077349831;0.000113332722;0.000068807271;
2016;10;31;10;0;0.000103781215;0.000064810456;0.000132266937;0.000044825832;
2016;10;31;11;0;0.000109940278;0.000063426772;0.000139806994;0.000047535244;
2016;10;31;12;0;0.000112211700;0.000061055067;0.000141549866;0.000047058448;
2016;10;31;13;0;0.000114364784;0.000059340361;0.000142918300;0.000048016608;
2016;10;31;14;0;0.000118112416;0.000060218306;0.000136115343;0.000050803909;
2016;10;31;15;0;0.000111582674;0.000058751713;0.000120309588;0.000049750826;
2016;10;31;16;0;0.000101531988;0.000053677954;0.000116962913;0.000045047856;
2016;10;31;17;0;0.000100325012;0.000051451412;0.000120296777;0.000045510070;
2016;10;31;18;0;0.000106002989;0.000053606429;0.000122795784;0.000057771865;
2016;10;31;19;0;0.000113853807;0.000068506808;0.000123775474;0.000080554721;
2016;10;31;20;0;0.000123586925;0.000097158122;0.000124692749;0.000114150965;
2016;10;31;21;0;0.000134104958;0.000142400816;0.000120358615;0.000231065354;
2016;10;31;22;0;0.000130366806;0.000145608536;0.000102998870;0.000238310220;
2016;10;31;23;0;0.000110840254;0.000140437312;0.000088966283;0.000229739696;
2016;10;31;24;0;0.000088417128;0.000134308502;0.000079547527;0.000215814679;
