AŃO;MES;DIA;HORA;VERANO(1)/INVIERNO(0);COEF. PERFIL A;COEF. PERFIL B;COEF. PERFIL C;COEF. PERFIL D;
2015;07;01;1;1;0.000112283924;0.000131775025;0.000091478773;0.000223675319;
2015;07;01;2;1;0.000092343612;0.000123318039;0.000089292071;0.000219543414;
2015;07;01;3;1;0.000081816006;0.000116951405;0.000086391149;0.000212114151;
2015;07;01;4;1;0.000076755917;0.000114809592;0.000083630970;0.000201350998;
2015;07;01;5;1;0.000074744481;0.000113407627;0.000082746347;0.000196986848;
2015;07;01;6;1;0.000075363775;0.000112357700;0.000088283747;0.000196758629;
2015;07;01;7;1;0.000081086532;0.000099170313;0.000096895461;0.000167947302;
2015;07;01;8;1;0.000095344719;0.000054395982;0.000108672660;0.000065494709;
2015;07;01;9;1;0.000113125169;0.000057041209;0.000127333767;0.000058349551;
2015;07;01;10;1;0.000134373297;0.000062101464;0.000162062020;0.000053758313;
2015;07;01;11;1;0.000149509230;0.000063884732;0.000214064329;0.000060061915;
2015;07;01;12;1;0.000155633483;0.000063400161;0.000221739592;0.000067279000;
2015;07;01;13;1;0.000162352648;0.000063428228;0.000225323284;0.000062518153;
2015;07;01;14;1;0.000169512203;0.000064208645;0.000217328506;0.000065791676;
2015;07;01;15;1;0.000162439323;0.000063508200;0.000157846145;0.000067554910;
2015;07;01;16;1;0.000151854072;0.000059047698;0.000151871108;0.000061868279;
2015;07;01;17;1;0.000151686735;0.000056313432;0.000154607676;0.000062059411;
2015;07;01;18;1;0.000157161188;0.000056987408;0.000164515191;0.000062968868;
2015;07;01;19;1;0.000161883146;0.000057140103;0.000170113861;0.000059632620;
2015;07;01;20;1;0.000161720189;0.000057548813;0.000168920194;0.000066594998;
2015;07;01;21;1;0.000158905035;0.000059877006;0.000153666464;0.000069033883;
2015;07;01;22;1;0.000162250853;0.000089025704;0.000118341516;0.000104025355;
2015;07;01;23;1;0.000159449979;0.000139895746;0.000096833564;0.000286395222;
2015;07;01;24;1;0.000136171959;0.000140042962;0.000088344316;0.000234263432;
2015;07;02;1;1;0.000109573621;0.000129721798;0.000086273759;0.000221955184;
2015;07;02;2;1;0.000090154057;0.000121414042;0.000084377680;0.000217919344;
2015;07;02;3;1;0.000079883725;0.000115149374;0.000081670349;0.000210558718;
2015;07;02;4;1;0.000075099496;0.000113122488;0.000079667674;0.000200163081;
2015;07;02;5;1;0.000073240091;0.000111798814;0.000079254522;0.000196026028;
2015;07;02;6;1;0.000073866818;0.000110774152;0.000084641938;0.000195835439;
2015;07;02;7;1;0.000079911386;0.000097957977;0.000094802375;0.000167791970;
2015;07;02;8;1;0.000094283614;0.000053794107;0.000107713567;0.000065587995;
2015;07;02;9;1;0.000111770420;0.000056393121;0.000125831458;0.000058397874;
2015;07;02;10;1;0.000132643007;0.000061376716;0.000159578113;0.000053769113;
2015;07;02;11;1;0.000147525774;0.000063130522;0.000210476903;0.000060057574;
2015;07;02;12;1;0.000153058777;0.000062580182;0.000215234243;0.000067120318;
2015;07;02;13;1;0.000159690419;0.000062611040;0.000218842741;0.000062377028;
2015;07;02;14;1;0.000167199677;0.000063442473;0.000213345974;0.000065769834;
2015;07;02;15;1;0.000160295060;0.000062760261;0.000155196147;0.000067553531;
2015;07;02;16;1;0.000149658849;0.000058326565;0.000148614746;0.000061812601;
2015;07;02;17;1;0.000149391788;0.000055612550;0.000150905129;0.000061974306;
2015;07;02;18;1;0.000154592663;0.000056254237;0.000159822712;0.000062829086;
2015;07;02;19;1;0.000159196619;0.000056399989;0.000165099705;0.000059489731;
2015;07;02;20;1;0.000158942131;0.000056791758;0.000163578348;0.000066408233;
2015;07;02;21;1;0.000156092176;0.000059078353;0.000148520490;0.000068814864;
2015;07;02;22;1;0.000159760843;0.000087911019;0.000115409535;0.000103866927;
2015;07;02;23;1;0.000158200221;0.000138504658;0.000097256795;0.000287457589;
2015;07;02;24;1;0.000135144650;0.000138663933;0.000088850122;0.000235179408;
2015;07;03;1;1;0.000111748849;0.000131645620;0.000086228266;0.000222876606;
2015;07;03;2;1;0.000092634639;0.000123029071;0.000084281717;0.000212795237;
2015;07;03;3;1;0.000082261221;0.000116877525;0.000081798576;0.000211698101;
2015;07;03;4;1;0.000077353575;0.000115400841;0.000079513343;0.000199977284;
2015;07;03;5;1;0.000075397950;0.000113650770;0.000078856654;0.000196675464;
2015;07;03;6;1;0.000075776057;0.000112509900;0.000084392128;0.000194119062;
2015;07;03;7;1;0.000081456808;0.000098958019;0.000094409509;0.000167151966;
2015;07;03;8;1;0.000095250202;0.000054032957;0.000107983181;0.000067581495;
2015;07;03;9;1;0.000112683789;0.000057550031;0.000126859903;0.000057550808;
2015;07;03;10;1;0.000134207901;0.000062682543;0.000160768635;0.000055045889;
2015;07;03;11;1;0.000148940130;0.000063916054;0.000214568025;0.000057837389;
2015;07;03;12;1;0.000154335959;0.000063573803;0.000221710557;0.000063516364;
2015;07;03;13;1;0.000161379302;0.000063865749;0.000226142500;0.000064267506;
2015;07;03;14;1;0.000168743413;0.000064108285;0.000219419175;0.000063450026;
2015;07;03;15;1;0.000164456482;0.000063735405;0.000158360703;0.000065108907;
2015;07;03;16;1;0.000154004538;0.000059421018;0.000151809586;0.000062940786;
2015;07;03;17;1;0.000151967651;0.000056668730;0.000154817453;0.000058099619;
2015;07;03;18;1;0.000157382170;0.000057732757;0.000164484402;0.000058917226;
2015;07;03;19;1;0.000161737245;0.000057893420;0.000169894090;0.000057288149;
2015;07;03;20;1;0.000159472725;0.000057988391;0.000168072812;0.000067585718;
2015;07;03;21;1;0.000155469952;0.000059332789;0.000150704357;0.000071674358;
2015;07;03;22;1;0.000155745986;0.000086416869;0.000115877048;0.000100114384;
2015;07;03;23;1;0.000152812434;0.000138350139;0.000096571622;0.000283875614;
2015;07;03;24;1;0.000134193790;0.000140437334;0.000088849921;0.000229156109;
2015;07;04;1;1;0.000115625010;0.000135100324;0.000061333074;0.000221388106;
2015;07;04;2;1;0.000097633905;0.000127466518;0.000058284410;0.000210493373;
2015;07;04;3;1;0.000085580912;0.000120999324;0.000056512665;0.000208266876;
2015;07;04;4;1;0.000079012368;0.000118645176;0.000055628981;0.000203584609;
2015;07;04;5;1;0.000076262416;0.000116542996;0.000056372982;0.000196883030;
2015;07;04;6;1;0.000075504307;0.000115223042;0.000058155617;0.000196856418;
2015;07;04;7;1;0.000077323382;0.000099264098;0.000062096207;0.000165007339;
2015;07;04;8;1;0.000083483273;0.000049777451;0.000067409766;0.000058209240;
2015;07;04;9;1;0.000099119767;0.000050077111;0.000076725536;0.000053481291;
2015;07;04;10;1;0.000121526291;0.000057612192;0.000106713954;0.000052007027;
2015;07;04;11;1;0.000139785624;0.000062410770;0.000133088228;0.000056587053;
2015;07;04;12;1;0.000148611703;0.000062237819;0.000139222820;0.000059287513;
2015;07;04;13;1;0.000154608881;0.000062061969;0.000141027727;0.000059345426;
2015;07;04;14;1;0.000159478994;0.000062649860;0.000136833406;0.000057413051;
2015;07;04;15;1;0.000156602383;0.000062091422;0.000093402598;0.000059807260;
2015;07;04;16;1;0.000145597438;0.000058172119;0.000092794326;0.000057794404;
2015;07;04;17;1;0.000138134410;0.000054334400;0.000095586825;0.000054612436;
2015;07;04;18;1;0.000136260489;0.000054780700;0.000101876675;0.000051515177;
2015;07;04;19;1;0.000137261480;0.000055727545;0.000106860097;0.000051750370;
2015;07;04;20;1;0.000137655910;0.000056080098;0.000110400926;0.000060725822;
2015;07;04;21;1;0.000140562886;0.000057702096;0.000105046644;0.000068819931;
2015;07;04;22;1;0.000150544315;0.000084867981;0.000093627989;0.000098769264;
2015;07;04;23;1;0.000149918681;0.000138902982;0.000082068629;0.000280999177;
2015;07;04;24;1;0.000133801874;0.000140747651;0.000073615356;0.000233794276;
2015;07;05;1;1;0.000118647256;0.000138575055;0.000062424960;0.000221253153;
2015;07;05;2;1;0.000101847188;0.000131049302;0.000061352319;0.000208653199;
2015;07;05;3;1;0.000089453770;0.000124199094;0.000060192075;0.000202546422;
2015;07;05;4;1;0.000082720690;0.000122097142;0.000059666057;0.000195527581;
2015;07;05;5;1;0.000079503124;0.000119978682;0.000059281205;0.000192838068;
2015;07;05;6;1;0.000078010622;0.000118271261;0.000060304885;0.000191100999;
2015;07;05;7;1;0.000078510887;0.000102413875;0.000061732662;0.000164449521;
2015;07;05;8;1;0.000081544225;0.000049040327;0.000064443201;0.000057625035;
2015;07;05;9;1;0.000092796157;0.000047757088;0.000068839517;0.000052002984;
2015;07;05;10;1;0.000110492850;0.000055076518;0.000088983501;0.000048687737;
2015;07;05;11;1;0.000126558568;0.000060595838;0.000112607721;0.000056683579;
2015;07;05;12;1;0.000135782528;0.000062800170;0.000116874048;0.000057099511;
2015;07;05;13;1;0.000141855364;0.000062611736;0.000118801986;0.000054128186;
2015;07;05;14;1;0.000149562767;0.000063279715;0.000113326738;0.000058100012;
2015;07;05;15;1;0.000152615263;0.000062738594;0.000074678164;0.000059398961;
2015;07;05;16;1;0.000141570875;0.000058038550;0.000077802837;0.000053448204;
2015;07;05;17;1;0.000135262649;0.000054739074;0.000083864070;0.000053261118;
2015;07;05;18;1;0.000133761830;0.000054331992;0.000094398356;0.000052508274;
2015;07;05;19;1;0.000138069255;0.000054132187;0.000095899952;0.000054148815;
2015;07;05;20;1;0.000140361878;0.000055854066;0.000093795961;0.000061689950;
2015;07;05;21;1;0.000147521617;0.000059061487;0.000089884741;0.000067818308;
2015;07;05;22;1;0.000160872358;0.000090641159;0.000082937151;0.000100012316;
2015;07;05;23;1;0.000160290271;0.000144946170;0.000072396042;0.000284785349;
2015;07;05;24;1;0.000139332070;0.000146393164;0.000063132278;0.000232789917;
2015;07;06;1;1;0.000113180483;0.000134825493;0.000067429498;0.000224375184;
2015;07;06;2;1;0.000093095082;0.000125786872;0.000068681852;0.000214772156;
2015;07;06;3;1;0.000082408696;0.000119661867;0.000070860052;0.000209661852;
2015;07;06;4;1;0.000077829488;0.000117442004;0.000075253486;0.000197454346;
2015;07;06;5;1;0.000075888826;0.000115832552;0.000083469466;0.000194381018;
2015;07;06;6;1;0.000076181291;0.000114819276;0.000090847620;0.000195812785;
2015;07;06;7;1;0.000081580492;0.000102564103;0.000100213996;0.000171029603;
2015;07;06;8;1;0.000096425046;0.000055440266;0.000114211562;0.000063149632;
2015;07;06;9;1;0.000115250925;0.000058143358;0.000134446026;0.000053763373;
2015;07;06;10;1;0.000137286313;0.000062762563;0.000166846307;0.000060834562;
2015;07;06;11;1;0.000152446125;0.000065124456;0.000222523735;0.000061387089;
2015;07;06;12;1;0.000158352120;0.000064379360;0.000230102802;0.000070041112;
2015;07;06;13;1;0.000166331147;0.000064617910;0.000237210959;0.000068535766;
2015;07;06;14;1;0.000173974683;0.000065339374;0.000232265531;0.000075046020;
2015;07;06;15;1;0.000166724915;0.000065031510;0.000169138631;0.000068761305;
2015;07;06;16;1;0.000155700190;0.000060321984;0.000163410136;0.000065956511;
2015;07;06;17;1;0.000156577230;0.000057471098;0.000166520209;0.000062810651;
2015;07;06;18;1;0.000161284814;0.000057621495;0.000177559225;0.000059687929;
2015;07;06;19;1;0.000166006142;0.000057939473;0.000182242868;0.000057987974;
2015;07;06;20;1;0.000165198102;0.000058374619;0.000179597091;0.000060086104;
2015;07;06;21;1;0.000161454253;0.000060699855;0.000160962212;0.000068432530;
2015;07;06;22;1;0.000166209297;0.000090496762;0.000124460358;0.000105476841;
2015;07;06;23;1;0.000163838216;0.000142838767;0.000105425617;0.000289414023;
2015;07;06;24;1;0.000138523813;0.000143231021;0.000096727192;0.000239524682;
2015;07;07;1;1;0.000114220085;0.000134548758;0.000092090206;0.000223520181;
2015;07;07;2;1;0.000093676109;0.000125792218;0.000088992038;0.000218970259;
2015;07;07;3;1;0.000083040789;0.000119319521;0.000086282252;0.000211637699;
2015;07;07;4;1;0.000077914146;0.000117139637;0.000083546079;0.000200915933;
2015;07;07;5;1;0.000075940181;0.000115745401;0.000082926059;0.000196683217;
2015;07;07;6;1;0.000076455512;0.000114615126;0.000087972891;0.000196254025;
2015;07;07;7;1;0.000082631209;0.000101321167;0.000098136621;0.000168038567;
2015;07;07;8;1;0.000097478746;0.000055638530;0.000111419126;0.000065678216;
2015;07;07;9;1;0.000115727091;0.000058356620;0.000130820624;0.000058537699;
2015;07;07;10;1;0.000137180046;0.000063488480;0.000165176058;0.000053854970;
2015;07;07;11;1;0.000153024488;0.000065369122;0.000220361305;0.000060276272;
2015;07;07;12;1;0.000159651451;0.000064923322;0.000230271351;0.000067623633;
2015;07;07;13;1;0.000167056031;0.000065020450;0.000236802006;0.000062971190;
2015;07;07;14;1;0.000175039069;0.000065900652;0.000231454820;0.000066429884;
2015;07;07;15;1;0.000167961323;0.000065212486;0.000168906345;0.000068274015;
2015;07;07;16;1;0.000157046120;0.000060636138;0.000162645084;0.000062534937;
2015;07;07;17;1;0.000157388677;0.000057893919;0.000167632380;0.000062870380;
2015;07;07;18;1;0.000163008985;0.000058579193;0.000178152802;0.000063775354;
2015;07;07;19;1;0.000167619395;0.000058701350;0.000183042249;0.000060324969;
2015;07;07;20;1;0.000167161555;0.000059086176;0.000180546936;0.000067288125;
2015;07;07;21;1;0.000163889482;0.000061429831;0.000162868521;0.000069646329;
2015;07;07;22;1;0.000167469135;0.000091358467;0.000125810060;0.000105003708;
2015;07;07;23;1;0.000165843387;0.000143938569;0.000106067354;0.000290614803;
2015;07;07;24;1;0.000141804764;0.000144149688;0.000097248015;0.000237913407;
2015;07;08;1;1;0.000114523897;0.000134485990;0.000093304143;0.000224032384;
2015;07;08;2;1;0.000094026739;0.000125780684;0.000090524238;0.000219636058;
2015;07;08;3;1;0.000083221666;0.000119244303;0.000087253493;0.000212052732;
2015;07;08;4;1;0.000078035319;0.000117040468;0.000084294992;0.000201223262;
2015;07;08;5;1;0.000075990566;0.000115611764;0.000083391654;0.000196862886;
2015;07;08;6;1;0.000076534987;0.000114497521;0.000088596774;0.000196484034;
2015;07;08;7;1;0.000082687752;0.000101204588;0.000098710259;0.000168193974;
2015;07;08;8;1;0.000097688846;0.000055602528;0.000112710567;0.000065805429;
2015;07;08;9;1;0.000115938664;0.000058312079;0.000132197437;0.000058637671;
2015;07;08;10;1;0.000137503173;0.000063451478;0.000167254911;0.000053966481;
2015;07;08;11;1;0.000153233415;0.000065308918;0.000222274134;0.000060360058;
2015;07;08;12;1;0.000159753843;0.000064847474;0.000231612884;0.000067683983;
2015;07;08;13;1;0.000166992950;0.000064921923;0.000237218853;0.000062983346;
2015;07;08;14;1;0.000174800923;0.000065778595;0.000230978240;0.000066397761;
2015;07;08;15;1;0.000167745463;0.000065093446;0.000168601080;0.000068244599;
2015;07;08;16;1;0.000156901075;0.000060533037;0.000162570644;0.000062523629;
2015;07;08;17;1;0.000156719306;0.000057728673;0.000165489546;0.000062714142;
2015;07;08;18;1;0.000161971588;0.000058369218;0.000174471132;0.000063523778;
2015;07;08;19;1;0.000166429663;0.000058476140;0.000178743894;0.000060056497;
2015;07;08;20;1;0.000165913620;0.000058851840;0.000176077946;0.000066971414;
2015;07;08;21;1;0.000162608504;0.000061178535;0.000158649120;0.000069301402;
2015;07;08;22;1;0.000166304386;0.000091012429;0.000122925798;0.000104546711;
2015;07;08;23;1;0.000164734416;0.000143407515;0.000103715215;0.000289405382;
2015;07;08;24;1;0.000140892983;0.000143630800;0.000095180653;0.000236965792;
2015;07;09;1;1;0.000113521603;0.000133168367;0.000092785976;0.000223757862;
2015;07;09;2;1;0.000093182671;0.000124538747;0.000089939279;0.000219332818;
2015;07;09;3;1;0.000082721134;0.000118189324;0.000087648683;0.000212197734;
2015;07;09;4;1;0.000077616433;0.000116030846;0.000084890809;0.000201450927;
2015;07;09;5;1;0.000075559202;0.000114601841;0.000083894104;0.000197042853;
2015;07;09;6;1;0.000076127023;0.000113510789;0.000089254180;0.000196710597;
2015;07;09;7;1;0.000082219156;0.000100320019;0.000099346355;0.000168347526;
2015;07;09;8;1;0.000096931219;0.000055076511;0.000112543669;0.000065769974;
2015;07;09;9;1;0.000114857234;0.000057728675;0.000131230144;0.000058541850;
2015;07;09;10;1;0.000135888884;0.000062764126;0.000164469957;0.000053787987;
2015;07;09;11;1;0.000151096421;0.000064551989;0.000216678268;0.000060068043;
2015;07;09;12;1;0.000157108775;0.000064037772;0.000223444348;0.000067233931;
2015;07;09;13;1;0.000164198529;0.000064107059;0.000228743657;0.000062556557;
2015;07;09;14;1;0.000171690737;0.000064928376;0.000221894658;0.000065898390;
2015;07;09;15;1;0.000164908210;0.000064271410;0.000162577534;0.000067772635;
2015;07;09;16;1;0.000154316402;0.000059777930;0.000157017565;0.000062110525;
2015;07;09;17;1;0.000154141608;0.000057009178;0.000159837018;0.000062301013;
2015;07;09;18;1;0.000159574201;0.000057675185;0.000169558807;0.000063178352;
2015;07;09;19;1;0.000164222867;0.000057812042;0.000174738312;0.000059794412;
2015;07;09;20;1;0.000163965032;0.000058214258;0.000173137776;0.000066749734;
2015;07;09;21;1;0.000160746138;0.000060521925;0.000156171787;0.000069086086;
2015;07;09;22;1;0.000164255002;0.000090008244;0.000120605634;0.000104158573;
2015;07;09;23;1;0.000162747142;0.000141838088;0.000101858883;0.000288383214;
2015;07;09;24;1;0.000139330512;0.000142107052;0.000093831546;0.000236289094;
2015;07;10;1;1;0.000114100152;0.000133419972;0.000090633141;0.000224150599;
2015;07;10;2;1;0.000094650615;0.000124718574;0.000088795106;0.000214117381;
2015;07;10;3;1;0.000084057334;0.000118485741;0.000086191131;0.000213024278;
2015;07;10;4;1;0.000078928263;0.000116930001;0.000083337280;0.000201028729;
2015;07;10;5;1;0.000076859023;0.000115118417;0.000082355773;0.000197578371;
2015;07;10;6;1;0.000077086229;0.000113882051;0.000087461538;0.000194734312;
2015;07;10;7;1;0.000082819070;0.000100145437;0.000097646998;0.000167617005;
2015;07;10;8;1;0.000096694023;0.000054652266;0.000111034807;0.000067697538;
2015;07;10;9;1;0.000114212599;0.000058178234;0.000129665409;0.000057587356;
2015;07;10;10;1;0.000136007991;0.000063363439;0.000164228951;0.000055075054;
2015;07;10;11;1;0.000150903364;0.000064605290;0.000218992267;0.000057858944;
2015;07;10;12;1;0.000156219360;0.000064238103;0.000225428514;0.000063497869;
2015;07;10;13;1;0.000163394965;0.000064539288;0.000230202986;0.000064261241;
2015;07;10;14;1;0.000170763649;0.000064772787;0.000222952672;0.000063421302;
2015;07;10;15;1;0.000166563765;0.000064414406;0.000161429493;0.000065116655;
2015;07;10;16;1;0.000156228395;0.000060087443;0.000155678901;0.000063018124;
2015;07;10;17;1;0.000153891445;0.000057269487;0.000157720071;0.000058100472;
2015;07;10;18;1;0.000159335879;0.000058339939;0.000167411374;0.000058908264;
2015;07;10;19;1;0.000163595563;0.000058483862;0.000172321012;0.000057243363;
2015;07;10;20;1;0.000161271808;0.000058575553;0.000170352516;0.000067523194;
2015;07;10;21;1;0.000157272699;0.000059939979;0.000152928524;0.000071623385;
2015;07;10;22;1;0.000157494541;0.000087290507;0.000117409535;0.000100018317;
2015;07;10;23;1;0.000154485108;0.000139736195;0.000097719086;0.000283550375;
2015;07;10;24;1;0.000135742211;0.000141872900;0.000090107945;0.000228986001;
2015;07;11;1;1;0.000116360265;0.000135567352;0.000062375926;0.000221779914;
2015;07;11;2;1;0.000098450021;0.000127994498;0.000059728940;0.000211154422;
2015;07;11;3;1;0.000086265286;0.000121485761;0.000057827527;0.000208869665;
2015;07;11;4;1;0.000079738461;0.000119170324;0.000057188919;0.000204339767;
2015;07;11;5;1;0.000076760388;0.000116953202;0.000057356355;0.000197255334;
2015;07;11;6;1;0.000075913869;0.000115585067;0.000058917395;0.000197079704;
2015;07;11;7;1;0.000077849387;0.000099622898;0.000063241398;0.000165350436;
2015;07;11;8;1;0.000084112343;0.000049969951;0.000068839780;0.000058359590;
2015;07;11;9;1;0.000099858250;0.000050269274;0.000078330783;0.000053616278;
2015;07;11;10;1;0.000122324905;0.000057815856;0.000108587763;0.000052106910;
2015;07;11;11;1;0.000140415822;0.000062587207;0.000134364284;0.000056615653;
2015;07;11;12;1;0.000149271758;0.000062412340;0.000140521525;0.000059314761;
2015;07;11;13;1;0.000154924456;0.000062184840;0.000141039044;0.000059274965;
2015;07;11;14;1;0.000159839438;0.000062778482;0.000136972658;0.000057353404;
2015;07;11;15;1;0.000156857854;0.000062205186;0.000093292082;0.000059719047;
2015;07;11;16;1;0.000145789625;0.000058272296;0.000092586365;0.000057696640;
2015;07;11;17;1;0.000138161341;0.000054406620;0.000094986380;0.000054477562;
2015;07;11;18;1;0.000136339802;0.000054860911;0.000101378973;0.000051401738;
2015;07;11;19;1;0.000137286604;0.000055801455;0.000106178520;0.000051622200;
2015;07;11;20;1;0.000137773846;0.000056167711;0.000109960466;0.000060603758;
2015;07;11;21;1;0.000140719765;0.000057797551;0.000104718847;0.000068694031;
2015;07;11;22;1;0.000150626824;0.000084992072;0.000093118707;0.000098550357;
2015;07;11;23;1;0.000150138132;0.000139150623;0.000081887581;0.000280554581;
2015;07;11;24;1;0.000133742170;0.000140906212;0.000072912573;0.000233117904;
2015;07;12;1;1;0.000117567351;0.000137094948;0.000062202553;0.000221008683;
2015;07;12;2;1;0.000100883914;0.000129634132;0.000061035047;0.000208371942;
2015;07;12;3;1;0.000088752566;0.000122926785;0.000060260654;0.000202500868;
2015;07;12;4;1;0.000082159569;0.000120890480;0.000059980056;0.000195626689;
2015;07;12;5;1;0.000078875606;0.000118747613;0.000059330186;0.000192787806;
2015;07;12;6;1;0.000077398451;0.000117059761;0.000060360349;0.000191057557;
2015;07;12;7;1;0.000077907678;0.000101370556;0.000061829277;0.000164430843;
2015;07;12;8;1;0.000080788615;0.000048514319;0.000064135000;0.000057555414;
2015;07;12;9;1;0.000091786981;0.000047218569;0.000068075670;0.000051882173;
2015;07;12;10;1;0.000108972999;0.000054400847;0.000087019828;0.000048477136;
2015;07;12;11;1;0.000124376097;0.000059779429;0.000108645078;0.000056300671;
2015;07;12;12;1;0.000133506889;0.000061964572;0.000112975873;0.000056733075;
2015;07;12;13;1;0.000139480751;0.000061778884;0.000114864677;0.000053781406;
2015;07;12;14;1;0.000146927491;0.000062418346;0.000109227297;0.000057691835;
2015;07;12;15;1;0.000149871996;0.000061876532;0.000071895664;0.000058966643;
2015;07;12;16;1;0.000138839012;0.000057214067;0.000074546422;0.000053009567;
2015;07;12;17;1;0.000132930367;0.000054000695;0.000080974948;0.000052900561;
2015;07;12;18;1;0.000131492333;0.000053604332;0.000091240388;0.000052162946;
2015;07;12;19;1;0.000135635228;0.000053394745;0.000092459015;0.000053767656;
2015;07;12;20;1;0.000138093409;0.000055121922;0.000090915669;0.000061319207;
2015;07;12;21;1;0.000145327733;0.000058313927;0.000087539492;0.000067471991;
2015;07;12;22;1;0.000158492735;0.000089496671;0.000080786044;0.000099507450;
2015;07;12;23;1;0.000158585487;0.000143323279;0.000071668651;0.000284170421;
2015;07;12;24;1;0.000138106925;0.000144846378;0.000062953299;0.000232584617;
2015;07;13;1;1;0.000112760075;0.000134022028;0.000067722580;0.000224639182;
2015;07;13;2;1;0.000092846541;0.000125083463;0.000069230630;0.000215181946;
2015;07;13;3;1;0.000082034806;0.000118915386;0.000070932591;0.000209789821;
2015;07;13;4;1;0.000077411267;0.000116675153;0.000075101847;0.000197459724;
2015;07;13;5;1;0.000075403213;0.000115034952;0.000082986813;0.000194247547;
2015;07;13;6;1;0.000075753582;0.000114059697;0.000090592982;0.000195784889;
2015;07;13;7;1;0.000081164617;0.000101903237;0.000100157931;0.000171065537;
2015;07;13;8;1;0.000096075707;0.000055110964;0.000114812762;0.000063227220;
2015;07;13;9;1;0.000114392619;0.000057721583;0.000133177298;0.000053687009;
2015;07;13;10;1;0.000136543407;0.000062351004;0.000166602643;0.000060833769;
2015;07;13;11;1;0.000151324655;0.000064654058;0.000220503793;0.000061303744;
2015;07;13;12;1;0.000157311712;0.000063931625;0.000228730127;0.000069984044;
2015;07;13;13;1;0.000164845859;0.000064116333;0.000233605453;0.000068368130;
2015;07;13;14;1;0.000172077597;0.000064787583;0.000227018173;0.000074759514;
2015;07;13;15;1;0.000164859818;0.000064475675;0.000165173318;0.000068485011;
2015;07;13;16;1;0.000153872264;0.000059794841;0.000159242969;0.000065666113;
2015;07;13;17;1;0.000154708305;0.000056965037;0.000162143177;0.000062525615;
2015;07;13;18;1;0.000159315145;0.000057108723;0.000172691946;0.000059405727;
2015;07;13;19;1;0.000164169050;0.000057446925;0.000178015466;0.000057760062;
2015;07;13;20;1;0.000163538596;0.000057898922;0.000176125473;0.000059892501;
2015;07;13;21;1;0.000159845902;0.000060206913;0.000157908196;0.000068215962;
2015;07;13;22;1;0.000164496202;0.000089751137;0.000121931878;0.000105117856;
2015;07;13;23;1;0.000161944241;0.000141600361;0.000102776440;0.000288177779;
2015;07;13;24;1;0.000136950294;0.000141999184;0.000094368563;0.000238534999;
2015;07;14;1;1;0.000113202517;0.000133516559;0.000090673119;0.000223146048;
2015;07;14;2;1;0.000093045667;0.000124921873;0.000088351659;0.000218935258;
2015;07;14;3;1;0.000082412530;0.000118459557;0.000085388929;0.000211481049;
2015;07;14;4;1;0.000077309397;0.000116287403;0.000082621048;0.000200739770;
2015;07;14;5;1;0.000075377224;0.000114917219;0.000082117526;0.000196558357;
2015;07;14;6;1;0.000076006064;0.000113855619;0.000087628893;0.000196338432;
2015;07;14;7;1;0.000082164272;0.000100657426;0.000097850633;0.000168136955;
2015;07;14;8;1;0.000097109093;0.000055309496;0.000111899832;0.000065801184;
2015;07;14;9;1;0.000114992872;0.000057960193;0.000130116398;0.000058543608;
2015;07;14;10;1;0.000136407346;0.000063072668;0.000164745183;0.000053886933;
2015;07;14;11;1;0.000152089356;0.000064930312;0.000219370922;0.000060292118;
2015;07;14;12;1;0.000158475400;0.000064459599;0.000228106738;0.000067582670;
2015;07;14;13;1;0.000165586215;0.000064524122;0.000233256724;0.000062870621;
2015;07;14;14;1;0.000173682555;0.000065421499;0.000228898163;0.000066372216;
2015;07;14;15;1;0.000166703471;0.000064744339;0.000167191506;0.000068227246;
2015;07;14;16;1;0.000155876693;0.000060201712;0.000161022640;0.000062493925;
2015;07;14;17;1;0.000155678146;0.000057410390;0.000163845012;0.000062679335;
2015;07;14;18;1;0.000160947484;0.000058053858;0.000172949919;0.000063502652;
2015;07;14;19;1;0.000165481404;0.000058172801;0.000177610759;0.000060062552;
2015;07;14;20;1;0.000165158323;0.000058569871;0.000175717209;0.000067031443;
2015;07;14;21;1;0.000161770182;0.000060872721;0.000157957530;0.000069334561;
2015;07;14;22;1;0.000165469917;0.000090561703;0.000122460730;0.000104606607;
2015;07;14;23;1;0.000163885552;0.000142690330;0.000103279587;0.000289543483;
2015;07;14;24;1;0.000140161156;0.000142910407;0.000094767449;0.000237072012;
2015;07;15;1;1;0.000113799449;0.000133987272;0.000091782867;0.000223521642;
2015;07;15;2;1;0.000093363847;0.000125282495;0.000088810404;0.000219024758;
2015;07;15;3;1;0.000082692539;0.000118800623;0.000085825280;0.000211564302;
2015;07;15;4;1;0.000077764402;0.000116722039;0.000083820439;0.000201162372;
2015;07;15;5;1;0.000075633185;0.000115248019;0.000082536283;0.000196635489;
2015;07;15;6;1;0.000076231124;0.000114166297;0.000087931408;0.000196356784;
2015;07;15;7;1;0.000082452786;0.000100951198;0.000098392309;0.000168216321;
2015;07;15;8;1;0.000097196154;0.000055421164;0.000111398741;0.000065714038;
2015;07;15;9;1;0.000115359532;0.000058122949;0.000130671868;0.000058558291;
2015;07;15;10;1;0.000137035833;0.000063280431;0.000166361186;0.000053952864;
2015;07;15;11;1;0.000152844812;0.000065152197;0.000221830332;0.000060380758;
2015;07;15;12;1;0.000159165424;0.000064666333;0.000230119754;0.000067653616;
2015;07;15;13;1;0.000166356509;0.000064737705;0.000235575429;0.000062949512;
2015;07;15;14;1;0.000174148312;0.000065593680;0.000229451035;0.000066365634;
2015;07;15;15;1;0.000167145877;0.000064914030;0.000167587816;0.000068219089;
2015;07;15;16;1;0.000156273946;0.000060357317;0.000161339191;0.000062481933;
2015;07;15;17;1;0.000156117654;0.000057564266;0.000164331535;0.000062679198;
2015;07;15;18;1;0.000161500844;0.000058221819;0.000173859980;0.000063529421;
2015;07;15;19;1;0.000165962546;0.000058330462;0.000178187901;0.000060065953;
2015;07;15;20;1;0.000165650405;0.000058730042;0.000176338781;0.000067038534;
2015;07;15;21;1;0.000162388324;0.000061056894;0.000159015778;0.000069382071;
2015;07;15;22;1;0.000166249137;0.000090863446;0.000123692635;0.000104742189;
2015;07;15;23;1;0.000164373878;0.000143080668;0.000103641211;0.000289574373;
2015;07;15;24;1;0.000140649634;0.000143326204;0.000095282466;0.000237179636;
2015;07;16;1;1;0.000113911278;0.000133858935;0.000092567977;0.000223695813;
2015;07;16;2;1;0.000093626999;0.000125242064;0.000090179674;0.000219473361;
2015;07;16;3;1;0.000082920273;0.000118759682;0.000087126069;0.000211988269;
2015;07;16;4;1;0.000077834302;0.000116607053;0.000084504613;0.000201307791;
2015;07;16;5;1;0.000075714252;0.000115141164;0.000083270505;0.000196800795;
2015;07;16;6;1;0.000076292190;0.000114049734;0.000088625224;0.000196485074;
2015;07;16;7;1;0.000082466138;0.000100825736;0.000098936873;0.000168251802;
2015;07;16;8;1;0.000097103032;0.000055330894;0.000111541209;0.000065677117;
2015;07;16;9;1;0.000115063171;0.000057996164;0.000130022396;0.000058460450;
2015;07;16;10;1;0.000136475600;0.000063109401;0.000164556793;0.000053806275;
2015;07;16;11;1;0.000152049671;0.000064951193;0.000218468973;0.000060170381;
2015;07;16;12;1;0.000158394640;0.000064474857;0.000226944300;0.000067434701;
2015;07;16;13;1;0.000165823407;0.000064582279;0.000233841540;0.000062816702;
2015;07;16;14;1;0.000173733682;0.000065454701;0.000228499826;0.000066263219;
2015;07;16;15;1;0.000166802609;0.000064783799;0.000167102829;0.000068129202;
2015;07;16;16;1;0.000156005741;0.000060243292;0.000161073755;0.000062414197;
2015;07;16;17;1;0.000155919651;0.000057464440;0.000164336172;0.000062630657;
2015;07;16;18;1;0.000161181657;0.000058106594;0.000173404081;0.000063449132;
2015;07;16;19;1;0.000165513553;0.000058200363;0.000177227723;0.000059959825;
2015;07;16;20;1;0.000165186061;0.000058597035;0.000175328348;0.000066915523;
2015;07;16;21;1;0.000161880282;0.000060911709;0.000157915293;0.000069239116;
2015;07;16;22;1;0.000165683593;0.000090638857;0.000122706438;0.000104506663;
2015;07;16;23;1;0.000163947640;0.000142767177;0.000103123630;0.000289085355;
2015;07;16;24;1;0.000140506191;0.000143089762;0.000095380108;0.000237036358;
2015;07;17;1;1;0.000115615153;0.000134960563;0.000092450310;0.000224603508;
2015;07;17;2;1;0.000095980831;0.000126192065;0.000090836816;0.000214663440;
2015;07;17;3;1;0.000085030933;0.000119784236;0.000087378120;0.000213207565;
2015;07;17;4;1;0.000079926969;0.000118254852;0.000084815802;0.000201348990;
2015;07;17;5;1;0.000077871700;0.000116443563;0.000083977317;0.000197963722;
2015;07;17;6;1;0.000078185295;0.000115235513;0.000089540033;0.000195258009;
2015;07;17;7;1;0.000084058900;0.000101360195;0.000100234135;0.000168149224;
2015;07;17;8;1;0.000097951826;0.000055278284;0.000113144063;0.000067821902;
2015;07;17;9;1;0.000115695039;0.000058844150;0.000132105941;0.000057692105;
2015;07;17;10;1;0.000137921010;0.000064112288;0.000168013783;0.000055215934;
2015;07;17;11;1;0.000152801091;0.000065335827;0.000222770232;0.000057948282;
2015;07;17;12;1;0.000158592825;0.000065022063;0.000231622382;0.000063708977;
2015;07;17;13;1;0.000165835279;0.000065321274;0.000236286114;0.000064463655;
2015;07;17;14;1;0.000173412782;0.000065570576;0.000229323830;0.000063646158;
2015;07;17;15;1;0.000169396400;0.000065241128;0.000166934256;0.000065414052;
2015;07;17;16;1;0.000158638610;0.000060825852;0.000160063807;0.000063237961;
2015;07;17;17;1;0.000156472596;0.000057999767;0.000162974380;0.000058356436;
2015;07;17;18;1;0.000161698513;0.000059044745;0.000171755288;0.000059089596;
2015;07;17;19;1;0.000165759558;0.000059158184;0.000175739979;0.000057357091;
2015;07;17;20;1;0.000163243334;0.000059230666;0.000173086256;0.000067611114;
2015;07;17;21;1;0.000159166042;0.000060606487;0.000155276469;0.000071707522;
2015;07;17;22;1;0.000159545590;0.000088290862;0.000119644483;0.000100203108;
2015;07;17;23;1;0.000156561480;0.000141357773;0.000099731421;0.000284155213;
2015;07;17;24;1;0.000137617602;0.000143537480;0.000092096352;0.000229532865;
2015;07;18;1;1;0.000117612220;0.000136713978;0.000063603233;0.000222341217;
2015;07;18;2;1;0.000099475316;0.000129062097;0.000060820364;0.000211639344;
2015;07;18;3;1;0.000087159552;0.000122497104;0.000058872762;0.000209342554;
2015;07;18;4;1;0.000080611765;0.000120186311;0.000058352899;0.000204884111;
2015;07;18;5;1;0.000077510925;0.000117903197;0.000058262045;0.000197622602;
2015;07;18;6;1;0.000076736793;0.000116566144;0.000060088753;0.000197589794;
2015;07;18;7;1;0.000078855998;0.000100540060;0.000065006315;0.000166014697;
2015;07;18;8;1;0.000084970008;0.000050383060;0.000070036736;0.000058484983;
2015;07;18;9;1;0.000100664214;0.000050648102;0.000079055343;0.000053653527;
2015;07;18;10;1;0.000123472864;0.000058277679;0.000110137897;0.000052189925;
2015;07;18;11;1;0.000142107862;0.000063144340;0.000137673925;0.000056808914;
2015;07;18;12;1;0.000150861004;0.000062937893;0.000143215798;0.000059460390;
2015;07;18;13;1;0.000156762068;0.000062734429;0.000144402381;0.000059469717;
2015;07;18;14;1;0.000161799441;0.000063342200;0.000140426217;0.000057557764;
2015;07;18;15;1;0.000158927398;0.000062784097;0.000095948906;0.000059970253;
2015;07;18;16;1;0.000147462004;0.000058779919;0.000094624270;0.000057871212;
2015;07;18;17;1;0.000139774978;0.000054884520;0.000097148469;0.000054650204;
2015;07;18;18;1;0.000137781244;0.000055321707;0.000103274131;0.000051525533;
2015;07;18;19;1;0.000138253149;0.000056201734;0.000106780974;0.000051621276;
2015;07;18;20;1;0.000138592552;0.000056549301;0.000110131555;0.000060557056;
2015;07;18;21;1;0.000141557505;0.000058190578;0.000104874204;0.000068641770;
2015;07;18;22;1;0.000151647870;0.000085594704;0.000093523404;0.000098531617;
2015;07;18;23;1;0.000150880125;0.000140050511;0.000081634468;0.000280151003;
2015;07;18;24;1;0.000134399697;0.000141816339;0.000072676627;0.000232778673;
2015;07;19;1;1;0.000117790454;0.000137375220;0.000062253755;0.000220975183;
2015;07;19;2;1;0.000101160554;0.000129936472;0.000061290785;0.000208460803;
2015;07;19;3;1;0.000088949400;0.000123191402;0.000060389828;0.000202514378;
2015;07;19;4;1;0.000082347778;0.000121153715;0.000060126232;0.000195649505;
2015;07;19;5;1;0.000079099082;0.000119028265;0.000059599972;0.000192882065;
2015;07;19;6;1;0.000077641496;0.000117348753;0.000060706532;0.000191191232;
2015;07;19;7;1;0.000078271034;0.000101673822;0.000062548654;0.000164717923;
2015;07;19;8;1;0.000081043461;0.000048634336;0.000064505812;0.000057596259;
2015;07;19;9;1;0.000091862573;0.000047297507;0.000067862130;0.000051835848;
2015;07;19;10;1;0.000109211364;0.000054517328;0.000087200569;0.000048479310;
2015;07;19;11;1;0.000124943664;0.000059956275;0.000109860547;0.000056395140;
2015;07;19;12;1;0.000133879903;0.000062110186;0.000113472356;0.000056759282;
2015;07;19;13;1;0.000139823511;0.000061916891;0.000115222962;0.000053793793;
2015;07;19;14;1;0.000147212786;0.000062546625;0.000109359060;0.000057684599;
2015;07;19;15;1;0.000150105759;0.000061995445;0.000071883537;0.000058943654;
2015;07;19;16;1;0.000139272630;0.000057355060;0.000074964338;0.000053046105;
2015;07;19;17;1;0.000133360541;0.000054135902;0.000081461495;0.000052941163;
2015;07;19;18;1;0.000131960752;0.000053744638;0.000091896876;0.000052214750;
2015;07;19;19;1;0.000136062988;0.000053526899;0.000092987283;0.000053805858;
2015;07;19;20;1;0.000138537567;0.000055259540;0.000091456716;0.000061365416;
2015;07;19;21;1;0.000145691191;0.000058445038;0.000087829146;0.000067489518;
2015;07;19;22;1;0.000159042158;0.000089727734;0.000081347382;0.000099599469;
2015;07;19;23;1;0.000159095495;0.000143680841;0.000072100657;0.000284384040;
2015;07;19;24;1;0.000138450399;0.000145171501;0.000063155177;0.000232643037;
2015;07;20;1;1;0.000113667661;0.000135363489;0.000067628553;0.000224396980;
2015;07;20;2;1;0.000093635774;0.000126354132;0.000069272331;0.000215015005;
2015;07;20;3;1;0.000082930468;0.000120223236;0.000071606193;0.000209974532;
2015;07;20;4;1;0.000078444593;0.000118056863;0.000076485933;0.000197962385;
2015;07;20;5;1;0.000076398815;0.000116391502;0.000084470445;0.000194722838;
2015;07;20;6;1;0.000076791263;0.000115424299;0.000092378414;0.000196330204;
2015;07;20;7;1;0.000082414191;0.000103181988;0.000102778623;0.000171740172;
2015;07;20;8;1;0.000097359087;0.000055763923;0.000116919978;0.000063388727;
2015;07;20;9;1;0.000116023415;0.000058423267;0.000136083550;0.000053856998;
2015;07;20;10;1;0.000138425947;0.000063098965;0.000169931514;0.000061006982;
2015;07;20;11;1;0.000153875817;0.000065497525;0.000227575541;0.000061606330;
2015;07;20;12;1;0.000160045580;0.000064776972;0.000236543532;0.000070354154;
2015;07;20;13;1;0.000167706092;0.000064963678;0.000241529539;0.000068728571;
2015;07;20;14;1;0.000175179041;0.000065659103;0.000235249058;0.000075188285;
2015;07;20;15;1;0.000167655850;0.000065319733;0.000170451471;0.000068828443;
2015;07;20;16;1;0.000156307655;0.000060554195;0.000163657149;0.000065944549;
2015;07;20;17;1;0.000157137330;0.000057685923;0.000166565596;0.000062785283;
2015;07;20;18;1;0.000161747250;0.000057822823;0.000177124000;0.000059634764;
2015;07;20;19;1;0.000166292321;0.000058119162;0.000180994731;0.000057890871;
2015;07;20;20;1;0.000165456033;0.000058552299;0.000178268956;0.000059978694;
2015;07;20;21;1;0.000161683924;0.000060881543;0.000159706985;0.000068303502;
2015;07;20;22;1;0.000166601888;0.000090797245;0.000123914050;0.000105346349;
2015;07;20;23;1;0.000164094205;0.000143274101;0.000104628835;0.000288897860;
2015;07;20;24;1;0.000138706807;0.000143655721;0.000095904792;0.000239057925;
2015;07;21;1;1;0.000114555462;0.000134947661;0.000092046333;0.000223537268;
2015;07;21;2;1;0.000094210257;0.000126285058;0.000089882705;0.000219403358;
2015;07;21;3;1;0.000083475541;0.000119767836;0.000086992376;0.000211988435;
2015;07;21;4;1;0.000078380530;0.000117610029;0.000084472280;0.000201352514;
2015;07;21;5;1;0.000076425781;0.000116226457;0.000083975073;0.000197165796;
2015;07;21;6;1;0.000077065032;0.000115153616;0.000089618557;0.000196948117;
2015;07;21;7;1;0.000083227679;0.000101770658;0.000099702407;0.000168545444;
2015;07;21;8;1;0.000098243141;0.000055897174;0.000113473145;0.000065904318;
2015;07;21;9;1;0.000116672837;0.000058634266;0.000133427854;0.000058752253;
2015;07;21;10;1;0.000138520966;0.000063825323;0.000169507584;0.000054111471;
2015;07;21;11;1;0.000154685562;0.000065740127;0.000227066094;0.000060607984;
2015;07;21;12;1;0.000161155897;0.000065260074;0.000235974206;0.000067929527;
2015;07;21;13;1;0.000168450144;0.000065334043;0.000241609689;0.000063209821;
2015;07;21;14;1;0.000176282254;0.000066190718;0.000234987645;0.000066625294;
2015;07;21;15;1;0.000169130949;0.000065496645;0.000171367753;0.000068468576;
2015;07;21;16;1;0.000157898743;0.000060868092;0.000164093369;0.000062646978;
2015;07;21;17;1;0.000157606500;0.000058034268;0.000166608768;0.000062807764;
2015;07;21;18;1;0.000163017266;0.000058694239;0.000176171959;0.000063653332;
2015;07;21;19;1;0.000167564885;0.000058809102;0.000180736117;0.000060194025;
2015;07;21;20;1;0.000166947099;0.000059174939;0.000177643683;0.000067097555;
2015;07;21;21;1;0.000163508396;0.000061499728;0.000159644206;0.000069398829;
2015;07;21;22;1;0.000167373087;0.000091518274;0.000124111030;0.000104757779;
2015;07;21;23;1;0.000165289328;0.000144053837;0.000103496754;0.000289382703;
2015;07;21;24;1;0.000141498524;0.000144324050;0.000095318883;0.000237098331;
2015;07;22;1;1;0.000114135133;0.000134070897;0.000092703679;0.000223830827;
2015;07;22;2;1;0.000093781507;0.000125426719;0.000090206417;0.000219558115;
2015;07;22;3;1;0.000083115155;0.000118963579;0.000087378289;0.000212172573;
2015;07;22;4;1;0.000077950083;0.000116772414;0.000084478314;0.000201362931;
2015;07;22;5;1;0.000075931286;0.000115359355;0.000083673924;0.000197041895;
2015;07;22;6;1;0.000076557796;0.000114290059;0.000089260203;0.000196809050;
2015;07;22;7;1;0.000082812415;0.000101062993;0.000099921360;0.000168612153;
2015;07;22;8;1;0.000097550210;0.000055468713;0.000112835327;0.000065836006;
2015;07;22;9;1;0.000115672458;0.000058154081;0.000131908141;0.000058629343;
2015;07;22;10;1;0.000137397821;0.000063312866;0.000167878456;0.000054015759;
2015;07;22;11;1;0.000153156094;0.000065172092;0.000223330726;0.000060426048;
2015;07;22;12;1;0.000159533546;0.000064692168;0.000231928836;0.000067717174;
2015;07;22;13;1;0.000166584223;0.000064742700;0.000236550181;0.000062967876;
2015;07;22;14;1;0.000174427672;0.000065604196;0.000230582810;0.000066395887;
2015;07;22;15;1;0.000167364770;0.000064917940;0.000168216515;0.000068236431;
2015;07;22;16;1;0.000156149241;0.000060316870;0.000160684811;0.000062406827;
2015;07;22;17;1;0.000155375476;0.000057446940;0.000161235530;0.000062432698;
2015;07;22;18;1;0.000160793332;0.000058110837;0.000170803493;0.000063296116;
2015;07;22;19;1;0.000165474011;0.000058248317;0.000176004839;0.000059905008;
2015;07;22;20;1;0.000165041155;0.000058632331;0.000173707050;0.000066824830;
2015;07;22;21;1;0.000161770713;0.000060952539;0.000156582951;0.000069154757;
2015;07;22;22;1;0.000165492349;0.000090684795;0.000121443053;0.000104345079;
2015;07;22;23;1;0.000163678611;0.000142816218;0.000101850059;0.000288542698;
2015;07;22;24;1;0.000140064875;0.000143064914;0.000093660382;0.000236346508;
2015;07;23;1;1;0.000113665488;0.000133807958;0.000091626378;0.000223371591;
2015;07;23;2;1;0.000093454096;0.000125207613;0.000089374774;0.000219202018;
2015;07;23;3;1;0.000082887084;0.000118786534;0.000086816662;0.000211938103;
2015;07;23;4;1;0.000077836362;0.000116650678;0.000084337843;0.000201319553;
2015;07;23;5;1;0.000075804520;0.000115230685;0.000083468851;0.000196970752;
2015;07;23;6;1;0.000076363178;0.000114128075;0.000088749732;0.000196619236;
2015;07;23;7;1;0.000082539003;0.000100893329;0.000099059826;0.000168361189;
2015;07;23;8;1;0.000097232296;0.000055376486;0.000111873137;0.000065740041;
2015;07;23;9;1;0.000115231304;0.000058046462;0.000130483393;0.000058521616;
2015;07;23;10;1;0.000136750671;0.000063176124;0.000165495142;0.000053883079;
2015;07;23;11;1;0.000152587029;0.000065053613;0.000221015416;0.000060319046;
2015;07;23;12;1;0.000159008169;0.000064583976;0.000229897881;0.000067616999;
2015;07;23;13;1;0.000166068877;0.000064638783;0.000234675233;0.000062883315;
2015;07;23;14;1;0.000174022749;0.000065516231;0.000229453467;0.000066341990;
2015;07;23;15;1;0.000166833314;0.000064811562;0.000166872254;0.000068140593;
2015;07;23;16;1;0.000155924343;0.000060254378;0.000160428774;0.000062394187;
2015;07;23;17;1;0.000155702238;0.000057457673;0.000163141122;0.000062572839;
2015;07;23;18;1;0.000161129214;0.000058121298;0.000172828589;0.000063437462;
2015;07;23;19;1;0.000165644072;0.000058237475;0.000177383906;0.000059994881;
2015;07;23;20;1;0.000165223267;0.000058623010;0.000175109437;0.000066928644;
2015;07;23;21;1;0.000161818704;0.000060925946;0.000157360694;0.000069223731;
2015;07;23;22;1;0.000165756464;0.000090685752;0.000122652443;0.000104542630;
2015;07;23;23;1;0.000164005230;0.000142836711;0.000103042716;0.000289167246;
2015;07;23;24;1;0.000140264630;0.000143057452;0.000094551570;0.000236765331;
2015;07;24;1;1;0.000114922630;0.000134447811;0.000091023381;0.000224212518;
2015;07;24;2;1;0.000095425207;0.000125721084;0.000089513429;0.000214319140;
2015;07;24;3;1;0.000084604034;0.000119369118;0.000086352812;0.000212979301;
2015;07;24;4;1;0.000079634116;0.000117900634;0.000084247516;0.000201322857;
2015;07;24;5;1;0.000077526355;0.000116063689;0.000083173568;0.000197832241;
2015;07;24;6;1;0.000077885366;0.000114883467;0.000088882785;0.000195209362;
2015;07;24;7;1;0.000083815240;0.000101083370;0.000099851705;0.000168216497;
2015;07;24;8;1;0.000097580532;0.000055110277;0.000112333057;0.000067807143;
2015;07;24;9;1;0.000115245129;0.000058663318;0.000131109364;0.000057675635;
2015;07;24;10;1;0.000137287798;0.000063899776;0.000166294190;0.000055173369;
2015;07;24;11;1;0.000152616413;0.000065195186;0.000223393480;0.000058038992;
2015;07;24;12;1;0.000158351263;0.000064875054;0.000231992726;0.000063794847;
2015;07;24;13;1;0.000165581043;0.000065173480;0.000236634988;0.000064550208;
2015;07;24;14;1;0.000173217385;0.000065431639;0.000229976916;0.000063749722;
2015;07;24;15;1;0.000168601094;0.000065022365;0.000165180431;0.000065358761;
2015;07;24;16;1;0.000157844296;0.000060615333;0.000158194392;0.000063170841;
2015;07;24;17;1;0.000155643188;0.000057793156;0.000160889869;0.000058282640;
2015;07;24;18;1;0.000160955959;0.000058848935;0.000170006653;0.000059043931;
2015;07;24;19;1;0.000165147758;0.000058980420;0.000174546515;0.000057348566;
2015;07;24;20;1;0.000162669748;0.000059056310;0.000172026214;0.000067609362;
2015;07;24;21;1;0.000158748389;0.000060446706;0.000154845617;0.000071749839;
2015;07;24;22;1;0.000159050984;0.000088043520;0.000119101605;0.000100229149;
2015;07;24;23;1;0.000155753312;0.000140861675;0.000098484935;0.000283824477;
2015;07;24;24;1;0.000136715408;0.000142965164;0.000090445370;0.000229044994;
2015;07;25;1;1;0.000116111059;0.000134782256;0.000063123036;0.000222121754;
2015;07;25;2;1;0.000098224915;0.000127247777;0.000060390392;0.000211460119;
2015;07;25;3;1;0.000086085521;0.000120785724;0.000058507064;0.000209201770;
2015;07;25;4;1;0.000079575593;0.000118485238;0.000057872014;0.000204670379;
2015;07;25;5;1;0.000076551181;0.000116253648;0.000057885396;0.000197481603;
2015;07;25;6;1;0.000075606120;0.000114841053;0.000059157143;0.000197124725;
2015;07;25;7;1;0.000077755865;0.000099079558;0.000064183587;0.000165715165;
2015;07;25;8;1;0.000083861848;0.000049666974;0.000069391156;0.000058416612;
2015;07;25;9;1;0.000099119682;0.000049887881;0.000077649574;0.000053504393;
2015;07;25;10;1;0.000121254959;0.000057350303;0.000107086326;0.000051949395;
2015;07;25;11;1;0.000139180677;0.000062082186;0.000132478878;0.000056442582;
2015;07;25;12;1;0.000147710403;0.000061873077;0.000137649135;0.000059065154;
2015;07;25;13;1;0.000153375477;0.000061657349;0.000138412272;0.000059044414;
2015;07;25;14;1;0.000158178558;0.000062237289;0.000134235168;0.000057114566;
2015;07;25;15;1;0.000155177922;0.000061661837;0.000091332297;0.000059456916;
2015;07;25;16;1;0.000144121814;0.000057748390;0.000090402558;0.000057413956;
2015;07;25;17;1;0.000136495129;0.000053905696;0.000092533882;0.000054187095;
2015;07;25;18;1;0.000134578236;0.000054339367;0.000098444365;0.000051096858;
2015;07;25;19;1;0.000135465419;0.000055264368;0.000102963158;0.000051303693;
2015;07;25;20;1;0.000135890245;0.000055619287;0.000106457207;0.000060212823;
2015;07;25;21;1;0.000138865989;0.000057243402;0.000101559167;0.000068274930;
2015;07;25;22;1;0.000149045901;0.000084256386;0.000091217192;0.000098132886;
2015;07;25;23;1;0.000148578602;0.000137951865;0.000080234170;0.000279388200;
2015;07;25;24;1;0.000132204210;0.000139638642;0.000071124677;0.000231969517;
2015;07;26;1;1;0.000116366571;0.000136298906;0.000060449941;0.000220146147;
2015;07;26;2;1;0.000099999146;0.000128944926;0.000059673986;0.000207765478;
2015;07;26;3;1;0.000087981944;0.000122276624;0.000058944701;0.000201923240;
2015;07;26;4;1;0.000081453828;0.000120254808;0.000058695225;0.000195081021;
2015;07;26;5;1;0.000078375900;0.000118215124;0.000058577168;0.000192550462;
2015;07;26;6;1;0.000076902494;0.000116531882;0.000059578470;0.000190812702;
2015;07;26;7;1;0.000077695189;0.000101041654;0.000061905358;0.000164638590;
2015;07;26;8;1;0.000080493607;0.000048341540;0.000063983118;0.000057591393;
2015;07;26;9;1;0.000091188607;0.000047003766;0.000067169137;0.000051811621;
2015;07;26;10;1;0.000108330688;0.000054165090;0.000086067992;0.000048432192;
2015;07;26;11;1;0.000123702898;0.000059530293;0.000107655267;0.000056267256;
2015;07;26;12;1;0.000132861025;0.000061718602;0.000112194449;0.000056721982;
2015;07;26;13;1;0.000138611297;0.000061503886;0.000113463683;0.000053718874;
2015;07;26;14;1;0.000145942148;0.000062130209;0.000107708137;0.000057605763;
2015;07;26;15;1;0.000149017343;0.000061612384;0.000071166000;0.000058919727;
2015;07;26;16;1;0.000138256675;0.000056999831;0.000074202170;0.000053022984;
2015;07;26;17;1;0.000132299108;0.000053788092;0.000080435554;0.000052893566;
2015;07;26;18;1;0.000131075494;0.000053422801;0.000091154784;0.000052213389;
2015;07;26;19;1;0.000135319203;0.000053229494;0.000092659314;0.000053851031;
2015;07;26;20;1;0.000137717084;0.000054943678;0.000090985996;0.000061397366;
2015;07;26;21;1;0.000144722227;0.000058096098;0.000087146779;0.000067490331;
2015;07;26;22;1;0.000158276134;0.000089248690;0.000081285901;0.000099727379;
2015;07;26;23;1;0.000158034165;0.000142821368;0.000071549778;0.000284382272;
2015;07;26;24;1;0.000137627576;0.000144339420;0.000062850113;0.000232758928;
2015;07;27;1;1;0.000112416849;0.000133470763;0.000067637834;0.000224578175;
2015;07;27;2;1;0.000092543921;0.000124559893;0.000069082254;0.000215091785;
2015;07;27;3;1;0.000081883779;0.000118476318;0.000071147217;0.000209908680;
2015;07;27;4;1;0.000077416970;0.000116321820;0.000075860429;0.000197833884;
2015;07;27;5;1;0.000075470356;0.000114718972;0.000084081597;0.000194725381;
2015;07;27;6;1;0.000075833661;0.000113752689;0.000091854341;0.000196288655;
2015;07;27;7;1;0.000081349914;0.000101670843;0.000102069944;0.000171648917;
2015;07;27;8;1;0.000095960234;0.000054918960;0.000115500295;0.000063290280;
2015;07;27;9;1;0.000114139975;0.000057500195;0.000133496024;0.000053702935;
2015;07;27;10;1;0.000136217277;0.000062108053;0.000166880015;0.000060844299;
2015;07;27;11;1;0.000151009331;0.000064408833;0.000221140939;0.000061327195;
2015;07;27;12;1;0.000156686904;0.000063647780;0.000227711820;0.000069919665;
2015;07;27;13;1;0.000164101171;0.000063819719;0.000232062347;0.000068279542;
2015;07;27;14;1;0.000171307408;0.000064488846;0.000225545615;0.000074664855;
2015;07;27;15;1;0.000163729549;0.000064125299;0.000162633373;0.000068285351;
2015;07;27;16;1;0.000152665950;0.000059449575;0.000156206761;0.000065429928;
2015;07;27;17;1;0.000153305507;0.000056612015;0.000158296294;0.000062247633;
2015;07;27;18;1;0.000157971116;0.000056767397;0.000168984911;0.000059167712;
2015;07;27;19;1;0.000162749154;0.000057099425;0.000174042092;0.000057520199;
2015;07;27;20;1;0.000161938344;0.000057525849;0.000171459099;0.000059596547;
2015;07;27;21;1;0.000158213240;0.000059809847;0.000153494607;0.000067858403;
2015;07;27;22;1;0.000163327848;0.000089255965;0.000119931204;0.000104793667;
2015;07;27;23;1;0.000160535983;0.000140741852;0.000100452609;0.000286972333;
2015;07;27;24;1;0.000135760118;0.000141138559;0.000092235512;0.000237538157;
2015;07;28;1;1;0.000112185408;0.000132351618;0.000089648197;0.000222726950;
2015;07;28;2;1;0.000092280622;0.000123864998;0.000087600874;0.000218640404;
2015;07;28;3;1;0.000081910007;0.000117544459;0.000085340012;0.000211508829;
2015;07;28;4;1;0.000076873684;0.000115407457;0.000082722791;0.000200830274;
2015;07;28;5;1;0.000074913134;0.000114026908;0.000082059585;0.000196575713;
2015;07;28;6;1;0.000075461171;0.000112933694;0.000087234641;0.000196217584;
2015;07;28;7;1;0.000081771166;0.000099924834;0.000098308428;0.000168311442;
2015;07;28;8;1;0.000096200494;0.000054819796;0.000110480623;0.000065660579;
2015;07;28;9;1;0.000113834638;0.000057432708;0.000128114588;0.000058389399;
2015;07;28;10;1;0.000135097457;0.000062508818;0.000162509610;0.000053762520;
2015;07;28;11;1;0.000150704318;0.000064360908;0.000216814944;0.000060173642;
2015;07;28;12;1;0.000156970527;0.000063885708;0.000225106581;0.000067431635;
2015;07;28;13;1;0.000163859127;0.000063928971;0.000229345866;0.000062689418;
2015;07;28;14;1;0.000171545201;0.000064775583;0.000223460666;0.000066094284;
2015;07;28;15;1;0.000164314461;0.000064059361;0.000162000505;0.000067845057;
2015;07;28;16;1;0.000153482502;0.000059543378;0.000155403588;0.000062099146;
2015;07;28;17;1;0.000153294632;0.000056783700;0.000158138925;0.000062285673;
2015;07;28;18;1;0.000158653324;0.000057441584;0.000167579576;0.000063150714;
2015;07;28;19;1;0.000163412464;0.000057594567;0.000173251616;0.000059802901;
2015;07;28;20;1;0.000163053288;0.000057982690;0.000171255539;0.000066730252;
2015;07;28;21;1;0.000159899389;0.000060287306;0.000154646038;0.000069079960;
2015;07;28;22;1;0.000164217014;0.000089815868;0.000121719903;0.000104513017;
2015;07;28;23;1;0.000162435260;0.000141451926;0.000102168107;0.000289026751;
2015;07;28;24;1;0.000138894491;0.000141660807;0.000093681151;0.000236617954;
2015;07;29;1;1;0.000113322990;0.000133366335;0.000091354987;0.000223324511;
2015;07;29;2;1;0.000093239519;0.000124825559;0.000089345591;0.000219264918;
2015;07;29;3;1;0.000082645775;0.000118398833;0.000086587343;0.000211908661;
2015;07;29;4;1;0.000077646617;0.000116289064;0.000084264139;0.000201357639;
2015;07;29;5;1;0.000075580395;0.000114852720;0.000083236337;0.000196937103;
2015;07;29;6;1;0.000076299525;0.000113837470;0.000089209450;0.000196874694;
2015;07;29;7;1;0.000082585370;0.000100684695;0.000100108991;0.000168741992;
2015;07;29;8;1;0.000097170663;0.000055238996;0.000112565442;0.000065834198;
2015;07;29;9;1;0.000114908399;0.000057858921;0.000130221431;0.000058517642;
2015;07;29;10;1;0.000136373107;0.000062972927;0.000165186309;0.000053880974;
2015;07;29;11;1;0.000152123496;0.000064838213;0.000220363386;0.000060305179;
2015;07;29;12;1;0.000158421529;0.000064355690;0.000228640257;0.000067571051;
2015;07;29;13;1;0.000165505357;0.000064416901;0.000233654971;0.000062853460;
2015;07;29;14;1;0.000173252075;0.000065267971;0.000227552030;0.000066263007;
2015;07;29;15;1;0.000166061755;0.000064561531;0.000165371967;0.000068050168;
2015;07;29;16;1;0.000154998723;0.000059994564;0.000158202979;0.000062254672;
2015;07;29;17;1;0.000154891777;0.000057224508;0.000161316236;0.000062464676;
2015;07;29;18;1;0.000160141750;0.000057866945;0.000170289744;0.000063287303;
2015;07;29;19;1;0.000164617708;0.000057981306;0.000174725090;0.000059850109;
2015;07;29;20;1;0.000164144711;0.000058358373;0.000172273917;0.000066751714;
2015;07;29;21;1;0.000160936478;0.000060673527;0.000155452968;0.000069092260;
2015;07;29;22;1;0.000165068574;0.000090350853;0.000121763968;0.000104438340;
2015;07;29;23;1;0.000162916482;0.000142186937;0.000101315023;0.000288381593;
2015;07;29;24;1;0.000139222091;0.000142367678;0.000092676055;0.000235992277;
2015;07;30;1;1;0.000111978757;0.000131325272;0.000091209264;0.000223412094;
2015;07;30;2;1;0.000092199056;0.000122946674;0.000089401369;0.000219460737;
2015;07;30;3;1;0.000081780723;0.000116645422;0.000086852008;0.000212201301;
2015;07;30;4;1;0.000076838426;0.000114569220;0.000084540909;0.000201643901;
2015;07;30;5;1;0.000074852432;0.000113184547;0.000083764740;0.000197323529;
2015;07;30;6;1;0.000075454531;0.000112127282;0.000089293790;0.000197062116;
2015;07;30;7;1;0.000081605167;0.000099143891;0.000099931524;0.000168807882;
2015;07;30;8;1;0.000095923455;0.000054374751;0.000112001745;0.000065814842;
2015;07;30;9;1;0.000113287025;0.000056927517;0.000129020787;0.000058447549;
2015;07;30;10;1;0.000134132617;0.000061909114;0.000162181473;0.000053729274;
2015;07;30;11;1;0.000149191686;0.000063679520;0.000213954330;0.000060015653;
2015;07;30;12;1;0.000155258199;0.000063190232;0.000221383090;0.000067213828;
2015;07;30;13;1;0.000161943749;0.000063215905;0.000224861863;0.000062453002;
2015;07;30;14;1;0.000169161501;0.000064003712;0.000217245273;0.000065743602;
2015;07;30;15;1;0.000161728626;0.000063255016;0.000156407027;0.000067397917;
2015;07;30;16;1;0.000150833390;0.000058764523;0.000149139007;0.000061624201;
2015;07;30;17;1;0.000150572662;0.000056031365;0.000151449882;0.000061787961;
2015;07;30;18;1;0.000155756084;0.000056670719;0.000160146371;0.000062624124;
2015;07;30;19;1;0.000160263947;0.000056801679;0.000164908721;0.000059262427;
2015;07;30;20;1;0.000159879716;0.000057180301;0.000162914576;0.000066117816;
2015;07;30;21;1;0.000156840068;0.000059459632;0.000147338079;0.000068461542;
2015;07;30;22;1;0.000161059109;0.000088579581;0.000115935927;0.000103570098;
2015;07;30;23;1;0.000158966301;0.000139402679;0.000096444751;0.000285995011;
2015;07;30;24;1;0.000135797177;0.000139562799;0.000088088267;0.000233981333;
2015;07;31;1;1;0.000110075714;0.000129045948;0.000086086042;0.000223099621;
2015;07;31;2;1;0.000091313569;0.000120631055;0.000084326133;0.000213116689;
2015;07;31;3;1;0.000081189361;0.000114649699;0.000082199503;0.000212202142;
2015;07;31;4;1;0.000076370978;0.000113214088;0.000080004110;0.000200499233;
2015;07;31;5;1;0.000074539748;0.000111548967;0.000079734139;0.000197371280;
2015;07;31;6;1;0.000074890317;0.000110417494;0.000085227136;0.000194764345;
2015;07;31;7;1;0.000080579300;0.000097147961;0.000095710997;0.000167813643;
2015;07;31;8;1;0.000093731737;0.000052948245;0.000107376279;0.000067603536;
2015;07;31;9;1;0.000110319025;0.000056294131;0.000123786939;0.000057365197;
2015;07;31;10;1;0.000131353989;0.000061308686;0.000156695730;0.000054857635;
2015;07;31;11;1;0.000145536920;0.000062480214;0.000207854814;0.000057575188;
2015;07;31;12;1;0.000150882212;0.000062155863;0.000215188066;0.000063249331;
2015;07;31;13;1;0.000157475862;0.000062401610;0.000217919024;0.000063915776;
2015;07;31;14;1;0.000164372292;0.000062600664;0.000210020253;0.000063026300;
2015;07;31;15;1;0.000159389272;0.000062127888;0.000148740013;0.000064448849;
2015;07;31;16;1;0.000148779715;0.000057858228;0.000140838402;0.000062164724;
2015;07;31;17;1;0.000146347427;0.000055118382;0.000141873762;0.000057258291;
2015;07;31;18;1;0.000151313067;0.000056121888;0.000149749344;0.000057998714;
2015;07;31;19;1;0.000155506645;0.000056278865;0.000154699741;0.000056396639;
2015;07;31;20;1;0.000153173650;0.000056351171;0.000152487283;0.000066487050;
2015;07;31;21;1;0.000149715531;0.000057708743;0.000138110028;0.000070634713;
2015;07;31;22;1;0.000150908075;0.000084230368;0.000108694341;0.000099082422;
2015;07;31;23;1;0.000147373852;0.000134635171;0.000088889393;0.000280049725;
2015;07;31;24;1;0.000129042634;0.000136531585;0.000080825991;0.000225618666;
