AŃO;MES;DIA;HORA;VERANO(1)/INVIERNO(0);COEF. PERFIL A;COEF. PERFIL B;COEF. PERFIL C;COEF. PERFIL D;
2018;08;01;1;1;0.000115876289;0.000154933666;0.000111066908;0.000199104633;
2018;08;01;2;1;0.000097504954;0.000143625491;0.000103095095;0.000185719631;
2018;08;01;3;1;0.000086723373;0.000136261165;0.000098493523;0.000180035425;
2018;08;01;4;1;0.000080872650;0.000132834703;0.000096105513;0.000171149105;
2018;08;01;5;1;0.000077864840;0.000130634437;0.000095092056;0.000166866720;
2018;08;01;6;1;0.000077174859;0.000129464920;0.000097063444;0.000163101611;
2018;08;01;7;1;0.000081274159;0.000129683905;0.000105045013;0.000163095053;
2018;08;01;8;1;0.000091532741;0.000087810713;0.000112122497;0.000086005032;
2018;08;01;9;1;0.000108435383;0.000071731059;0.000139645121;0.000051268969;
2018;08;01;10;1;0.000130557453;0.000080252419;0.000160979321;0.000056364282;
2018;08;01;11;1;0.000147891090;0.000085704698;0.000177560018;0.000060953992;
2018;08;01;12;1;0.000155228976;0.000086913308;0.000184291615;0.000063816024;
2018;08;01;13;1;0.000161264199;0.000087327199;0.000188628742;0.000063617728;
2018;08;01;14;1;0.000168600540;0.000088793163;0.000185911468;0.000064606582;
2018;08;01;15;1;0.000165259757;0.000088289900;0.000170466034;0.000066584779;
2018;08;01;16;1;0.000156505475;0.000082506951;0.000159682236;0.000063816477;
2018;08;01;17;1;0.000154029138;0.000079435147;0.000157648973;0.000061851893;
2018;08;01;18;1;0.000157571460;0.000079155875;0.000160931003;0.000062138808;
2018;08;01;19;1;0.000158774820;0.000079478513;0.000159297703;0.000059688823;
2018;08;01;20;1;0.000156167113;0.000079538412;0.000155021957;0.000059719283;
2018;08;01;21;1;0.000155532186;0.000084452543;0.000148886296;0.000062329567;
2018;08;01;22;1;0.000165622622;0.000145054987;0.000148554548;0.000168673312;
2018;08;01;23;1;0.000159730267;0.000171679214;0.000137404100;0.000236178349;
2018;08;01;24;1;0.000138465771;0.000167847748;0.000124131487;0.000219412583;
2018;08;02;1;1;0.000119397135;0.000157906633;0.000114508592;0.000202118846;
2018;08;02;2;1;0.000100471936;0.000146419487;0.000106298939;0.000188745134;
2018;08;02;3;1;0.000089354133;0.000138835847;0.000101535842;0.000182533147;
2018;08;02;4;1;0.000083320136;0.000135288054;0.000099060290;0.000173205963;
2018;08;02;5;1;0.000080217326;0.000133007434;0.000098005957;0.000168649588;
2018;08;02;6;1;0.000079504342;0.000131794887;0.000100032310;0.000164718836;
2018;08;02;7;1;0.000083724205;0.000131987651;0.000108249797;0.000164545775;
2018;08;02;8;1;0.000094282467;0.000089315953;0.000115519734;0.000086535957;
2018;08;02;9;1;0.000111697333;0.000072978378;0.000143887781;0.000051643107;
2018;08;02;10;1;0.000134492761;0.000081676847;0.000165889625;0.000056865482;
2018;08;02;11;1;0.000152366556;0.000087286836;0.000183018580;0.000061684544;
2018;08;02;12;1;0.000159906173;0.000088450261;0.000189908831;0.000064367623;
2018;08;02;13;1;0.000166134677;0.000088908283;0.000194404927;0.000064284200;
2018;08;02;14;1;0.000173725125;0.000090502344;0.000191676221;0.000065600628;
2018;08;02;15;1;0.000170293511;0.000090023179;0.000175773941;0.000067716964;
2018;08;02;16;1;0.000161267613;0.000084111201;0.000164644230;0.000064850276;
2018;08;02;17;1;0.000158720031;0.000080992204;0.000162556189;0.000062895595;
2018;08;02;18;1;0.000162367818;0.000080700310;0.000165935453;0.000063163790;
2018;08;02;19;1;0.000163598557;0.000081001862;0.000164232802;0.000060585947;
2018;08;02;20;1;0.000160933269;0.000081128204;0.000159867571;0.000060826807;
2018;08;02;21;1;0.000160285074;0.000086160521;0.000153551861;0.000063552595;
2018;08;02;22;1;0.000170670614;0.000147919735;0.000153185935;0.000171637473;
2018;08;02;23;1;0.000164592125;0.000175027644;0.000141676576;0.000240068995;
2018;08;02;24;1;0.000142684081;0.000171147921;0.000127997890;0.000223173344;
2018;08;03;1;1;0.000123330807;0.000162110641;0.000118615288;0.000207474793;
2018;08;03;2;1;0.000104470725;0.000150349120;0.000109571393;0.000194763737;
2018;08;03;3;1;0.000092711626;0.000142799027;0.000104537090;0.000187714320;
2018;08;03;4;1;0.000086289394;0.000138834223;0.000101698889;0.000178753002;
2018;08;03;5;1;0.000083102549;0.000136405133;0.000100766237;0.000174248344;
2018;08;03;6;1;0.000082159365;0.000135219855;0.000102678365;0.000168767029;
2018;08;03;7;1;0.000086647462;0.000135145648;0.000111170030;0.000169193491;
2018;08;03;8;1;0.000097469809;0.000091617238;0.000118270784;0.000091206444;
2018;08;03;9;1;0.000115203901;0.000074707377;0.000146223601;0.000054202492;
2018;08;03;10;1;0.000137922073;0.000083050722;0.000168584299;0.000058742325;
2018;08;03;11;1;0.000155991675;0.000088435172;0.000186140981;0.000063402395;
2018;08;03;12;1;0.000164463034;0.000089654444;0.000193303804;0.000066339185;
2018;08;03;13;1;0.000171775317;0.000090789708;0.000197652040;0.000067632640;
2018;08;03;14;1;0.000178597049;0.000091975695;0.000194421551;0.000066494826;
2018;08;03;15;1;0.000175077228;0.000091226950;0.000177240077;0.000069491101;
2018;08;03;16;1;0.000165587463;0.000085524988;0.000164321676;0.000066141001;
2018;08;03;17;1;0.000162199858;0.000082383159;0.000160630650;0.000064060661;
2018;08;03;18;1;0.000165273528;0.000081926382;0.000163362346;0.000063317587;
2018;08;03;19;1;0.000166688642;0.000082480956;0.000162634351;0.000061837110;
2018;08;03;20;1;0.000163591748;0.000082436088;0.000159881272;0.000060945401;
2018;08;03;21;1;0.000161990927;0.000087500550;0.000155505848;0.000061555719;
2018;08;03;22;1;0.000169864049;0.000149787791;0.000156947467;0.000173162546;
2018;08;03;23;1;0.000162826524;0.000176502793;0.000147147516;0.000242947741;
2018;08;03;24;1;0.000144134967;0.000173517612;0.000134697970;0.000228382213;
2018;08;04;1;1;0.000123917304;0.000163038259;0.000120746743;0.000210782836;
2018;08;04;2;1;0.000106805482;0.000152603473;0.000110258907;0.000192643023;
2018;08;04;3;1;0.000094485188;0.000144568124;0.000104165215;0.000185317354;
2018;08;04;4;1;0.000087024440;0.000140442045;0.000101016709;0.000176584468;
2018;08;04;5;1;0.000083140895;0.000137175960;0.000099307021;0.000172865145;
2018;08;04;6;1;0.000081230057;0.000135584203;0.000100097724;0.000170063942;
2018;08;04;7;1;0.000082527509;0.000133589122;0.000103022687;0.000169201296;
2018;08;04;8;1;0.000086487575;0.000086010240;0.000097853752;0.000087251335;
2018;08;04;9;1;0.000099507366;0.000064643597;0.000105469735;0.000048591091;
2018;08;04;10;1;0.000120272751;0.000073804796;0.000121981372;0.000050619758;
2018;08;04;11;1;0.000139064592;0.000081412054;0.000138983660;0.000056109539;
2018;08;04;12;1;0.000147335885;0.000083577426;0.000145439741;0.000058727484;
2018;08;04;13;1;0.000153551832;0.000084062364;0.000149599161;0.000060001736;
2018;08;04;14;1;0.000160528555;0.000084675696;0.000149056907;0.000059656658;
2018;08;04;15;1;0.000159969249;0.000084763850;0.000140076967;0.000062968627;
2018;08;04;16;1;0.000150982105;0.000079870565;0.000135165476;0.000059884069;
2018;08;04;17;1;0.000144934678;0.000076263371;0.000131968387;0.000056639515;
2018;08;04;18;1;0.000142876300;0.000075303430;0.000132594587;0.000055657273;
2018;08;04;19;1;0.000142762102;0.000075533490;0.000133437629;0.000053462699;
2018;08;04;20;1;0.000141854480;0.000076077000;0.000135714018;0.000057676348;
2018;08;04;21;1;0.000146065426;0.000082690986;0.000139744200;0.000059382011;
2018;08;04;22;1;0.000159748516;0.000143436709;0.000147273413;0.000172561222;
2018;08;04;23;1;0.000155415374;0.000172319455;0.000141857181;0.000242107230;
2018;08;04;24;1;0.000138253603;0.000169819613;0.000131058579;0.000224783531;
2018;08;05;1;1;0.000119958868;0.000161177055;0.000118731566;0.000213044613;
2018;08;05;2;1;0.000104260672;0.000151249250;0.000108944433;0.000192694581;
2018;08;05;3;1;0.000092744608;0.000144038551;0.000103096403;0.000184890053;
2018;08;05;4;1;0.000085707432;0.000140073544;0.000099645111;0.000176826755;
2018;08;05;5;1;0.000081857736;0.000137092965;0.000098178693;0.000172165751;
2018;08;05;6;1;0.000079926279;0.000135415861;0.000098603487;0.000169089436;
2018;08;05;7;1;0.000080692918;0.000133180942;0.000100447728;0.000170461492;
2018;08;05;8;1;0.000082624596;0.000083352290;0.000091276851;0.000085679994;
2018;08;05;9;1;0.000092095639;0.000060115568;0.000091592393;0.000045971698;
2018;08;05;10;1;0.000108663780;0.000067480793;0.000099971338;0.000047981602;
2018;08;05;11;1;0.000124384209;0.000075229711;0.000108833988;0.000051734093;
2018;08;05;12;1;0.000133547669;0.000079221545;0.000114794762;0.000055070304;
2018;08;05;13;1;0.000139716322;0.000080424168;0.000118978611;0.000054684100;
2018;08;05;14;1;0.000146978144;0.000080692874;0.000121795336;0.000054087577;
2018;08;05;15;1;0.000150149938;0.000081203133;0.000121259190;0.000057388925;
2018;08;05;16;1;0.000142146206;0.000076610610;0.000119029654;0.000056322540;
2018;08;05;17;1;0.000136916788;0.000073304645;0.000115004941;0.000054198205;
2018;08;05;18;1;0.000135491359;0.000071757919;0.000111681463;0.000052430893;
2018;08;05;19;1;0.000137001913;0.000072356347;0.000111494894;0.000051465603;
2018;08;05;20;1;0.000138809613;0.000073259535;0.000113802464;0.000054093859;
2018;08;05;21;1;0.000145181112;0.000080321705;0.000119237993;0.000059134104;
2018;08;05;22;1;0.000162656620;0.000145030858;0.000134306185;0.000176786858;
2018;08;05;23;1;0.000159122022;0.000173760925;0.000132779439;0.000246866774;
2018;08;05;24;1;0.000139921825;0.000172286349;0.000122543127;0.000232835976;
2018;08;06;1;1;0.000118242849;0.000159355049;0.000109546702;0.000213029501;
2018;08;06;2;1;0.000099954571;0.000148020783;0.000102052263;0.000194369313;
2018;08;06;3;1;0.000088730576;0.000140104039;0.000097724216;0.000187508699;
2018;08;06;4;1;0.000082706241;0.000136459725;0.000095512484;0.000177848468;
2018;08;06;5;1;0.000079854003;0.000134036362;0.000094593523;0.000174638620;
2018;08;06;6;1;0.000078886407;0.000132769589;0.000096544153;0.000171301098;
2018;08;06;7;1;0.000083659736;0.000132662250;0.000104986200;0.000170243833;
2018;08;06;8;1;0.000094217253;0.000088917167;0.000113239917;0.000087106438;
2018;08;06;9;1;0.000111420497;0.000071786970;0.000143511818;0.000049823292;
2018;08;06;10;1;0.000134016374;0.000079669960;0.000165917727;0.000056970781;
2018;08;06;11;1;0.000150705325;0.000085338629;0.000182510782;0.000061801296;
2018;08;06;12;1;0.000158738601;0.000086748365;0.000189315862;0.000064476734;
2018;08;06;13;1;0.000165497503;0.000087416252;0.000193163730;0.000065390718;
2018;08;06;14;1;0.000173181075;0.000089142594;0.000189849639;0.000064904249;
2018;08;06;15;1;0.000170370890;0.000089009545;0.000173658860;0.000069040063;
2018;08;06;16;1;0.000161078420;0.000083058174;0.000162420721;0.000067801834;
2018;08;06;17;1;0.000159121040;0.000079705162;0.000160714305;0.000065399625;
2018;08;06;18;1;0.000163107059;0.000079943554;0.000164180067;0.000064105103;
2018;08;06;19;1;0.000164504599;0.000079958730;0.000162448770;0.000061657398;
2018;08;06;20;1;0.000161824542;0.000079715357;0.000156869055;0.000059564622;
2018;08;06;21;1;0.000160398115;0.000085404639;0.000150077179;0.000062671318;
2018;08;06;22;1;0.000170928230;0.000147192236;0.000148946513;0.000173807747;
2018;08;06;23;1;0.000165545770;0.000175864247;0.000137830965;0.000244403255;
2018;08;06;24;1;0.000142903144;0.000171876207;0.000124134092;0.000230208007;
2018;08;07;1;1;0.000117212049;0.000156732100;0.000112467510;0.000204192070;
2018;08;07;2;1;0.000098629995;0.000145302740;0.000104397440;0.000190539014;
2018;08;07;3;1;0.000087706213;0.000137685560;0.000099697310;0.000183760894;
2018;08;07;4;1;0.000081760057;0.000133937155;0.000097210862;0.000173091813;
2018;08;07;5;1;0.000078718144;0.000131707768;0.000096183071;0.000168704518;
2018;08;07;6;1;0.000078017964;0.000130502598;0.000098170460;0.000164765404;
2018;08;07;7;1;0.000082152315;0.000130630037;0.000106217868;0.000164240324;
2018;08;07;8;1;0.000092507382;0.000088368640;0.000113339159;0.000086251749;
2018;08;07;9;1;0.000109577001;0.000072135265;0.000141126917;0.000051254847;
2018;08;07;10;1;0.000131946417;0.000080757839;0.000162723142;0.000056512015;
2018;08;07;11;1;0.000149476425;0.000086285946;0.000179512194;0.000061242018;
2018;08;07;12;1;0.000156867088;0.000087416090;0.000186256321;0.000063841712;
2018;08;07;13;1;0.000162937153;0.000087739154;0.000190572201;0.000063351472;
2018;08;07;14;1;0.000170370312;0.000089277244;0.000187872623;0.000064541595;
2018;08;07;15;1;0.000167024127;0.000088865696;0.000172325440;0.000066822455;
2018;08;07;16;1;0.000158167017;0.000083015645;0.000161404914;0.000063947561;
2018;08;07;17;1;0.000155669031;0.000079939148;0.000159359212;0.000062026100;
2018;08;07;18;1;0.000159240252;0.000079631738;0.000162658850;0.000062225643;
2018;08;07;19;1;0.000160417859;0.000079841516;0.000160930795;0.000059404209;
2018;08;07;20;1;0.000157779927;0.000079891736;0.000156604769;0.000059401054;
2018;08;07;21;1;0.000157144088;0.000084845586;0.000150417220;0.000062049117;
2018;08;07;22;1;0.000167322002;0.000145640443;0.000150051373;0.000167460786;
2018;08;07;23;1;0.000161331674;0.000172133123;0.000138724122;0.000233105329;
2018;08;07;24;1;0.000139854653;0.000168296663;0.000125325211;0.000216593457;
2018;08;08;1;1;0.000114024149;0.000153813280;0.000109323860;0.000200038791;
2018;08;08;2;1;0.000095956343;0.000142675377;0.000101498082;0.000187100710;
2018;08;08;3;1;0.000085331655;0.000135223896;0.000096935226;0.000180599840;
2018;08;08;4;1;0.000079586738;0.000131942229;0.000094613335;0.000172362147;
2018;08;08;5;1;0.000076617946;0.000129667660;0.000093594115;0.000167558329;
2018;08;08;6;1;0.000075934234;0.000128459049;0.000095522457;0.000163532103;
2018;08;08;7;1;0.000079955673;0.000128560445;0.000103346360;0.000162878463;
2018;08;08;8;1;0.000090034659;0.000086973265;0.000110277092;0.000085557013;
2018;08;08;9;1;0.000106639536;0.000070962228;0.000137292281;0.000050734469;
2018;08;08;10;1;0.000128395588;0.000079393574;0.000158267904;0.000055780676;
2018;08;08;11;1;0.000145438530;0.000084774637;0.000174560511;0.000060282909;
2018;08;08;12;1;0.000152628954;0.000085883020;0.000181117208;0.000062836058;
2018;08;08;13;1;0.000158555976;0.000086268863;0.000185363006;0.000062569117;
2018;08;08;14;1;0.000165789726;0.000087782610;0.000182738227;0.000063748719;
2018;08;08;15;1;0.000162513777;0.000087314525;0.000167575271;0.000065796670;
2018;08;08;16;1;0.000153882899;0.000081525576;0.000156929383;0.000062830786;
2018;08;08;17;1;0.000151461150;0.000078530871;0.000154957939;0.000061030957;
2018;08;08;18;1;0.000154937487;0.000078233820;0.000158169805;0.000061243370;
2018;08;08;19;1;0.000156100488;0.000078491693;0.000156523941;0.000058632076;
2018;08;08;20;1;0.000153528814;0.000078526530;0.000152306978;0.000058582039;
2018;08;08;21;1;0.000152913416;0.000083406540;0.000146295569;0.000061227751;
2018;08;08;22;1;0.000162852728;0.000143357656;0.000146003264;0.000166192645;
2018;08;08;23;1;0.000157010537;0.000169357789;0.000134961171;0.000230871750;
2018;08;08;24;1;0.000136081106;0.000165381365;0.000121876169;0.000213385860;
2018;08;09;1;1;0.000110145104;0.000150705057;0.000105561113;0.000197573576;
2018;08;09;2;1;0.000092697280;0.000139840324;0.000098015939;0.000185068799;
2018;08;09;3;1;0.000082443243;0.000132631543;0.000093631875;0.000179194632;
2018;08;09;4;1;0.000076887500;0.000129359540;0.000091376548;0.000170719299;
2018;08;09;5;1;0.000074021825;0.000127154823;0.000090398141;0.000166111440;
2018;08;09;6;1;0.000073362022;0.000125977982;0.000092262537;0.000162182311;
2018;08;09;7;1;0.000077255551;0.000126159103;0.000099840930;0.000161993766;
2018;08;09;8;1;0.000086991288;0.000085331785;0.000106529527;0.000085019415;
2018;08;09;9;1;0.000103021895;0.000069570137;0.000132593200;0.000050248312;
2018;08;09;10;1;0.000124037503;0.000077826909;0.000152844977;0.000055215853;
2018;08;09;11;1;0.000140487231;0.000083049470;0.000168543975;0.000059509192;
2018;08;09;12;1;0.000147417013;0.000084080949;0.000174837069;0.000061854995;
2018;08;09;13;1;0.000153123351;0.000084398140;0.000178892903;0.000061400400;
2018;08;09;14;1;0.000160097588;0.000085841595;0.000176334058;0.000062440536;
2018;08;09;15;1;0.000156912049;0.000085312117;0.000161657063;0.000064215477;
2018;08;09;16;1;0.000148557751;0.000079588749;0.000151344536;0.000061098319;
2018;08;09;17;1;0.000146194154;0.000076584591;0.000149390828;0.000059079108;
2018;08;09;18;1;0.000149552749;0.000076304371;0.000152493698;0.000059314456;
2018;08;09;19;1;0.000150684919;0.000076584910;0.000150926076;0.000056876118;
2018;08;09;20;1;0.000148217747;0.000076666162;0.000146890198;0.000056977605;
2018;08;09;21;1;0.000147633240;0.000081462024;0.000141110904;0.000059646426;
2018;08;09;22;1;0.000157248573;0.000140118613;0.000140863433;0.000162425692;
2018;08;09;23;1;0.000151615923;0.000165587338;0.000130224677;0.000225978793;
2018;08;09;24;1;0.000131412581;0.000161751047;0.000117611405;0.000209152420;
2018;08;10;1;1;0.000108376848;0.000149745571;0.000104014943;0.000195796000;
2018;08;10;2;1;0.000091818410;0.000139015970;0.000096115335;0.000184575126;
2018;08;10;3;1;0.000081490329;0.000132102110;0.000091714787;0.000178289761;
2018;08;10;4;1;0.000075855917;0.000128541370;0.000089249453;0.000170398325;
2018;08;10;5;1;0.000073048192;0.000126228405;0.000088415957;0.000165750068;
2018;08;10;6;1;0.000072224482;0.000125188124;0.000090107144;0.000160869498;
2018;08;10;7;1;0.000076166350;0.000125084866;0.000097550140;0.000161086083;
2018;08;10;8;1;0.000085666629;0.000084719683;0.000103749523;0.000086489792;
2018;08;10;9;1;0.000101239123;0.000069025036;0.000128234608;0.000051209470;
2018;08;10;10;1;0.000121187234;0.000076671965;0.000147804827;0.000055301966;
2018;08;10;11;1;0.000137041671;0.000081561629;0.000163143462;0.000059429620;
2018;08;10;12;1;0.000144439731;0.000082534358;0.000169317685;0.000061687295;
2018;08;10;13;1;0.000150847803;0.000083533331;0.000173094396;0.000062742511;
2018;08;10;14;1;0.000156855139;0.000084678813;0.000170301576;0.000061861146;
2018;08;10;15;1;0.000153752739;0.000083953492;0.000155229317;0.000064532734;
2018;08;10;16;1;0.000145407415;0.000078669190;0.000143892622;0.000061298288;
2018;08;10;17;1;0.000142413673;0.000075718771;0.000140623002;0.000059167132;
2018;08;10;18;1;0.000145123114;0.000075332235;0.000143035561;0.000058591852;
2018;08;10;19;1;0.000146385995;0.000075905074;0.000142437623;0.000057424763;
2018;08;10;20;1;0.000143675603;0.000075893123;0.000140044548;0.000056689958;
2018;08;10;21;1;0.000142294835;0.000080640797;0.000136260141;0.000057516157;
2018;08;10;22;1;0.000149309610;0.000138595678;0.000137705806;0.000164629233;
2018;08;10;23;1;0.000143092181;0.000163098121;0.000129050478;0.000229627604;
2018;08;10;24;1;0.000126637997;0.000160127197;0.000118079807;0.000214628850;
2018;08;11;1;1;0.000113842971;0.000154144334;0.000110687418;0.000199545688;
2018;08;11;2;1;0.000098143444;0.000144465058;0.000101116832;0.000183391359;
2018;08;11;3;1;0.000086839884;0.000137023969;0.000095566994;0.000177338787;
2018;08;11;4;1;0.000079985313;0.000133138009;0.000092684142;0.000169117471;
2018;08;11;5;1;0.000076418589;0.000130069145;0.000091121898;0.000165703242;
2018;08;11;6;1;0.000074680809;0.000128751968;0.000091893107;0.000164082257;
2018;08;11;7;1;0.000075878141;0.000126902586;0.000094589518;0.000163504935;
2018;08;11;8;1;0.000079527500;0.000081756995;0.000089862614;0.000084550729;
2018;08;11;9;1;0.000091501940;0.000061456745;0.000096861765;0.000047120631;
2018;08;11;10;1;0.000110604503;0.000070195917;0.000112041532;0.000049178263;
2018;08;11;11;1;0.000127872624;0.000077383290;0.000127632145;0.000054362418;
2018;08;11;12;1;0.000135486233;0.000079469620;0.000133576682;0.000056986079;
2018;08;11;13;1;0.000141201278;0.000079927248;0.000137394911;0.000058209562;
2018;08;11;14;1;0.000147605849;0.000080474284;0.000136876481;0.000057760534;
2018;08;11;15;1;0.000147064652;0.000080469707;0.000128583286;0.000060678621;
2018;08;11;16;1;0.000138776064;0.000075738029;0.000124027582;0.000057426085;
2018;08;11;17;1;0.000133210471;0.000072294563;0.000121081104;0.000054241493;
2018;08;11;18;1;0.000131316992;0.000071379284;0.000121652658;0.000053283118;
2018;08;11;19;1;0.000131240465;0.000071690190;0.000122479157;0.000051466699;
2018;08;11;20;1;0.000130389313;0.000072150406;0.000124536555;0.000055339012;
2018;08;11;21;1;0.000134289104;0.000078525246;0.000128290557;0.000057296506;
2018;08;11;22;1;0.000146919959;0.000136494657;0.000135296488;0.000168013151;
2018;08;11;23;1;0.000142910933;0.000163814815;0.000130277199;0.000234687453;
2018;08;11;24;1;0.000127121265;0.000161372126;0.000120343628;0.000217509167;
2018;08;12;1;1;0.000112035624;0.000154325867;0.000110738185;0.000205711702;
2018;08;12;2;1;0.000097387884;0.000144941288;0.000101638320;0.000186734969;
2018;08;12;3;1;0.000086644943;0.000138165085;0.000096213547;0.000179924178;
2018;08;12;4;1;0.000080069246;0.000134348305;0.000092989549;0.000172004653;
2018;08;12;5;1;0.000076488639;0.000131653306;0.000091659047;0.000168382162;
2018;08;12;6;1;0.000074692405;0.000130132352;0.000092076699;0.000165876275;
2018;08;12;7;1;0.000075412738;0.000128024360;0.000093808562;0.000167448216;
2018;08;12;8;1;0.000077232697;0.000080216995;0.000085276295;0.000084595154;
2018;08;12;9;1;0.000086068695;0.000057785810;0.000085537324;0.000045156428;
2018;08;12;10;1;0.000101547157;0.000064844651;0.000093352360;0.000047062605;
2018;08;12;11;1;0.000116241126;0.000072302296;0.000101633638;0.000050776238;
2018;08;12;12;1;0.000124773688;0.000076025017;0.000107146783;0.000053696442;
2018;08;12;13;1;0.000130527480;0.000077145020;0.000111035573;0.000053216729;
2018;08;12;14;1;0.000137285467;0.000077314073;0.000113620815;0.000052375457;
2018;08;12;15;1;0.000140232814;0.000077752271;0.000113096023;0.000055417336;
2018;08;12;16;1;0.000132738636;0.000073292006;0.000110984706;0.000054189741;
2018;08;12;17;1;0.000127841775;0.000070084870;0.000107209325;0.000052005057;
2018;08;12;18;1;0.000126503852;0.000068583352;0.000104099646;0.000050236598;
2018;08;12;19;1;0.000127928987;0.000069202978;0.000103949733;0.000049455690;
2018;08;12;20;1;0.000129610562;0.000070045838;0.000106090630;0.000051911730;
2018;08;12;21;1;0.000135557497;0.000076789794;0.000111153966;0.000056714794;
2018;08;12;22;1;0.000151925376;0.000138932521;0.000125284332;0.000171051066;
2018;08;12;23;1;0.000148564907;0.000166058216;0.000123761725;0.000236407566;
2018;08;12;24;1;0.000130617760;0.000164492186;0.000114184251;0.000222063239;
2018;08;13;1;1;0.000105281966;0.000148539147;0.000097362125;0.000202921063;
2018;08;13;2;1;0.000089009975;0.000138082580;0.000090725044;0.000185774444;
2018;08;13;3;1;0.000079028170;0.000130828587;0.000086906441;0.000179999330;
2018;08;13;4;1;0.000073669043;0.000127492851;0.000084954462;0.000171121269;
2018;08;13;5;1;0.000071128503;0.000125229952;0.000084137210;0.000168058839;
2018;08;13;6;1;0.000070268155;0.000124063885;0.000085875999;0.000164979597;
2018;08;13;7;1;0.000074508624;0.000123850264;0.000093356689;0.000163318133;
2018;08;13;8;1;0.000083901859;0.000082954806;0.000100673447;0.000083317793;
2018;08;13;9;1;0.000099196736;0.000066872186;0.000127522014;0.000047339681;
2018;08;13;10;1;0.000119289575;0.000074125239;0.000147371941;0.000053840901;
2018;08;13;11;1;0.000134142121;0.000079390528;0.000162104255;0.000058377469;
2018;08;13;12;1;0.000141262618;0.000080599427;0.000168077306;0.000060567124;
2018;08;13;13;1;0.000147275050;0.000081212265;0.000171488009;0.000061401914;
2018;08;13;14;1;0.000154111645;0.000082813176;0.000168543729;0.000060938254;
2018;08;13;15;1;0.000151600289;0.000082655167;0.000154148428;0.000064708560;
2018;08;13;16;1;0.000143309438;0.000077057334;0.000144128301;0.000063297265;
2018;08;13;17;1;0.000141554793;0.000073905375;0.000142587513;0.000060909166;
2018;08;13;18;1;0.000145119951;0.000074184958;0.000145700848;0.000059904451;
2018;08;13;19;1;0.000146387408;0.000074271929;0.000144211737;0.000057859470;
2018;08;13;20;1;0.000144030409;0.000074131837;0.000139312363;0.000056175585;
2018;08;13;21;1;0.000142760269;0.000079420659;0.000133279571;0.000059098022;
2018;08;13;22;1;0.000152158045;0.000137017351;0.000132319957;0.000164619941;
2018;08;13;23;1;0.000147320783;0.000163402111;0.000122369014;0.000229624468;
2018;08;13;24;1;0.000127160512;0.000159618767;0.000110190688;0.000215837211;
2018;08;14;1;1;0.000103287370;0.000144932558;0.000098863983;0.000191784756;
2018;08;14;2;1;0.000086926518;0.000134490034;0.000091798882;0.000179680701;
2018;08;14;3;1;0.000077305402;0.000127503377;0.000087680574;0.000173662665;
2018;08;14;4;1;0.000072096946;0.000124368763;0.000085571101;0.000165510587;
2018;08;14;5;1;0.000069404014;0.000122187712;0.000084640690;0.000160692122;
2018;08;14;6;1;0.000068791520;0.000121121558;0.000086401776;0.000157249979;
2018;08;14;7;1;0.000072432501;0.000121195305;0.000093473004;0.000156500585;
2018;08;14;8;1;0.000081552349;0.000081925426;0.000099715202;0.000081921252;
2018;08;14;9;1;0.000096577989;0.000066781757;0.000124104755;0.000048381335;
2018;08;14;10;1;0.000116280833;0.000074714475;0.000143064343;0.000053187683;
2018;08;14;11;1;0.000131715654;0.000079778275;0.000157791760;0.000057480263;
2018;08;14;12;1;0.000138217242;0.000080784871;0.000163694004;0.000059797061;
2018;08;14;13;1;0.000143565223;0.000081082025;0.000167486107;0.000059333512;
2018;08;14;14;1;0.000150104225;0.000082469286;0.000165090676;0.000060342534;
2018;08;14;15;1;0.000147139839;0.000082035236;0.000151395422;0.000062303388;
2018;08;14;16;1;0.000139328256;0.000076605525;0.000141783132;0.000059525546;
2018;08;14;17;1;0.000137119738;0.000073740546;0.000139969664;0.000057648375;
2018;08;14;18;1;0.000140279911;0.000073502334;0.000142897331;0.000057986139;
2018;08;14;19;1;0.000141355217;0.000073814384;0.000141455052;0.000055739662;
2018;08;14;20;1;0.000139058967;0.000073950701;0.000137708421;0.000056030072;
2018;08;14;21;1;0.000138510907;0.000078578276;0.000132291055;0.000058665712;
2018;08;14;22;1;0.000147537553;0.000135188092;0.000132068789;0.000159900923;
2018;08;14;23;1;0.000142222014;0.000159552852;0.000122041455;0.000221196933;
2018;08;14;24;1;0.000123278577;0.000155918088;0.000110235339;0.000205078287;
2018;08;15;1;1;0.000111966356;0.000154392967;0.000110683504;0.000206476732;
2018;08;15;2;1;0.000097313514;0.000144877929;0.000101558585;0.000186725736;
2018;08;15;3;1;0.000086577106;0.000138088716;0.000096134358;0.000179825420;
2018;08;15;4;1;0.000080009518;0.000134303845;0.000092919889;0.000172075279;
2018;08;15;5;1;0.000076426930;0.000131561674;0.000091579234;0.000168184769;
2018;08;15;6;1;0.000074634233;0.000130063609;0.000092001671;0.000165802368;
2018;08;15;7;1;0.000075363516;0.000128053678;0.000093755785;0.000167924255;
2018;08;15;8;1;0.000077198924;0.000080339229;0.000085265069;0.000085313158;
2018;08;15;9;1;0.000086037956;0.000057901866;0.000085539793;0.000045637441;
2018;08;15;10;1;0.000101503699;0.000064947210;0.000093341822;0.000047475395;
2018;08;15;11;1;0.000116161133;0.000072303483;0.000101569253;0.000050873976;
2018;08;15;12;1;0.000124683701;0.000076011155;0.000107071821;0.000053753159;
2018;08;15;13;1;0.000130407163;0.000077038109;0.000110913353;0.000052995568;
2018;08;15;14;1;0.000137161483;0.000077215622;0.000113499993;0.000052183742;
2018;08;15;15;1;0.000140108119;0.000077659818;0.000112978912;0.000055235526;
2018;08;15;16;1;0.000132610099;0.000073170203;0.000110852230;0.000053902913;
2018;08;15;17;1;0.000127726499;0.000069996321;0.000107095633;0.000051818281;
2018;08;15;18;1;0.000126402858;0.000068539117;0.000104010759;0.000050189211;
2018;08;15;19;1;0.000127825170;0.000069152867;0.000103858234;0.000049392020;
2018;08;15;20;1;0.000129521916;0.000070048737;0.000106024314;0.000052016969;
2018;08;15;21;1;0.000135458621;0.000076772061;0.000111074383;0.000056763356;
2018;08;15;22;1;0.000151811788;0.000138885161;0.000125190055;0.000171114784;
2018;08;15;23;1;0.000148416231;0.000165749061;0.000123605934;0.000234929742;
2018;08;15;24;1;0.000130491807;0.000164222061;0.000114048849;0.000220888969;
2018;08;16;1;1;0.000101202713;0.000143003018;0.000096803140;0.000188986991;
2018;08;16;2;1;0.000085171544;0.000132694549;0.000089884195;0.000177030270;
2018;08;16;3;1;0.000075752199;0.000125875859;0.000085868835;0.000171533575;
2018;08;16;4;1;0.000070643330;0.000122728528;0.000083790947;0.000163178067;
2018;08;16;5;1;0.000068016476;0.000120701426;0.000082908606;0.000159136305;
2018;08;16;6;1;0.000067423116;0.000119721642;0.000084650951;0.000156142517;
2018;08;16;7;1;0.000071005780;0.000119937680;0.000091615306;0.000156209764;
2018;08;16;8;1;0.000079950828;0.000081104873;0.000097745282;0.000081900828;
2018;08;16;9;1;0.000094679889;0.000066106589;0.000121649138;0.000048349625;
2018;08;16;10;1;0.000113984262;0.000073915187;0.000140205903;0.000053013979;
2018;08;16;11;1;0.000129118316;0.000078939759;0.000154648825;0.000057339549;
2018;08;16;12;1;0.000135493527;0.000079942234;0.000160437838;0.000059671297;
2018;08;16;13;1;0.000140736983;0.000080239231;0.000164156520;0.000059218053;
2018;08;16;14;1;0.000147134464;0.000081569663;0.000161780754;0.000060087739;
2018;08;16;15;1;0.000144202665;0.000081052457;0.000148306471;0.000061750162;
2018;08;16;16;1;0.000136538039;0.000075657987;0.000138872047;0.000058896916;
2018;08;16;17;1;0.000134361278;0.000072787892;0.000137070367;0.000056901969;
2018;08;16;18;1;0.000137446008;0.000072515150;0.000139913221;0.000057106569;
2018;08;16;19;1;0.000138497920;0.000072817711;0.000138497715;0.000054876520;
2018;08;16;20;1;0.000136245621;0.000072944271;0.000134824536;0.000055136500;
2018;08;16;21;1;0.000135726826;0.000077571032;0.000129555304;0.000057929068;
2018;08;16;22;1;0.000144610026;0.000133666023;0.000129405635;0.000158982358;
2018;08;16;23;1;0.000139397757;0.000157741417;0.000119576715;0.000219833409;
2018;08;16;24;1;0.000120839986;0.000154220427;0.000108025988;0.000204227288;
2018;08;17;1;1;0.000100949559;0.000143657299;0.000096765777;0.000190372965;
2018;08;17;2;1;0.000085528175;0.000133385164;0.000089421468;0.000179586261;
2018;08;17;3;1;0.000075900997;0.000126684971;0.000085312458;0.000173082149;
2018;08;17;4;1;0.000070654216;0.000123282530;0.000083021979;0.000165492638;
2018;08;17;5;1;0.000068048035;0.000121160441;0.000082268424;0.000161534515;
2018;08;17;6;1;0.000067275117;0.000120102278;0.000083828100;0.000156446806;
2018;08;17;7;1;0.000070945482;0.000119989317;0.000090748920;0.000156580439;
2018;08;17;8;1;0.000079788234;0.000081229804;0.000096500779;0.000083896738;
2018;08;17;9;1;0.000094291016;0.000066176863;0.000119272267;0.000049658306;
2018;08;17;10;1;0.000112875931;0.000073531171;0.000137488988;0.000053699661;
2018;08;17;11;1;0.000127653485;0.000078259019;0.000151781943;0.000057831487;
2018;08;17;12;1;0.000134543006;0.000079186237;0.000157522138;0.000060007981;
2018;08;17;13;1;0.000140483378;0.000080046607;0.000160970104;0.000060709561;
2018;08;17;14;1;0.000146055155;0.000081068301;0.000158323456;0.000059614440;
2018;08;17;15;1;0.000143150074;0.000080319163;0.000144278473;0.000062007223;
2018;08;17;16;1;0.000135365545;0.000075214597;0.000133712509;0.000058732960;
2018;08;17;17;1;0.000132588473;0.000072426204;0.000130693763;0.000056800562;
2018;08;17;18;1;0.000135102164;0.000072028255;0.000132918610;0.000056153080;
2018;08;17;19;1;0.000136273170;0.000072561023;0.000132353887;0.000054985194;
2018;08;17;20;1;0.000133767566;0.000072606721;0.000130164371;0.000054467037;
2018;08;17;21;1;0.000132530884;0.000077319714;0.000126740403;0.000055793420;
2018;08;17;22;1;0.000139107117;0.000133133016;0.000128163891;0.000160971957;
2018;08;17;23;1;0.000133274117;0.000156385105;0.000120035505;0.000222767899;
2018;08;17;24;1;0.000117951003;0.000153552764;0.000109835093;0.000208312529;
2018;08;18;1;1;0.000104385671;0.000146627656;0.000101366899;0.000193803826;
2018;08;18;2;1;0.000089974932;0.000137279170;0.000092570476;0.000177323359;
2018;08;18;3;1;0.000079596766;0.000130057226;0.000087455860;0.000170613502;
2018;08;18;4;1;0.000073321192;0.000126444083;0.000084834514;0.000163124490;
2018;08;18;5;1;0.000070064266;0.000123663368;0.000083434666;0.000160586601;
2018;08;18;6;1;0.000068462878;0.000122324237;0.000084120897;0.000158529976;
2018;08;18;7;1;0.000069572475;0.000120691662;0.000086619017;0.000158682688;
2018;08;18;8;1;0.000072912102;0.000077714417;0.000082275849;0.000081871457;
2018;08;18;9;1;0.000083868009;0.000058323986;0.000088636602;0.000045307564;
2018;08;18;10;1;0.000101371887;0.000066597988;0.000102517285;0.000047224520;
2018;08;18;11;1;0.000117201626;0.000073428483;0.000116788696;0.000052238347;
2018;08;18;12;1;0.000124176720;0.000075396651;0.000122221974;0.000054722763;
2018;08;18;13;1;0.000129387314;0.000075734486;0.000125662405;0.000055589700;
2018;08;18;14;1;0.000135246718;0.000076221425;0.000125171019;0.000055063641;
2018;08;18;15;1;0.000134740532;0.000076182328;0.000117569083;0.000057733832;
2018;08;18;16;1;0.000127130643;0.000071649134;0.000113375282;0.000054464042;
2018;08;18;17;1;0.000122028893;0.000068380853;0.000110676075;0.000051409100;
2018;08;18;18;1;0.000120300850;0.000067536883;0.000111210513;0.000050569712;
2018;08;18;19;1;0.000120224850;0.000067811075;0.000111955091;0.000048783071;
2018;08;18;20;1;0.000119471556;0.000068336866;0.000113886048;0.000052753704;
2018;08;18;21;1;0.000123063717;0.000074443253;0.000117355051;0.000054836700;
2018;08;18;22;1;0.000134695216;0.000129724949;0.000123867621;0.000162555723;
2018;08;18;23;1;0.000130988860;0.000155470052;0.000119216068;0.000225681274;
2018;08;18;24;1;0.000116523916;0.000153210785;0.000110140074;0.000209507337;
2018;08;19;1;1;0.000104013390;0.000147415970;0.000102654241;0.000198308504;
2018;08;19;2;1;0.000090412514;0.000138433477;0.000094214553;0.000179914051;
2018;08;19;3;1;0.000080428810;0.000131860877;0.000089163342;0.000172778454;
2018;08;19;4;1;0.000074327555;0.000128245923;0.000086181808;0.000165325461;
2018;08;19;5;1;0.000070998419;0.000125617024;0.000084936045;0.000161526663;
2018;08;19;6;1;0.000069331533;0.000124170190;0.000085324087;0.000159144781;
2018;08;19;7;1;0.000070014351;0.000122307635;0.000086964187;0.000161508869;
2018;08;19;8;1;0.000071707974;0.000076660341;0.000079063144;0.000081711527;
2018;08;19;9;1;0.000079912240;0.000055225093;0.000079305823;0.000043621691;
2018;08;19;10;1;0.000094293979;0.000062012409;0.000086570706;0.000045595534;
2018;08;19;11;1;0.000107916370;0.000069059544;0.000094211896;0.000048930963;
2018;08;19;12;1;0.000115846519;0.000072647939;0.000099337298;0.000051846770;
2018;08;19;13;1;0.000121175355;0.000073669709;0.000102920075;0.000051237409;
2018;08;19;14;1;0.000127450161;0.000073834734;0.000105318053;0.000050438571;
2018;08;19;15;1;0.000130198149;0.000074293598;0.000104850604;0.000053494109;
2018;08;19;16;1;0.000123231703;0.000070002764;0.000102878982;0.000052216714;
2018;08;19;17;1;0.000118679041;0.000066917522;0.000099368417;0.000050040464;
2018;08;19;18;1;0.000117449414;0.000065525258;0.000096506542;0.000048469888;
2018;08;19;19;1;0.000118770695;0.000066111049;0.000096364557;0.000047696768;
2018;08;19;20;1;0.000120360914;0.000067013114;0.000098396682;0.000050379689;
2018;08;19;21;1;0.000125902919;0.000073533631;0.000103124741;0.000055268371;
2018;08;19;22;1;0.000141151790;0.000133305962;0.000116311407;0.000168132362;
2018;08;19;23;1;0.000138024100;0.000159293789;0.000114888602;0.000232098317;
2018;08;19;24;1;0.000121354813;0.000157826348;0.000106005627;0.000218217342;
2018;08;20;1;1;0.000104131830;0.000147088732;0.000096213461;0.000199098424;
2018;08;20;2;1;0.000088044005;0.000136793638;0.000089667716;0.000182610366;
2018;08;20;3;1;0.000078169316;0.000129595057;0.000085890943;0.000176854910;
2018;08;20;4;1;0.000072870905;0.000126316314;0.000083967468;0.000168274914;
2018;08;20;5;1;0.000070364174;0.000124140177;0.000083174539;0.000165629754;
2018;08;20;6;1;0.000069513176;0.000122984448;0.000084893647;0.000162574750;
2018;08;20;7;1;0.000073725394;0.000122945933;0.000092332124;0.000161927315;
2018;08;20;8;1;0.000083034847;0.000082438400;0.000099604488;0.000083001484;
2018;08;20;9;1;0.000098180251;0.000066490873;0.000126190041;0.000047269185;
2018;08;20;10;1;0.000118087584;0.000073779208;0.000145883035;0.000054006587;
2018;08;20;11;1;0.000132781926;0.000078989275;0.000160445836;0.000058457003;
2018;08;20;12;1;0.000139843646;0.000080238356;0.000166389736;0.000060802638;
2018;08;20;13;1;0.000145789874;0.000080829002;0.000169752648;0.000061574892;
2018;08;20;14;1;0.000152541452;0.000082370165;0.000166802993;0.000060941103;
2018;08;20;15;1;0.000150044804;0.000082177255;0.000152534249;0.000064589891;
2018;08;20;16;1;0.000141844301;0.000076628877;0.000142629665;0.000063241914;
2018;08;20;17;1;0.000140111033;0.000073505251;0.000141111822;0.000060894482;
2018;08;20;18;1;0.000143633590;0.000073764120;0.000144180412;0.000059822898;
2018;08;20;19;1;0.000144903233;0.000073896949;0.000142736715;0.000057937359;
2018;08;20;20;1;0.000142571875;0.000073762966;0.000137890826;0.000056268866;
2018;08;20;21;1;0.000141359439;0.000079176192;0.000132003343;0.000059688815;
2018;08;20;22;1;0.000150691525;0.000136739430;0.000131099033;0.000167014805;
2018;08;20;23;1;0.000145874564;0.000162893894;0.000121196151;0.000231864153;
2018;08;20;24;1;0.000125907413;0.000159085961;0.000109126245;0.000217725866;
2018;08;21;1;1;0.000107367362;0.000147920056;0.000102783488;0.000192678449;
2018;08;21;2;1;0.000090351456;0.000137182227;0.000095419743;0.000180060757;
2018;08;21;3;1;0.000080368346;0.000130221090;0.000091177722;0.000174977113;
2018;08;21;4;1;0.000074947553;0.000126958829;0.000088969928;0.000166414610;
2018;08;21;5;1;0.000072158016;0.000124834313;0.000088026620;0.000162132553;
2018;08;21;6;1;0.000071525173;0.000123785630;0.000089868069;0.000158873875;
2018;08;21;7;1;0.000075318220;0.000123933920;0.000097242041;0.000158522392;
2018;08;21;8;1;0.000084824927;0.000083916606;0.000103793532;0.000083588881;
2018;08;21;9;1;0.000100442375;0.000068359168;0.000129151917;0.000049221354;
2018;08;21;10;1;0.000120941391;0.000076508999;0.000148901787;0.000054204110;
2018;08;21;11;1;0.000137017462;0.000081775546;0.000164284384;0.000058833200;
2018;08;21;12;1;0.000143794267;0.000082854095;0.000170461536;0.000061354860;
2018;08;21;13;1;0.000149385709;0.000083251356;0.000174475046;0.000061173402;
2018;08;21;14;1;0.000156183077;0.000084653544;0.000171964778;0.000062139705;
2018;08;21;15;1;0.000153076592;0.000084135158;0.000157653843;0.000063917534;
2018;08;21;16;1;0.000144938974;0.000078531254;0.000147622095;0.000060950454;
2018;08;21;17;1;0.000142652114;0.000075627918;0.000145755591;0.000059141903;
2018;08;21;18;1;0.000145942313;0.000075391427;0.000148809422;0.000059515193;
2018;08;21;19;1;0.000147054075;0.000075690089;0.000147293558;0.000057140114;
2018;08;21;20;1;0.000144649109;0.000075779184;0.000143360299;0.000057272465;
2018;08;21;21;1;0.000144082064;0.000080531471;0.000137726426;0.000060000674;
2018;08;21;22;1;0.000153527918;0.000138852445;0.000137595616;0.000165093383;
2018;08;21;23;1;0.000147961405;0.000163644287;0.000127088268;0.000226975455;
2018;08;21;24;1;0.000128244989;0.000159852713;0.000114778694;0.000210075146;
2018;08;22;1;1;0.000109001595;0.000149372612;0.000104390666;0.000194507562;
2018;08;22;2;1;0.000091728821;0.000138548695;0.000096916281;0.000181881414;
2018;08;22;3;1;0.000081589817;0.000131482426;0.000092599319;0.000176539036;
2018;08;22;4;1;0.000076089451;0.000128217076;0.000090363790;0.000168063284;
2018;08;22;5;1;0.000073256513;0.000126062295;0.000089403510;0.000163688838;
2018;08;22;6;1;0.000072607962;0.000124940551;0.000091258494;0.000160049691;
2018;08;22;7;1;0.000076454993;0.000125056372;0.000098737670;0.000159505903;
2018;08;22;8;1;0.000086112044;0.000084717224;0.000105406728;0.000084284353;
2018;08;22;9;1;0.000101971836;0.000069033258;0.000131173064;0.000049700439;
2018;08;22;10;1;0.000122772253;0.000077222739;0.000151205525;0.000054604756;
2018;08;22;11;1;0.000139068395;0.000082455348;0.000166770215;0.000059007999;
2018;08;22;12;1;0.000145956205;0.000083575811;0.000173063534;0.000061643474;
2018;08;22;13;1;0.000151626228;0.000083958331;0.000177125494;0.000061403794;
2018;08;22;14;1;0.000158533259;0.000085397389;0.000174594089;0.000062453238;
2018;08;22;15;1;0.000155384246;0.000084888265;0.000160073031;0.000064285254;
2018;08;22;16;1;0.000147136868;0.000079275838;0.000149913651;0.000061439433;
2018;08;22;17;1;0.000144814777;0.000076343237;0.000148017045;0.000059610639;
2018;08;22;18;1;0.000148148615;0.000076085322;0.000151105532;0.000059921993;
2018;08;22;19;1;0.000149258745;0.000076330218;0.000149529340;0.000057347513;
2018;08;22;20;1;0.000146818022;0.000076420975;0.000145536967;0.000057482998;
2018;08;22;21;1;0.000146254263;0.000081252747;0.000139840090;0.000060346806;
2018;08;22;22;1;0.000155832532;0.000140042313;0.000139689366;0.000165772416;
2018;08;22;23;1;0.000150171893;0.000164977014;0.000129003980;0.000227494693;
2018;08;22;24;1;0.000130163465;0.000161173421;0.000116513406;0.000210661521;
2018;08;23;1;1;0.000108816456;0.000149334816;0.000104229972;0.000194973607;
2018;08;23;2;1;0.000091577087;0.000138550573;0.000096775689;0.000182528362;
2018;08;23;3;1;0.000081449653;0.000131433985;0.000092453187;0.000176877445;
2018;08;23;4;1;0.000075959821;0.000128180874;0.000090223766;0.000168449411;
2018;08;23;5;1;0.000073127853;0.000125986945;0.000089255565;0.000163843387;
2018;08;23;6;1;0.000072479499;0.000124856320;0.000091105121;0.000160151781;
2018;08;23;7;1;0.000076326536;0.000125039236;0.000098589338;0.000159984772;
2018;08;23;8;1;0.000085957145;0.000084645015;0.000105223344;0.000084271803;
2018;08;23;9;1;0.000101784153;0.000068957089;0.000130933900;0.000049638608;
2018;08;23;10;1;0.000122546076;0.000077136717;0.000150929314;0.000054534050;
2018;08;23;11;1;0.000138804348;0.000082335505;0.000166446744;0.000058844101;
2018;08;23;12;1;0.000145665846;0.000083408802;0.000172696465;0.000061326327;
2018;08;23;13;1;0.000151324551;0.000083790473;0.000176749727;0.000061088149;
2018;08;23;14;1;0.000158221887;0.000085239808;0.000174232615;0.000062174662;
2018;08;23;15;1;0.000155077329;0.000084726017;0.000159738066;0.000063980968;
2018;08;23;16;1;0.000146839762;0.000079103416;0.000149586749;0.000061079243;
2018;08;23;17;1;0.000144514889;0.000076153594;0.000147679013;0.000059181993;
2018;08;23;18;1;0.000147827001;0.000075850690;0.000150730219;0.000059336485;
2018;08;23;19;1;0.000148958437;0.000076167427;0.000149205433;0.000057020531;
2018;08;23;20;1;0.000146529066;0.000076278075;0.000145234471;0.000057220123;
2018;08;23;21;1;0.000145987147;0.000081169961;0.000139589077;0.000060293296;
2018;08;23;22;1;0.000155544746;0.000139882392;0.000139432925;0.000165534939;
2018;08;23;23;1;0.000149895526;0.000164794992;0.000128768813;0.000227207076;
2018;08;23;24;1;0.000129912717;0.000160912398;0.000116280956;0.000209926239;
2018;08;24;1;1;0.000109807505;0.000150845668;0.000105400508;0.000196442202;
2018;08;24;2;1;0.000093030972;0.000140041628;0.000097396695;0.000185208546;
2018;08;24;3;1;0.000082556239;0.000132977603;0.000092914389;0.000178325212;
2018;08;24;4;1;0.000076856905;0.000129481883;0.000090437460;0.000170936866;
2018;08;24;5;1;0.000074018804;0.000127220705;0.000089609025;0.000166661130;
2018;08;24;6;1;0.000073177145;0.000126099595;0.000091305542;0.000161345794;
2018;08;24;7;1;0.000077176158;0.000126046118;0.000098860727;0.000161845433;
2018;08;24;8;1;0.000086812997;0.000085433499;0.000105169106;0.000087177508;
2018;08;24;9;1;0.000102570562;0.000069511460;0.000129930101;0.000051307797;
2018;08;24;10;1;0.000122781375;0.000077213663;0.000149759949;0.000055412980;
2018;08;24;11;1;0.000138850814;0.000082160837;0.000165316842;0.000059622052;
2018;08;24;12;1;0.000146366307;0.000083208286;0.000171619692;0.000062107563;
2018;08;24;13;1;0.000152862523;0.000084224262;0.000175453887;0.000063198877;
2018;08;24;14;1;0.000158953481;0.000085390122;0.000172630354;0.000062345391;
2018;08;24;15;1;0.000155823629;0.000084704416;0.000157380359;0.000065188721;
2018;08;24;16;1;0.000147373271;0.000079396617;0.000145901152;0.000062001179;
2018;08;24;17;1;0.000144350042;0.000076453788;0.000142607597;0.000059963476;
2018;08;24;18;1;0.000147085472;0.000076029893;0.000145032810;0.000059267592;
2018;08;24;19;1;0.000148350786;0.000076562769;0.000144398026;0.000057939591;
2018;08;24;20;1;0.000145595133;0.000076522746;0.000141954701;0.000057108238;
2018;08;24;21;1;0.000144217973;0.000081384529;0.000138160938;0.000058172579;
2018;08;24;22;1;0.000151356532;0.000140034346;0.000139680227;0.000167329890;
2018;08;24;23;1;0.000144979150;0.000164282993;0.000130766009;0.000230303930;
2018;08;24;24;1;0.000128323842;0.000161409958;0.000119679068;0.000215948942;
2018;08;25;1;1;0.000111248467;0.000152450710;0.000108184532;0.000200120870;
2018;08;25;2;1;0.000095907574;0.000142885009;0.000098832074;0.000183954431;
2018;08;25;3;1;0.000084850441;0.000135419471;0.000093383248;0.000177290164;
2018;08;25;4;1;0.000078147957;0.000131529189;0.000090554812;0.000168796849;
2018;08;25;5;1;0.000074667858;0.000128546141;0.000089039665;0.000165666907;
2018;08;25;6;1;0.000072958825;0.000127128884;0.000089766032;0.000163406905;
2018;08;25;7;1;0.000074135015;0.000125368469;0.000092416151;0.000163203543;
2018;08;25;8;1;0.000077707327;0.000080811234;0.000087813215;0.000084592411;
2018;08;25;9;1;0.000089370193;0.000060592818;0.000094573314;0.000046628185;
2018;08;25;10;1;0.000108013150;0.000069152973;0.000109364922;0.000048491112;
2018;08;25;11;1;0.000124869476;0.000076207058;0.000124568671;0.000053521417;
2018;08;25;12;1;0.000132317714;0.000078309479;0.000130397020;0.000056254370;
2018;08;25;13;1;0.000137878153;0.000078688610;0.000134083602;0.000057234874;
2018;08;25;14;1;0.000144132019;0.000079227314;0.000133577718;0.000056794644;
2018;08;25;15;1;0.000143585761;0.000079164090;0.000125453308;0.000059474787;
2018;08;25;16;1;0.000135493443;0.000074509898;0.000121008860;0.000056289877;
2018;08;25;17;1;0.000130045206;0.000071075470;0.000118108144;0.000053017918;
2018;08;25;18;1;0.000128207467;0.000070210807;0.000118685548;0.000052192799;
2018;08;25;19;1;0.000128110464;0.000070443072;0.000119450325;0.000050186209;
2018;08;25;20;1;0.000127282951;0.000070906277;0.000121463198;0.000053996299;
2018;08;25;21;1;0.000131093150;0.000077182589;0.000125130854;0.000055938102;
2018;08;25;22;1;0.000143480624;0.000134482747;0.000132069583;0.000165752121;
2018;08;25;23;1;0.000139496272;0.000160921285;0.000127044001;0.000228578166;
2018;08;25;24;1;0.000124085991;0.000158537997;0.000117360961;0.000211942290;
2018;08;26;1;1;0.000107480862;0.000150355692;0.000106146904;0.000201033023;
2018;08;26;2;1;0.000093418978;0.000141125206;0.000097404223;0.000182001222;
2018;08;26;3;1;0.000083116930;0.000134557266;0.000092212268;0.000175530522;
2018;08;26;4;1;0.000076821462;0.000130967690;0.000089151307;0.000168513005;
2018;08;26;5;1;0.000073385200;0.000128331147;0.000087873586;0.000164912061;
2018;08;26;6;1;0.000071659511;0.000126823773;0.000088268239;0.000162320029;
2018;08;26;7;1;0.000072358925;0.000124855604;0.000089949176;0.000164349995;
2018;08;26;8;1;0.000074114831;0.000078292698;0.000081789229;0.000083312463;
2018;08;26;9;1;0.000082571160;0.000056305512;0.000081993966;0.000044150036;
2018;08;26;10;1;0.000097420653;0.000063183618;0.000089485306;0.000046014111;
2018;08;26;11;1;0.000111496995;0.000070372382;0.000097387684;0.000049406278;
2018;08;26;12;1;0.000119686846;0.000074016344;0.000102679997;0.000052312110;
2018;08;26;13;1;0.000125193885;0.000075062954;0.000106385972;0.000051714133;
2018;08;26;14;1;0.000131670483;0.000075209534;0.000108854292;0.000050844920;
2018;08;26;15;1;0.000134500738;0.000075647630;0.000108357097;0.000053836437;
2018;08;26;16;1;0.000127301226;0.000071269093;0.000106314786;0.000052521404;
2018;08;26;17;1;0.000122612763;0.000068176439;0.000102711333;0.000050486272;
2018;08;26;18;1;0.000121342520;0.000066758429;0.000099753409;0.000048902913;
2018;08;26;19;1;0.000122708780;0.000067359095;0.000099608563;0.000048134260;
2018;08;26;20;1;0.000124351896;0.000068278738;0.000101709376;0.000050843368;
2018;08;26;21;1;0.000130107254;0.000075024788;0.000106645120;0.000056109036;
2018;08;26;22;1;0.000145873840;0.000136056570;0.000120295949;0.000170942629;
2018;08;26;23;1;0.000142622520;0.000162450782;0.000118792756;0.000235162962;
2018;08;26;24;1;0.000125397318;0.000160949945;0.000109606941;0.000221072899;
2018;08;27;1;1;0.000110979922;0.000152650780;0.000102628083;0.000203553854;
2018;08;27;2;1;0.000093835425;0.000141978355;0.000095648623;0.000186764285;
2018;08;27;3;1;0.000083307926;0.000134475092;0.000091612745;0.000180687474;
2018;08;27;4;1;0.000077660473;0.000131065301;0.000089559420;0.000171876626;
2018;08;27;5;1;0.000074987203;0.000128788629;0.000088709457;0.000169059437;
2018;08;27;6;1;0.000074088184;0.000127670811;0.000090562236;0.000166390543;
2018;08;27;7;1;0.000078605858;0.000127907271;0.000098568238;0.000167314312;
2018;08;27;8;1;0.000088557867;0.000085918464;0.000106394976;0.000086436972;
2018;08;27;9;1;0.000104702174;0.000069263991;0.000134771133;0.000049121368;
2018;08;27;10;1;0.000125904794;0.000076756697;0.000155736138;0.000055803676;
2018;08;27;11;1;0.000141563056;0.000082146222;0.000171261168;0.000060303093;
2018;08;27;12;1;0.000149099667;0.000083471755;0.000177624529;0.000062809841;
2018;08;27;13;1;0.000155439566;0.000084086509;0.000181214740;0.000063608339;
2018;08;27;14;1;0.000162649646;0.000085726482;0.000178091359;0.000063069961;
2018;08;27;15;1;0.000159987134;0.000085524281;0.000162856110;0.000066840396;
2018;08;27;16;1;0.000151247754;0.000079764140;0.000152290362;0.000065495412;
2018;08;27;17;1;0.000149401293;0.000076517968;0.000150673167;0.000063082985;
2018;08;27;18;1;0.000153169528;0.000076823835;0.000153974014;0.000062099610;
2018;08;27;19;1;0.000154513685;0.000076933004;0.000152412967;0.000060044234;
2018;08;27;20;1;0.000152013724;0.000076751232;0.000147211503;0.000058177033;
2018;08;27;21;1;0.000150712272;0.000082355216;0.000140909755;0.000061621128;
2018;08;27;22;1;0.000160681236;0.000142332642;0.000139978270;0.000172956614;
2018;08;27;23;1;0.000155491270;0.000169207054;0.000129315421;0.000237994997;
2018;08;27;24;1;0.000134204449;0.000165226915;0.000116431117;0.000223340674;
2018;08;28;1;1;0.000113586808;0.000153042739;0.000108838518;0.000197325130;
2018;08;28;2;1;0.000095595877;0.000142027928;0.000101063488;0.000184937160;
2018;08;28;3;1;0.000085023778;0.000134730307;0.000096548937;0.000179192273;
2018;08;28;4;1;0.000079301111;0.000131475788;0.000094239920;0.000171104760;
2018;08;28;5;1;0.000076341508;0.000129194051;0.000093221125;0.000166244067;
2018;08;28;6;1;0.000075676634;0.000128156189;0.000095182965;0.000163166708;
2018;08;28;7;1;0.000079703907;0.000128446127;0.000103029438;0.000163566550;
2018;08;28;8;1;0.000089779167;0.000087059107;0.000110007578;0.000086625631;
2018;08;28;9;1;0.000106322548;0.000070974508;0.000136919693;0.000051185379;
2018;08;28;10;1;0.000128017718;0.000079421249;0.000157847712;0.000056317206;
2018;08;28;11;1;0.000145016142;0.000084823944;0.000174110599;0.000060923772;
2018;08;28;12;1;0.000152177298;0.000085904463;0.000180630477;0.000063411438;
2018;08;28;13;1;0.000158031982;0.000086111026;0.000184736717;0.000062574448;
2018;08;28;14;1;0.000165188035;0.000087451108;0.000182002268;0.000063218417;
2018;08;28;15;1;0.000161929326;0.000087002317;0.000166911444;0.000065309906;
2018;08;28;16;1;0.000153341209;0.000081271245;0.000156331617;0.000062488567;
2018;08;28;17;1;0.000150933977;0.000078304493;0.000154379934;0.000060760563;
2018;08;28;18;1;0.000154411651;0.000078048913;0.000157607232;0.000061108010;
2018;08;28;19;1;0.000155568514;0.000078299524;0.000155962823;0.000058480513;
2018;08;28;20;1;0.000153018055;0.000078372474;0.000151785671;0.000058553450;
2018;08;28;21;1;0.000152445245;0.000083376049;0.000145872435;0.000061625592;
2018;08;28;22;1;0.000162411986;0.000143611845;0.000145684750;0.000168826806;
2018;08;28;23;1;0.000156492988;0.000169056600;0.000134507474;0.000230942733;
2018;08;28;24;1;0.000135632056;0.000165083666;0.000121465581;0.000213431447;
2018;08;29;1;1;0.000112986862;0.000152653518;0.000108270405;0.000197464734;
2018;08;29;2;1;0.000095085480;0.000141617835;0.000100524384;0.000184792591;
2018;08;29;3;1;0.000084573875;0.000134379950;0.000096043114;0.000179277310;
2018;08;29;4;1;0.000078881592;0.000131134900;0.000093746436;0.000171191262;
2018;08;29;5;1;0.000075947118;0.000128955805;0.000092756124;0.000166875569;
2018;08;29;6;1;0.000075279396;0.000127855968;0.000094692378;0.000163435904;
2018;08;29;7;1;0.000079282733;0.000128117961;0.000102491172;0.000163681922;
2018;08;29;8;1;0.000089303665;0.000086830213;0.000109430180;0.000086656572;
2018;08;29;9;1;0.000105758362;0.000070783633;0.000136198297;0.000051190392;
2018;08;29;10;1;0.000127310460;0.000079103323;0.000156947123;0.000056000906;
2018;08;29;11;1;0.000144214422;0.000084482466;0.000173115902;0.000060575800;
2018;08;29;12;1;0.000151332452;0.000085546657;0.000179590141;0.000063011202;
2018;08;29;13;1;0.000157195061;0.000085884801;0.000183767245;0.000062596635;
2018;08;29;14;1;0.000164336502;0.000087295458;0.000181098450;0.000063472822;
2018;08;29;15;1;0.000161036561;0.000086660068;0.000165962952;0.000064963605;
2018;08;29;16;1;0.000152472100;0.000080876215;0.000155394963;0.000061908390;
2018;08;29;17;1;0.000150070443;0.000077898795;0.000153438479;0.000060113093;
2018;08;29;18;1;0.000153531638;0.000077654877;0.000156653067;0.000060491241;
2018;08;29;19;1;0.000154698209;0.000077953369;0.000155051270;0.000058047124;
2018;08;29;20;1;0.000152175268;0.000078066736;0.000150924809;0.000058250636;
2018;08;29;21;1;0.000151610079;0.000083065451;0.000145053653;0.000061353546;
2018;08;29;22;1;0.000161507259;0.000142997478;0.000144840199;0.000167680022;
2018;08;29;23;1;0.000155618173;0.000168313372;0.000133722450;0.000229252507;
2018;08;29;24;1;0.000134885753;0.000164444930;0.000120777979;0.000212356293;
2018;08;30;1;1;0.000112604196;0.000152201331;0.000107880874;0.000196332936;
2018;08;30;2;1;0.000094773076;0.000141284418;0.000100183083;0.000184217959;
2018;08;30;3;1;0.000084301105;0.000134112201;0.000095728603;0.000179000377;
2018;08;30;4;1;0.000078623944;0.000130841293;0.000093431753;0.000170744028;
2018;08;30;5;1;0.000075705253;0.000128730317;0.000092459906;0.000166794660;
2018;08;30;6;1;0.000075039438;0.000127630226;0.000094389429;0.000163345762;
2018;08;30;7;1;0.000079023786;0.000127831160;0.000102147161;0.000163253214;
2018;08;30;8;1;0.000089016232;0.000086660668;0.000109073283;0.000086537722;
2018;08;30;9;1;0.000105406333;0.000070598610;0.000135724129;0.000050973033;
2018;08;30;10;1;0.000126884082;0.000078886805;0.000156394281;0.000055733196;
2018;08;30;11;1;0.000143739013;0.000084277939;0.000172524314;0.000060369610;
2018;08;30;12;1;0.000150829706;0.000085326410;0.000178967239;0.000062754849;
2018;08;30;13;1;0.000156677004;0.000085677366;0.000183139595;0.000062385336;
2018;08;30;14;1;0.000163800408;0.000087102178;0.000180492036;0.000063314092;
2018;08;30;15;1;0.000160530252;0.000086529594;0.000165446410;0.000064999570;
2018;08;30;16;1;0.000151995160;0.000080762245;0.000154916291;0.000061968720;
2018;08;30;17;1;0.000149590234;0.000077755432;0.000152943792;0.000060059731;
2018;08;30;18;1;0.000153035918;0.000077498498;0.000156138967;0.000060392225;
2018;08;30;19;1;0.000154207538;0.000077823069;0.000154560097;0.000058038154;
2018;08;30;20;1;0.000151690144;0.000077928686;0.000150441839;0.000058217266;
2018;08;30;21;1;0.000151131208;0.000082933251;0.000144597993;0.000061365913;
2018;08;30;22;1;0.000161006830;0.000142821386;0.000144402603;0.000167973267;
2018;08;30;23;1;0.000155130829;0.000168072693;0.000133309580;0.000229459056;
2018;08;30;24;1;0.000134461919;0.000164199393;0.000120402536;0.000212489356;
2018;08;31;1;1;0.000113362866;0.000153586130;0.000108843488;0.000198022629;
2018;08;31;2;1;0.000096054146;0.000142683802;0.000100601272;0.000187253838;
2018;08;31;3;1;0.000085249432;0.000135585725;0.000095994929;0.000180865110;
2018;08;31;4;1;0.000079362447;0.000132004249;0.000093431819;0.000173274101;
2018;08;31;5;1;0.000076437196;0.000129753707;0.000092588969;0.000169248255;
2018;08;31;6;1;0.000075574975;0.000128681267;0.000094359231;0.000164245760;
2018;08;31;7;1;0.000079721221;0.000128783880;0.000102208636;0.000165635175;
2018;08;31;8;1;0.000089708675;0.000087481040;0.000108810250;0.000090072886;
2018;08;31;9;1;0.000105987151;0.000071158783;0.000134416658;0.000052955220;
2018;08;31;10;1;0.000126852460;0.000078973408;0.000154885503;0.000056970704;
2018;08;31;11;1;0.000143425517;0.000083930572;0.000170905212;0.000060971643;
2018;08;31;12;1;0.000151170826;0.000084940397;0.000177379337;0.000063316447;
2018;08;31;13;1;0.000157873985;0.000085956862;0.000181327730;0.000064360844;
2018;08;31;14;1;0.000164160275;0.000087132766;0.000178400196;0.000063446808;
2018;08;31;15;1;0.000160898406;0.000086338209;0.000162580907;0.000066027351;
2018;08;31;16;1;0.000152161247;0.000080891111;0.000150699418;0.000062675623;
2018;08;31;17;1;0.000149043901;0.000077905736;0.000147305658;0.000060658784;
2018;08;31;18;1;0.000151859916;0.000077448215;0.000149794270;0.000059869358;
2018;08;31;19;1;0.000153166904;0.000077992812;0.000149139809;0.000058532946;
2018;08;31;20;1;0.000150326384;0.000077966278;0.000146625203;0.000057738034;
2018;08;31;21;1;0.000148916791;0.000082960860;0.000142730224;0.000058939471;
2018;08;31;22;1;0.000156268620;0.000142641122;0.000144264115;0.000168998817;
2018;08;31;23;1;0.000149676770;0.000167290719;0.000135043819;0.000232293705;
2018;08;31;24;1;0.000132471154;0.000164286002;0.000123574337;0.000217363551;
