AŃO;MES;DIA;HORA;VERANO(1)/INVIERNO(0);COEF. PERFIL A;COEF. PERFIL B;COEF. PERFIL C;COEF. PERFIL D;
2020;03;01;1;0;0.000097827916;0.000135620538;0.000086805083;0.000136342971;
2020;03;01;2;0;0.000079887658;0.000121496591;0.000081047984;0.000149104136;
2020;03;01;3;0;0.000069499909;0.000110442855;0.000078571900;0.000146122619;
2020;03;01;4;0;0.000063292444;0.000103024395;0.000077060969;0.000140281365;
2020;03;01;5;0;0.000059850870;0.000099919925;0.000076403023;0.000134446887;
2020;03;01;6;0;0.000059097578;0.000102504061;0.000077174704;0.000128834477;
2020;03;01;7;0;0.000061265868;0.000104175660;0.000078848129;0.000124511378;
2020;03;01;8;0;0.000067370348;0.000088621638;0.000074289933;0.000094417296;
2020;03;01;9;0;0.000082956969;0.000082409278;0.000072752892;0.000067436169;
2020;03;01;10;0;0.000107506586;0.000094475318;0.000077992857;0.000075454095;
2020;03;01;11;0;0.000127527292;0.000104394752;0.000082980055;0.000081796770;
2020;03;01;12;0;0.000135767160;0.000104687497;0.000087514565;0.000083878178;
2020;03;01;13;0;0.000137864258;0.000094801664;0.000090059162;0.000081132770;
2020;03;01;14;0;0.000143121352;0.000094261606;0.000089978855;0.000078157706;
2020;03;01;15;0;0.000140152020;0.000091513914;0.000087335126;0.000075305733;
2020;03;01;16;0;0.000125158621;0.000081558587;0.000084565785;0.000068124797;
2020;03;01;17;0;0.000116327536;0.000075552017;0.000081661224;0.000064202157;
2020;03;01;18;0;0.000113561978;0.000073609634;0.000079346908;0.000063991031;
2020;03;01;19;0;0.000118351566;0.000076823591;0.000079574118;0.000067026440;
2020;03;01;20;0;0.000136138230;0.000105726808;0.000091110863;0.000097596227;
2020;03;01;21;0;0.000156139736;0.000134963185;0.000098007926;0.000139572658;
2020;03;01;22;0;0.000160309801;0.000143071857;0.000097273034;0.000149927352;
2020;03;01;23;0;0.000140214275;0.000153299851;0.000090872506;0.000145872681;
2020;03;01;24;0;0.000114476021;0.000146272351;0.000082971049;0.000139945749;
2020;03;02;1;0;0.000088574068;0.000135583357;0.000079641592;0.000132997302;
2020;03;02;2;0;0.000071039498;0.000120228704;0.000075990926;0.000145298721;
2020;03;02;3;0;0.000062177570;0.000109894317;0.000074978164;0.000142659012;
2020;03;02;4;0;0.000058232288;0.000103896899;0.000074465637;0.000137848821;
2020;03;02;5;0;0.000056867337;0.000102023053;0.000074741193;0.000132853515;
2020;03;02;6;0;0.000058383759;0.000105587146;0.000077521584;0.000127454949;
2020;03;02;7;0;0.000069271614;0.000113611197;0.000088153631;0.000127965101;
2020;03;02;8;0;0.000094334538;0.000113146076;0.000103643454;0.000107674999;
2020;03;02;9;0;0.000112605599;0.000107558907;0.000136044740;0.000085361553;
2020;03;02;10;0;0.000121971968;0.000107365222;0.000159019312;0.000085090418;
2020;03;02;11;0;0.000130363619;0.000107128179;0.000166013753;0.000086070941;
2020;03;02;12;0;0.000131979771;0.000101815584;0.000165417924;0.000083783011;
2020;03;02;13;0;0.000135116676;0.000092201651;0.000164097107;0.000081386909;
2020;03;02;14;0;0.000141618390;0.000092163029;0.000154897247;0.000078606591;
2020;03;02;15;0;0.000138725400;0.000090047017;0.000136469974;0.000074659830;
2020;03;02;16;0;0.000129539368;0.000083446873;0.000130947958;0.000069718688;
2020;03;02;17;0;0.000124101002;0.000079063448;0.000131067792;0.000067629482;
2020;03;02;18;0;0.000124702650;0.000078797160;0.000130852139;0.000069300237;
2020;03;02;19;0;0.000129346613;0.000081865961;0.000126543121;0.000072213431;
2020;03;02;20;0;0.000147500184;0.000110683227;0.000131604735;0.000103944102;
2020;03;02;21;0;0.000168105448;0.000141819452;0.000127298828;0.000148122750;
2020;03;02;22;0;0.000172241635;0.000153948381;0.000112107597;0.000155941100;
2020;03;02;23;0;0.000149185275;0.000162171618;0.000097393101;0.000149888755;
2020;03;02;24;0;0.000117543094;0.000153481404;0.000087429883;0.000141536351;
2020;03;03;1;0;0.000091560927;0.000141353283;0.000084093501;0.000136070094;
2020;03;03;2;0;0.000072931962;0.000125200603;0.000080188921;0.000155174644;
2020;03;03;3;0;0.000063876294;0.000114465379;0.000078788851;0.000153505935;
2020;03;03;4;0;0.000059966683;0.000108554714;0.000078004534;0.000147471203;
2020;03;03;5;0;0.000058634290;0.000106751571;0.000078219493;0.000140031889;
2020;03;03;6;0;0.000060430061;0.000111048049;0.000080957013;0.000132385387;
2020;03;03;7;0;0.000072095800;0.000119325899;0.000091781781;0.000131191910;
2020;03;03;8;0;0.000099165535;0.000118644614;0.000107434856;0.000109598797;
2020;03;03;9;0;0.000117874958;0.000112786544;0.000139522060;0.000087251570;
2020;03;03;10;0;0.000126076665;0.000111683424;0.000162182813;0.000086509714;
2020;03;03;11;0;0.000132991134;0.000109942076;0.000168757330;0.000085778306;
2020;03;03;12;0;0.000133960608;0.000103820903;0.000168280602;0.000083220962;
2020;03;03;13;0;0.000136822676;0.000093620108;0.000167706150;0.000080623574;
2020;03;03;14;0;0.000143227977;0.000094053419;0.000158354780;0.000078189076;
2020;03;03;15;0;0.000140192109;0.000091883584;0.000139573174;0.000074940727;
2020;03;03;16;0;0.000131238589;0.000085428825;0.000133835453;0.000070588234;
2020;03;03;17;0;0.000126044640;0.000081164007;0.000133458605;0.000068311364;
2020;03;03;18;0;0.000126937916;0.000081146093;0.000133431112;0.000069458882;
2020;03;03;19;0;0.000131271482;0.000084144158;0.000129801422;0.000072716172;
2020;03;03;20;0;0.000150074063;0.000114860574;0.000136535942;0.000104692950;
2020;03;03;21;0;0.000171164108;0.000147217573;0.000132664577;0.000148792585;
2020;03;03;22;0;0.000174872645;0.000159035686;0.000117241790;0.000156129673;
2020;03;03;23;0;0.000152248291;0.000169007849;0.000101912732;0.000150761852;
2020;03;03;24;0;0.000120933553;0.000159891666;0.000091102481;0.000142413641;
2020;03;04;1;0;0.000090687798;0.000140298602;0.000082971891;0.000135735959;
2020;03;04;2;0;0.000072233796;0.000124261492;0.000079117686;0.000154786589;
2020;03;04;3;0;0.000063292272;0.000113661761;0.000077752925;0.000153215458;
2020;03;04;4;0;0.000059406307;0.000107768281;0.000076970970;0.000147150981;
2020;03;04;5;0;0.000058031013;0.000105866153;0.000077146068;0.000139543827;
2020;03;04;6;0;0.000059846695;0.000110206108;0.000079870810;0.000132044610;
2020;03;04;7;0;0.000071288155;0.000118215189;0.000090479891;0.000130568858;
2020;03;04;8;0;0.000097907743;0.000117344083;0.000105832501;0.000108849281;
2020;03;04;9;0;0.000116089655;0.000111241032;0.000137270092;0.000086354333;
2020;03;04;10;0;0.000124028324;0.000110016249;0.000159475732;0.000085487342;
2020;03;04;11;0;0.000130772253;0.000108247403;0.000165903474;0.000084712344;
2020;03;04;12;0;0.000131551145;0.000102070275;0.000165325052;0.000082035897;
2020;03;04;13;0;0.000134353218;0.000092035021;0.000164755404;0.000079468566;
2020;03;04;14;0;0.000140707480;0.000092508278;0.000155603875;0.000077118515;
2020;03;04;15;0;0.000137798461;0.000090427536;0.000137185368;0.000073969058;
2020;03;04;16;0;0.000129121668;0.000084164694;0.000131609151;0.000069765688;
2020;03;04;17;0;0.000124152547;0.000080063999;0.000131313337;0.000067621858;
2020;03;04;18;0;0.000125038516;0.000080050666;0.000131289497;0.000068762446;
2020;03;04;19;0;0.000129279204;0.000082988183;0.000127704469;0.000071965096;
2020;03;04;20;0;0.000147915084;0.000113383766;0.000134383897;0.000103727499;
2020;03;04;21;0;0.000168900954;0.000145515421;0.000130650665;0.000147662224;
2020;03;04;22;0;0.000172660665;0.000157298145;0.000115495792;0.000155067788;
2020;03;04;23;0;0.000150107240;0.000166895654;0.000100322831;0.000149439672;
2020;03;04;24;0;0.000119206249;0.000157854244;0.000089671185;0.000141120979;
2020;03;05;1;0;0.000090173428;0.000139640837;0.000082478452;0.000135309125;
2020;03;05;2;0;0.000071849144;0.000123726797;0.000078660940;0.000154374349;
2020;03;05;3;0;0.000062971832;0.000113205814;0.000077314268;0.000152863269;
2020;03;05;4;0;0.000059093755;0.000107312197;0.000076529090;0.000146772090;
2020;03;05;5;0;0.000057744453;0.000105456184;0.000076715634;0.000139247374;
2020;03;05;6;0;0.000059502940;0.000109680438;0.000079393166;0.000131615312;
2020;03;05;7;0;0.000070950995;0.000117784884;0.000089984381;0.000130329727;
2020;03;05;8;0;0.000097249142;0.000116656055;0.000105147685;0.000108346265;
2020;03;05;9;0;0.000115393939;0.000110679679;0.000136431955;0.000086043847;
2020;03;05;10;0;0.000123241383;0.000109418036;0.000158473900;0.000085138153;
2020;03;05;11;0;0.000130062380;0.000107769175;0.000164937199;0.000084474506;
2020;03;05;12;0;0.000130981601;0.000101744093;0.000164452931;0.000081931123;
2020;03;05;13;0;0.000133897272;0.000091836698;0.000163963358;0.000079470619;
2020;03;05;14;0;0.000140256984;0.000092328616;0.000154871008;0.000077140855;
2020;03;05;15;0;0.000137310871;0.000090218079;0.000136516043;0.000073955930;
2020;03;05;16;0;0.000128662143;0.000083967845;0.000130965648;0.000069751367;
2020;03;05;17;0;0.000123693621;0.000079864504;0.000130662192;0.000067595083;
2020;03;05;18;0;0.000124464306;0.000079771449;0.000130579681;0.000068649451;
2020;03;05;19;0;0.000128659728;0.000082680329;0.000127001229;0.000071826934;
2020;03;05;20;0;0.000146992311;0.000112780622;0.000133546897;0.000103319052;
2020;03;05;21;0;0.000167713360;0.000144613192;0.000129784882;0.000146918417;
2020;03;05;22;0;0.000171483342;0.000156360237;0.000114742436;0.000154333368;
2020;03;05;23;0;0.000149240496;0.000166094243;0.000099721031;0.000148948602;
2020;03;05;24;0;0.000118687848;0.000157346323;0.000089197376;0.000140936640;
2020;03;06;1;0;0.000091428991;0.000138818649;0.000084004994;0.000136654491;
2020;03;06;2;0;0.000073168875;0.000122985748;0.000079984471;0.000158093757;
2020;03;06;3;0;0.000063727429;0.000112265464;0.000078566787;0.000155818922;
2020;03;06;4;0;0.000059654558;0.000106447753;0.000077906874;0.000149705870;
2020;03;06;5;0;0.000058345444;0.000104864951;0.000078119863;0.000142273283;
2020;03;06;6;0;0.000060244418;0.000109366714;0.000080706625;0.000134930655;
2020;03;06;7;0;0.000071875095;0.000117100677;0.000091105378;0.000132442905;
2020;03;06;8;0;0.000098368174;0.000114982807;0.000105761753;0.000107899540;
2020;03;06;9;0;0.000117029319;0.000110536003;0.000137822155;0.000086713353;
2020;03;06;10;0;0.000125255315;0.000110048189;0.000159554772;0.000086510403;
2020;03;06;11;0;0.000131951730;0.000108507590;0.000165792836;0.000085996948;
2020;03;06;12;0;0.000132546947;0.000102372407;0.000165876576;0.000083280099;
2020;03;06;13;0;0.000135238275;0.000092080287;0.000165031107;0.000080758860;
2020;03;06;14;0;0.000141739309;0.000093454161;0.000155926177;0.000079080857;
2020;03;06;15;0;0.000139981376;0.000092141772;0.000135923257;0.000075879257;
2020;03;06;16;0;0.000132342110;0.000086574284;0.000127275237;0.000071676925;
2020;03;06;17;0;0.000127991887;0.000082917588;0.000125533509;0.000070216024;
2020;03;06;18;0;0.000128493490;0.000082847398;0.000125057787;0.000071231516;
2020;03;06;19;0;0.000131665486;0.000085518551;0.000124120520;0.000073614350;
2020;03;06;20;0;0.000145837846;0.000114209994;0.000134298179;0.000105971429;
2020;03;06;21;0;0.000160280803;0.000142065910;0.000133901870;0.000149791677;
2020;03;06;22;0;0.000163945293;0.000152237452;0.000119561076;0.000156027026;
2020;03;06;23;0;0.000146880444;0.000166259585;0.000105892155;0.000152029407;
2020;03;06;24;0;0.000122532074;0.000159774597;0.000095805055;0.000145189146;
2020;03;07;1;0;0.000098558401;0.000137682016;0.000087969806;0.000140563190;
2020;03;07;2;0;0.000079890224;0.000122319572;0.000082114117;0.000158538296;
2020;03;07;3;0;0.000068594729;0.000110908416;0.000079790807;0.000155652287;
2020;03;07;4;0;0.000062935674;0.000104213659;0.000078666975;0.000149445624;
2020;03;07;5;0;0.000060404633;0.000101777177;0.000078416284;0.000142295105;
2020;03;07;6;0;0.000060480533;0.000105369494;0.000079309987;0.000135590174;
2020;03;07;7;0;0.000064121302;0.000107546545;0.000082517638;0.000129266891;
2020;03;07;8;0;0.000073967477;0.000093023253;0.000080234460;0.000093896808;
2020;03;07;9;0;0.000095606813;0.000092109682;0.000086142598;0.000075172136;
2020;03;07;10;0;0.000122014744;0.000105589634;0.000098054186;0.000084029481;
2020;03;07;11;0;0.000138263706;0.000112105306;0.000108553694;0.000089082856;
2020;03;07;12;0;0.000141508898;0.000108191307;0.000112532946;0.000088612513;
2020;03;07;13;0;0.000142269795;0.000096040695;0.000113916417;0.000084549183;
2020;03;07;14;0;0.000149140538;0.000097313078;0.000109823576;0.000081806364;
2020;03;07;15;0;0.000147075927;0.000095654614;0.000101697770;0.000078687751;
2020;03;07;16;0;0.000132563608;0.000086156977;0.000097421535;0.000071646083;
2020;03;07;17;0;0.000122856076;0.000079708008;0.000095504802;0.000067505247;
2020;03;07;18;0;0.000119396184;0.000077343336;0.000096219092;0.000066547391;
2020;03;07;19;0;0.000121443280;0.000079028826;0.000097555452;0.000068963737;
2020;03;07;20;0;0.000134038558;0.000106112134;0.000111852557;0.000099515796;
2020;03;07;21;0;0.000149008090;0.000132685037;0.000119261543;0.000145025648;
2020;03;07;22;0;0.000155354787;0.000140605108;0.000111989100;0.000150439790;
2020;03;07;23;0;0.000141478229;0.000155916730;0.000102744188;0.000148117020;
2020;03;07;24;0;0.000121042445;0.000151551350;0.000094822688;0.000142515577;
2020;03;08;1;0;0.000099052360;0.000137076434;0.000087777083;0.000137507739;
2020;03;08;2;0;0.000080709660;0.000122501065;0.000081865012;0.000149920092;
2020;03;08;3;0;0.000070204056;0.000111336667;0.000079357685;0.000146890708;
2020;03;08;4;0;0.000064024090;0.000104021370;0.000077886589;0.000141295946;
2020;03;08;5;0;0.000060631468;0.000101051249;0.000077278038;0.000135695495;
2020;03;08;6;0;0.000059840411;0.000103610919;0.000078040296;0.000129946845;
2020;03;08;7;0;0.000061989801;0.000105213481;0.000079702890;0.000125456439;
2020;03;08;8;0;0.000068039977;0.000089320055;0.000075025623;0.000094888903;
2020;03;08;9;0;0.000083978787;0.000083276370;0.000073559249;0.000067995860;
2020;03;08;10;0;0.000108565493;0.000095210480;0.000078761673;0.000075821697;
2020;03;08;11;0;0.000128807760;0.000105229163;0.000083806046;0.000082216685;
2020;03;08;12;0;0.000136816664;0.000105256028;0.000088284599;0.000084040909;
2020;03;08;13;0;0.000138861303;0.000095264134;0.000090829182;0.000081234272;
2020;03;08;14;0;0.000143901744;0.000094535629;0.000090667797;0.000078063905;
2020;03;08;15;0;0.000140846536;0.000091729691;0.000087981732;0.000075164306;
2020;03;08;16;0;0.000125925455;0.000081856661;0.000085241779;0.000068106534;
2020;03;08;17;0;0.000117133226;0.000075894987;0.000082346851;0.000064255482;
2020;03;08;18;0;0.000114496931;0.000074050406;0.000080065073;0.000064159558;
2020;03;08;19;0;0.000119133723;0.000077145124;0.000080229978;0.000067052029;
2020;03;08;20;0;0.000136876506;0.000106030421;0.000091807580;0.000097474039;
2020;03;08;21;0;0.000157482862;0.000135826596;0.000098913048;0.000140011530;
2020;03;08;22;0;0.000161909461;0.000144205436;0.000098238421;0.000150683652;
2020;03;08;23;0;0.000141554340;0.000154442828;0.000091755263;0.000146523482;
2020;03;08;24;0;0.000115286151;0.000146961093;0.000083673610;0.000140092299;
2020;03;09;1;0;0.000088582917;0.000135598665;0.000079528608;0.000133140225;
2020;03;09;2;0;0.000071183693;0.000120500043;0.000075956395;0.000145844458;
2020;03;09;3;0;0.000062233834;0.000110005186;0.000074901695;0.000142972925;
2020;03;09;4;0;0.000058237970;0.000103908579;0.000074359593;0.000137997776;
2020;03;09;5;0;0.000056871539;0.000102031921;0.000074633750;0.000132993170;
2020;03;09;6;0;0.000058417159;0.000105655111;0.000077428923;0.000127679019;
2020;03;09;7;0;0.000069308259;0.000113678899;0.000088046352;0.000128182448;
2020;03;09;8;0;0.000094442281;0.000113290426;0.000103549335;0.000107949008;
2020;03;09;9;0;0.000112930630;0.000107904574;0.000136039723;0.000085785712;
2020;03;09;10;0;0.000122133983;0.000107524189;0.000158890329;0.000085328224;
2020;03;09;11;0;0.000130206827;0.000106985450;0.000165669541;0.000086008379;
2020;03;09;12;0;0.000131833139;0.000101690309;0.000165082520;0.000083732796;
2020;03;09;13;0;0.000134826661;0.000091982156;0.000163679473;0.000081221070;
2020;03;09;14;0;0.000141147915;0.000091823332;0.000154411742;0.000078318328;
2020;03;09;15;0;0.000138290746;0.000089733982;0.000136055226;0.000074405503;
2020;03;09;16;0;0.000129146478;0.000083166056;0.000130556605;0.000069490838;
2020;03;09;17;0;0.000123647667;0.000078742913;0.000130635526;0.000067350152;
2020;03;09;18;0;0.000124244535;0.000078475887;0.000130419249;0.000069011992;
2020;03;09;19;0;0.000128531706;0.000081293123;0.000125958979;0.000071648855;
2020;03;09;20;0;0.000146685491;0.000110004482;0.000131047797;0.000103244521;
2020;03;09;21;0;0.000167331179;0.000141094552;0.000126818043;0.000147315710;
2020;03;09;22;0;0.000171584521;0.000153296862;0.000111728284;0.000155263379;
2020;03;09;23;0;0.000148560448;0.000161418213;0.000097045230;0.000149160223;
2020;03;09;24;0;0.000117190923;0.000152971315;0.000087170057;0.000141081535;
2020;03;10;1;0;0.000088823202;0.000137911462;0.000081071861;0.000134340991;
2020;03;10;2;0;0.000070758911;0.000122166966;0.000077311517;0.000153226850;
2020;03;10;3;0;0.000062026085;0.000111798239;0.000075993902;0.000151760407;
2020;03;10;4;0;0.000058112056;0.000105787403;0.000075161179;0.000145386028;
2020;03;10;5;0;0.000056845167;0.000104079833;0.000075384150;0.000138134947;
2020;03;10;6;0;0.000058581486;0.000108259761;0.000078018553;0.000130580498;
2020;03;10;7;0;0.000069832412;0.000116222492;0.000088413890;0.000129253811;
2020;03;10;8;0;0.000095745985;0.000115148760;0.000103328766;0.000107498629;
2020;03;10;9;0;0.000113679146;0.000109323131;0.000134112486;0.000085442495;
2020;03;10;10;0;0.000121473380;0.000108139635;0.000155820463;0.000084604350;
2020;03;10;11;0;0.000128026732;0.000106353278;0.000162068202;0.000083790380;
2020;03;10;12;0;0.000127569876;0.000099229264;0.000160738482;0.000080076127;
2020;03;10;13;0;0.000131568564;0.000090452114;0.000160968739;0.000078633581;
2020;03;10;14;0;0.000137835071;0.000090949415;0.000152051905;0.000076341896;
2020;03;10;15;0;0.000134996165;0.000088911596;0.000134059134;0.000073232275;
2020;03;10;16;0;0.000126465973;0.000082732060;0.000128594774;0.000069048182;
2020;03;10;17;0;0.000121512767;0.000078639130;0.000128260162;0.000066860497;
2020;03;10;18;0;0.000122269216;0.000078547025;0.000128178879;0.000067902849;
2020;03;10;19;0;0.000126393848;0.000081413441;0.000124668127;0.000071047868;
2020;03;10;20;0;0.000144466720;0.000111106562;0.000131122012;0.000102260823;
2020;03;10;21;0;0.000165381017;0.000142994214;0.000127640453;0.000146087056;
2020;03;10;22;0;0.000169239792;0.000154752803;0.000112894287;0.000153636262;
2020;03;10;23;0;0.000147302903;0.000164405169;0.000098119945;0.000148296289;
2020;03;10;24;0;0.000117093649;0.000155667732;0.000087745049;0.000140231639;
2020;03;11;1;0;0.000089351619;0.000138585460;0.000081568795;0.000134753708;
2020;03;11;2;0;0.000071243547;0.000122885991;0.000077820287;0.000153888204;
2020;03;11;3;0;0.000062398364;0.000112351195;0.000076461699;0.000152237845;
2020;03;11;4;0;0.000058583699;0.000106558867;0.000075703310;0.000146269105;
2020;03;11;5;0;0.000057302903;0.000104831560;0.000075925367;0.000138962253;
2020;03;11;6;0;0.000059038126;0.000109011000;0.000078568280;0.000131317332;
2020;03;11;7;0;0.000070305074;0.000116896437;0.000088991694;0.000129798740;
2020;03;11;8;0;0.000096319847;0.000115717264;0.000103964310;0.000107835766;
2020;03;11;9;0;0.000114199941;0.000109691435;0.000134842815;0.000085543112;
2020;03;11;10;0;0.000121922308;0.000108397691;0.000156599891;0.000084600338;
2020;03;11;11;0;0.000128524734;0.000106629999;0.000162894585;0.000083808972;
2020;03;11;12;0;0.000129358538;0.000100604196;0.000162369488;0.000081220658;
2020;03;11;13;0;0.000132180197;0.000090763663;0.000161850592;0.000078733698;
2020;03;11;14;0;0.000138477326;0.000091263810;0.000152885588;0.000076440391;
2020;03;11;15;0;0.000135750950;0.000089310829;0.000134856774;0.000073421057;
2020;03;11;16;0;0.000127162967;0.000083096215;0.000129354763;0.000069218547;
2020;03;11;17;0;0.000122261400;0.000079041964;0.000129059865;0.000067085590;
2020;03;11;18;0;0.000123008781;0.000078939603;0.000128970863;0.000068120910;
2020;03;11;19;0;0.000127079316;0.000081763812;0.000125399492;0.000071214415;
2020;03;11;20;0;0.000145145996;0.000111495732;0.000131844025;0.000102398241;
2020;03;11;21;0;0.000166066645;0.000143406969;0.000128307481;0.000146171602;
2020;03;11;22;0;0.000169767494;0.000155023378;0.000113425640;0.000153508240;
2020;03;11;23;0;0.000147748147;0.000164675305;0.000098576958;0.000148153500;
2020;03;11;24;0;0.000117470326;0.000155956908;0.000088162455;0.000140133690;
2020;03;12;1;0;0.000088549243;0.000137602560;0.000080700954;0.000134264922;
2020;03;12;2;0;0.000070577807;0.000121964637;0.000076978070;0.000153252078;
2020;03;12;3;0;0.000061820282;0.000111518891;0.000075637197;0.000151625793;
2020;03;12;4;0;0.000058068189;0.000105824604;0.000074904564;0.000145775935;
2020;03;12;5;0;0.000056731910;0.000103973320;0.000075080027;0.000138268074;
2020;03;12;6;0;0.000058481038;0.000108182765;0.000077714095;0.000130758756;
2020;03;12;7;0;0.000069568474;0.000115872677;0.000087978137;0.000129057284;
2020;03;12;8;0;0.000095171108;0.000114517063;0.000102705194;0.000107001177;
2020;03;12;9;0;0.000112577398;0.000108275100;0.000133056207;0.000084608441;
2020;03;12;10;0;0.000120287667;0.000107094777;0.000154587322;0.000083770885;
2020;03;12;11;0;0.000127190855;0.000105707907;0.000161047275;0.000083341883;
2020;03;12;12;0;0.000127993584;0.000099714802;0.000160514080;0.000080748342;
2020;03;12;13;0;0.000130955044;0.000090090875;0.000160104810;0.000078416835;
2020;03;12;14;0;0.000137151363;0.000090556149;0.000151213203;0.000076099948;
2020;03;12;15;0;0.000134462340;0.000088626549;0.000133387183;0.000073102551;
2020;03;12;16;0;0.000125916590;0.000082430989;0.000127925118;0.000068888481;
2020;03;12;17;0;0.000121019481;0.000078377841;0.000127610471;0.000066732351;
2020;03;12;18;0;0.000121731071;0.000078256198;0.000127507697;0.000067740427;
2020;03;12;19;0;0.000125832501;0.000081108402;0.000124012788;0.000070874039;
2020;03;12;20;0;0.000143711235;0.000110592833;0.000130381257;0.000101898208;
2020;03;12;21;0;0.000164281847;0.000142107945;0.000126828722;0.000145281723;
2020;03;12;22;0;0.000168063947;0.000153742089;0.000112158860;0.000152726212;
2020;03;12;23;0;0.000146262052;0.000163309893;0.000097474850;0.000147393839;
2020;03;12;24;0;0.000116403921;0.000154833831;0.000087220074;0.000139606429;
2020;03;13;1;0;0.000088558432;0.000135399313;0.000080681449;0.000135158540;
2020;03;13;2;0;0.000070911147;0.000120030771;0.000076841372;0.000156484416;
2020;03;13;3;0;0.000061748351;0.000109543418;0.000075471162;0.000154190896;
2020;03;13;4;0;0.000057718419;0.000103700245;0.000074782745;0.000147846114;
2020;03;13;5;0;0.000056419023;0.000102092631;0.000074965095;0.000140393927;
2020;03;13;6;0;0.000058238452;0.000106441803;0.000077435265;0.000133098300;
2020;03;13;7;0;0.000069308858;0.000113653512;0.000087303873;0.000130191961;
2020;03;13;8;0;0.000094417208;0.000111023729;0.000101115410;0.000105381616;
2020;03;13;9;0;0.000112141113;0.000106531803;0.000131657376;0.000084493058;
2020;03;13;10;0;0.000120230153;0.000106264773;0.000152548445;0.000084497654;
2020;03;13;11;0;0.000126602131;0.000104725903;0.000158477573;0.000083944890;
2020;03;13;12;0;0.000127306085;0.000098919260;0.000158640385;0.000081410902;
2020;03;13;13;0;0.000129943059;0.000089013924;0.000157863447;0.000078990178;
2020;03;13;14;0;0.000136243678;0.000090381929;0.000149183660;0.000077391563;
2020;03;13;15;0;0.000134583241;0.000089134263;0.000130059901;0.000074280811;
2020;03;13;16;0;0.000126987107;0.000083564656;0.000121664410;0.000069974629;
2020;03;13;17;0;0.000122722604;0.000079969664;0.000119955430;0.000068478317;
2020;03;13;18;0;0.000123058032;0.000079797052;0.000119430428;0.000069354515;
2020;03;13;19;0;0.000125901363;0.000082228372;0.000118444868;0.000071519779;
2020;03;13;20;0;0.000139422708;0.000109789428;0.000128142579;0.000102925737;
2020;03;13;21;0;0.000153663482;0.000136996636;0.000127943986;0.000146060271;
2020;03;13;22;0;0.000157303185;0.000146936671;0.000114287006;0.000152311064;
2020;03;13;23;0;0.000140644266;0.000160109782;0.000101118098;0.000147992566;
2020;03;13;24;0;0.000117341811;0.000153882179;0.000091490722;0.000141353519;
2020;03;14;1;0;0.000092908603;0.000131193815;0.000082332949;0.000136549672;
2020;03;14;2;0;0.000075340037;0.000116605977;0.000076867537;0.000154095129;
2020;03;14;3;0;0.000064693120;0.000105737397;0.000074695631;0.000151307297;
2020;03;14;4;0;0.000059389479;0.000099417144;0.000073664362;0.000145387889;
2020;03;14;5;0;0.000057052761;0.000097190692;0.000073462879;0.000138606089;
2020;03;14;6;0;0.000057106938;0.000100586970;0.000074288565;0.000132019427;
2020;03;14;7;0;0.000060534718;0.000102646603;0.000077286709;0.000125834388;
2020;03;14;8;0;0.000069538966;0.000088373615;0.000074991636;0.000090874003;
2020;03;14;9;0;0.000089776874;0.000087391015;0.000080466638;0.000072632463;
2020;03;14;10;0;0.000114217332;0.000099833256;0.000091450901;0.000080838478;
2020;03;14;11;0;0.000129345626;0.000105919177;0.000101210541;0.000085625436;
2020;03;14;12;0;0.000132639044;0.000102442388;0.000105022124;0.000085404458;
2020;03;14;13;0;0.000133938450;0.000091381670;0.000106546729;0.000081986084;
2020;03;14;14;0;0.000140879504;0.000092938522;0.000102891884;0.000079696775;
2020;03;14;15;0;0.000138902341;0.000091334868;0.000095269894;0.000076637664;
2020;03;14;16;0;0.000124832533;0.000082000673;0.000091130625;0.000069498743;
2020;03;14;17;0;0.000115588133;0.000075787765;0.000089297874;0.000065401064;
2020;03;14;18;0;0.000112243765;0.000073474496;0.000089930150;0.000064401821;
2020;03;14;19;0;0.000114105394;0.000075029652;0.000091154344;0.000066688811;
2020;03;14;20;0;0.000126043279;0.000100834715;0.000104556021;0.000096343696;
2020;03;14;21;0;0.000140519267;0.000126485507;0.000111640263;0.000140959545;
2020;03;14;22;0;0.000146213064;0.000133739383;0.000104728298;0.000145818112;
2020;03;14;23;0;0.000133199799;0.000148361139;0.000096099699;0.000143636510;
2020;03;14;24;0;0.000113552384;0.000143634972;0.000088531330;0.000137520358;
2020;03;15;1;0;0.000093273321;0.000130429789;0.000082385431;0.000133095423;
2020;03;15;2;0;0.000076125693;0.000116773811;0.000076899894;0.000145439682;
2020;03;15;3;0;0.000066294478;0.000106269686;0.000074588513;0.000142732568;
2020;03;15;4;0;0.000060458470;0.000099286934;0.000073205737;0.000137295444;
2020;03;15;5;0;0.000057267476;0.000096475732;0.000072641819;0.000131894082;
2020;03;15;6;0;0.000056423981;0.000098732136;0.000073295899;0.000126007251;
2020;03;15;7;0;0.000058451432;0.000100260720;0.000074857906;0.000121655249;
2020;03;15;8;0;0.000063991397;0.000084872138;0.000070374891;0.000091684128;
2020;03;15;9;0;0.000078877929;0.000079013377;0.000068954761;0.000065577872;
2020;03;15;10;0;0.000102068909;0.000090432983;0.000073866438;0.000073223681;
2020;03;15;11;0;0.000121249191;0.000100086336;0.000078645019;0.000079537123;
2020;03;15;12;0;0.000129135201;0.000100411888;0.000082959027;0.000081607008;
2020;03;15;13;0;0.000131866233;0.000091497345;0.000085610539;0.000079552259;
2020;03;15;14;0;0.000137591447;0.000091490168;0.000085752848;0.000077175124;
2020;03;15;15;0;0.000134731659;0.000088819141;0.000083232305;0.000074353852;
2020;03;15;16;0;0.000119762774;0.000078751768;0.000080405474;0.000066835307;
2020;03;15;17;0;0.000110976220;0.000072707319;0.000077526065;0.000062723543;
2020;03;15;18;0;0.000108313533;0.000070820385;0.000075320466;0.000062497779;
2020;03;15;19;0;0.000112797439;0.000073851163;0.000075508030;0.000065394259;
2020;03;15;20;0;0.000129164521;0.000101126893;0.000086260627;0.000094622976;
2020;03;15;21;0;0.000148605483;0.000129541030;0.000092935177;0.000135911482;
2020;03;15;22;0;0.000152921958;0.000137671639;0.000092343325;0.000146456813;
2020;03;15;23;0;0.000133766015;0.000147530076;0.000086271551;0.000142515838;
2020;03;15;24;0;0.000109041631;0.000140524164;0.000078708611;0.000136431195;
2020;03;16;1;0;0.000084049146;0.000130001632;0.000075033572;0.000129862715;
2020;03;16;2;0;0.000067536771;0.000115519310;0.000071661268;0.000142243721;
2020;03;16;3;0;0.000059139089;0.000105644076;0.000070722283;0.000139750128;
2020;03;16;4;0;0.000055278761;0.000099662730;0.000070170183;0.000134674009;
2020;03;16;5;0;0.000053924822;0.000097748108;0.000070391678;0.000129600087;
2020;03;16;6;0;0.000055289354;0.000101013883;0.000072961712;0.000124105229;
2020;03;16;7;0;0.000065367360;0.000108261169;0.000082822211;0.000123984450;
2020;03;16;8;0;0.000088235669;0.000106764402;0.000096949528;0.000103047858;
2020;03;16;9;0;0.000105383723;0.000101555261;0.000127291977;0.000081757952;
2020;03;16;10;0;0.000114553277;0.000101771918;0.000149048722;0.000081902286;
2020;03;16;11;0;0.000122787920;0.000101873456;0.000155827463;0.000083180185;
2020;03;16;12;0;0.000125114420;0.000097517824;0.000155769321;0.000081697979;
2020;03;16;13;0;0.000128381731;0.000088534491;0.000154703045;0.000079613690;
2020;03;16;14;0;0.000134889527;0.000088738244;0.000146210445;0.000077154363;
2020;03;16;15;0;0.000132382227;0.000086881773;0.000128937797;0.000073471472;
2020;03;16;16;0;0.000122952083;0.000080033664;0.000123386129;0.000068099487;
2020;03;16;17;0;0.000117701526;0.000075766131;0.000123452274;0.000065989965;
2020;03;16;18;0;0.000118106996;0.000075393834;0.000123162958;0.000067489240;
2020;03;16;19;0;0.000122319616;0.000078198151;0.000119016853;0.000070178243;
2020;03;16;20;0;0.000139068225;0.000105371662;0.000123591685;0.000100593393;
2020;03;16;21;0;0.000158737280;0.000135242714;0.000119638666;0.000143652678;
2020;03;16;22;0;0.000162760696;0.000146927331;0.000105399579;0.000151387484;
2020;03;16;23;0;0.000140975366;0.000154777893;0.000091566111;0.000145514741;
2020;03;16;24;0;0.000111334837;0.000146865009;0.000082295706;0.000137851958;
2020;03;17;1;0;0.000084771612;0.000132931326;0.000076786202;0.000131747826;
2020;03;17;2;0;0.000067543005;0.000117778175;0.000073230816;0.000150306005;
2020;03;17;3;0;0.000059107617;0.000107581077;0.000071921865;0.000148522064;
2020;03;17;4;0;0.000055435650;0.000101915306;0.000071170841;0.000142490774;
2020;03;17;5;0;0.000054179063;0.000100171670;0.000071350145;0.000135218342;
2020;03;17;6;0;0.000055749203;0.000104019117;0.000073787267;0.000127554958;
2020;03;17;7;0;0.000066118792;0.000111039245;0.000083407745;0.000125364860;
2020;03;17;8;0;0.000089836477;0.000108909666;0.000097040173;0.000102953757;
2020;03;17;9;0;0.000106599403;0.000103331956;0.000125911645;0.000081764478;
2020;03;17;10;0;0.000114587862;0.000102892390;0.000146724465;0.000081638386;
2020;03;17;11;0;0.000121527180;0.000101898482;0.000153084215;0.000081559349;
2020;03;17;12;0;0.000122789252;0.000096553734;0.000152886183;0.000079465640;
2020;03;17;13;0;0.000125778529;0.000087349078;0.000152586982;0.000077296924;
2020;03;17;14;0;0.000132005062;0.000088003504;0.000144264919;0.000075229038;
2020;03;17;15;0;0.000129287175;0.000086032496;0.000127193742;0.000072165872;
2020;03;17;16;0;0.000120220689;0.000079395101;0.000121554873;0.000067345799;
2020;03;17;17;0;0.000115250218;0.000075277187;0.000121101069;0.000065006820;
2020;03;17;18;0;0.000115932446;0.000075163610;0.000121006021;0.000065992315;
2020;03;17;19;0;0.000119994830;0.000078015968;0.000117766211;0.000069169983;
2020;03;17;20;0;0.000137016391;0.000106352336;0.000123801333;0.000099420334;
2020;03;17;21;0;0.000156677522;0.000136706518;0.000120446584;0.000141810907;
2020;03;17;22;0;0.000160414491;0.000148031692;0.000106558068;0.000149245478;
2020;03;17;23;0;0.000139758581;0.000157436253;0.000092658512;0.000144254095;
2020;03;17;24;0;0.000111231486;0.000149270145;0.000082911684;0.000136638463;
2020;03;18;1;0;0.000082438807;0.000129988600;0.000074262372;0.000130219537;
2020;03;18;2;0;0.000065666145;0.000115135681;0.000070813837;0.000148506342;
2020;03;18;3;0;0.000057529573;0.000105298390;0.000069587019;0.000146972436;
2020;03;18;4;0;0.000053960539;0.000099763012;0.000068863350;0.000141022531;
2020;03;18;5;0;0.000052680040;0.000097937984;0.000068998923;0.000133624488;
2020;03;18;6;0;0.000054182066;0.000101648641;0.000071338880;0.000125974110;
2020;03;18;7;0;0.000064230599;0.000108453526;0.000080621289;0.000123733059;
2020;03;18;8;0;0.000087199029;0.000106276029;0.000093759786;0.000101496980;
2020;03;18;9;0;0.000103352510;0.000100705888;0.000121586990;0.000080479598;
2020;03;18;10;0;0.000111025418;0.000100204923;0.000141639263;0.000080282472;
2020;03;18;11;0;0.000117605809;0.000099102873;0.000147688791;0.000080069229;
2020;03;18;12;0;0.000118670350;0.000093767171;0.000147400099;0.000077871149;
2020;03;18;13;0;0.000121371206;0.000084682438;0.000146997231;0.000075583732;
2020;03;18;14;0;0.000127478113;0.000085390393;0.000139033249;0.000073641343;
2020;03;18;15;0;0.000124844711;0.000083471393;0.000122576980;0.000070635831;
2020;03;18;16;0;0.000116162397;0.000077084878;0.000117180248;0.000065974255;
2020;03;18;17;0;0.000111334476;0.000073068273;0.000116729898;0.000063662450;
2020;03;18;18;0;0.000112042500;0.000072993465;0.000116663831;0.000064666761;
2020;03;18;19;0;0.000116099293;0.000075858333;0.000113604336;0.000067886623;
2020;03;18;20;0;0.000132663965;0.000103494081;0.000119469022;0.000097674016;
2020;03;18;21;0;0.000151940196;0.000133266084;0.000116323324;0.000139626087;
2020;03;18;22;0;0.000155466195;0.000144205230;0.000102877884;0.000146817462;
2020;03;18;23;0;0.000135463882;0.000153387321;0.000089463844;0.000141931033;
2020;03;18;24;0;0.000107835265;0.000145463965;0.000080061205;0.000134475808;
2020;03;19;1;0;0.000077338030;0.000123614129;0.000068839142;0.000126909621;
2020;03;19;2;0;0.000061650774;0.000109583666;0.000065667764;0.000144887247;
2020;03;19;3;0;0.000053934016;0.000100061137;0.000064482830;0.000143108085;
2020;03;19;4;0;0.000050532564;0.000094685921;0.000063776740;0.000137107785;
2020;03;19;5;0;0.000049328441;0.000092943695;0.000063898617;0.000129898935;
2020;03;19;6;0;0.000050641189;0.000096267897;0.000066003537;0.000122151867;
2020;03;19;7;0;0.000059758730;0.000102190900;0.000074421607;0.000119216376;
2020;03;19;8;0;0.000080759841;0.000099633102;0.000086355178;0.000097171041;
2020;03;19;9;0;0.000095476003;0.000094142738;0.000111842874;0.000076774435;
2020;03;19;10;0;0.000102424502;0.000093533152;0.000130198183;0.000076443185;
2020;03;19;11;0;0.000108704208;0.000092703365;0.000135887485;0.000076447139;
2020;03;19;12;0;0.000109828179;0.000087836934;0.000135707399;0.000074481510;
2020;03;19;13;0;0.000112559803;0.000079508965;0.000135475719;0.000072501671;
2020;03;19;14;0;0.000118418446;0.000080320808;0.000128241226;0.000070800911;
2020;03;19;15;0;0.000116257113;0.000078729903;0.000113201688;0.000068142432;
2020;03;19;16;0;0.000107949199;0.000072539795;0.000108106148;0.000063463465;
2020;03;19;17;0;0.000103138162;0.000068520198;0.000107522497;0.000060972044;
2020;03;19;18;0;0.000103836280;0.000068480978;0.000107483509;0.000061968884;
2020;03;19;19;0;0.000107907948;0.000071398225;0.000104815975;0.000065317151;
2020;03;19;20;0;0.000123569708;0.000097642719;0.000110345139;0.000094259667;
2020;03;19;21;0;0.000141767471;0.000125971136;0.000107532135;0.000135065830;
2020;03;19;22;0;0.000145422409;0.000136691888;0.000095223497;0.000142515484;
2020;03;19;23;0;0.000127027665;0.000145796704;0.000082911586;0.000138244695;
2020;03;19;24;0;0.000101176379;0.000138351610;0.000074218403;0.000131085113;
2020;03;20;1;0;0.000078743014;0.000123182118;0.000070845714;0.000127778758;
2020;03;20;2;0;0.000062937043;0.000108979988;0.000067412073;0.000147568366;
2020;03;20;3;0;0.000054790354;0.000099429373;0.000066201415;0.000145352802;
2020;03;20;4;0;0.000051247579;0.000094193113;0.000065618830;0.000139496125;
2020;03;20;5;0;0.000050033451;0.000092608620;0.000065739192;0.000132242882;
2020;03;20;6;0;0.000051610961;0.000096478730;0.000067882084;0.000125247920;
2020;03;20;7;0;0.000061241008;0.000102678240;0.000076421762;0.000122009136;
2020;03;20;8;0;0.000082729623;0.000099369733;0.000088144744;0.000097605460;
2020;03;20;9;0;0.000098182361;0.000095266322;0.000114723301;0.000078173715;
2020;03;20;10;0;0.000105629185;0.000095394911;0.000133153091;0.000078559921;
2020;03;20;11;0;0.000111939292;0.000094683238;0.000138767684;0.000078744041;
2020;03;20;12;0;0.000112896554;0.000089729260;0.000139116106;0.000076683457;
2020;03;20;13;0;0.000115641512;0.000081060620;0.000138678917;0.000074767814;
2020;03;20;14;0;0.000121762456;0.000082693525;0.000131332844;0.000073684290;
2020;03;20;15;0;0.000120716053;0.000081881328;0.000114706478;0.000071078754;
2020;03;20;16;0;0.000113372067;0.000076368426;0.000107049908;0.000066528036;
2020;03;20;17;0;0.000109107383;0.000072744227;0.000105325284;0.000064728745;
2020;03;20;18;0;0.000109524887;0.000072675191;0.000104921362;0.000065656405;
2020;03;20;19;0;0.000112468544;0.000075196618;0.000104246175;0.000068054409;
2020;03;20;20;0;0.000124187548;0.000100078327;0.000112619133;0.000097544595;
2020;03;20;21;0;0.000137218425;0.000125229607;0.000112587535;0.000138908408;
2020;03;20;22;0;0.000140682087;0.000134541882;0.000100647363;0.000145155157;
2020;03;20;23;0;0.000126089305;0.000146999514;0.000089158917;0.000141514172;
2020;03;20;24;0;0.000105253462;0.000141364321;0.000080690982;0.000135265160;
2020;03;21;1;0;0.000088551713;0.000126128708;0.000078386007;0.000132984646;
2020;03;21;2;0;0.000071776369;0.000112050890;0.000073167021;0.000149982915;
2020;03;21;3;0;0.000061660711;0.000101657394;0.000071115809;0.000147360406;
2020;03;21;4;0;0.000056601167;0.000095572516;0.000070131241;0.000141579455;
2020;03;21;5;0;0.000054324113;0.000093336549;0.000069907341;0.000134802334;
2020;03;21;6;0;0.000054364891;0.000096576601;0.000070686353;0.000128359751;
2020;03;21;7;0;0.000057656076;0.000098607225;0.000073557111;0.000122428239;
2020;03;21;8;0;0.000065960392;0.000084507994;0.000071227874;0.000087906284;
2020;03;21;9;0;0.000084961319;0.000083354132;0.000076342298;0.000070032490;
2020;03;21;10;0;0.000108222523;0.000095351050;0.000086815504;0.000078078497;
2020;03;21;11;0;0.000123112236;0.000101674754;0.000096295159;0.000083228327;
2020;03;21;12;0;0.000126777722;0.000098797415;0.000100130157;0.000083501047;
2020;03;21;13;0;0.000128430593;0.000088444642;0.000101746509;0.000080516619;
2020;03;21;14;0;0.000135495422;0.000090253886;0.000098405879;0.000078596383;
2020;03;21;15;0;0.000134295218;0.000089213131;0.000091357156;0.000076127508;
2020;03;21;16;0;0.000120617555;0.000080041490;0.000087359410;0.000068979413;
2020;03;21;17;0;0.000111759175;0.000074031772;0.000085629935;0.000064973429;
2020;03;21;18;0;0.000108359701;0.000071650511;0.000086169577;0.000063846091;
2020;03;21;19;0;0.000110212376;0.000073208415;0.000087363557;0.000066161250;
2020;03;21;20;0;0.000121279928;0.000097970918;0.000100018146;0.000095074955;
2020;03;21;21;0;0.000135175301;0.000122858800;0.000106782597;0.000139052725;
2020;03;21;22;0;0.000140977049;0.000130237114;0.000100287815;0.000144303757;
2020;03;21;23;0;0.000128195849;0.000144183673;0.000091941083;0.000141785741;
2020;03;21;24;0;0.000109381198;0.000139725000;0.000084736825;0.000135911998;
2020;03;22;1;0;0.000091091009;0.000128014949;0.000080279414;0.000131670864;
2020;03;22;2;0;0.000074285918;0.000114511357;0.000074904480;0.000143725542;
2020;03;22;3;0;0.000064605575;0.000104055527;0.000072604369;0.000140787745;
2020;03;22;4;0;0.000058948169;0.000097273103;0.000071276509;0.000135520092;
2020;03;22;5;0;0.000055795170;0.000094440429;0.000070701071;0.000130053317;
2020;03;22;6;0;0.000054988429;0.000096678611;0.000071347532;0.000124295642;
2020;03;22;7;0;0.000056929999;0.000098109690;0.000072846131;0.000119902227;
2020;03;22;8;0;0.000062152284;0.000082793907;0.000068389113;0.000090011264;
2020;03;22;9;0;0.000076640476;0.000077111360;0.000067022341;0.000064414947;
2020;03;22;10;0;0.000099217993;0.000088300186;0.000071812049;0.000071970716;
2020;03;22;11;0;0.000118088104;0.000097934263;0.000076529965;0.000078385989;
2020;03;22;12;0;0.000126232847;0.000098656194;0.000080876425;0.000080839507;
2020;03;22;13;0;0.000128850281;0.000089857017;0.000083444547;0.000078759585;
2020;03;22;14;0;0.000134831018;0.000090136479;0.000083704268;0.000076709460;
2020;03;22;15;0;0.000132342097;0.000087735207;0.000081341584;0.000074146639;
2020;03;22;16;0;0.000117376345;0.000077598639;0.000078489882;0.000066445235;
2020;03;22;17;0;0.000108765195;0.000071643135;0.000075678746;0.000062358495;
2020;03;22;18;0;0.000106060331;0.000069714405;0.000073492424;0.000062057180;
2020;03;22;19;0;0.000110250880;0.000072551595;0.000073608568;0.000064770132;
2020;03;22;20;0;0.000126069323;0.000099190614;0.000084031214;0.000093534727;
2020;03;22;21;0;0.000145298707;0.000127308305;0.000090612494;0.000134675920;
2020;03;22;22;0;0.000149544565;0.000135324235;0.000090043246;0.000145159133;
2020;03;22;23;0;0.000130638462;0.000144801283;0.000084066907;0.000140993630;
2020;03;22;24;0;0.000106256597;0.000137586312;0.000076612027;0.000134560757;
2020;03;23;1;0;0.000078782868;0.000123485728;0.000069592671;0.000126358225;
2020;03;23;2;0;0.000063147827;0.000109427025;0.000066381520;0.000137931125;
2020;03;23;3;0;0.000055250990;0.000099982540;0.000065484849;0.000135361575;
2020;03;23;4;0;0.000051658838;0.000094350997;0.000064982567;0.000130495788;
2020;03;23;5;0;0.000050381869;0.000092514709;0.000065179918;0.000125539674;
2020;03;23;6;0;0.000051595463;0.000095479794;0.000067519320;0.000120019932;
2020;03;23;7;0;0.000060884312;0.000102113778;0.000076572023;0.000119585166;
2020;03;23;8;0;0.000082033711;0.000100496542;0.000089552004;0.000099136437;
2020;03;23;9;0;0.000098027439;0.000095648709;0.000117609296;0.000078712282;
2020;03;23;10;0;0.000106773801;0.000096069984;0.000137849956;0.000079075746;
2020;03;23;11;0;0.000114453393;0.000096169721;0.000144122033;0.000080313579;
2020;03;23;12;0;0.000116450750;0.000091907794;0.000143962441;0.000078721663;
2020;03;23;13;0;0.000119368126;0.000083345383;0.000142902655;0.000076603403;
2020;03;23;14;0;0.000125559067;0.000083640885;0.000135133126;0.000074352358;
2020;03;23;15;0;0.000123303461;0.000081948775;0.000119207145;0.000070865420;
2020;03;23;16;0;0.000114411925;0.000075410315;0.000114020579;0.000065597891;
2020;03;23;17;0;0.000109282113;0.000071212629;0.000113954654;0.000063369214;
2020;03;23;18;0;0.000109622910;0.000070837034;0.000113669310;0.000064779418;
2020;03;23;19;0;0.000113693935;0.000073587531;0.000109920996;0.000067492720;
2020;03;23;20;0;0.000129268520;0.000099164897;0.000114149267;0.000096751371;
2020;03;23;21;0;0.000148123496;0.000127824878;0.000110711930;0.000138911215;
2020;03;23;22;0;0.000152140653;0.000139135155;0.000097620237;0.000146740606;
2020;03;23;23;0;0.000131864225;0.000146677165;0.000084836210;0.000141177072;
2020;03;23;24;0;0.000104172021;0.000139226945;0.000076259127;0.000133800976;
2020;03;24;1;0;0.000079415031;0.000126142321;0.000071429595;0.000127744814;
2020;03;24;2;0;0.000063175509;0.000111567913;0.000068068331;0.000145422028;
2020;03;24;3;0;0.000055325836;0.000101990857;0.000066876129;0.000143840799;
2020;03;24;4;0;0.000051805782;0.000096447789;0.000066124762;0.000137693338;
2020;03;24;5;0;0.000050578730;0.000094687873;0.000066256957;0.000130476131;
2020;03;24;6;0;0.000052041914;0.000098318815;0.000068518927;0.000123070793;
2020;03;24;7;0;0.000061726488;0.000104962600;0.000077455734;0.000120968834;
2020;03;24;8;0;0.000083705080;0.000102725876;0.000090028666;0.000099071747;
2020;03;24;9;0;0.000099328672;0.000097470258;0.000116816338;0.000078687446;
2020;03;24;10;0;0.000106827149;0.000097111628;0.000136159111;0.000078624232;
2020;03;24;11;0;0.000113279547;0.000096157919;0.000142049290;0.000078533007;
2020;03;24;12;0;0.000114541591;0.000091190245;0.000141917860;0.000076597353;
2020;03;24;13;0;0.000117509265;0.000082636961;0.000141748021;0.000074665241;
2020;03;24;14;0;0.000123705010;0.000083539850;0.000134223461;0.000072976816;
2020;03;24;15;0;0.000121414287;0.000081860511;0.000118466386;0.000070210107;
2020;03;24;16;0;0.000112950943;0.000075583142;0.000113239376;0.000065562595;
2020;03;24;17;0;0.000108190670;0.000071596626;0.000112769093;0.000063212731;
2020;03;24;18;0;0.000108807662;0.000071471522;0.000112668345;0.000064151951;
2020;03;24;19;0;0.000112639570;0.000074197955;0.000109660679;0.000067257483;
2020;03;24;20;0;0.000128393872;0.000100951773;0.000115180443;0.000096437040;
2020;03;24;21;0;0.000147323254;0.000130260888;0.000112252488;0.000138212754;
2020;03;24;22;0;0.000150892345;0.000141108858;0.000099327893;0.000145529884;
2020;03;24;23;0;0.000131516107;0.000150141206;0.000086389412;0.000140741044;
2020;03;24;24;0;0.000104710301;0.000142412244;0.000077316345;0.000133379761;
2020;03;25;1;0;0.000079618040;0.000126365519;0.000071633514;0.000127844245;
2020;03;25;2;0;0.000063333268;0.000111758003;0.000068260631;0.000145523337;
2020;03;25;3;0;0.000055460659;0.000102157808;0.000067063042;0.000143929004;
2020;03;25;4;0;0.000051988481;0.000096722322;0.000066345659;0.000137985600;
2020;03;25;5;0;0.000050787208;0.000095020042;0.000066497924;0.000130861168;
2020;03;25;6;0;0.000052261797;0.000098675214;0.000068771351;0.000123452805;
2020;03;25;7;0;0.000061957491;0.000105286848;0.000077722346;0.000121263482;
2020;03;25;8;0;0.000083919229;0.000102907882;0.000090285765;0.000099149171;
2020;03;25;9;0;0.000099595228;0.000097656534;0.000117157175;0.000078762711;
2020;03;25;10;0;0.000107095897;0.000097279082;0.000136545065;0.000078680999;
2020;03;25;11;0;0.000113618395;0.000096374528;0.000142485629;0.000078641600;
2020;03;25;12;0;0.000114842941;0.000091359155;0.000142328302;0.000076664904;
2020;03;25;13;0;0.000117655259;0.000082662699;0.000142059313;0.000074587601;
2020;03;25;14;0;0.000123845534;0.000083556125;0.000134510661;0.000072890648;
2020;03;25;15;0;0.000121676267;0.000081969189;0.000118780806;0.000070226169;
2020;03;25;16;0;0.000113160278;0.000075657930;0.000113522716;0.000065549882;
2020;03;25;17;0;0.000108317461;0.000071613284;0.000113012897;0.000063140670;
2020;03;25;18;0;0.000108887317;0.000071453227;0.000112887212;0.000064039616;
2020;03;25;19;0;0.000112770830;0.000074214577;0.000109897683;0.000067179818;
2020;03;25;20;0;0.000128493052;0.000100930335;0.000115406800;0.000096273056;
2020;03;25;21;0;0.000147768147;0.000130558380;0.000112599030;0.000138409011;
2020;03;25;22;0;0.000151507845;0.000141596780;0.000099687567;0.000145948959;
2020;03;25;23;0;0.000132152908;0.000150787244;0.000086735543;0.000141294011;
2020;03;25;24;0;0.000105104081;0.000142854361;0.000077583970;0.000133705092;
2020;03;26;1;0;0.000079435059;0.000126212866;0.000071262208;0.000128052286;
2020;03;26;2;0;0.000063220863;0.000111688188;0.000067924462;0.000145867062;
2020;03;26;3;0;0.000055309981;0.000101987255;0.000066700863;0.000144081808;
2020;03;26;4;0;0.000051774938;0.000096411463;0.000065941026;0.000137866005;
2020;03;26;5;0;0.000050550037;0.000094655341;0.000066073532;0.000130645912;
2020;03;26;6;0;0.000051964762;0.000098185359;0.000068297501;0.000123075995;
2020;03;26;7;0;0.000061573042;0.000104703076;0.000077166655;0.000120805049;
2020;03;26;8;0;0.000083375119;0.000102305347;0.000089627801;0.000098735580;
2020;03;26;9;0;0.000099036592;0.000097179935;0.000116354044;0.000078530859;
2020;03;26;10;0;0.000106407819;0.000096715883;0.000135553957;0.000078359289;
2020;03;26;11;0;0.000112761335;0.000095696656;0.000141371985;0.000078197363;
2020;03;26;12;0;0.000113943536;0.000090687339;0.000141195196;0.000076201291;
2020;03;26;13;0;0.000116761352;0.000082076373;0.000140944810;0.000074161001;
2020;03;26;14;0;0.000122871915;0.000082939079;0.000133437213;0.000072447480;
2020;03;26;15;0;0.000120610453;0.000081282185;0.000117779165;0.000069711980;
2020;03;26;16;0;0.000112068504;0.000074948943;0.000112515425;0.000064988344;
2020;03;26;17;0;0.000107282009;0.000070949096;0.000112015640;0.000062606948;
2020;03;26;18;0;0.000108006479;0.000070907275;0.000111974055;0.000063629238;
2020;03;26;19;0;0.000111789359;0.000073596755;0.000108975385;0.000066691411;
2020;03;26;20;0;0.000127644527;0.000100325916;0.000114558857;0.000095855377;
2020;03;26;21;0;0.000146938205;0.000129919780;0.000111827326;0.000137998526;
2020;03;26;22;0;0.000150688752;0.000140937111;0.000099015076;0.000145558040;
2020;03;26;23;0;0.000131307243;0.000149918556;0.000086107111;0.000140721280;
2020;03;26;24;0;0.000104596172;0.000142279795;0.000077083030;0.000133453047;
2020;03;27;1;0;0.000081134933;0.000126226811;0.000073229687;0.000129734385;
2020;03;27;2;0;0.000064732195;0.000111450756;0.000069617473;0.000149454263;
2020;03;27;3;0;0.000056362713;0.000101702753;0.000068373091;0.000147244778;
2020;03;27;4;0;0.000052608431;0.000096123784;0.000067700716;0.000140903304;
2020;03;27;5;0;0.000051407972;0.000094600558;0.000067855372;0.000133742019;
2020;03;27;6;0;0.000053008079;0.000098510801;0.000070053950;0.000126597356;
2020;03;27;7;0;0.000062909329;0.000104860153;0.000078873758;0.000123351225;
2020;03;27;8;0;0.000085115464;0.000101656967;0.000091043024;0.000098893548;
2020;03;27;9;0;0.000101291747;0.000097757814;0.000118656586;0.000079510847;
2020;03;27;10;0;0.000109016697;0.000097931820;0.000137745393;0.000079946166;
2020;03;27;11;0;0.000115346154;0.000097029829;0.000143440822;0.000079956127;
2020;03;27;12;0;0.000116343286;0.000091962451;0.000143807768;0.000077873621;
2020;03;27;13;0;0.000119110555;0.000083030419;0.000143318906;0.000075873768;
2020;03;27;14;0;0.000125514498;0.000084777449;0.000135781257;0.000074855998;
2020;03;27;15;0;0.000124288630;0.000083834591;0.000118521126;0.000072090967;
2020;03;27;16;0;0.000116679383;0.000078154539;0.000110587165;0.000067437056;
2020;03;27;17;0;0.000112405937;0.000074530757;0.000108861614;0.000065706996;
2020;03;27;18;0;0.000112727203;0.000074380201;0.000108391837;0.000066559345;
2020;03;27;19;0;0.000115426722;0.000076716696;0.000107541159;0.000068716377;
2020;03;27;20;0;0.000127726096;0.000102343834;0.000116302273;0.000098786461;
2020;03;27;21;0;0.000141534700;0.000128474235;0.000116437110;0.000141239451;
2020;03;27;22;0;0.000145151049;0.000138073697;0.000104104849;0.000147651358;
2020;03;27;23;0;0.000130037307;0.000150784473;0.000092201306;0.000143859874;
2020;03;27;24;0;0.000108348900;0.000144707604;0.000083366861;0.000137157271;
2020;03;28;1;0;0.000087391006;0.000124903659;0.000076929203;0.000132662961;
2020;03;28;2;0;0.000070819310;0.000110934428;0.000071798828;0.000149573161;
2020;03;28;3;0;0.000060757822;0.000100496353;0.000069739374;0.000146688425;
2020;03;28;4;0;0.000055693647;0.000094332930;0.000068725145;0.000140658377;
2020;03;28;5;0;0.000053461773;0.000092142636;0.000068511190;0.000133955946;
2020;03;28;6;0;0.000053457975;0.000095254366;0.000069246052;0.000127408961;
2020;03;28;7;0;0.000056567905;0.000097016296;0.000071978104;0.000121144926;
2020;03;28;8;0;0.000064686923;0.000083103718;0.000069683559;0.000086931301;
2020;03;28;9;0;0.000083483463;0.000082147072;0.000074759060;0.000069445022;
2020;03;28;10;0;0.000106227916;0.000093859868;0.000084970772;0.000077309080;
2020;03;28;11;0;0.000120619600;0.000099878560;0.000094162453;0.000082195121;
2020;03;28;12;0;0.000124083776;0.000096941768;0.000097862307;0.000082347475;
2020;03;28;13;0;0.000125622927;0.000086723268;0.000099410696;0.000079335780;
2020;03;28;14;0;0.000132543536;0.000088505163;0.000096149854;0.000077453064;
2020;03;28;15;0;0.000131264725;0.000087407410;0.000089226410;0.000074938314;
2020;03;28;16;0;0.000117906898;0.000078429427;0.000085326510;0.000067909893;
2020;03;28;17;0;0.000109107117;0.000072437003;0.000083583750;0.000063851390;
2020;03;28;18;0;0.000105890132;0.000070181844;0.000084151384;0.000062826736;
2020;03;28;19;0;0.000107539723;0.000071588545;0.000085254328;0.000064968810;
2020;03;28;20;0;0.000118491048;0.000095940158;0.000097665829;0.000093528786;
2020;03;28;21;0;0.000132793578;0.000121048115;0.000104557372;0.000137838714;
2020;03;28;22;0;0.000138700896;0.000128531171;0.000098272283;0.000143339868;
2020;03;28;23;0;0.000126136456;0.000142308022;0.000090097096;0.000140854530;
2020;03;28;24;0;0.000107427330;0.000137627757;0.000082960836;0.000134678680;
2020;03;29;1;0;0.000087564491;0.000124090455;0.000076468048;0.000129703399;
2020;03;29;3;1;0.000071224097;0.000110680258;0.000071254781;0.000141068797;
2020;03;29;4;1;0.000056841692;0.000094616071;0.000067997417;0.000134071451;
2020;03;29;5;1;0.000053590192;0.000091460614;0.000067315394;0.000127964533;
2020;03;29;6;1;0.000052699037;0.000093399291;0.000067855842;0.000121926355;
2020;03;29;7;1;0.000054540381;0.000094744409;0.000069268774;0.000117558684;
2020;03;29;8;1;0.000059924800;0.000080523942;0.000065237215;0.000089041878;
2020;03;29;9;1;0.000073233270;0.000074251985;0.000063648373;0.000062928741;
2020;03;29;10;1;0.000094214779;0.000084434626;0.000067985705;0.000069696138;
2020;03;29;11;1;0.000111943167;0.000093470750;0.000072390394;0.000075730821;
2020;03;29;12;1;0.000120121944;0.000094561115;0.000076646427;0.000078520034;
2020;03;29;13;1;0.000122980329;0.000086414301;0.000079198479;0.000076819046;
2020;03;29;14;1;0.000128195337;0.000086314541;0.000079291488;0.000074423608;
2020;03;29;15;1;0.000126341382;0.000084394851;0.000077211076;0.000072342473;
2020;03;29;16;1;0.000112464201;0.000074947259;0.000074641321;0.000065156340;
2020;03;29;17;1;0.000103957263;0.000069006619;0.000071878806;0.000060941502;
2020;03;29;18;1;0.000101179957;0.000067007609;0.000069736026;0.000060487731;
2020;03;29;19;1;0.000104781693;0.000069442610;0.000069715385;0.000062800707;
2020;03;29;20;1;0.000118835676;0.000094076192;0.000079263551;0.000089655255;
2020;03;29;21;1;0.000137133473;0.000120914096;0.000085522542;0.000129323170;
2020;03;29;22;1;0.000143453292;0.000130870097;0.000085677787;0.000142575086;
2020;03;29;23;1;0.000125208437;0.000139899993;0.000079956556;0.000138316323;
2020;03;29;24;1;0.000102053982;0.000133239256;0.000072943059;0.000132389499;
2020;03;30;1;1;0.000073934476;0.000117646930;0.000064432142;0.000123601290;
2020;03;30;2;1;0.000059307472;0.000104342958;0.000061482393;0.000135068835;
2020;03;30;3;1;0.000051723670;0.000094997114;0.000060552615;0.000131966567;
2020;03;30;4;1;0.000048188986;0.000089293167;0.000059980343;0.000126599623;
2020;03;30;5;1;0.000046884781;0.000087321728;0.000060089703;0.000121386772;
2020;03;30;6;1;0.000047946390;0.000089979181;0.000062202368;0.000115822714;
2020;03;30;7;1;0.000056316266;0.000095734829;0.000070380284;0.000114655721;
2020;03;30;8;1;0.000075909420;0.000094260697;0.000082327396;0.000095102706;
2020;03;30;9;1;0.000090081032;0.000089021880;0.000107750627;0.000074777582;
2020;03;30;10;1;0.000098138845;0.000089435740;0.000126304817;0.000075148560;
2020;03;30;11;1;0.000105452724;0.000089771173;0.000132208556;0.000076586447;
2020;03;30;12;1;0.000107625400;0.000086088791;0.000132264658;0.000075393968;
2020;03;30;13;1;0.000110698334;0.000078364849;0.000131514431;0.000073713960;
2020;03;30;14;1;0.000116704962;0.000078841734;0.000124506023;0.000071773959;
2020;03;30;15;1;0.000115066172;0.000077589072;0.000110053146;0.000068785672;
2020;03;30;16;1;0.000106669830;0.000071325412;0.000105215048;0.000063592315;
2020;03;30;17;1;0.000101701517;0.000067218944;0.000105057842;0.000061277060;
2020;03;30;18;1;0.000101987637;0.000066841840;0.000104778743;0.000062614356;
2020;03;30;19;1;0.000105667829;0.000069358966;0.000101272188;0.000065145114;
2020;03;30;20;1;0.000119404075;0.000092827467;0.000104845366;0.000092586503;
2020;03;30;21;1;0.000136753235;0.000119591569;0.000101661884;0.000132845103;
2020;03;30;22;1;0.000142390232;0.000132158512;0.000090256125;0.000143006562;
2020;03;30;23;1;0.000123304029;0.000139185321;0.000078401738;0.000137415525;
2020;03;30;24;1;0.000097345687;0.000132019729;0.000070451798;0.000130118629;
2020;03;31;1;1;0.000073578957;0.000118868209;0.000065427920;0.000123794638;
2020;03;31;2;1;0.000058447939;0.000104965243;0.000062303302;0.000140643946;
2020;03;31;3;1;0.000051016999;0.000095604061;0.000061110643;0.000138480731;
2020;03;31;4;1;0.000047729861;0.000090321403;0.000060397986;0.000132403403;
2020;03;31;5;1;0.000046545081;0.000088558415;0.000060483657;0.000125259797;
2020;03;31;6;1;0.000047875752;0.000091920188;0.000062538700;0.000118094213;
2020;03;31;7;1;0.000056603658;0.000097782194;0.000070584224;0.000115556443;
2020;03;31;8;1;0.000076892409;0.000095884699;0.000082112972;0.000094870164;
2020;03;31;9;1;0.000090986083;0.000090692250;0.000106396028;0.000075051736;
2020;03;31;10;1;0.000098026334;0.000090535704;0.000124119060;0.000075178146;
2020;03;31;11;1;0.000104269224;0.000089955966;0.000129686758;0.000075416901;
2020;03;31;12;1;0.000105678708;0.000085531690;0.000129718461;0.000073798916;
2020;03;31;13;1;0.000108733230;0.000077760419;0.000129752778;0.000072228509;
2020;03;31;14;1;0.000114558316;0.000078679910;0.000122915553;0.000070672614;
2020;03;31;15;1;0.000112723142;0.000077315844;0.000108625335;0.000068231868;
2020;03;31;16;1;0.000104677313;0.000071245168;0.000103737430;0.000063558828;
2020;03;31;17;1;0.000100037733;0.000067317230;0.000103188251;0.000061088390;
2020;03;31;18;1;0.000100514577;0.000067130142;0.000103047943;0.000061916068;
2020;03;31;19;1;0.000104031038;0.000069673613;0.000100285662;0.000064893320;
2020;03;31;20;1;0.000117727065;0.000094036877;0.000104955073;0.000092114412;
2020;03;31;21;1;0.000134887906;0.000121143807;0.000102211297;0.000131756116;
2020;03;31;22;1;0.000140250136;0.000133442868;0.000091128586;0.000141651777;
2020;03;31;23;1;0.000122044394;0.000141731721;0.000079194288;0.000136686452;
2020;03;31;24;1;0.000097140307;0.000134391555;0.000070866168;0.000129484697;
