AŃO;MES;DIA;HORA;VERANO(1)/INVIERNO(0);COEF. PERFIL A;COEF. PERFIL B;COEF. PERFIL C;COEF. PERFIL D;
2019;01;01;1;0;0.000099592960;0.000200310310;0.000074215107;0.000167150342;
2019;01;01;2;0;0.000083001860;0.000185312595;0.000069739204;0.000177719950;
2019;01;01;3;0;0.000070796474;0.000169477380;0.000067539104;0.000168142385;
2019;01;01;4;0;0.000063158216;0.000158265733;0.000066130431;0.000160805344;
2019;01;01;5;0;0.000059137159;0.000152418594;0.000065548015;0.000152220683;
2019;01;01;6;0;0.000057860636;0.000158168523;0.000066133549;0.000146939110;
2019;01;01;7;0;0.000059293781;0.000161207863;0.000068032747;0.000143881557;
2019;01;01;8;0;0.000063882825;0.000159951669;0.000070418697;0.000140515701;
2019;01;01;9;0;0.000074695855;0.000128750116;0.000065976637;0.000086859085;
2019;01;01;10;0;0.000095946567;0.000112251844;0.000065440087;0.000063694453;
2019;01;01;11;0;0.000117257957;0.000119220397;0.000070167212;0.000071882194;
2019;01;01;12;0;0.000129050496;0.000116069900;0.000074272638;0.000074723130;
2019;01;01;13;0;0.000134206437;0.000093885880;0.000076938033;0.000073123586;
2019;01;01;14;0;0.000139666653;0.000093540816;0.000076761962;0.000072472722;
2019;01;01;15;0;0.000138614134;0.000092185090;0.000074021590;0.000072044982;
2019;01;01;16;0;0.000124881130;0.000082556939;0.000071015585;0.000065739868;
2019;01;01;17;0;0.000118070253;0.000077160094;0.000069027704;0.000061035443;
2019;01;01;18;0;0.000119421702;0.000078763488;0.000069755606;0.000062273408;
2019;01;01;19;0;0.000134383854;0.000126081660;0.000081665720;0.000132124956;
2019;01;01;20;0;0.000147029731;0.000155060116;0.000087916216;0.000191312941;
2019;01;01;21;0;0.000156820013;0.000162634339;0.000087474386;0.000196216767;
2019;01;01;22;0;0.000157937795;0.000168040233;0.000083983371;0.000199904515;
2019;01;01;23;0;0.000139617454;0.000206565267;0.000078366916;0.000196352807;
2019;01;01;24;0;0.000114091215;0.000209633966;0.000072866207;0.000176786239;
2019;01;02;1;0;0.000090046248;0.000186417459;0.000073518243;0.000155901529;
2019;01;02;2;0;0.000070586702;0.000168200630;0.000070478391;0.000168379667;
2019;01;02;3;0;0.000061460193;0.000153932818;0.000068820979;0.000162461459;
2019;01;02;4;0;0.000057424906;0.000145474425;0.000068202076;0.000155078140;
2019;01;02;5;0;0.000056187075;0.000141737497;0.000068376937;0.000147281482;
2019;01;02;6;0;0.000058141440;0.000148546099;0.000070937040;0.000142376077;
2019;01;02;7;0;0.000068678137;0.000157242176;0.000081241116;0.000142231904;
2019;01;02;8;0;0.000094614612;0.000170617630;0.000104538490;0.000148021169;
2019;01;02;9;0;0.000116106841;0.000151452007;0.000138480099;0.000110119109;
2019;01;02;10;0;0.000128551544;0.000130447913;0.000159539404;0.000085805869;
2019;01;02;11;0;0.000139672736;0.000127243265;0.000167501967;0.000087096117;
2019;01;02;12;0;0.000140841586;0.000115553935;0.000166377201;0.000082850785;
2019;01;02;13;0;0.000142283574;0.000091913726;0.000163748401;0.000080266626;
2019;01;02;14;0;0.000146650458;0.000092393194;0.000152984744;0.000078515553;
2019;01;02;15;0;0.000142933728;0.000090933078;0.000131901118;0.000075109659;
2019;01;02;16;0;0.000136029616;0.000085465144;0.000125045353;0.000070646739;
2019;01;02;17;0;0.000134270713;0.000082293152;0.000126444690;0.000068845256;
2019;01;02;18;0;0.000139908818;0.000084522935;0.000130472168;0.000071560967;
2019;01;02;19;0;0.000154379146;0.000127055847;0.000140105731;0.000128575655;
2019;01;02;20;0;0.000166615503;0.000159170047;0.000137343573;0.000189826545;
2019;01;02;21;0;0.000174036293;0.000167468070;0.000122706702;0.000195249943;
2019;01;02;22;0;0.000172459178;0.000173486222;0.000105145416;0.000198782866;
2019;01;02;23;0;0.000151508343;0.000209303570;0.000090395119;0.000193918445;
2019;01;02;24;0;0.000121682228;0.000208344805;0.000080855476;0.000173739694;
2019;01;03;1;0;0.000096948694;0.000198106504;0.000079291085;0.000164395990;
2019;01;03;2;0;0.000075936842;0.000178427914;0.000075951879;0.000176995753;
2019;01;03;3;0;0.000066131061;0.000163368492;0.000074179742;0.000170933983;
2019;01;03;4;0;0.000061773444;0.000154304722;0.000073494022;0.000163006293;
2019;01;03;5;0;0.000060439699;0.000150332245;0.000073679795;0.000154805001;
2019;01;03;6;0;0.000062460714;0.000157088666;0.000076339115;0.000148856163;
2019;01;03;7;0;0.000073632831;0.000165520351;0.000087253282;0.000147453344;
2019;01;03;8;0;0.000101317148;0.000179092884;0.000112138273;0.000152651114;
2019;01;03;9;0;0.000124271488;0.000158795298;0.000148475212;0.000113324013;
2019;01;03;10;0;0.000137486256;0.000136532849;0.000170923922;0.000088020196;
2019;01;03;11;0;0.000149187736;0.000132787553;0.000179223228;0.000088870651;
2019;01;03;12;0;0.000150383531;0.000120493172;0.000177957413;0.000084418649;
2019;01;03;13;0;0.000151909032;0.000095821797;0.000175129294;0.000081753066;
2019;01;03;14;0;0.000156502487;0.000096225920;0.000163545592;0.000079827813;
2019;01;03;15;0;0.000152482880;0.000094629985;0.000140957354;0.000076255500;
2019;01;03;16;0;0.000145163454;0.000089003077;0.000133673180;0.000071814920;
2019;01;03;17;0;0.000143382672;0.000085830542;0.000135259840;0.000070175540;
2019;01;03;18;0;0.000149447775;0.000088215372;0.000139609555;0.000073031085;
2019;01;03;19;0;0.000164778570;0.000132375331;0.000149803132;0.000130804709;
2019;01;03;20;0;0.000177815016;0.000165782863;0.000146829819;0.000193010471;
2019;01;03;21;0;0.000185676309;0.000174302676;0.000131140807;0.000198277679;
2019;01;03;22;0;0.000183950094;0.000180473850;0.000112345827;0.000201692776;
2019;01;03;23;0;0.000161566413;0.000217624952;0.000096563370;0.000196589588;
2019;01;03;24;0;0.000129796260;0.000216763195;0.000086396742;0.000176327348;
2019;01;04;1;0;0.000098786312;0.000207859320;0.000081183013;0.000170840213;
2019;01;04;2;0;0.000077664396;0.000186668809;0.000077237286;0.000182749600;
2019;01;04;3;0;0.000067611363;0.000171547326;0.000075709376;0.000176424520;
2019;01;04;4;0;0.000063016037;0.000161963110;0.000074851137;0.000168981146;
2019;01;04;5;0;0.000061594794;0.000157128777;0.000074986119;0.000161720552;
2019;01;04;6;0;0.000063662862;0.000164921433;0.000077958894;0.000157008101;
2019;01;04;7;0;0.000075143659;0.000173933964;0.000088702775;0.000155256553;
2019;01;04;8;0;0.000103637466;0.000186466752;0.000112806438;0.000159517783;
2019;01;04;9;0;0.000126998254;0.000162705092;0.000147805609;0.000112587691;
2019;01;04;10;0;0.000139752043;0.000139822383;0.000170912077;0.000087470773;
2019;01;04;11;0;0.000151775454;0.000135254664;0.000179122445;0.000088110851;
2019;01;04;12;0;0.000153489709;0.000122933868;0.000178311013;0.000087162285;
2019;01;04;13;0;0.000155268309;0.000097771512;0.000175772580;0.000083300259;
2019;01;04;14;0;0.000159772262;0.000098440923;0.000164686817;0.000080494022;
2019;01;04;15;0;0.000155905109;0.000096521686;0.000140730288;0.000078949297;
2019;01;04;16;0;0.000149582051;0.000091525659;0.000129889800;0.000073926991;
2019;01;04;17;0;0.000147709922;0.000088168874;0.000128906246;0.000071326740;
2019;01;04;18;0;0.000152549006;0.000090171868;0.000132223956;0.000074428953;
2019;01;04;19;0;0.000165127205;0.000134138798;0.000144079487;0.000133581037;
2019;01;04;20;0;0.000174492015;0.000168912970;0.000144961570;0.000203119993;
2019;01;04;21;0;0.000178241465;0.000174605844;0.000133786139;0.000206689123;
2019;01;04;22;0;0.000178000959;0.000180864483;0.000117141122;0.000209831020;
2019;01;04;23;0;0.000159967833;0.000222768087;0.000102362065;0.000207013575;
2019;01;04;24;0;0.000134431779;0.000226783184;0.000092688258;0.000183783913;
2019;01;05;1;0;0.000111240725;0.000230773646;0.000084956992;0.000181554055;
2019;01;05;2;0;0.000089384622;0.000210559890;0.000079529696;0.000193362216;
2019;01;05;3;0;0.000076096321;0.000192486071;0.000077043039;0.000185331725;
2019;01;05;4;0;0.000069421454;0.000181187358;0.000075668750;0.000178460081;
2019;01;05;5;0;0.000066614187;0.000175779202;0.000075226021;0.000168867530;
2019;01;05;6;0;0.000066495106;0.000183775860;0.000076509236;0.000165037752;
2019;01;05;7;0;0.000070438065;0.000188252122;0.000080294767;0.000160707133;
2019;01;05;8;0;0.000079693063;0.000189293005;0.000087090377;0.000156665784;
2019;01;05;9;0;0.000100466589;0.000156246829;0.000090008408;0.000098112580;
2019;01;05;10;0;0.000130883822;0.000141954145;0.000098401867;0.000075889097;
2019;01;05;11;0;0.000154952221;0.000147045112;0.000111766710;0.000086595075;
2019;01;05;12;0;0.000161343803;0.000135843405;0.000116435218;0.000085734616;
2019;01;05;13;0;0.000162604863;0.000106852350;0.000117287705;0.000082477630;
2019;01;05;14;0;0.000168419943;0.000106347250;0.000112009462;0.000079446806;
2019;01;05;15;0;0.000166859535;0.000105296253;0.000100876274;0.000079590560;
2019;01;05;16;0;0.000152827721;0.000096425754;0.000096280510;0.000072429225;
2019;01;05;17;0;0.000143821401;0.000090396078;0.000094955705;0.000066357310;
2019;01;05;18;0;0.000143127860;0.000090354746;0.000099858968;0.000066723074;
2019;01;05;19;0;0.000156583228;0.000140344426;0.000114069289;0.000135992449;
2019;01;05;20;0;0.000165972423;0.000176392931;0.000122920681;0.000207858316;
2019;01;05;21;0;0.000173166282;0.000181700684;0.000120625579;0.000210834136;
2019;01;05;22;0;0.000176526358;0.000188449832;0.000110401504;0.000217647198;
2019;01;05;23;0;0.000161421810;0.000235925855;0.000100360451;0.000212552230;
2019;01;05;24;0;0.000138847638;0.000244047550;0.000092736413;0.000192261446;
2019;01;06;1;0;0.000114759057;0.000222200690;0.000085876592;0.000179316204;
2019;01;06;2;0;0.000095209329;0.000203462618;0.000080332783;0.000187173630;
2019;01;06;3;0;0.000081172864;0.000185887525;0.000077764017;0.000176759503;
2019;01;06;4;0;0.000072495890;0.000174029031;0.000076227037;0.000169810979;
2019;01;06;5;0;0.000067950894;0.000167995410;0.000075634235;0.000161428059;
2019;01;06;6;0;0.000066533321;0.000174627119;0.000076366342;0.000156301840;
2019;01;06;7;0;0.000068199388;0.000178090693;0.000078580266;0.000153217554;
2019;01;06;8;0;0.000073542948;0.000177062079;0.000081408371;0.000150185366;
2019;01;06;9;0;0.000086201603;0.000143325755;0.000076459801;0.000093793670;
2019;01;06;10;0;0.000111082808;0.000125890193;0.000076082615;0.000069721449;
2019;01;06;11;0;0.000135780020;0.000133754854;0.000081592815;0.000078730155;
2019;01;06;12;0;0.000149177066;0.000129701355;0.000086217492;0.000081243054;
2019;01;06;13;0;0.000154742760;0.000104302751;0.000089084516;0.000078667728;
2019;01;06;14;0;0.000160678107;0.000103387559;0.000088681739;0.000077243761;
2019;01;06;15;0;0.000159228721;0.000101540927;0.000085387924;0.000076312546;
2019;01;06;16;0;0.000143500989;0.000091004364;0.000081947535;0.000069728818;
2019;01;06;17;0;0.000135685704;0.000085070983;0.000079660161;0.000064760127;
2019;01;06;18;0;0.000137177128;0.000086748325;0.000080464019;0.000065946329;
2019;01;06;19;0;0.000154232199;0.000138593104;0.000094122165;0.000139424731;
2019;01;06;20;0;0.000168768392;0.000170500654;0.000101339578;0.000202002177;
2019;01;06;21;0;0.000179956499;0.000178717912;0.000100802454;0.000206951533;
2019;01;06;22;0;0.000181231840;0.000184644115;0.000096775603;0.000210819845;
2019;01;06;23;0;0.000160314448;0.000227318335;0.000090362837;0.000207646685;
2019;01;06;24;0;0.000131042187;0.000230848630;0.000084044489;0.000187180461;
2019;01;07;1;0;0.000094972792;0.000203543050;0.000075286997;0.000162928498;
2019;01;07;2;0;0.000075115594;0.000184075525;0.000072293589;0.000171924105;
2019;01;07;3;0;0.000065668908;0.000168784849;0.000071061574;0.000164175624;
2019;01;07;4;0;0.000061421061;0.000159581205;0.000070406082;0.000158453870;
2019;01;07;5;0;0.000060020265;0.000154627164;0.000070755318;0.000152020039;
2019;01;07;6;0;0.000061935888;0.000161459512;0.000073518231;0.000148219616;
2019;01;07;7;0;0.000072823163;0.000169299530;0.000084314378;0.000147054708;
2019;01;07;8;0;0.000100034508;0.000181948544;0.000108184320;0.000152278459;
2019;01;07;9;0;0.000122648860;0.000159946497;0.000145425406;0.000109996126;
2019;01;07;10;0;0.000135720566;0.000136036040;0.000169417052;0.000083357013;
2019;01;07;11;0;0.000148060346;0.000132997922;0.000178218126;0.000085766212;
2019;01;07;12;0;0.000150035460;0.000121487376;0.000176808408;0.000082512697;
2019;01;07;13;0;0.000151681172;0.000096180833;0.000174116220;0.000079141593;
2019;01;07;14;0;0.000156268640;0.000096373506;0.000162749584;0.000078002446;
2019;01;07;15;0;0.000151824651;0.000094928295;0.000140228802;0.000073973130;
2019;01;07;16;0;0.000144346224;0.000089082861;0.000132727559;0.000069681979;
2019;01;07;17;0;0.000142223730;0.000085675881;0.000134434629;0.000068679640;
2019;01;07;18;0;0.000148404417;0.000087749743;0.000138866201;0.000071173832;
2019;01;07;19;0;0.000163929127;0.000134362176;0.000147829827;0.000132417349;
2019;01;07;20;0;0.000177974242;0.000168621024;0.000144355349;0.000194651453;
2019;01;07;21;0;0.000186547619;0.000177800801;0.000128079063;0.000200516608;
2019;01;07;22;0;0.000184904176;0.000184405721;0.000109220998;0.000204736488;
2019;01;07;23;0;0.000161264208;0.000223263123;0.000093711868;0.000200701057;
2019;01;07;24;0;0.000127996635;0.000221246309;0.000084272250;0.000179466821;
2019;01;08;1;0;0.000104600242;0.000208556565;0.000085731299;0.000168713613;
2019;01;08;2;0;0.000081997417;0.000188190373;0.000082188392;0.000182252087;
2019;01;08;3;0;0.000071444050;0.000172499349;0.000080310109;0.000176364309;
2019;01;08;4;0;0.000066756999;0.000163044109;0.000079592350;0.000168399697;
2019;01;08;5;0;0.000065356633;0.000159075100;0.000079843600;0.000160345695;
2019;01;08;6;0;0.000067574209;0.000166406856;0.000082764761;0.000154494508;
2019;01;08;7;0;0.000079727972;0.000175680538;0.000094677180;0.000153590437;
2019;01;08;8;0;0.000109949730;0.000191066838;0.000121952131;0.000160507189;
2019;01;08;9;0;0.000134793304;0.000169214087;0.000161389432;0.000118890438;
2019;01;08;10;0;0.000148744117;0.000144635345;0.000185313767;0.000091356177;
2019;01;08;11;0;0.000161280780;0.000140423047;0.000194163730;0.000091948397;
2019;01;08;12;0;0.000162486970;0.000127267166;0.000192689774;0.000087151043;
2019;01;08;13;0;0.000164166098;0.000101252061;0.000189663167;0.000084464122;
2019;01;08;14;0;0.000169125954;0.000101673468;0.000177113710;0.000082467175;
2019;01;08;15;0;0.000164726960;0.000099910758;0.000152600395;0.000078667793;
2019;01;08;16;0;0.000156916068;0.000094101374;0.000144803388;0.000074274028;
2019;01;08;17;0;0.000154975814;0.000090726550;0.000146507698;0.000072548526;
2019;01;08;18;0;0.000161479414;0.000093178560;0.000151170544;0.000075398759;
2019;01;08;19;0;0.000178125070;0.000139968306;0.000162281694;0.000135301054;
2019;01;08;20;0;0.000192407808;0.000175689367;0.000159218249;0.000200466569;
2019;01;08;21;0;0.000200980095;0.000184855794;0.000142252113;0.000206212627;
2019;01;08;22;0;0.000198976169;0.000191103192;0.000121781779;0.000209174117;
2019;01;08;23;0;0.000174597458;0.000229944134;0.000104573964;0.000203091502;
2019;01;08;24;0;0.000140145427;0.000228590577;0.000093484248;0.000181526421;
2019;01;09;1;0;0.000105198293;0.000210227362;0.000086222006;0.000170747829;
2019;01;09;2;0;0.000082460333;0.000189669757;0.000082652903;0.000184406735;
2019;01;09;3;0;0.000071805741;0.000173627405;0.000080717189;0.000178031534;
2019;01;09;4;0;0.000067113155;0.000164213071;0.000080017484;0.000170187294;
2019;01;09;5;0;0.000065663056;0.000159980982;0.000080218444;0.000161620156;
2019;01;09;6;0;0.000067852131;0.000167137250;0.000083105679;0.000155360876;
2019;01;09;7;0;0.000080011244;0.000176226337;0.000095014159;0.000154093386;
2019;01;09;8;0;0.000110293070;0.000191469843;0.000122333715;0.000160736277;
2019;01;09;9;0;0.000135175757;0.000169459897;0.000161848358;0.000118917170;
2019;01;09;10;0;0.000149095001;0.000144687495;0.000185752077;0.000091196053;
2019;01;09;11;0;0.000161578460;0.000140309652;0.000194523318;0.000091593629;
2019;01;09;12;0;0.000162737671;0.000127076667;0.000192988279;0.000086706464;
2019;01;09;13;0;0.000164400982;0.000101074451;0.000189935716;0.000083993616;
2019;01;09;14;0;0.000169408750;0.000101551333;0.000177410970;0.000082090764;
2019;01;09;15;0;0.000165006544;0.000099796260;0.000152860351;0.000078316146;
2019;01;09;16;0;0.000157190848;0.000094004946;0.000145057863;0.000073958002;
2019;01;09;17;0;0.000155284686;0.000090683442;0.000146800610;0.000072311531;
2019;01;09;18;0;0.000161813371;0.000093149923;0.000151484127;0.000075174653;
2019;01;09;19;0;0.000178472869;0.000139888642;0.000162599573;0.000134835470;
2019;01;09;20;0;0.000192828163;0.000175682883;0.000159567091;0.000199971128;
2019;01;09;21;0;0.000201424623;0.000184860848;0.000142567637;0.000205728250;
2019;01;09;22;0;0.000199396864;0.000191066835;0.000122040024;0.000208603064;
2019;01;09;23;0;0.000174888110;0.000229666601;0.000104748702;0.000202168212;
2019;01;09;24;0;0.000140357974;0.000228237040;0.000093626612;0.000180588828;
2019;01;10;1;0;0.000106346979;0.000211369600;0.000087202132;0.000170527789;
2019;01;10;2;0;0.000083407963;0.000190945206;0.000083639813;0.000184592731;
2019;01;10;3;0;0.000072645899;0.000174876168;0.000081697822;0.000178358067;
2019;01;10;4;0;0.000067902640;0.000165417381;0.000080994664;0.000170542066;
2019;01;10;5;0;0.000066443940;0.000161200572;0.000081208416;0.000162039912;
2019;01;10;6;0;0.000068664179;0.000168438773;0.000084137568;0.000155806853;
2019;01;10;7;0;0.000080990584;0.000177707853;0.000096219779;0.000154708050;
2019;01;10;8;0;0.000111661294;0.000193153021;0.000123906220;0.000161492046;
2019;01;10;9;0;0.000136852175;0.000170948761;0.000163928213;0.000119476291;
2019;01;10;10;0;0.000150959867;0.000145993813;0.000188158836;0.000091664983;
2019;01;10;11;0;0.000163636671;0.000141650092;0.000197088531;0.000092151507;
2019;01;10;12;0;0.000164810664;0.000128290713;0.000195533269;0.000087234605;
2019;01;10;13;0;0.000166509509;0.000102060179;0.000192457033;0.000084535401;
2019;01;10;14;0;0.000171589484;0.000102552579;0.000179774387;0.000082636074;
2019;01;10;15;0;0.000167117335;0.000100761933;0.000154884408;0.000078810541;
2019;01;10;16;0;0.000159246035;0.000094975067;0.000147019574;0.000074510886;
2019;01;10;17;0;0.000157311014;0.000091614101;0.000148782166;0.000072844751;
2019;01;10;18;0;0.000163938202;0.000094123567;0.000153541368;0.000075755203;
2019;01;10;19;0;0.000180875593;0.000141456497;0.000164861664;0.000136060926;
2019;01;10;20;0;0.000195464895;0.000177736013;0.000161820727;0.000201960014;
2019;01;10;21;0;0.000204180410;0.000187023476;0.000144582249;0.000207776259;
2019;01;10;22;0;0.000202112686;0.000193274202;0.000123757079;0.000210621445;
2019;01;10;23;0;0.000177321764;0.000232473149;0.000106253421;0.000204365082;
2019;01;10;24;0;0.000142308646;0.000231018044;0.000094969908;0.000182541897;
2019;01;11;1;0;0.000108904073;0.000222647146;0.000089729600;0.000177715891;
2019;01;11;2;0;0.000085699263;0.000200376916;0.000085448676;0.000190838251;
2019;01;11;3;0;0.000074623481;0.000184242409;0.000083777752;0.000184409431;
2019;01;11;4;0;0.000069589252;0.000174164672;0.000082872931;0.000177027024;
2019;01;11;5;0;0.000068021356;0.000168975493;0.000083024329;0.000169438470;
2019;01;11;6;0;0.000070327315;0.000177484823;0.000086342927;0.000164722244;
2019;01;11;7;0;0.000083075529;0.000187526408;0.000098319848;0.000163435533;
2019;01;11;8;0;0.000114778751;0.000201851969;0.000125256943;0.000169162240;
2019;01;11;9;0;0.000140671153;0.000176182432;0.000164142645;0.000119449747;
2019;01;11;10;0;0.000154378766;0.000150465211;0.000189288996;0.000091755932;
2019;01;11;11;0;0.000167424989;0.000145083265;0.000198103415;0.000091891894;
2019;01;11;12;0;0.000169239496;0.000131731289;0.000197116892;0.000090733466;
2019;01;11;13;0;0.000171254443;0.000104843238;0.000194371851;0.000086824964;
2019;01;11;14;0;0.000176209502;0.000105544077;0.000182100019;0.000083876085;
2019;01;11;15;0;0.000171992641;0.000103552367;0.000155654008;0.000082361132;
2019;01;11;16;0;0.000165102803;0.000098308797;0.000143738539;0.000077287097;
2019;01;11;17;0;0.000163065871;0.000094742335;0.000142675888;0.000074624458;
2019;01;11;18;0;0.000168392747;0.000096874558;0.000146334714;0.000077840791;
2019;01;11;19;0;0.000182208330;0.000143984950;0.000159395100;0.000139485211;
2019;01;11;20;0;0.000192658597;0.000181563031;0.000160468183;0.000212631114;
2019;01;11;21;0;0.000196711940;0.000187494066;0.000148032240;0.000215975055;
2019;01;11;22;0;0.000196364432;0.000194030338;0.000129560637;0.000218884247;
2019;01;11;23;0;0.000176328487;0.000238546621;0.000113123301;0.000215235975;
2019;01;11;24;0;0.000148072510;0.000242442597;0.000102357678;0.000190512092;
2019;01;12;1;0;0.000120459405;0.000244400201;0.000092196443;0.000187924301;
2019;01;12;2;0;0.000096814316;0.000223109302;0.000086326519;0.000200334331;
2019;01;12;3;0;0.000082423135;0.000203967432;0.000083629019;0.000192029463;
2019;01;12;4;0;0.000075195628;0.000192008248;0.000082139788;0.000184932779;
2019;01;12;5;0;0.000072135416;0.000186162366;0.000081637188;0.000174796991;
2019;01;12;6;0;0.000072009831;0.000194651913;0.000083033646;0.000170864811;
2019;01;12;7;0;0.000076300917;0.000199519437;0.000087166122;0.000166572728;
2019;01;12;8;0;0.000086339960;0.000200695723;0.000094558295;0.000162491678;
2019;01;12;9;0;0.000108914481;0.000165897967;0.000097787915;0.000102029340;
2019;01;12;10;0;0.000141889170;0.000150721545;0.000106906659;0.000078917324;
2019;01;12;11;0;0.000167836737;0.000155819001;0.000121322075;0.000089727507;
2019;01;12;12;0;0.000174726629;0.000143886626;0.000126365728;0.000088766490;
2019;01;12;13;0;0.000176069275;0.000113145128;0.000127274286;0.000085347799;
2019;01;12;14;0;0.000182373822;0.000112621532;0.000121551922;0.000082226444;
2019;01;12;15;0;0.000180625084;0.000111425509;0.000109434485;0.000082264598;
2019;01;12;16;0;0.000165424197;0.000102022458;0.000104441575;0.000074841075;
2019;01;12;17;0;0.000155640319;0.000095593101;0.000102981164;0.000068501939;
2019;01;12;18;0;0.000154929364;0.000095604644;0.000108326514;0.000068950654;
2019;01;12;19;0;0.000169656695;0.000148825580;0.000123860443;0.000141096137;
2019;01;12;20;0;0.000180124537;0.000187756056;0.000133690342;0.000217137793;
2019;01;12;21;0;0.000187932105;0.000193405458;0.000131194368;0.000220242921;
2019;01;12;22;0;0.000191426524;0.000200223454;0.000119979122;0.000226603113;
2019;01;12;23;0;0.000174891358;0.000250156688;0.000108969981;0.000220485654;
2019;01;12;24;0;0.000150237958;0.000258003526;0.000100561004;0.000198377548;
2019;01;13;1;0;0.000126180641;0.000237163033;0.000094702733;0.000185204965;
2019;01;13;2;0;0.000104743804;0.000217437235;0.000088638745;0.000193753768;
2019;01;13;3;0;0.000089346870;0.000198882096;0.000085847789;0.000183346397;
2019;01;13;4;0;0.000079834305;0.000186396974;0.000084191287;0.000176482884;
2019;01;13;5;0;0.000074857988;0.000180091478;0.000083568642;0.000168033157;
2019;01;13;6;0;0.000073310963;0.000187285409;0.000084394405;0.000162828950;
2019;01;13;7;0;0.000075178216;0.000191182427;0.000086877433;0.000159891164;
2019;01;13;8;0;0.000081090992;0.000190198971;0.000090029035;0.000156908844;
2019;01;13;9;0;0.000095067503;0.000154028214;0.000084573024;0.000098071022;
2019;01;13;10;0;0.000122467028;0.000135187659;0.000084127834;0.000072800061;
2019;01;13;11;0;0.000149806845;0.000143878769;0.000090287921;0.000082462854;
2019;01;13;12;0;0.000164683110;0.000139702860;0.000095460638;0.000085298563;
2019;01;13;13;0;0.000170852739;0.000112384058;0.000098649703;0.000082646010;
2019;01;13;14;0;0.000177598414;0.000111674630;0.000098310189;0.000081516318;
2019;01;13;15;0;0.000176246563;0.000110035829;0.000094793303;0.000081006223;
2019;01;13;16;0;0.000158880949;0.000098679621;0.000090998614;0.000074103167;
2019;01;13;17;0;0.000150143470;0.000092128050;0.000088408798;0.000068665346;
2019;01;13;18;0;0.000151700194;0.000093813753;0.000089245864;0.000069749926;
2019;01;13;19;0;0.000170461067;0.000149678473;0.000104333556;0.000147099238;
2019;01;13;20;0;0.000186604095;0.000184311959;0.000112380535;0.000213484023;
2019;01;13;21;0;0.000198947504;0.000193133328;0.000111769682;0.000218584162;
2019;01;13;22;0;0.000200171494;0.000199113344;0.000107205129;0.000221809211;
2019;01;13;23;0;0.000176843754;0.000244423945;0.000099974414;0.000217332779;
2019;01;13;24;0;0.000144374852;0.000247523720;0.000092869180;0.000194925031;
2019;01;14;1;0;0.000104788874;0.000218067885;0.000083259256;0.000169607177;
2019;01;14;2;0;0.000082857693;0.000197092593;0.000079928029;0.000178774120;
2019;01;14;3;0;0.000072492574;0.000181033279;0.000078625810;0.000171246664;
2019;01;14;4;0;0.000067817869;0.000171244805;0.000077917245;0.000165421823;
2019;01;14;5;0;0.000066294768;0.000166062711;0.000078331603;0.000158935095;
2019;01;14;6;0;0.000068420922;0.000173458726;0.000081402582;0.000155053644;
2019;01;14;7;0;0.000080605100;0.000182701078;0.000093538673;0.000155111297;
2019;01;14;8;0;0.000111115196;0.000197951086;0.000120443819;0.000163026314;
2019;01;14;9;0;0.000136486228;0.000174747097;0.000162204233;0.000118655581;
2019;01;14;10;0;0.000150770458;0.000148027820;0.000188635877;0.000089255103;
2019;01;14;11;0;0.000164115362;0.000143988165;0.000197997147;0.000090985501;
2019;01;14;12;0;0.000166038249;0.000131044965;0.000196116317;0.000086953361;
2019;01;14;13;0;0.000167775061;0.000103628575;0.000193032992;0.000083228223;
2019;01;14;14;0;0.000172720433;0.000103659318;0.000180296939;0.000081777159;
2019;01;14;15;0;0.000167652040;0.000101887484;0.000155203089;0.000077254315;
2019;01;14;16;0;0.000159470298;0.000095717956;0.000146971143;0.000072916545;
2019;01;14;17;0;0.000157207730;0.000092167510;0.000148939389;0.000072023876;
2019;01;14;18;0;0.000163993187;0.000094337262;0.000153805590;0.000074551286;
2019;01;14;19;0;0.000180879489;0.000143957519;0.000163490247;0.000137843546;
2019;01;14;20;0;0.000196384406;0.000180680451;0.000159653819;0.000202668505;
2019;01;14;21;0;0.000205649507;0.000190107581;0.000141518328;0.000207972882;
2019;01;14;22;0;0.000203662447;0.000196789069;0.000120577691;0.000211626166;
2019;01;14;23;0;0.000177537384;0.000237995562;0.000103405350;0.000207057394;
2019;01;14;24;0;0.000140890422;0.000235758196;0.000092974551;0.000185022390;
2019;01;15;1;0;0.000104967798;0.000209607293;0.000086027202;0.000170052707;
2019;01;15;2;0;0.000082303281;0.000189233318;0.000082489839;0.000183869739;
2019;01;15;3;0;0.000071713146;0.000173471192;0.000080607586;0.000177963189;
2019;01;15;4;0;0.000067040001;0.000164140210;0.000079924795;0.000170262602;
2019;01;15;5;0;0.000065594097;0.000159924755;0.000080128717;0.000161719210;
2019;01;15;6;0;0.000067784424;0.000167099140;0.000083017070;0.000155492451;
2019;01;15;7;0;0.000079922131;0.000176139482;0.000094901842;0.000154149948;
2019;01;15;8;0;0.000110186715;0.000191440805;0.000122207386;0.000160894479;
2019;01;15;9;0;0.000135011568;0.000169336526;0.000161640710;0.000118908680;
2019;01;15;10;0;0.000148934518;0.000144627879;0.000185539441;0.000091241767;
2019;01;15;11;0;0.000161410889;0.000140264354;0.000194308283;0.000091654198;
2019;01;15;12;0;0.000162608246;0.000127105873;0.000192821600;0.000086850656;
2019;01;15;13;0;0.000164231845;0.000101043804;0.000189727326;0.000084052298;
2019;01;15;14;0;0.000169176523;0.000101441118;0.000177155650;0.000082031673;
2019;01;15;15;0;0.000164730268;0.000099618710;0.000152593970;0.000078161285;
2019;01;15;16;0;0.000156976982;0.000093905114;0.000144850592;0.000073907873;
2019;01;15;17;0;0.000155054027;0.000090561215;0.000146572523;0.000072224959;
2019;01;15;18;0;0.000161527929;0.000092964726;0.000151206558;0.000074996721;
2019;01;15;19;0;0.000178136006;0.000139571152;0.000162281566;0.000134447817;
2019;01;15;20;0;0.000192514132;0.000175388616;0.000159296326;0.000199613188;
2019;01;15;21;0;0.000201132149;0.000184625966;0.000142350883;0.000205511284;
2019;01;15;22;0;0.000199058720;0.000190718299;0.000121824728;0.000208175765;
2019;01;15;23;0;0.000174723430;0.000229641414;0.000104642906;0.000202377402;
2019;01;15;24;0;0.000140212649;0.000228163665;0.000093523272;0.000180707512;
2019;01;16;1;0;0.000105427950;0.000210322655;0.000086410401;0.000170486145;
2019;01;16;2;0;0.000082682808;0.000189977230;0.000082876056;0.000184510323;
2019;01;16;3;0;0.000072031886;0.000174087385;0.000080971554;0.000178461756;
2019;01;16;4;0;0.000067319816;0.000164621879;0.000080264034;0.000170549482;
2019;01;16;5;0;0.000065882527;0.000160475580;0.000080486719;0.000162140902;
2019;01;16;6;0;0.000068087391;0.000167702564;0.000083393985;0.000155945574;
2019;01;16;7;0;0.000080263098;0.000176693224;0.000095313420;0.000154467408;
2019;01;16;8;0;0.000110660034;0.000192055682;0.000122740975;0.000161246086;
2019;01;16;9;0;0.000135616826;0.000169952984;0.000162376767;0.000119261035;
2019;01;16;10;0;0.000149575486;0.000145095121;0.000186351052;0.000091444356;
2019;01;16;11;0;0.000162081505;0.000140669847;0.000195129303;0.000091801422;
2019;01;16;12;0;0.000163311779;0.000127523145;0.000193669475;0.000087051710;
2019;01;16;13;0;0.000164981408;0.000101430307;0.000190606659;0.000084329389;
2019;01;16;14;0;0.000169971876;0.000101860836;0.000178001036;0.000082348304;
2019;01;16;15;0;0.000165529850;0.000100065700;0.000153345429;0.000078512661;
2019;01;16;16;0;0.000157738791;0.000094326303;0.000145563789;0.000074239945;
2019;01;16;17;0;0.000155816090;0.000090980330;0.000147303262;0.000072568429;
2019;01;16;18;0;0.000162295058;0.000093360015;0.000151935356;0.000075302763;
2019;01;16;19;0;0.000178870561;0.000139964456;0.000162962206;0.000134645367;
2019;01;16;20;0;0.000193277344;0.000175819270;0.000159939097;0.000199775871;
2019;01;16;21;0;0.000201847616;0.000184908346;0.000142867302;0.000205336303;
2019;01;16;22;0;0.000199814528;0.000191114896;0.000122295888;0.000208207275;
2019;01;16;23;0;0.000175381524;0.000230103593;0.000105044431;0.000202384855;
2019;01;16;24;0;0.000140758439;0.000228687690;0.000093893924;0.000180805357;
2019;01;17;1;0;0.000105721502;0.000210689478;0.000086665310;0.000170538280;
2019;01;17;2;0;0.000082909539;0.000190290125;0.000083117040;0.000184534003;
2019;01;17;3;0;0.000072247035;0.000174471023;0.000081226816;0.000178663534;
2019;01;17;4;0;0.000067524277;0.000165003525;0.000080521104;0.000170777593;
2019;01;17;5;0;0.000066074376;0.000160801669;0.000080734425;0.000162273537;
2019;01;17;6;0;0.000068259196;0.000167893346;0.000083618219;0.000155817855;
2019;01;17;7;0;0.000080491838;0.000177026407;0.000095600836;0.000154550975;
2019;01;17;8;0;0.000110931554;0.000192243670;0.000123062455;0.000161067807;
2019;01;17;9;0;0.000135893013;0.000169958219;0.000162734320;0.000118925937;
2019;01;17;10;0;0.000149884863;0.000145110401;0.000186767331;0.000091200181;
2019;01;17;11;0;0.000162438662;0.000140728343;0.000195591576;0.000091608328;
2019;01;17;12;0;0.000163726784;0.000127674492;0.000194193688;0.000086990094;
2019;01;17;13;0;0.000165463374;0.000101638627;0.000191195052;0.000084401806;
2019;01;17;14;0;0.000170526895;0.000102149996;0.000178611763;0.000082535886;
2019;01;17;15;0;0.000166152515;0.000100463177;0.000153947678;0.000078852598;
2019;01;17;16;0;0.000158339611;0.000094711206;0.000146142365;0.000074576018;
2019;01;17;17;0;0.000156399611;0.000091338425;0.000147879318;0.000072878247;
2019;01;17;18;0;0.000162945244;0.000093783843;0.000152569228;0.000075707974;
2019;01;17;19;0;0.000179543233;0.000140520946;0.000163602064;0.000135231394;
2019;01;17;20;0;0.000193962398;0.000176430805;0.000160532492;0.000200463320;
2019;01;17;21;0;0.000202532525;0.000185487270;0.000143375751;0.000205912698;
2019;01;17;22;0;0.000200479667;0.000191684790;0.000122723246;0.000208734616;
2019;01;17;23;0;0.000175956477;0.000230763146;0.000105406201;0.000202854932;
2019;01;17;24;0;0.000141277329;0.000229555651;0.000094255615;0.000181528051;
2019;01;18;1;0;0.000106733854;0.000219520401;0.000087892659;0.000176339597;
2019;01;18;2;0;0.000084008200;0.000197653051;0.000083716052;0.000189517282;
2019;01;18;3;0;0.000073137998;0.000181664540;0.000082064450;0.000182999935;
2019;01;18;4;0;0.000068173433;0.000171552021;0.000081141774;0.000175348079;
2019;01;18;5;0;0.000066668071;0.000166616039;0.000081327380;0.000168153207;
2019;01;18;6;0;0.000068928947;0.000175011869;0.000084579123;0.000163483530;
2019;01;18;7;0;0.000081362934;0.000184596034;0.000096239529;0.000161696569;
2019;01;18;8;0;0.000112490256;0.000199013693;0.000122691372;0.000167849642;
2019;01;18;9;0;0.000137758639;0.000173394051;0.000160654919;0.000118136969;
2019;01;18;10;0;0.000151112273;0.000147926954;0.000185180965;0.000090573589;
2019;01;18;11;0;0.000163932878;0.000142736270;0.000193863723;0.000090823861;
2019;01;18;12;0;0.000165804802;0.000129770464;0.000193009208;0.000089892110;
2019;01;18;13;0;0.000167802144;0.000103315401;0.000190347787;0.000086069283;
2019;01;18;14;0;0.000172736055;0.000104114199;0.000178411346;0.000083302302;
2019;01;18;15;0;0.000168566264;0.000102099702;0.000152468424;0.000081725801;
2019;01;18;16;0;0.000161782973;0.000096887748;0.000140770093;0.000076630977;
2019;01;18;17;0;0.000159840830;0.000093444785;0.000139776461;0.000074094371;
2019;01;18;18;0;0.000165068228;0.000095555828;0.000143366035;0.000077300147;
2019;01;18;19;0;0.000178450005;0.000141731912;0.000156020659;0.000137997709;
2019;01;18;20;0;0.000188639900;0.000178625212;0.000157033714;0.000210157937;
2019;01;18;21;0;0.000192607491;0.000184457832;0.000144863031;0.000213458411;
2019;01;18;22;0;0.000192248100;0.000190845553;0.000126774268;0.000216248088;
2019;01;18;23;0;0.000172698204;0.000234835760;0.000110732784;0.000212978535;
2019;01;18;24;0;0.000145010280;0.000238619689;0.000100185204;0.000188440411;
2019;01;19;1;0;0.000119587967;0.000242652401;0.000091524995;0.000186396906;
2019;01;19;2;0;0.000096137614;0.000221637034;0.000085718935;0.000198903082;
2019;01;19;3;0;0.000081902872;0.000202935865;0.000083097085;0.000191189728;
2019;01;19;4;0;0.000074742980;0.000191165243;0.000081641350;0.000184346679;
2019;01;19;5;0;0.000071703078;0.000185355972;0.000081143937;0.000174261139;
2019;01;19;6;0;0.000071585850;0.000193855507;0.000082540725;0.000170414810;
2019;01;19;7;0;0.000075823805;0.000198535191;0.000086616836;0.000165877191;
2019;01;19;8;0;0.000085799246;0.000199701314;0.000093961521;0.000161806866;
2019;01;19;9;0;0.000108241136;0.000165106345;0.000097178610;0.000101633030;
2019;01;19;10;0;0.000141084976;0.000150180897;0.000106295543;0.000078781833;
2019;01;19;11;0;0.000166910185;0.000155312852;0.000120646414;0.000089629021;
2019;01;19;12;0;0.000173851943;0.000143588680;0.000125726994;0.000088858668;
2019;01;19;13;0;0.000175310997;0.000113092286;0.000126719962;0.000085685387;
2019;01;19;14;0;0.000181720910;0.000112756288;0.000121110839;0.000082799919;
2019;01;19;15;0;0.000179978326;0.000111558230;0.000109037309;0.000082836650;
2019;01;19;16;0;0.000164790765;0.000102086082;0.000104036570;0.000075284703;
2019;01;19;17;0;0.000155063712;0.000095680523;0.000102594632;0.000068945249;
2019;01;19;18;0;0.000154365125;0.000095707116;0.000107926725;0.000069419010;
2019;01;19;19;0;0.000168835608;0.000148574875;0.000123254974;0.000141343515;
2019;01;19;20;0;0.000179195556;0.000187302587;0.000132994344;0.000217228757;
2019;01;19;21;0;0.000186857291;0.000192689143;0.000130437673;0.000219818778;
2019;01;19;22;0;0.000190196092;0.000199157682;0.000119202107;0.000225502617;
2019;01;19;23;0;0.000173698235;0.000248600711;0.000108221291;0.000219059254;
2019;01;19;24;0;0.000149153300;0.000256165339;0.000099830116;0.000196771297;
2019;01;20;1;0;0.000123287080;0.000233333250;0.000092484652;0.000183564918;
2019;01;20;2;0;0.000102331935;0.000213878985;0.000086554323;0.000191962164;
2019;01;20;3;0;0.000087255700;0.000195454419;0.000083796503;0.000181360376;
2019;01;20;4;0;0.000077939326;0.000183042368;0.000082151702;0.000174325618;
2019;01;20;5;0;0.000073098517;0.000176946469;0.000081563542;0.000166142528;
2019;01;20;6;0;0.000071588514;0.000184018543;0.000082370252;0.000161002617;
2019;01;20;7;0;0.000073398189;0.000187767093;0.000084777895;0.000157974270;
2019;01;20;8;0;0.000079125713;0.000186556984;0.000087803118;0.000154659971;
2019;01;20;9;0;0.000092744661;0.000151007822;0.000082465256;0.000096581558;
2019;01;20;10;0;0.000119555142;0.000132741508;0.000082086381;0.000071896425;
2019;01;20;11;0;0.000146270787;0.000141333149;0.000088112579;0.000081500637;
2019;01;20;12;0;0.000160880578;0.000137396276;0.000093209722;0.000084487125;
2019;01;20;13;0;0.000167125628;0.000110858280;0.000096449328;0.000082302404;
2019;01;20;14;0;0.000173897021;0.000110408586;0.000096213033;0.000081510588;
2019;01;20;15;0;0.000172485468;0.000108660977;0.000092723930;0.000080827142;
2019;01;20;16;0;0.000155424300;0.000097352696;0.000088974220;0.000073811635;
2019;01;20;17;0;0.000146824343;0.000090815608;0.000086411078;0.000068296261;
2019;01;20;18;0;0.000148241098;0.000092327463;0.000087167162;0.000069172410;
2019;01;20;19;0;0.000166335386;0.000146822676;0.000101757348;0.000145007131;
2019;01;20;20;0;0.000182056306;0.000180724808;0.000109586731;0.000210301048;
2019;01;20;21;0;0.000194161497;0.000189515163;0.000109026219;0.000215618210;
2019;01;20;22;0;0.000195434815;0.000195563753;0.000104615874;0.000219167609;
2019;01;20;23;0;0.000172678498;0.000240128694;0.000097570769;0.000214846048;
2019;01;20;24;0;0.000140928721;0.000242994784;0.000090607028;0.000192438694;
2019;01;21;1;0;0.000104116200;0.000216477830;0.000082721362;0.000167975579;
2019;01;21;2;0;0.000082367572;0.000195879845;0.000079451947;0.000177416408;
2019;01;21;3;0;0.000072021325;0.000179676514;0.000078111456;0.000169528815;
2019;01;21;4;0;0.000067403708;0.000170114492;0.000077438200;0.000164027622;
2019;01;21;5;0;0.000065917329;0.000165122308;0.000077882410;0.000157862110;
2019;01;21;6;0;0.000068063030;0.000172658080;0.000080973434;0.000154296570;
2019;01;21;7;0;0.000080204234;0.000181965274;0.000093069633;0.000154519017;
2019;01;21;8;0;0.000110614642;0.000197368827;0.000119896277;0.000162731050;
2019;01;21;9;0;0.000135876233;0.000174247817;0.000161472611;0.000118459739;
2019;01;21;10;0;0.000150071345;0.000147548190;0.000187753410;0.000089045957;
2019;01;21;11;0;0.000163369741;0.000143552604;0.000197089430;0.000090807998;
2019;01;21;12;0;0.000165311147;0.000130697731;0.000195249414;0.000086842809;
2019;01;21;13;0;0.000167166197;0.000103531880;0.000192324502;0.000083381548;
2019;01;21;14;0;0.000172149375;0.000103638920;0.000179693391;0.000082036504;
2019;01;21;15;0;0.000167106871;0.000101880399;0.000154691995;0.000077517670;
2019;01;21;16;0;0.000158991395;0.000095765986;0.000146523708;0.000073241083;
2019;01;21;17;0;0.000156777560;0.000092270496;0.000148525694;0.000072425813;
2019;01;21;18;0;0.000163512442;0.000094401300;0.000153348360;0.000074909648;
2019;01;21;19;0;0.000180205996;0.000143792813;0.000162874757;0.000138046541;
2019;01;21;20;0;0.000195681531;0.000180533057;0.000159075818;0.000203086571;
2019;01;21;21;0;0.000204912225;0.000189949136;0.000141005126;0.000208393141;
2019;01;21;22;0;0.000202908498;0.000196571712;0.000120126344;0.000211947720;
2019;01;21;23;0;0.000176831632;0.000237584144;0.000102990025;0.000207138281;
2019;01;21;24;0;0.000140332389;0.000235358595;0.000092602466;0.000185106273;
2019;01;22;1;0;0.000107810401;0.000213511444;0.000088427195;0.000171586213;
2019;01;22;2;0;0.000084519244;0.000192689881;0.000084778238;0.000185406482;
2019;01;22;3;0;0.000073650605;0.000176675213;0.000082851225;0.000179513132;
2019;01;22;4;0;0.000068832631;0.000167068370;0.000082127265;0.000171551578;
2019;01;22;5;0;0.000067362432;0.000162856127;0.000082354373;0.000163083237;
2019;01;22;6;0;0.000069631558;0.000170270379;0.000085347160;0.000156980039;
2019;01;22;7;0;0.000082106462;0.000179512986;0.000097573167;0.000155669376;
2019;01;22;8;0;0.000113192011;0.000195085293;0.000125640446;0.000162452297;
2019;01;22;9;0;0.000138677248;0.000172514363;0.000166161521;0.000120005223;
2019;01;22;10;0;0.000153023542;0.000147442431;0.000190785167;0.000092197941;
2019;01;22;11;0;0.000165918364;0.000143144007;0.000199893383;0.000092791510;
2019;01;22;12;0;0.000167263783;0.000129918645;0.000198499999;0.000088177991;
2019;01;22;13;0;0.000169047819;0.000103439066;0.000195446349;0.000085575304;
2019;01;22;14;0;0.000174239495;0.000103984329;0.000182602615;0.000083718951;
2019;01;22;15;0;0.000169794129;0.000102300608;0.000157409925;0.000080030191;
2019;01;22;16;0;0.000161814498;0.000096449599;0.000149433236;0.000075698551;
2019;01;22;17;0;0.000159898603;0.000093103710;0.000151272386;0.000074103436;
2019;01;22;18;0;0.000166590655;0.000095597182;0.000156069886;0.000076983622;
2019;01;22;19;0;0.000183453657;0.000143048123;0.000167258935;0.000137179138;
2019;01;22;20;0;0.000198151649;0.000179530310;0.000164091585;0.000203198213;
2019;01;22;21;0;0.000206899008;0.000188729011;0.000146548897;0.000208686797;
2019;01;22;22;0;0.000204688326;0.000194788127;0.000125369759;0.000211063061;
2019;01;22;23;0;0.000179539330;0.000234170049;0.000107612748;0.000204600639;
2019;01;22;24;0;0.000144090793;0.000232711695;0.000096186519;0.000182759436;
2019;01;23;1;0;0.000106687058;0.000212334695;0.000087467781;0.000171728509;
2019;01;23;2;0;0.000083687680;0.000191885731;0.000083907637;0.000186014637;
2019;01;23;3;0;0.000072871788;0.000175641318;0.000081939484;0.000179557595;
2019;01;23;4;0;0.000068095729;0.000166040980;0.000081212719;0.000171502698;
2019;01;23;5;0;0.000066621520;0.000161745838;0.000081413162;0.000162840344;
2019;01;23;6;0;0.000068863337;0.000169098450;0.000084368866;0.000156732812;
2019;01;23;7;0;0.000081190849;0.000178229797;0.000096443136;0.000155352125;
2019;01;23;8;0;0.000111895952;0.000193554187;0.000124147865;0.000161907334;
2019;01;23;9;0;0.000137080901;0.000171135013;0.000164177401;0.000119568287;
2019;01;23;10;0;0.000151196314;0.000146117843;0.000188425094;0.000091695711;
2019;01;23;11;0;0.000163887716;0.000141760123;0.000197361094;0.000092170397;
2019;01;23;12;0;0.000165210578;0.000128651780;0.000195978138;0.000087574381;
2019;01;23;13;0;0.000166895102;0.000102321699;0.000192873590;0.000084826276;
2019;01;23;14;0;0.000172002786;0.000102836890;0.000180180195;0.000082951346;
2019;01;23;15;0;0.000167552122;0.000101085844;0.000155263924;0.000079174647;
2019;01;23;16;0;0.000159673817;0.000095298783;0.000147392255;0.000074881396;
2019;01;23;17;0;0.000157743335;0.000091939519;0.000149168523;0.000073226362;
2019;01;23;18;0;0.000164315764;0.000094362378;0.000153871749;0.000076013160;
2019;01;23;19;0;0.000180949471;0.000141201920;0.000164904100;0.000135451882;
2019;01;23;20;0;0.000195526624;0.000177379745;0.000161847392;0.000200984662;
2019;01;23;21;0;0.000204173351;0.000186500831;0.000144555422;0.000206480954;
2019;01;23;22;0;0.000202009812;0.000192528533;0.000123675412;0.000208913436;
2019;01;23;23;0;0.000177235715;0.000231590133;0.000106185825;0.000202732790;
2019;01;23;24;0;0.000142259107;0.000230210380;0.000094922515;0.000181178736;
2019;01;24;1;0;0.000104250949;0.000208727820;0.000085418984;0.000169841961;
2019;01;24;2;0;0.000081777699;0.000188631277;0.000081943190;0.000183980125;
2019;01;24;3;0;0.000071250327;0.000172892975;0.000080067944;0.000178022662;
2019;01;24;4;0;0.000066588187;0.000163485970;0.000079366893;0.000170118455;
2019;01;24;5;0;0.000065158688;0.000159324958;0.000079577526;0.000161652615;
2019;01;24;6;0;0.000067316891;0.000166373871;0.000082424480;0.000155263622;
2019;01;24;7;0;0.000079366785;0.000175354761;0.000094219556;0.000153892059;
2019;01;24;8;0;0.000109385786;0.000190446054;0.000121289662;0.000160405502;
2019;01;24;9;0;0.000133954545;0.000168239016;0.000160336314;0.000118269180;
2019;01;24;10;0;0.000147703923;0.000143547071;0.000183961772;0.000090586975;
2019;01;24;11;0;0.000160036460;0.000139135454;0.000192607011;0.000090901348;
2019;01;24;12;0;0.000161310023;0.000126237416;0.000191235777;0.000086328790;
2019;01;24;13;0;0.000163034114;0.000100513104;0.000188297986;0.000083788105;
2019;01;24;14;0;0.000168058411;0.000101066982;0.000175942127;0.000082006392;
2019;01;24;15;0;0.000163693251;0.000099323133;0.000151596583;0.000078240014;
2019;01;24;16;0;0.000155978974;0.000093613113;0.000143894777;0.000073963297;
2019;01;24;17;0;0.000154054559;0.000090261511;0.000145592412;0.000072253337;
2019;01;24;18;0;0.000160429028;0.000092581239;0.000150141458;0.000074915586;
2019;01;24;19;0;0.000176705877;0.000138602395;0.000160939684;0.000133611225;
2019;01;24;20;0;0.000191025289;0.000174290291;0.000158026049;0.000198619257;
2019;01;24;21;0;0.000199494532;0.000183297891;0.000141157625;0.000204142643;
2019;01;24;22;0;0.000197378553;0.000189217681;0.000120767167;0.000206538975;
2019;01;24;23;0;0.000173260389;0.000227870585;0.000103741519;0.000200845597;
2019;01;24;24;0;0.000139121065;0.000226709151;0.000092772672;0.000179773268;
2019;01;25;1;0;0.000102356455;0.000213507056;0.000084174378;0.000174267712;
2019;01;25;2;0;0.000080577778;0.000192321219;0.000080189335;0.000187438703;
2019;01;25;3;0;0.000070139010;0.000176694243;0.000078593367;0.000180868392;
2019;01;25;4;0;0.000065404836;0.000167015692;0.000077741598;0.000173604009;
2019;01;25;5;0;0.000063922175;0.000161988988;0.000077872605;0.000166073274;
2019;01;25;6;0;0.000066065927;0.000170013535;0.000080956800;0.000161231667;
2019;01;25;7;0;0.000078003742;0.000179434237;0.000092141780;0.000159655775;
2019;01;25;8;0;0.000107765303;0.000193112558;0.000117379524;0.000165196251;
2019;01;25;9;0;0.000131885686;0.000167998423;0.000153598549;0.000115948064;
2019;01;25;10;0;0.000144658707;0.000143297988;0.000177033498;0.000088866066;
2019;01;25;11;0;0.000156790912;0.000137986261;0.000185167873;0.000088780875;
2019;01;25;12;0;0.000158450012;0.000125214860;0.000184199085;0.000087569642;
2019;01;25;13;0;0.000160340495;0.000099662406;0.000181638460;0.000083805466;
2019;01;25;14;0;0.000165028318;0.000100396294;0.000170220636;0.000081058551;
2019;01;25;15;0;0.000161028320;0.000098430828;0.000145454036;0.000079490618;
2019;01;25;16;0;0.000154550681;0.000093409117;0.000134295906;0.000074538896;
2019;01;25;17;0;0.000152609960;0.000089974335;0.000133273394;0.000071903600;
2019;01;25;18;0;0.000157491337;0.000091859500;0.000136600950;0.000074793861;
2019;01;25;19;0;0.000170184592;0.000136113128;0.000148593580;0.000133280407;
2019;01;25;20;0;0.000180198180;0.000172192274;0.000149804207;0.000204377158;
2019;01;25;21;0;0.000184140757;0.000178152475;0.000138308409;0.000208303340;
2019;01;25;22;0;0.000183813981;0.000184360776;0.000121049183;0.000211107579;
2019;01;25;23;0;0.000165085619;0.000226743474;0.000105708986;0.000207730171;
2019;01;25;24;0;0.000138665964;0.000230577673;0.000095672899;0.000184056204;
2019;01;26;1;0;0.000112290073;0.000232137911;0.000085764018;0.000182015388;
2019;01;26;2;0;0.000090310959;0.000212248811;0.000080359164;0.000194585491;
2019;01;26;3;0;0.000076913045;0.000194192404;0.000077875024;0.000186787809;
2019;01;26;4;0;0.000070210427;0.000183054837;0.000076533735;0.000180328109;
2019;01;26;5;0;0.000067378408;0.000177634340;0.000076094024;0.000170711473;
2019;01;26;6;0;0.000067237927;0.000185590581;0.000077368992;0.000166640472;
2019;01;26;7;0;0.000071229060;0.000190137900;0.000081201767;0.000162313119;
2019;01;26;8;0;0.000080597384;0.000191240261;0.000088084408;0.000158308175;
2019;01;26;9;0;0.000101596133;0.000157817873;0.000091026332;0.000099101592;
2019;01;26;10;0;0.000132364150;0.000143402516;0.000099521333;0.000076673393;
2019;01;26;11;0;0.000156431650;0.000147952669;0.000112841209;0.000086855696;
2019;01;26;12;0;0.000162775384;0.000136473332;0.000117476024;0.000085755432;
2019;01;26;13;0;0.000164039293;0.000107335200;0.000118330116;0.000082479715;
2019;01;26;14;0;0.000169932312;0.000106866147;0.000113022681;0.000079500566;
2019;01;26;15;0;0.000168224015;0.000105618154;0.000101707841;0.000079383540;
2019;01;26;16;0;0.000153954967;0.000096544773;0.000096997019;0.000072002866;
2019;01;26;17;0;0.000144863036;0.000090479676;0.000095649691;0.000065928605;
2019;01;26;18;0;0.000144109669;0.000090357663;0.000100550551;0.000066180863;
2019;01;26;19;0;0.000157586091;0.000140202947;0.000114807382;0.000134630333;
2019;01;26;20;0;0.000167655609;0.000177721289;0.000124175395;0.000208997569;
2019;01;26;21;0;0.000174989815;0.000183230214;0.000121903813;0.000212327987;
2019;01;26;22;0;0.000178271202;0.000189757400;0.000111500050;0.000218603474;
2019;01;26;23;0;0.000162889629;0.000237138328;0.000101279667;0.000212796870;
2019;01;26;24;0;0.000139928575;0.000244579161;0.000093464492;0.000191463492;
2019;01;27;1;0;0.000118144259;0.000225845733;0.000088508773;0.000179495454;
2019;01;27;2;0;0.000098137614;0.000207373803;0.000082896208;0.000188293085;
2019;01;27;3;0;0.000083740822;0.000189827998;0.000080313935;0.000178435570;
2019;01;27;4;0;0.000074795645;0.000177751499;0.000078733186;0.000171477420;
2019;01;27;5;0;0.000070179014;0.000171993947;0.000078201731;0.000163708059;
2019;01;27;6;0;0.000068733236;0.000178891927;0.000078979692;0.000158683064;
2019;01;27;7;0;0.000070461452;0.000182481731;0.000081277525;0.000155615798;
2019;01;27;8;0;0.000075972244;0.000181373236;0.000084191616;0.000152453259;
2019;01;27;9;0;0.000089048141;0.000146811823;0.000079073060;0.000095205249;
2019;01;27;10;0;0.000114763352;0.000128984077;0.000078691471;0.000070802606;
2019;01;27;11;0;0.000140241534;0.000136958897;0.000084368157;0.000079863471;
2019;01;27;12;0;0.000154131603;0.000132912442;0.000089180701;0.000082529814;
2019;01;27;13;0;0.000159994171;0.000107056211;0.000092210825;0.000080145675;
2019;01;27;14;0;0.000166368514;0.000106464310;0.000091925181;0.000079163129;
2019;01;27;15;0;0.000165052578;0.000104829954;0.000088610100;0.000078569809;
2019;01;27;16;0;0.000148706643;0.000093891001;0.000085015328;0.000071708544;
2019;01;27;17;0;0.000140530294;0.000087659470;0.000082596740;0.000066448999;
2019;01;27;18;0;0.000141941843;0.000089197234;0.000083352056;0.000067406290;
2019;01;27;19;0;0.000159241550;0.000141792092;0.000097287964;0.000141208255;
2019;01;27;20;0;0.000174541536;0.000175107559;0.000104923467;0.000206026140;
2019;01;27;21;0;0.000186233245;0.000183819104;0.000104435138;0.000211640812;
2019;01;27;22;0;0.000187394411;0.000189546473;0.000100178352;0.000214837306;
2019;01;27;23;0;0.000165604394;0.000232836140;0.000093449055;0.000210756825;
2019;01;27;24;0;0.000135181095;0.000235717623;0.000086796044;0.000188924035;
2019;01;28;1;0;0.000101053135;0.000211872628;0.000080214756;0.000165842160;
2019;01;28;2;0;0.000079978523;0.000191900014;0.000077077349;0.000175472678;
2019;01;28;3;0;0.000069953984;0.000176150741;0.000075800347;0.000167888196;
2019;01;28;4;0;0.000065461949;0.000166736092;0.000075139016;0.000162369917;
2019;01;28;5;0;0.000064020313;0.000161854847;0.000075572308;0.000156289091;
2019;01;28;6;0;0.000066100435;0.000169220880;0.000078567097;0.000152729651;
2019;01;28;7;0;0.000077916870;0.000178477564;0.000090333182;0.000153164562;
2019;01;28;8;0;0.000107407349;0.000193365410;0.000116314052;0.000160963378;
2019;01;28;9;0;0.000131818097;0.000170362012;0.000156507631;0.000116733532;
2019;01;28;10;0;0.000145599283;0.000144280567;0.000181992883;0.000087773553;
2019;01;28;11;0;0.000158487634;0.000140345681;0.000191025878;0.000089478406;
2019;01;28;12;0;0.000160407501;0.000127844334;0.000189285516;0.000085651673;
2019;01;28;13;0;0.000162193251;0.000101251229;0.000186433538;0.000082208018;
2019;01;28;14;0;0.000167018612;0.000101342677;0.000174179337;0.000080862855;
2019;01;28;15;0;0.000162154894;0.000099663062;0.000149971489;0.000076464031;
2019;01;28;16;0;0.000154268174;0.000093665468;0.000142041657;0.000072222912;
2019;01;28;17;0;0.000152088566;0.000090203897;0.000143952551;0.000071357696;
2019;01;28;18;0;0.000158598188;0.000092255053;0.000148604397;0.000073758132;
2019;01;28;19;0;0.000174719229;0.000140392992;0.000157772154;0.000135694067;
2019;01;28;20;0;0.000189798842;0.000176425444;0.000154153360;0.000199959182;
2019;01;28;21;0;0.000198656079;0.000185423086;0.000136575878;0.000204776826;
2019;01;28;22;0;0.000196729169;0.000191923711;0.000116362191;0.000208342975;
2019;01;28;23;0;0.000171408127;0.000231849039;0.000099740542;0.000203431201;
2019;01;28;24;0;0.000136050970;0.000229763606;0.000089695651;0.000181915446;
2019;01;29;1;0;0.000102707386;0.000206049282;0.000084126893;0.000167812530;
2019;01;29;2;0;0.000080593774;0.000186351543;0.000080730615;0.000182028152;
2019;01;29;3;0;0.000070226422;0.000170844830;0.000078891669;0.000176208732;
2019;01;29;4;0;0.000065643464;0.000161617368;0.000078215436;0.000168512508;
2019;01;29;5;0;0.000064226783;0.000157461324;0.000078413901;0.000160046077;
2019;01;29;6;0;0.000066376390;0.000164552414;0.000081246485;0.000153927988;
2019;01;29;7;0;0.000078297707;0.000173637142;0.000092920192;0.000152892097;
2019;01;29;8;0;0.000107908628;0.000188566407;0.000119612854;0.000159342966;
2019;01;29;9;0;0.000132103352;0.000166457014;0.000158069132;0.000117330815;
2019;01;29;10;0;0.000145726771;0.000142169767;0.000181440271;0.000090033112;
2019;01;29;11;0;0.000157964901;0.000137941658;0.000190052045;0.000090513664;
2019;01;29;12;0;0.000159242012;0.000125190229;0.000188722743;0.000086005262;
2019;01;29;13;0;0.000161022025;0.000099789725;0.000185913644;0.000083641601;
2019;01;29;14;0;0.000166066480;0.000100452455;0.000173800235;0.000082028392;
2019;01;29;15;0;0.000161727778;0.000098684284;0.000149727664;0.000078211523;
2019;01;29;16;0;0.000154100180;0.000093002878;0.000142115323;0.000073924860;
2019;01;29;17;0;0.000152200589;0.000089675599;0.000143793519;0.000072219948;
2019;01;29;18;0;0.000158519773;0.000092009494;0.000148306406;0.000074925807;
2019;01;29;19;0;0.000174426951;0.000137428503;0.000158812445;0.000133068780;
2019;01;29;20;0;0.000188618911;0.000172933949;0.000155984642;0.000198061266;
2019;01;29;21;0;0.000196895002;0.000181688834;0.000139272967;0.000203198222;
2019;01;29;22;0;0.000194865497;0.000187685772;0.000119190779;0.000205838541;
2019;01;29;23;0;0.000170974472;0.000225785382;0.000102339521;0.000199781126;
2019;01;29;24;0;0.000137288609;0.000224645834;0.000091520939;0.000178836475;
2019;01;30;1;0;0.000102765165;0.000206499886;0.000084174898;0.000168593805;
2019;01;30;2;0;0.000080625077;0.000186685597;0.000080762623;0.000182747283;
2019;01;30;3;0;0.000070226907;0.000171003098;0.000078892850;0.000176630832;
2019;01;30;4;0;0.000065631810;0.000161699244;0.000078202181;0.000168788733;
2019;01;30;5;0;0.000064215837;0.000157544198;0.000078401169;0.000160315600;
2019;01;30;6;0;0.000066350186;0.000164555545;0.000081215065;0.000154047930;
2019;01;30;7;0;0.000078219353;0.000173398529;0.000092827952;0.000152621749;
2019;01;30;8;0;0.000107798291;0.000188297875;0.000119491513;0.000159046768;
2019;01;30;9;0;0.000132015093;0.000166355139;0.000157964799;0.000117286045;
2019;01;30;10;0;0.000145623004;0.000142068348;0.000181312534;0.000089982019;
2019;01;30;11;0;0.000157796400;0.000137731338;0.000189850846;0.000090328995;
2019;01;30;12;0;0.000159014370;0.000124895661;0.000188454475;0.000085700897;
2019;01;30;13;0;0.000160701118;0.000099426644;0.000185544625;0.000083151191;
2019;01;30;14;0;0.000165621431;0.000099930478;0.000173335856;0.000081318454;
2019;01;30;15;0;0.000161317857;0.000098203767;0.000149349363;0.000077579949;
2019;01;30;16;0;0.000153745453;0.000092599242;0.000141789327;0.000073398303;
2019;01;30;17;0;0.000151899447;0.000089352254;0.000143510167;0.000071800780;
2019;01;30;18;0;0.000158294844;0.000091794973;0.000148097162;0.000074663022;
2019;01;30;19;0;0.000174333320;0.000137385882;0.000158728474;0.000133091447;
2019;01;30;20;0;0.000188469618;0.000172779073;0.000155862435;0.000197883108;
2019;01;30;21;0;0.000196808682;0.000181672447;0.000139213030;0.000203311205;
2019;01;30;22;0;0.000194725145;0.000187547740;0.000119105891;0.000205711677;
2019;01;30;23;0;0.000170899693;0.000225764341;0.000102295585;0.000199888358;
2019;01;30;24;0;0.000137230287;0.000224631640;0.000091482797;0.000178942788;
2019;01;31;1;0;0.000102086134;0.000205700620;0.000083590691;0.000168518111;
2019;01;31;2;0;0.000080066427;0.000185826501;0.000080176151;0.000182424703;
2019;01;31;3;0;0.000069793566;0.000170512808;0.000078379769;0.000176874651;
2019;01;31;4;0;0.000065211500;0.000161149681;0.000077675338;0.000168860142;
2019;01;31;5;0;0.000063792429;0.000156940994;0.000077858138;0.000160259727;
2019;01;31;6;0;0.000065926197;0.000164003884;0.000080669053;0.000154131929;
2019;01;31;7;0;0.000077733120;0.000172888299;0.000092220004;0.000152823429;
2019;01;31;8;0;0.000107082463;0.000187558009;0.000118658272;0.000158965289;
2019;01;31;9;0;0.000131072003;0.000165508560;0.000156783787;0.000116976689;
2019;01;31;10;0;0.000144561964;0.000141298927;0.000179931155;0.000089691069;
2019;01;31;11;0;0.000156637613;0.000136967300;0.000188393532;0.000090015323;
2019;01;31;12;0;0.000157914222;0.000124324362;0.000187087948;0.000085554743;
2019;01;31;13;0;0.000159626425;0.000099024483;0.000184242046;0.000083089429;
2019;01;31;14;0;0.000164498767;0.000099505235;0.000172103224;0.000081226467;
2019;01;31;15;0;0.000160200058;0.000097752122;0.000148264809;0.000077444040;
2019;01;31;16;0;0.000152598259;0.000092060544;0.000140684200;0.000073107439;
2019;01;31;17;0;0.000150751692;0.000088813111;0.000142378088;0.000071487975;
2019;01;31;18;0;0.000157022371;0.000091139265;0.000146857449;0.000074186495;
2019;01;31;19;0;0.000172864196;0.000136281828;0.000157338126;0.000132024949;
2019;01;31;20;0;0.000186856723;0.000171340008;0.000154476820;0.000196195647;
2019;01;31;21;0;0.000195111602;0.000180133260;0.000137966362;0.000201527588;
2019;01;31;22;0;0.000193063451;0.000185998516;0.000118049936;0.000203989922;
2019;01;31;23;0;0.000169482522;0.000224024343;0.000101413322;0.000198416779;
2019;01;31;24;0;0.000136145828;0.000223099440;0.000090729451;0.000177910340;
