AŃO;MES;DIA;HORA;VERANO(1)/INVIERNO(0);COEF. PERFIL P2.0TD;COEF. PERFIL P3.0TD;COEF. PERFIL P3.0TDVE;RESERVADO;
2021;10;01;1;1;0.000083127359;0.000080167907;0.000073952201;;
2021;10;01;2;1;0.000070078332;0.000075793162;0.000074941702;;
2021;10;01;3;1;0.000062641503;0.000073718006;0.000046213182;;
2021;10;01;4;1;0.000059173670;0.000072982614;0.000050113900;;
2021;10;01;5;1;0.000057613784;0.000072732550;0.000036601131;;
2021;10;01;6;1;0.000058338967;0.000074770617;0.000041406288;;
2021;10;01;7;1;0.000065937061;0.000082979496;0.000044022391;;
2021;10;01;8;1;0.000085789478;0.000102116729;0.000063489527;;
2021;10;01;9;1;0.000094025929;0.000123080899;0.000097566562;;
2021;10;01;10;1;0.000095956386;0.000139880318;0.000129159428;;
2021;10;01;11;1;0.000100271508;0.000145985187;0.000195108820;;
2021;10;01;12;1;0.000101075180;0.000147549459;0.000193562073;;
2021;10;01;13;1;0.000104377458;0.000149806213;0.000191149079;;
2021;10;01;14;1;0.000110876647;0.000144291171;0.000232624806;;
2021;10;01;15;1;0.000110486030;0.000128824424;0.000272293391;;
2021;10;01;16;1;0.000101532324;0.000121065263;0.000249461951;;
2021;10;01;17;1;0.000096455189;0.000119551428;0.000241731690;;
2021;10;01;18;1;0.000096564550;0.000119436118;0.000194782458;;
2021;10;01;19;1;0.000097397092;0.000116931102;0.000214964812;;
2021;10;01;20;1;0.000106042075;0.000121722509;0.000180814866;;
2021;10;01;21;1;0.000125536901;0.000128144153;0.000182080386;;
2021;10;01;22;1;0.000129851336;0.000116406058;0.000175858680;;
2021;10;01;23;1;0.000117071118;0.000102866129;0.000138500667;;
2021;10;01;24;1;0.000101458164;0.000093230757;0.000096783641;;
2021;10;02;1;1;0.000086757284;0.000085688443;0.000064586724;;
2021;10;02;2;1;0.000073767938;0.000079218855;0.000023945630;;
2021;10;02;3;1;0.000065384280;0.000076182587;0.000030520638;;
2021;10;02;4;1;0.000060857587;0.000074759307;0.000017483149;;
2021;10;02;5;1;0.000058634959;0.000074312811;0.000045110991;;
2021;10;02;6;1;0.000058257569;0.000075370231;0.000036777109;;
2021;10;02;7;1;0.000060351722;0.000077916679;0.000041799251;;
2021;10;02;8;1;0.000066853501;0.000083380336;0.000013645131;;
2021;10;02;9;1;0.000076710674;0.000082883067;0.000012573533;;
2021;10;02;10;1;0.000094804475;0.000089926456;0.000034249591;;
2021;10;02;11;1;0.000107810941;0.000099155781;0.000064427456;;
2021;10;02;12;1;0.000110273470;0.000103567795;0.000099639581;;
2021;10;02;13;1;0.000111799510;0.000106205001;0.000110817786;;
2021;10;02;14;1;0.000118693069;0.000103467482;0.000118410725;;
2021;10;02;15;1;0.000118020081;0.000097265934;0.000137683911;;
2021;10;02;16;1;0.000103612179;0.000094234261;0.000119679677;;
2021;10;02;17;1;0.000094501837;0.000092726130;0.000112185415;;
2021;10;02;18;1;0.000092011556;0.000093444618;0.000093853990;;
2021;10;02;19;1;0.000092778228;0.000093593210;0.000075032642;;
2021;10;02;20;1;0.000101154897;0.000103993298;0.000080534320;;
2021;10;02;21;1;0.000119813132;0.000115870543;0.000094383730;;
2021;10;02;22;1;0.000125373394;0.000109006324;0.000103891350;;
2021;10;02;23;1;0.000114117140;0.000099999111;0.000101945508;;
2021;10;02;24;1;0.000101198819;0.000091938392;0.000063357589;;
2021;10;03;1;1;0.000086269995;0.000084235814;0.000054249359;;
2021;10;03;2;1;0.000073983970;0.000077106533;0.000053094942;;
2021;10;03;3;1;0.000065124947;0.000073951902;0.000043277685;;
2021;10;03;4;1;0.000061279240;0.000072786712;0.000029766292;;
2021;10;03;5;1;0.000058550799;0.000072370385;0.000050444495;;
2021;10;03;6;1;0.000057844016;0.000073216060;0.000041703908;;
2021;10;03;7;1;0.000059018816;0.000074749361;0.000029535409;;
2021;10;03;8;1;0.000063121527;0.000076079779;0.000022452235;;
2021;10;03;9;1;0.000068689136;0.000070301179;0.000019826525;;
2021;10;03;10;1;0.000085560008;0.000073282625;0.000042482550;;
2021;10;03;11;1;0.000102820818;0.000078560205;0.000049185238;;
2021;10;03;12;1;0.000110519191;0.000083097315;0.000076481313;;
2021;10;03;13;1;0.000112792896;0.000086291038;0.000095029733;;
2021;10;03;14;1;0.000117413916;0.000086876406;0.000130208828;;
2021;10;03;15;1;0.000116531644;0.000085548842;0.000104851703;;
2021;10;03;16;1;0.000102161557;0.000082901141;0.000099561410;;
2021;10;03;17;1;0.000092843048;0.000079986877;0.000111190395;;
2021;10;03;18;1;0.000089987952;0.000077931433;0.000103925813;;
2021;10;03;19;1;0.000091304612;0.000079314387;0.000109842790;;
2021;10;03;20;1;0.000101912302;0.000086670238;0.000094494932;;
2021;10;03;21;1;0.000125616088;0.000098300985;0.000103223739;;
2021;10;03;22;1;0.000131211195;0.000094957422;0.000090314293;;
2021;10;03;23;1;0.000118234218;0.000088136099;0.000079397983;;
2021;10;03;24;1;0.000101058711;0.000081129479;0.000050969872;;
2021;10;04;1;1;0.000082213580;0.000072910362;0.000036858182;;
2021;10;04;2;1;0.000065934390;0.000069202470;0.000020086227;;
2021;10;04;3;1;0.000059714380;0.000067837553;0.000014421810;;
2021;10;04;4;1;0.000056657196;0.000067158651;0.000013219561;;
2021;10;04;5;1;0.000055621082;0.000067295792;0.000025364993;;
2021;10;04;6;1;0.000056393645;0.000069384180;0.000028159025;;
2021;10;04;7;1;0.000064137598;0.000077873121;0.000021423066;;
2021;10;04;8;1;0.000083503481;0.000095065325;0.000029266802;;
2021;10;04;9;1;0.000090765038;0.000117277326;0.000087361695;;
2021;10;04;10;1;0.000092239826;0.000135134198;0.000164037739;;
2021;10;04;11;1;0.000096168327;0.000140787967;0.000214736666;;
2021;10;04;12;1;0.000097030608;0.000141707786;0.000224653602;;
2021;10;04;13;1;0.000100077132;0.000143434372;0.000198136831;;
2021;10;04;14;1;0.000106537780;0.000137108236;0.000164061033;;
2021;10;04;15;1;0.000105581817;0.000123253414;0.000209719315;;
2021;10;04;16;1;0.000096262918;0.000118868732;0.000188076246;;
2021;10;04;17;1;0.000091009134;0.000119899138;0.000175378220;;
2021;10;04;18;1;0.000091890154;0.000119683991;0.000168048255;;
2021;10;04;19;1;0.000096857936;0.000117274718;0.000146720955;;
2021;10;04;20;1;0.000109651987;0.000116612329;0.000156221180;;
2021;10;04;21;1;0.000133945229;0.000117497617;0.000174763508;;
2021;10;04;22;1;0.000137647722;0.000103784233;0.000173025488;;
2021;10;04;23;1;0.000119657358;0.000089572455;0.000093260350;;
2021;10;04;24;1;0.000097888916;0.000080203637;0.000083302002;;
2021;10;05;1;1;0.000079809215;0.000075289638;0.000070346110;;
2021;10;05;2;1;0.000067149133;0.000071442048;0.000050411549;;
2021;10;05;3;1;0.000060528000;0.000069874863;0.000038499063;;
2021;10;05;4;1;0.000057316441;0.000068949823;0.000033468650;;
2021;10;05;5;1;0.000056092621;0.000068890419;0.000032286129;;
2021;10;05;6;1;0.000057204576;0.000071151427;0.000036914610;;
2021;10;05;7;1;0.000065304693;0.000079641721;0.000030751806;;
2021;10;05;8;1;0.000085390613;0.000097498506;0.000048944364;;
2021;10;05;9;1;0.000093028146;0.000118617117;0.000099389482;;
2021;10;05;10;1;0.000093985496;0.000135155272;0.000152384942;;
2021;10;05;11;1;0.000097284498;0.000140706961;0.000212247706;;
2021;10;05;12;1;0.000098232220;0.000142314189;0.000217340333;;
2021;10;05;13;1;0.000101754403;0.000144758441;0.000224118120;;
2021;10;05;14;1;0.000108420403;0.000138594971;0.000193889541;;
2021;10;05;15;1;0.000107291346;0.000124638728;0.000202902570;;
2021;10;05;16;1;0.000098357021;0.000120561468;0.000227578851;;
2021;10;05;17;1;0.000093398028;0.000121341414;0.000221542713;;
2021;10;05;18;1;0.000094459698;0.000121061627;0.000207524784;;
2021;10;05;19;1;0.000098556016;0.000118009358;0.000189630766;;
2021;10;05;20;1;0.000110685558;0.000118603741;0.000212905657;;
2021;10;05;21;1;0.000134428435;0.000120801437;0.000202559719;;
2021;10;05;22;1;0.000137913729;0.000107404126;0.000177082708;;
2021;10;05;23;1;0.000120897113;0.000092847090;0.000141358227;;
2021;10;05;24;1;0.000100207516;0.000082760421;0.000105959142;;
2021;10;06;1;1;0.000081467523;0.000077261701;0.000072065743;;
2021;10;06;2;1;0.000068429722;0.000073260772;0.000051643876;;
2021;10;06;3;1;0.000061785309;0.000071704924;0.000039440185;;
2021;10;06;4;1;0.000058682283;0.000070846128;0.000034286802;;
2021;10;06;5;1;0.000057644938;0.000070898291;0.000033075374;;
2021;10;06;6;1;0.000058770329;0.000073215196;0.000037817000;;
2021;10;06;7;1;0.000067062141;0.000081935875;0.000031503544;;
2021;10;06;8;1;0.000087481093;0.000100206708;0.000050140825;;
2021;10;06;9;1;0.000095407786;0.000121967056;0.000101819090;;
2021;10;06;10;1;0.000096097517;0.000138793146;0.000156110042;;
2021;10;06;11;1;0.000099799755;0.000144696119;0.000217436170;;
2021;10;06;12;1;0.000100751590;0.000146336378;0.000222653288;;
2021;10;06;13;1;0.000104235781;0.000148772537;0.000229596760;;
2021;10;06;14;1;0.000110742777;0.000142263389;0.000198629234;;
2021;10;06;15;1;0.000109748377;0.000128016658;0.000207862588;;
2021;10;06;16;1;0.000100440920;0.000123740576;0.000233142089;;
2021;10;06;17;1;0.000095283703;0.000124489522;0.000226958396;;
2021;10;06;18;1;0.000096453424;0.000124249781;0.000212597795;;
2021;10;06;19;1;0.000100357171;0.000120975438;0.000194266351;;
2021;10;06;20;1;0.000112146531;0.000121330121;0.000218110204;;
2021;10;06;21;1;0.000136236846;0.000123586658;0.000207511357;;
2021;10;06;22;1;0.000139809054;0.000109891686;0.000181411552;;
2021;10;06;23;1;0.000122964136;0.000095131717;0.000144813775;;
2021;10;06;24;1;0.000101865839;0.000084777685;0.000108549347;;
2021;10;07;1;1;0.000081365007;0.000076596441;0.000071245042;;
2021;10;07;2;1;0.000068298987;0.000072609551;0.000051055743;;
2021;10;07;3;1;0.000061558733;0.000071013669;0.000038991030;;
2021;10;07;4;1;0.000058475957;0.000070167559;0.000033896335;;
2021;10;07;5;1;0.000057352726;0.000070172277;0.000032698703;;
2021;10;07;6;1;0.000058410563;0.000072432155;0.000037386331;;
2021;10;07;7;1;0.000066438151;0.000080948850;0.000031144774;;
2021;10;07;8;1;0.000086536568;0.000098936083;0.000049569809;;
2021;10;07;9;1;0.000094135793;0.000120289520;0.000100659550;;
2021;10;07;10;1;0.000095079299;0.000137045413;0.000154332223;;
2021;10;07;11;1;0.000098693293;0.000142844110;0.000214959955;;
2021;10;07;12;1;0.000099289845;0.000144251926;0.000220117659;;
2021;10;07;13;1;0.000102837449;0.000146721832;0.000226982057;;
2021;10;07;14;1;0.000109292297;0.000140321040;0.000196367197;;
2021;10;07;15;1;0.000108414983;0.000126319877;0.000205495400;;
2021;10;07;16;1;0.000099242893;0.000122112547;0.000230487011;;
2021;10;07;17;1;0.000094289335;0.000122930344;0.000224373740;;
2021;10;07;18;1;0.000095444657;0.000122692403;0.000210176680;;
2021;10;07;19;1;0.000099507803;0.000119560812;0.000192054000;;
2021;10;07;20;1;0.000111239587;0.000119930195;0.000215626313;;
2021;10;07;21;1;0.000134748054;0.000122012983;0.000205148168;;
2021;10;07;22;1;0.000138492642;0.000108562741;0.000179345594;;
2021;10;07;23;1;0.000121553884;0.000093897943;0.000143164601;;
2021;10;07;24;1;0.000101026854;0.000083795001;0.000107313161;;
2021;10;08;1;1;0.000081783614;0.000078606406;0.000072637847;;
2021;10;08;2;1;0.000069014240;0.000074348678;0.000073609762;;
2021;10;08;3;1;0.000061680188;0.000072307966;0.000045391834;;
2021;10;08;4;1;0.000058226900;0.000071566293;0.000049223225;;
2021;10;08;5;1;0.000056670826;0.000071309797;0.000035950619;;
2021;10;08;6;1;0.000057672929;0.000073464679;0.000040670374;;
2021;10;08;7;1;0.000065024901;0.000081445251;0.000043239981;;
2021;10;08;8;1;0.000084688107;0.000100271849;0.000062361127;;
2021;10;08;9;1;0.000092816215;0.000120855533;0.000095832510;;
2021;10;08;10;1;0.000094428271;0.000137170659;0.000126863876;;
2021;10;08;11;1;0.000098466767;0.000143029684;0.000191641149;;
2021;10;08;12;1;0.000099404892;0.000144653970;0.000190121893;;
2021;10;08;13;1;0.000102391896;0.000146708338;0.000187751785;;
2021;10;08;14;1;0.000108621296;0.000141225842;0.000228490363;;
2021;10;08;15;1;0.000108420218;0.000126177029;0.000267453918;;
2021;10;08;16;1;0.000099796074;0.000118659677;0.000245028262;;
2021;10;08;17;1;0.000094835695;0.000117191715;0.000237435390;;
2021;10;08;18;1;0.000094956476;0.000117085613;0.000191320588;;
2021;10;08;19;1;0.000095709960;0.000114597240;0.000211144241;;
2021;10;08;20;1;0.000104803849;0.000119581170;0.000177601242;;
2021;10;08;21;1;0.000124196208;0.000125945382;0.000178844270;;
2021;10;08;22;1;0.000128296663;0.000114346258;0.000172733142;;
2021;10;08;23;1;0.000115760371;0.000101079925;0.000136039094;;
2021;10;08;24;1;0.000100177867;0.000091555372;0.000095063504;;
2021;10;09;1;1;0.000085543592;0.000084254649;0.000063621207;;
2021;10;09;2;1;0.000073006862;0.000078017632;0.000023587663;;
2021;10;09;3;1;0.000064656027;0.000075000613;0.000030064380;;
2021;10;09;4;1;0.000060174072;0.000073596376;0.000017221791;;
2021;10;09;5;1;0.000058181717;0.000073267474;0.000044436620;;
2021;10;09;6;1;0.000057840948;0.000074328046;0.000036227322;;
2021;10;09;7;1;0.000059666147;0.000076700068;0.000041174388;;
2021;10;09;8;1;0.000066156621;0.000082111331;0.000013441148;;
2021;10;09;9;1;0.000075952028;0.000081639936;0.000012385570;;
2021;10;09;10;1;0.000093775624;0.000088541344;0.000033737589;;
2021;10;09;11;1;0.000106668466;0.000097639277;0.000063464320;;
2021;10;09;12;1;0.000109087560;0.000101976897;0.000098150054;;
2021;10;09;13;1;0.000110378494;0.000104486075;0.000109161154;;
2021;10;09;14;1;0.000116806357;0.000101653435;0.000116640585;;
2021;10;09;15;1;0.000116160622;0.000095566005;0.000135625653;;
2021;10;09;16;1;0.000101856378;0.000092539847;0.000117890568;;
2021;10;09;17;1;0.000093035545;0.000091115253;0.000110508339;;
2021;10;09;18;1;0.000090743661;0.000091889925;0.000092450952;;
2021;10;09;19;1;0.000091167903;0.000091895030;0.000073910967;;
2021;10;09;20;1;0.000099827802;0.000102292382;0.000079330400;;
2021;10;09;21;1;0.000118369022;0.000114027366;0.000092972773;;
2021;10;09;22;1;0.000123639590;0.000107190068;0.000102338262;;
2021;10;09;23;1;0.000112540286;0.000098333439;0.000100421509;;
2021;10;09;24;1;0.000100087731;0.000090517961;0.000062410447;;
2021;10;10;1;1;0.000084798507;0.000082146418;0.000052931566;;
2021;10;10;2;1;0.000072668279;0.000075170187;0.000051805192;;
2021;10;10;3;1;0.000064120350;0.000072168547;0.000042226409;;
2021;10;10;4;1;0.000060317412;0.000071023038;0.000029043227;;
2021;10;10;5;1;0.000057313289;0.000070450009;0.000049219127;;
2021;10;10;6;1;0.000056571226;0.000071246346;0.000040690861;;
2021;10;10;7;1;0.000057824091;0.000072794117;0.000028817952;;
2021;10;10;8;1;0.000061859300;0.000074097678;0.000021906839;;
2021;10;10;9;1;0.000067412804;0.000068511419;0.000019344911;;
2021;10;10;10;1;0.000084101160;0.000071464040;0.000041450590;;
2021;10;10;11;1;0.000100800384;0.000076524922;0.000047990459;;
2021;10;10;12;1;0.000107667426;0.000080728099;0.000074623475;;
2021;10;10;13;1;0.000109153189;0.000083594183;0.000092721328;;
2021;10;10;14;1;0.000113820183;0.000084221684;0.000127045873;;
2021;10;10;15;1;0.000113215361;0.000083012098;0.000102304708;;
2021;10;10;16;1;0.000100082466;0.000080728883;0.000097142923;;
2021;10;10;17;1;0.000091157058;0.000077964849;0.000108489425;;
2021;10;10;18;1;0.000088256008;0.000075925642;0.000101401309;;
2021;10;10;19;1;0.000089716035;0.000077334192;0.000107174555;;
2021;10;10;20;1;0.000100209786;0.000084530724;0.000092199518;;
2021;10;10;21;1;0.000123544039;0.000095884704;0.000100716290;;
2021;10;10;22;1;0.000128521671;0.000092463364;0.000088120432;;
2021;10;10;23;1;0.000115960296;0.000085868415;0.000077469295;;
2021;10;10;24;1;0.000099389487;0.000079134996;0.000049731743;;
2021;10;11;1;1;0.000078946999;0.000068080184;0.000034330525;;
2021;10;11;2;1;0.000063411598;0.000064660296;0.000018708756;;
2021;10;11;3;1;0.000057198965;0.000063274123;0.000013432793;;
2021;10;11;4;1;0.000054226313;0.000062618049;0.000012312991;;
2021;10;11;5;1;0.000052978465;0.000062615086;0.000023625515;;
2021;10;11;6;1;0.000053626105;0.000064510514;0.000026227937;;
2021;10;11;7;1;0.000060278310;0.000072042387;0.000019953917;;
2021;10;11;8;1;0.000077433925;0.000087449168;0.000027259746;;
2021;10;11;9;1;0.000084099862;0.000107846840;0.000081370612;;
2021;10;11;10;1;0.000085909215;0.000124538726;0.000152788373;;
2021;10;11;11;1;0.000089940774;0.000129977100;0.000200010473;;
2021;10;11;12;1;0.000090638286;0.000130760710;0.000209247326;;
2021;10;11;13;1;0.000093657574;0.000132457625;0.000184549020;;
2021;10;11;14;1;0.000100253656;0.000126909967;0.000152810070;;
2021;10;11;15;1;0.000099670685;0.000114240075;0.000195337201;;
2021;10;11;16;1;0.000090533006;0.000110000557;0.000175178369;;
2021;10;11;17;1;0.000085394807;0.000110846205;0.000163351147;;
2021;10;11;18;1;0.000086583544;0.000110843393;0.000156523856;;
2021;10;11;19;1;0.000091380401;0.000108669977;0.000136659138;;
2021;10;11;20;1;0.000103753504;0.000108188351;0.000145507857;;
2021;10;11;21;1;0.000125924497;0.000108714067;0.000162778590;;
2021;10;11;22;1;0.000129149334;0.000095943890;0.000161159760;;
2021;10;11;23;1;0.000112868989;0.000082994596;0.000086864749;;
2021;10;11;24;1;0.000092577906;0.000074397288;0.000077589324;;
2021;10;12;1;1;0.000085942561;0.000083872340;0.000054062255;;
2021;10;12;2;1;0.000073891505;0.000076857560;0.000052911819;;
2021;10;12;3;1;0.000065184848;0.000073781379;0.000043128421;;
2021;10;12;4;1;0.000061394367;0.000072648525;0.000029663629;;
2021;10;12;5;1;0.000058570153;0.000072185313;0.000050270513;;
2021;10;12;6;1;0.000057811915;0.000073001180;0.000041560072;;
2021;10;12;7;1;0.000059161456;0.000074624268;0.000029433542;;
2021;10;12;8;1;0.000063330631;0.000075981683;0.000022374798;;
2021;10;12;9;1;0.000068916057;0.000070209158;0.000019758144;;
2021;10;12;10;1;0.000085593360;0.000073096333;0.000042336029;;
2021;10;12;11;1;0.000102094979;0.000078112818;0.000049015599;;
2021;10;12;12;1;0.000109033364;0.000082397836;0.000076217531;;
2021;10;12;13;1;0.000111020313;0.000085480892;0.000094701978;;
2021;10;12;14;1;0.000115553103;0.000086054876;0.000129759742;;
2021;10;12;15;1;0.000114971796;0.000084828851;0.000104490072;;
2021;10;12;16;1;0.000101554623;0.000082468162;0.000099218025;;
2021;10;12;17;1;0.000092730436;0.000079729532;0.000110806903;;
2021;10;12;18;1;0.000089778762;0.000077644013;0.000103567376;;
2021;10;12;19;1;0.000091220450;0.000079068667;0.000109463945;;
2021;10;12;20;1;0.000102444769;0.000086624206;0.000094169022;;
2021;10;12;21;1;0.000126240772;0.000098241733;0.000102867723;;
2021;10;12;22;1;0.000131293182;0.000094726370;0.000090002801;;
2021;10;12;23;1;0.000118408317;0.000087953423;0.000079124142;;
2021;10;12;24;1;0.000101266987;0.000080981251;0.000050794079;;
2021;10;13;1;1;0.000077120324;0.000073254972;0.000069116148;;
2021;10;13;2;1;0.000064889400;0.000069512056;0.000049530132;;
2021;10;13;3;1;0.000058419265;0.000067952642;0.000037825928;;
2021;10;13;4;1;0.000055256970;0.000067022491;0.000032883469;;
2021;10;13;5;1;0.000054221949;0.000067041502;0.000031721624;;
2021;10;13;6;1;0.000055626778;0.000069417463;0.000036269179;;
2021;10;13;7;1;0.000064048060;0.000077981654;0.000030214128;;
2021;10;13;8;1;0.000084207356;0.000095688071;0.000048088600;;
2021;10;13;9;1;0.000092266891;0.000116698683;0.000097651714;;
2021;10;13;10;1;0.000093154099;0.000132931082;0.000149720578;;
2021;10;13;11;1;0.000096623414;0.000138511628;0.000208536676;;
2021;10;13;12;1;0.000097272016;0.000139915353;0.000213540261;;
2021;10;13;13;1;0.000100686683;0.000142275184;0.000220199542;;
2021;10;13;14;1;0.000107108238;0.000136124195;0.000190499493;;
2021;10;13;15;1;0.000105969949;0.000122405800;0.000199354933;;
2021;10;13;16;1;0.000097265090;0.000118463103;0.000223599764;;
2021;10;13;17;1;0.000092407485;0.000119254624;0.000217669165;;
2021;10;13;18;1;0.000093403555;0.000118950159;0.000203896332;;
2021;10;13;19;1;0.000097289251;0.000115867218;0.000186315180;;
2021;10;13;20;1;0.000109687596;0.000116641568;0.000209183122;;
2021;10;13;21;1;0.000133165290;0.000118787290;0.000199018077;;
2021;10;13;22;1;0.000136427937;0.000105551923;0.000173986517;;
2021;10;13;23;1;0.000119361963;0.000091169591;0.000138886659;;
2021;10;13;24;1;0.000098935746;0.000081265151;0.000104106506;;
2021;10;14;1;1;0.000079766904;0.000074987648;0.000069960745;;
2021;10;14;2;1;0.000067023039;0.000071114387;0.000050135388;;
2021;10;14;3;1;0.000060326245;0.000069510810;0.000038288159;;
2021;10;14;4;1;0.000057347106;0.000068704204;0.000033285304;;
2021;10;14;5;1;0.000056266376;0.000068719793;0.000032109261;;
2021;10;14;6;1;0.000057304368;0.000070933465;0.000036712387;;
2021;10;14;7;1;0.000065409062;0.000079392522;0.000030583343;;
2021;10;14;8;1;0.000085625840;0.000097242291;0.000048676240;;
2021;10;14;9;1;0.000093539828;0.000118442447;0.000098845013;;
2021;10;14;10;1;0.000093944289;0.000134616003;0.000151550157;;
2021;10;14;11;1;0.000096736643;0.000139836568;0.000211084985;;
2021;10;14;12;1;0.000096951361;0.000140989103;0.000216149714;;
2021;10;14;13;1;0.000100379615;0.000143380842;0.000222890371;;
2021;10;14;14;1;0.000106916903;0.000137253069;0.000192827388;;
2021;10;14;15;1;0.000105946061;0.000123501469;0.000201791042;;
2021;10;14;16;1;0.000097023957;0.000119410498;0.000226332143;;
2021;10;14;17;1;0.000092458967;0.000120363332;0.000220329072;;
2021;10;14;18;1;0.000093470381;0.000120064421;0.000206387936;;
2021;10;14;19;1;0.000098126110;0.000117342562;0.000188591943;;
2021;10;14;20;1;0.000110818383;0.000118211157;0.000211739331;;
2021;10;14;21;1;0.000134055760;0.000120200658;0.000201450070;;
2021;10;14;22;1;0.000137375894;0.000106818586;0.000176112625;;
2021;10;14;23;1;0.000120506835;0.000092367618;0.000140583848;;
2021;10;14;24;1;0.000100073315;0.000082399729;0.000105378683;;
2021;10;15;1;1;0.000081413949;0.000078557147;0.000072784098;;
2021;10;15;2;1;0.000068523737;0.000074219231;0.000073757970;;
2021;10;15;3;1;0.000061374604;0.000072249488;0.000045483227;;
2021;10;15;4;1;0.000057951059;0.000071515341;0.000049322332;;
2021;10;15;5;1;0.000056481626;0.000071302236;0.000036023003;;
2021;10;15;6;1;0.000057327112;0.000073374306;0.000040752261;;
2021;10;15;7;1;0.000065089812;0.000081587546;0.000043327041;;
2021;10;15;8;1;0.000084931391;0.000100526895;0.000062486686;;
2021;10;15;9;1;0.000093478237;0.000121381221;0.000096025462;;
2021;10;15;10;1;0.000095133891;0.000137786527;0.000127119307;;
2021;10;15;11;1;0.000099227389;0.000143686377;0.000192027004;;
2021;10;15;12;1;0.000099874683;0.000145134837;0.000190504689;;
2021;10;15;13;1;0.000102861993;0.000147187711;0.000188129809;;
2021;10;15;14;1;0.000109038675;0.000141643000;0.000228950412;;
2021;10;15;15;1;0.000108838780;0.000126551072;0.000267992417;;
2021;10;15;16;1;0.000100029019;0.000118934275;0.000245521608;;
2021;10;15;17;1;0.000094973498;0.000117419040;0.000237913449;;
2021;10;15;18;1;0.000095010177;0.000117268603;0.000191705798;;
2021;10;15;19;1;0.000095956809;0.000114874079;0.000211569364;;
2021;10;15;20;1;0.000105439822;0.000120045479;0.000177958829;;
2021;10;15;21;1;0.000124545587;0.000126262446;0.000179204360;;
2021;10;15;22;1;0.000128350243;0.000114517455;0.000173080928;;
2021;10;15;23;1;0.000115803733;0.000101229352;0.000136312998;;
2021;10;15;24;1;0.000099953340;0.000091588626;0.000095254907;;
2021;10;16;1;1;0.000085654818;0.000084811690;0.000064148542;;
2021;10;16;2;1;0.000072915651;0.000078447360;0.000023783174;;
2021;10;16;3;1;0.000064655188;0.000075454049;0.000030313574;;
2021;10;16;4;1;0.000060211697;0.000074061802;0.000017364537;;
2021;10;16;5;1;0.000058095722;0.000073664599;0.000044804940;;
2021;10;16;6;1;0.000057801711;0.000074757070;0.000036527598;;
2021;10;16;7;1;0.000060043610;0.000077372795;0.000041515668;;
2021;10;16;8;1;0.000066745629;0.000082921528;0.000013552557;;
2021;10;16;9;1;0.000076847499;0.000082545015;0.000012488229;;
2021;10;16;10;1;0.000094741589;0.000089467136;0.000034017229;;
2021;10;16;11;1;0.000107932367;0.000098724580;0.000063990355;;
2021;10;16;12;1;0.000110426037;0.000103128451;0.000098963587;;
2021;10;16;13;1;0.000111603606;0.000105613970;0.000110065955;;
2021;10;16;14;1;0.000118261913;0.000102809859;0.000117607380;;
2021;10;16;15;1;0.000117808654;0.000096724116;0.000136749809;;
2021;10;16;16;1;0.000103034527;0.000093557752;0.000118867724;;
2021;10;16;17;1;0.000093731775;0.000091959233;0.000111424306;;
2021;10;16;18;1;0.000091209589;0.000092649337;0.000093217248;;
2021;10;16;19;1;0.000091829349;0.000092737226;0.000074523591;;
2021;10;16;20;1;0.000100904171;0.000103381890;0.000079987943;;
2021;10;16;21;1;0.000118996706;0.000114977808;0.000093743394;;
2021;10;16;22;1;0.000123970439;0.000107962758;0.000103186510;;
2021;10;16;23;1;0.000113077678;0.000099130620;0.000101253870;;
2021;10;16;24;1;0.000100233384;0.000091123097;0.000062927746;;
2021;10;17;1;1;0.000085631224;0.000083873908;0.000054146253;;
2021;10;17;2;1;0.000073538685;0.000076820889;0.000052994030;;
2021;10;17;3;1;0.000064802992;0.000073712062;0.000043195431;;
2021;10;17;4;1;0.000060887803;0.000072505898;0.000029709718;;
2021;10;17;5;1;0.000058164151;0.000072084496;0.000050348620;;
2021;10;17;6;1;0.000057333313;0.000072857530;0.000041624645;;
2021;10;17;7;1;0.000058516327;0.000074393628;0.000029479274;;
2021;10;17;8;1;0.000062552681;0.000075701282;0.000022409562;;
2021;10;17;9;1;0.000068349765;0.000070073898;0.000019788843;;
2021;10;17;10;1;0.000085339933;0.000073119194;0.000042401808;;
2021;10;17;11;1;0.000102588595;0.000078395402;0.000049091756;;
2021;10;17;12;1;0.000109722927;0.000082747906;0.000076335952;;
2021;10;17;13;1;0.000111753652;0.000085854138;0.000094849119;;
2021;10;17;14;1;0.000116686350;0.000086547986;0.000129961353;;
2021;10;17;15;1;0.000116049705;0.000085300583;0.000104652421;;
2021;10;17;16;1;0.000102088923;0.000082781752;0.000099372183;;
2021;10;17;17;1;0.000093016258;0.000079958950;0.000110979066;;
2021;10;17;18;1;0.000090007300;0.000077849626;0.000103728291;;
2021;10;17;19;1;0.000091402987;0.000079259550;0.000109634022;;
2021;10;17;20;1;0.000103052544;0.000086976646;0.000094315335;;
2021;10;17;21;1;0.000126622737;0.000098522287;0.000103027552;;
2021;10;17;22;1;0.000131692976;0.000094998036;0.000090142641;;
2021;10;17;23;1;0.000118744982;0.000088198130;0.000079247079;;
2021;10;17;24;1;0.000101753897;0.000081274253;0.000050872999;;
2021;10;18;1;1;0.000083968474;0.000075322871;0.000038088938;;
2021;10;18;2;1;0.000067487106;0.000071558540;0.000020756940;;
2021;10;18;3;1;0.000060805937;0.000069992539;0.000014903378;;
2021;10;18;4;1;0.000057791438;0.000069343008;0.000013660984;;
2021;10;18;5;1;0.000056635763;0.000069433182;0.000026211972;;
2021;10;18;6;1;0.000057420085;0.000071588930;0.000029099301;;
2021;10;18;7;1;0.000065691129;0.000080548824;0.000022138418;;
2021;10;18;8;1;0.000085775119;0.000098452629;0.000030244069;;
2021;10;18;9;1;0.000093530895;0.000121620192;0.000090278846;;
2021;10;18;10;1;0.000094687360;0.000139910621;0.000169515230;;
2021;10;18;11;1;0.000098677050;0.000145737331;0.000221907078;;
2021;10;18;12;1;0.000099626181;0.000146729796;0.000232155157;;
2021;10;18;13;1;0.000103077807;0.000148715484;0.000204752947;;
2021;10;18;14;1;0.000109980491;0.000142293359;0.000169539303;;
2021;10;18;15;1;0.000108967249;0.000127901866;0.000216722189;;
2021;10;18;16;1;0.000099528430;0.000123445346;0.000194356423;;
2021;10;18;17;1;0.000094067707;0.000124498847;0.000181234389;;
2021;10;18;18;1;0.000094921440;0.000124243555;0.000173659664;;
2021;10;18;19;1;0.000100059991;0.000121744487;0.000151620210;;
2021;10;18;20;1;0.000114147697;0.000121446550;0.000161437663;;
2021;10;18;21;1;0.000138291213;0.000121947807;0.000180599150;;
2021;10;18;22;1;0.000141079154;0.000107380112;0.000178803095;;
2021;10;18;23;1;0.000122786494;0.000092723076;0.000096374467;;
2021;10;18;24;1;0.000100197195;0.000082935900;0.000086083593;;
2021;10;19;1;1;0.000081576893;0.000077197448;0.000071921504;;
2021;10;19;2;1;0.000068523987;0.000073200939;0.000051540511;;
2021;10;19;3;1;0.000061670899;0.000071547293;0.000039361245;;
2021;10;19;4;1;0.000058632716;0.000070720873;0.000034218177;;
2021;10;19;5;1;0.000057457762;0.000070700172;0.000033009174;;
2021;10;19;6;1;0.000058638205;0.000073041927;0.000037741309;;
2021;10;19;7;1;0.000066969176;0.000081771994;0.000031440490;;
2021;10;19;8;1;0.000087391240;0.000100021636;0.000050040468;;
2021;10;19;9;1;0.000095395944;0.000121788534;0.000101615300;;
2021;10;19;10;1;0.000096052908;0.000138569736;0.000155797588;;
2021;10;19;11;1;0.000099734192;0.000144451321;0.000217000972;;
2021;10;19;12;1;0.000100407877;0.000145918188;0.000222207648;;
2021;10;19;13;1;0.000103686897;0.000148230397;0.000229137223;;
2021;10;19;14;1;0.000110173283;0.000141751963;0.000198231678;;
2021;10;19;15;1;0.000109181734;0.000127554844;0.000207446552;;
2021;10;19;16;1;0.000100134169;0.000123405509;0.000232675456;;
2021;10;19;17;1;0.000095095271;0.000124209309;0.000226504140;;
2021;10;19;18;1;0.000096233359;0.000123954105;0.000212172281;;
2021;10;19;19;1;0.000100183176;0.000120715644;0.000193877528;;
2021;10;19;20;1;0.000112971393;0.000121531832;0.000217673658;;
2021;10;19;21;1;0.000136225731;0.000123407833;0.000207096024;;
2021;10;19;22;1;0.000139303463;0.000109567365;0.000181048457;;
2021;10;19;23;1;0.000122481201;0.000094838149;0.000144523931;;
2021;10;19;24;1;0.000101687232;0.000084594890;0.000108332086;;
2021;10;20;1;1;0.000081574933;0.000077139172;0.000071849494;;
2021;10;20;2;1;0.000068516521;0.000073143014;0.000051488907;;
2021;10;20;3;1;0.000061791611;0.000071553850;0.000039321835;;
2021;10;20;4;1;0.000058607786;0.000070655289;0.000034183916;;
2021;10;20;5;1;0.000057405968;0.000070620214;0.000032976123;;
2021;10;20;6;1;0.000058525809;0.000072927782;0.000037703521;;
2021;10;20;7;1;0.000066758099;0.000081601343;0.000031409010;;
2021;10;20;8;1;0.000087157440;0.000099832937;0.000049990366;;
2021;10;20;9;1;0.000095204807;0.000121593702;0.000101513559;;
2021;10;20;10;1;0.000095822567;0.000138325081;0.000155641598;;
2021;10;20;11;1;0.000099544778;0.000144226923;0.000216783703;;
2021;10;20;12;1;0.000100528581;0.000145883005;0.000221985166;;
2021;10;20;13;1;0.000103829096;0.000148205258;0.000228907802;;
2021;10;20;14;1;0.000110289604;0.000141709251;0.000198033201;;
2021;10;20;15;1;0.000109208694;0.000127472834;0.000207238849;;
2021;10;20;16;1;0.000100058836;0.000123273764;0.000232442493;;
2021;10;20;17;1;0.000095036494;0.000124083763;0.000226277356;;
2021;10;20;18;1;0.000095920808;0.000123690757;0.000211959846;;
2021;10;20;19;1;0.000100141343;0.000120603760;0.000193683410;;
2021;10;20;20;1;0.000113227350;0.000121556638;0.000217455715;;
2021;10;20;21;1;0.000136243129;0.000123322204;0.000206888671;;
2021;10;20;22;1;0.000139231965;0.000109461589;0.000180867185;;
2021;10;20;23;1;0.000122064035;0.000094629435;0.000144379228;;
2021;10;20;24;1;0.000101193455;0.000084356534;0.000108223620;;
2021;10;21;1;1;0.000081131874;0.000076603883;0.000071394627;;
2021;10;21;2;1;0.000068027718;0.000072582114;0.000051162939;;
2021;10;21;3;1;0.000061401874;0.000071030510;0.000039072896;;
2021;10;21;4;1;0.000058294484;0.000070167585;0.000033967504;;
2021;10;21;5;1;0.000057166709;0.000070168221;0.000032767357;;
2021;10;21;6;1;0.000058168532;0.000072400902;0.000037464827;;
2021;10;21;7;1;0.000066221782;0.000080945150;0.000031210165;;
2021;10;21;8;1;0.000086622741;0.000099110356;0.000049673886;;
2021;10;21;9;1;0.000095037181;0.000120939478;0.000100870894;;
2021;10;21;10;1;0.000095650259;0.000137577961;0.000154656258;;
2021;10;21;11;1;0.000099303038;0.000143409297;0.000215411283;;
2021;10;21;12;1;0.000100126771;0.000144959252;0.000220579817;;
2021;10;21;13;1;0.000103485517;0.000147309911;0.000227458627;;
2021;10;21;14;1;0.000109893957;0.000140836680;0.000196779488;;
2021;10;21;15;1;0.000108617288;0.000126589181;0.000205926856;;
2021;10;21;16;1;0.000099481437;0.000122400688;0.000230970940;;
2021;10;21;17;1;0.000094330078;0.000123117708;0.000224844833;;
2021;10;21;18;1;0.000095290838;0.000122773147;0.000210617966;;
2021;10;21;19;1;0.000099557154;0.000119746539;0.000192457235;;
2021;10;21;20;1;0.000112497386;0.000120661159;0.000216079041;;
2021;10;21;21;1;0.000135244086;0.000122367006;0.000205578895;;
2021;10;21;22;1;0.000138205675;0.000108611600;0.000179722146;;
2021;10;21;23;1;0.000121147670;0.000093889126;0.000143465188;;
2021;10;21;24;1;0.000100820066;0.000083833625;0.000107538475;;
2021;10;22;1;1;0.000081148581;0.000078134875;0.000072391630;;
2021;10;22;2;1;0.000068268402;0.000073805466;0.000073360251;;
2021;10;22;3;1;0.000061131100;0.000071839252;0.000045237972;;
2021;10;22;4;1;0.000057927661;0.000071217813;0.000049056375;;
2021;10;22;5;1;0.000056576571;0.000071068463;0.000035828759;;
2021;10;22;6;1;0.000057367450;0.000073102539;0.000040532516;;
2021;10;22;7;1;0.000065204523;0.000081321835;0.000043093412;;
2021;10;22;8;1;0.000084905544;0.000100112495;0.000062149744;;
2021;10;22;9;1;0.000093502233;0.000120909789;0.000095507671;;
2021;10;22;10;1;0.000095020569;0.000137166369;0.000126433852;;
2021;10;22;11;1;0.000099179018;0.000143082131;0.000190991552;;
2021;10;22;12;1;0.000099663248;0.000144424204;0.000189477446;;
2021;10;22;13;1;0.000102533602;0.000146400090;0.000187115371;;
2021;10;22;14;1;0.000108525254;0.000140794143;0.000227715860;;
2021;10;22;15;1;0.000108173103;0.000125716813;0.000266547343;;
2021;10;22;16;1;0.000099280874;0.000118081691;0.000244197701;;
2021;10;22;17;1;0.000094077489;0.000116480271;0.000236630567;;
2021;10;22;18;1;0.000094022171;0.000116283217;0.000190672077;;
2021;10;22;19;1;0.000094939219;0.000113899979;0.000210428535;;
2021;10;22;20;1;0.000104969289;0.000119338666;0.000176999236;;
2021;10;22;21;1;0.000123777230;0.000125427514;0.000178238050;;
2021;10;22;22;1;0.000127412211;0.000113704191;0.000172147637;;
2021;10;22;23;1;0.000114531026;0.000100351369;0.000135577968;;
2021;10;22;24;1;0.000099370022;0.000090995834;0.000094741272;;
2021;10;23;1;1;0.000085160795;0.000084227342;0.000063750485;;
2021;10;23;2;1;0.000072462445;0.000077891846;0.000023635593;;
2021;10;23;3;1;0.000064389454;0.000074987515;0.000030125471;;
2021;10;23;4;1;0.000059848019;0.000073542944;0.000017256785;;
2021;10;23;5;1;0.000057733123;0.000073142224;0.000044526915;;
2021;10;23;6;1;0.000057552063;0.000074288041;0.000036300936;;
2021;10;23;7;1;0.000059627396;0.000076801600;0.000041258054;;
2021;10;23;8;1;0.000066234261;0.000082283632;0.000013468461;;
2021;10;23;9;1;0.000076424539;0.000081985605;0.000012410737;;
2021;10;23;10;1;0.000094213400;0.000088858123;0.000033806143;;
2021;10;23;11;1;0.000107136434;0.000097977176;0.000063593279;;
2021;10;23;12;1;0.000109661681;0.000102367537;0.000098349494;;
2021;10;23;13;1;0.000111010939;0.000104906870;0.000109382969;;
2021;10;23;14;1;0.000117386833;0.000102030372;0.000116877598;;
2021;10;23;15;1;0.000116890722;0.000095974278;0.000135901243;;
2021;10;23;16;1;0.000102268645;0.000092846984;0.000118130121;;
2021;10;23;17;1;0.000093333238;0.000091384783;0.000110732891;;
2021;10;23;18;1;0.000090900047;0.000092104198;0.000092638812;;
2021;10;23;19;1;0.000091178097;0.000092046679;0.000074061154;;
2021;10;23;20;1;0.000100622391;0.000102799326;0.000079491599;;
2021;10;23;21;1;0.000118614008;0.000114310068;0.000093161693;;
2021;10;23;22;1;0.000123824998;0.000107429889;0.000102546213;;
2021;10;23;23;1;0.000112728282;0.000098560615;0.000100625565;;
2021;10;23;24;1;0.000099899117;0.000090589565;0.000062537264;;
2021;10;24;1;1;0.000085087257;0.000083170511;0.000053713723;;
2021;10;24;2;1;0.000072941865;0.000076119024;0.000052570704;;
2021;10;24;3;1;0.000064222531;0.000073012279;0.000042850378;;
2021;10;24;4;1;0.000060502928;0.000071898776;0.000029472392;;
2021;10;24;5;1;0.000057558274;0.000071355603;0.000049946426;;
2021;10;24;6;1;0.000056777415;0.000072143284;0.000041292140;;
2021;10;24;7;1;0.000058083680;0.000073736887;0.000029243788;;
2021;10;24;8;1;0.000062076814;0.000075026121;0.000022230551;;
2021;10;24;9;1;0.000067969710;0.000069509522;0.000019630766;;
2021;10;24;10;1;0.000084881615;0.000072536160;0.000042063095;;
2021;10;24;11;1;0.000101902868;0.000077726869;0.000048699602;;
2021;10;24;12;1;0.000109159846;0.000082096716;0.000075726167;;
2021;10;24;13;1;0.000110909442;0.000085090349;0.000094091448;;
2021;10;24;14;1;0.000115477028;0.000085674496;0.000128923199;;
2021;10;24;15;1;0.000114965137;0.000084476320;0.000103816439;;
2021;10;24;16;1;0.000101540089;0.000082121811;0.000098578380;;
2021;10;24;17;1;0.000092444586;0.000079295351;0.000110092546;;
2021;10;24;18;1;0.000089355617;0.000077167412;0.000102899691;;
2021;10;24;19;1;0.000090749550;0.000078568089;0.000108758246;;
2021;10;24;20;1;0.000102903136;0.000086426705;0.000093561927;;
2021;10;24;21;1;0.000125981887;0.000097750119;0.000102204549;;
2021;10;24;22;1;0.000131134692;0.000094287046;0.000089422566;;
2021;10;24;23;1;0.000117863642;0.000087418287;0.000078614039;;
2021;10;24;24;1;0.000100919360;0.000080528645;0.000050466616;;
2021;10;25;1;1;0.000083154520;0.000074633463;0.000037818782;;
2021;10;25;2;1;0.000066683650;0.000070835859;0.000020609716;;
2021;10;25;3;1;0.000060327132;0.000069406560;0.000014797672;;
2021;10;25;4;1;0.000057244157;0.000068715352;0.000013564090;;
2021;10;25;5;1;0.000056073461;0.000068791339;0.000026026057;;
2021;10;25;6;1;0.000057046905;0.000071031644;0.000028892907;;
2021;10;25;7;1;0.000065224443;0.000079901212;0.000021981395;;
2021;10;25;8;1;0.000085305867;0.000097729164;0.000030029555;;
2021;10;25;9;1;0.000093576235;0.000121033972;0.000089638520;;
2021;10;25;10;1;0.000094669888;0.000139195621;0.000168312899;;
2021;10;25;11;1;0.000098438395;0.000144854462;0.000220333144;;
2021;10;25;12;1;0.000098984699;0.000145591287;0.000230508536;;
2021;10;25;13;1;0.000102286822;0.000147483839;0.000203300683;;
2021;10;25;14;1;0.000108950222;0.000141012197;0.000168336801;;
2021;10;25;15;1;0.000107992604;0.000126772985;0.000215185031;;
2021;10;25;16;1;0.000098557658;0.000122313782;0.000192977899;;
2021;10;25;17;1;0.000092995669;0.000123271272;0.000179948937;;
2021;10;25;18;1;0.000093886547;0.000123044870;0.000172427937;;
2021;10;25;19;1;0.000099378819;0.000120781019;0.000150544804;;
2021;10;25;20;1;0.000114024870;0.000120778428;0.000160292625;;
2021;10;25;21;1;0.000137898250;0.000121187953;0.000179318203;;
2021;10;25;22;1;0.000140842752;0.000106765139;0.000177534887;;
2021;10;25;23;1;0.000122318627;0.000092107723;0.000095690906;;
2021;10;25;24;1;0.000099770756;0.000082369502;0.000085473023;;
2021;10;26;1;1;0.000081154304;0.000076974619;0.000071852330;;
2021;10;26;2;1;0.000068037666;0.000072929482;0.000051490939;;
2021;10;26;3;1;0.000061365819;0.000071348203;0.000039323388;;
2021;10;26;4;1;0.000058238035;0.000070470147;0.000034185266;;
2021;10;26;5;1;0.000057072064;0.000070450314;0.000032977425;;
2021;10;26;6;1;0.000058282136;0.000072804334;0.000037705010;;
2021;10;26;7;1;0.000066467574;0.000081456936;0.000031410250;;
2021;10;26;8;1;0.000087033253;0.000099780184;0.000049992340;;
2021;10;26;9;1;0.000095726508;0.000121886629;0.000101517567;;
2021;10;26;10;1;0.000096354346;0.000138661289;0.000155647743;;
2021;10;26;11;1;0.000099981612;0.000144506197;0.000216792262;;
2021;10;26;12;1;0.000100645916;0.000145966438;0.000221993930;;
2021;10;26;13;1;0.000104028716;0.000148337451;0.000228916840;;
2021;10;26;14;1;0.000110651909;0.000141917885;0.000198041020;;
2021;10;26;15;1;0.000109441977;0.000127598623;0.000207247031;;
2021;10;26;16;1;0.000099934656;0.000123218430;0.000232451670;;
2021;10;26;17;1;0.000094634770;0.000123871080;0.000226286290;;
2021;10;26;18;1;0.000095418172;0.000123426023;0.000211968215;;
2021;10;26;19;1;0.000099447721;0.000120260837;0.000193691057;;
2021;10;26;20;1;0.000113463116;0.000121672918;0.000217464300;;
2021;10;26;21;1;0.000136525264;0.000123440373;0.000206896840;;
2021;10;26;22;1;0.000139794802;0.000109659017;0.000180874326;;
2021;10;26;23;1;0.000122629824;0.000094824062;0.000144384928;;
2021;10;26;24;1;0.000101629384;0.000084517869;0.000108227893;;
2021;10;27;1;1;0.000081271623;0.000076885667;0.000071671868;;
2021;10;27;2;1;0.000068231104;0.000072888610;0.000051361616;;
2021;10;27;3;1;0.000061441594;0.000071259105;0.000039224624;;
2021;10;27;4;1;0.000058277198;0.000070365136;0.000034099407;;
2021;10;27;5;1;0.000057185766;0.000070384780;0.000032894600;;
2021;10;27;6;1;0.000058292717;0.000072680308;0.000037610311;;
2021;10;27;7;1;0.000066620108;0.000081390862;0.000031331361;;
2021;10;27;8;1;0.000087152126;0.000099660678;0.000049866780;;
2021;10;27;9;1;0.000095603237;0.000121603244;0.000101262597;;
2021;10;27;10;1;0.000096230033;0.000138338641;0.000155256821;;
2021;10;27;11;1;0.000099839383;0.000144161769;0.000216247771;;
2021;10;27;12;1;0.000100324439;0.000145508931;0.000221436375;;
2021;10;27;13;1;0.000103413218;0.000147701323;0.000228341897;;
2021;10;27;14;1;0.000109644360;0.000141116288;0.000197543624;;
2021;10;27;15;1;0.000108528493;0.000126918561;0.000206726514;;
2021;10;27;16;1;0.000099384463;0.000122711561;0.000231867849;;
2021;10;27;17;1;0.000094304982;0.000123467795;0.000225717954;;
2021;10;27;18;1;0.000095308908;0.000123146105;0.000211435840;;
2021;10;27;19;1;0.000099487516;0.000120065879;0.000193204587;;
2021;10;27;20;1;0.000113330406;0.000121395815;0.000216918122;;
2021;10;27;21;1;0.000136344430;0.000123151355;0.000206377202;;
2021;10;27;22;1;0.000139465266;0.000109354005;0.000180420046;;
2021;10;27;23;1;0.000122287786;0.000094542795;0.000144022294;;
2021;10;27;24;1;0.000101166214;0.000084203505;0.000107956070;;
2021;10;28;1;1;0.000080962263;0.000076778070;0.000071672413;;
2021;10;28;2;1;0.000067785987;0.000072701729;0.000051362007;;
2021;10;28;3;1;0.000061172088;0.000071141939;0.000039224923;;
2021;10;28;4;1;0.000058055788;0.000070267281;0.000034099666;;
2021;10;28;5;1;0.000056866022;0.000070233114;0.000032894850;;
2021;10;28;6;1;0.000057983003;0.000072532982;0.000037610597;;
2021;10;28;7;1;0.000066258439;0.000081222013;0.000031331599;;
2021;10;28;8;1;0.000086992471;0.000099605929;0.000049867160;;
2021;10;28;9;1;0.000095764674;0.000121719170;0.000101263368;;
2021;10;28;10;1;0.000096288667;0.000138406542;0.000155258003;;
2021;10;28;11;1;0.000099622543;0.000144062016;0.000216249417;;
2021;10;28;12;1;0.000099924229;0.000145296458;0.000221438061;;
2021;10;28;13;1;0.000103081329;0.000147534651;0.000228343635;;
2021;10;28;14;1;0.000109079313;0.000140840651;0.000197545128;;
2021;10;28;15;1;0.000107951831;0.000126661573;0.000206728088;;
2021;10;28;16;1;0.000099047755;0.000122563833;0.000231869614;;
2021;10;28;17;1;0.000094435258;0.000123568251;0.000225719672;;
2021;10;28;18;1;0.000095343243;0.000123193121;0.000211437450;;
2021;10;28;19;1;0.000099990870;0.000120348874;0.000193206058;;
2021;10;28;20;1;0.000114211445;0.000121823276;0.000216919773;;
2021;10;28;21;1;0.000137002147;0.000123432893;0.000206378773;;
2021;10;28;22;1;0.000140334177;0.000109670897;0.000180421419;;
2021;10;28;23;1;0.000122966226;0.000094789207;0.000144023390;;
2021;10;28;24;1;0.000102030185;0.000084529645;0.000107956892;;
2021;10;29;1;1;0.000082655881;0.000080008538;0.000073999494;;
2021;10;29;2;1;0.000069315564;0.000075472597;0.000074989628;;
2021;10;29;3;1;0.000062071204;0.000073463313;0.000046242735;;
2021;10;29;4;1;0.000058485046;0.000072651536;0.000050145948;;
2021;10;29;5;1;0.000057208469;0.000072546711;0.000036624538;;
2021;10;29;6;1;0.000058100838;0.000074674711;0.000041432768;;
2021;10;29;7;1;0.000065700933;0.000082891070;0.000044050544;;
2021;10;29;8;1;0.000085875175;0.000102206033;0.000063530129;;
2021;10;29;9;1;0.000095133879;0.000123750840;0.000097628957;;
2021;10;29;10;1;0.000096524281;0.000140294126;0.000129242027;;
2021;10;29;11;1;0.000100904570;0.000146441196;0.000195233595;;
2021;10;29;12;1;0.000101523270;0.000147892781;0.000193685859;;
2021;10;29;13;1;0.000104419308;0.000149899144;0.000191271321;;
2021;10;29;14;1;0.000110578949;0.000144191231;0.000232773573;;
2021;10;29;15;1;0.000110162540;0.000128721543;0.000272467527;;
2021;10;29;16;1;0.000101240907;0.000120971959;0.000249621486;;
2021;10;29;17;1;0.000096043795;0.000119388578;0.000241886280;;
2021;10;29;18;1;0.000096096334;0.000119243787;0.000194907024;;
2021;10;29;19;1;0.000097273762;0.000116921135;0.000215102285;;
2021;10;29;20;1;0.000107990205;0.000122716664;0.000180930500;;
2021;10;29;21;1;0.000126174538;0.000128477598;0.000182196829;;
2021;10;29;22;1;0.000130310039;0.000116633789;0.000175971144;;
2021;10;29;23;1;0.000117546098;0.000103090474;0.000138589240;;
2021;10;29;24;1;0.000101559868;0.000093312538;0.000096845535;;
2021;10;30;1;1;0.000087090859;0.000086784526;0.000065591706;;
2021;10;30;2;1;0.000074171005;0.000080287275;0.000024318229;;
2021;10;30;3;1;0.000065831127;0.000077255288;0.000030995544;;
2021;10;30;4;1;0.000061377250;0.000075866980;0.000017755190;;
2021;10;30;5;1;0.000059044219;0.000075364442;0.000045812927;;
2021;10;30;6;1;0.000058880717;0.000076557120;0.000037349367;;
2021;10;30;7;1;0.000061166789;0.000079237134;0.000042449655;;
2021;10;30;8;1;0.000067967608;0.000084905451;0.000013857452;;
2021;10;30;9;1;0.000078620010;0.000084687315;0.000012769180;;
2021;10;30;10;1;0.000096641636;0.000091674323;0.000034782521;;
2021;10;30;11;1;0.000110199631;0.000101200338;0.000065429959;;
2021;10;30;12;1;0.000112786688;0.000105730944;0.000101189992;;
2021;10;30;13;1;0.000114269848;0.000108392146;0.000112542132;;
2021;10;30;14;1;0.000121089628;0.000105515676;0.000120253219;;
2021;10;30;15;1;0.000120079868;0.000099078401;0.000139826298;;
2021;10;30;16;1;0.000104748533;0.000095729178;0.000121541916;;
2021;10;30;17;1;0.000095488706;0.000094176549;0.000113931042;;
2021;10;30;18;1;0.000092789753;0.000094827274;0.000095314376;;
2021;10;30;19;1;0.000093485266;0.000094945369;0.000076200164;;
2021;10;30;20;1;0.000103216245;0.000106057384;0.000081787449;;
2021;10;30;21;1;0.000120728812;0.000117544753;0.000095852359;;
2021;10;30;22;1;0.000126147284;0.000110511131;0.000105507919;;
2021;10;30;23;1;0.000115031932;0.000101458710;0.000103531799;;
2021;10;30;24;1;0.000102053292;0.000093297286;0.000064343445;;
2021;10;31;1;1;0.000086248528;0.000084367466;0.000054367805;;
2021;10;31;2;1;0.000073801599;0.000077154002;0.000053210868;;
2021;10;31;2;0;0.000068841609;0.000075326794;0.000048291522;;
2021;10;31;3;0;0.000064461412;0.000073753967;0.000043372175;;
2021;10;31;4;0;0.000060810401;0.000072670874;0.000029831283;;
2021;10;31;5;0;0.000057967971;0.000072184066;0.000050554633;;
2021;10;31;6;0;0.000057475105;0.000073139438;0.000041794963;;
2021;10;31;7;0;0.000058908601;0.000074814982;0.000029599895;;
2021;10;31;8;0;0.000063019378;0.000076154471;0.000022501257;;
2021;10;31;9;0;0.000069520254;0.000070779298;0.000019869814;;
2021;10;31;10;0;0.000087152240;0.000073982459;0.000042575305;;
2021;10;31;11;0;0.000103800124;0.000079009491;0.000049292627;;
2021;10;31;12;0;0.000110530308;0.000083239785;0.000076648299;;
2021;10;31;13;0;0.000112358936;0.000086293623;0.000095237218;;
2021;10;31;14;0;0.000117298802;0.000086985030;0.000130493121;;
2021;10;31;15;0;0.000116257670;0.000085605347;0.000105080632;;
2021;10;31;16;0;0.000102777434;0.000083252384;0.000099778788;;
2021;10;31;17;0;0.000093624716;0.000080406551;0.000111433164;;
2021;10;31;18;0;0.000091039116;0.000078447908;0.000104152721;;
2021;10;31;19;0;0.000094455316;0.000080601703;0.000110082617;;
2021;10;31;20;0;0.000105001230;0.000087917139;0.000094701249;;
2021;10;31;21;0;0.000124844688;0.000098210102;0.000103449114;;
2021;10;31;22;0;0.000129370676;0.000094548595;0.000090511482;;
2021;10;31;23;0;0.000116959012;0.000087878373;0.000079571338;;
2021;10;31;24;0;0.000100569435;0.000081098294;0.000051081158;;
