AŃO;MES;DIA;HORA;VERANO(1)/INVIERNO(0);COEF. PERFIL A;COEF. PERFIL B;COEF. PERFIL C;COEF. PERFIL D;
2018;06;01;1;1;0.000085862739;0.000124676101;0.000091503278;0.000150337751;
2018;06;01;2;1;0.000071671254;0.000115410341;0.000085598564;0.000156246794;
2018;06;01;3;1;0.000063806470;0.000108905479;0.000082231059;0.000153063331;
2018;06;01;4;1;0.000060112086;0.000106441474;0.000080553015;0.000147882342;
2018;06;01;5;1;0.000058429161;0.000104938942;0.000080197326;0.000140923675;
2018;06;01;6;1;0.000058884926;0.000104609197;0.000082131978;0.000135939329;
2018;06;01;7;1;0.000065041189;0.000085611863;0.000084411380;0.000098125823;
2018;06;01;8;1;0.000079880688;0.000056009261;0.000093212475;0.000040232505;
2018;06;01;9;1;0.000096911517;0.000064844948;0.000124581169;0.000045497690;
2018;06;01;10;1;0.000109243739;0.000068802778;0.000149132902;0.000048785377;
2018;06;01;11;1;0.000118787634;0.000070995446;0.000161918321;0.000050273301;
2018;06;01;12;1;0.000123766186;0.000070979888;0.000166874036;0.000052415286;
2018;06;01;13;1;0.000129000125;0.000070940061;0.000170545035;0.000052516895;
2018;06;01;14;1;0.000134154119;0.000071834985;0.000165471494;0.000052220569;
2018;06;01;15;1;0.000129915925;0.000070435727;0.000148605411;0.000052168798;
2018;06;01;16;1;0.000122222114;0.000065858396;0.000139175409;0.000049609358;
2018;06;01;17;1;0.000121061135;0.000063991999;0.000138139502;0.000046699110;
2018;06;01;18;1;0.000125061697;0.000064146235;0.000139396191;0.000048501929;
2018;06;01;19;1;0.000126745558;0.000064333004;0.000137060284;0.000049195356;
2018;06;01;20;1;0.000124472438;0.000064797622;0.000132485039;0.000048095664;
2018;06;01;21;1;0.000122859681;0.000065722465;0.000124740267;0.000049240220;
2018;06;01;22;1;0.000125734773;0.000084339282;0.000118162687;0.000073012160;
2018;06;01;23;1;0.000123447611;0.000134257795;0.000117435980;0.000199855539;
2018;06;01;24;1;0.000107911074;0.000136938090;0.000107733107;0.000180675361;
2018;06;02;1;1;0.000090413661;0.000128908695;0.000095516423;0.000156922426;
2018;06;02;2;1;0.000076459836;0.000120208831;0.000087601272;0.000161631713;
2018;06;02;3;1;0.000067508146;0.000112914373;0.000083085979;0.000159050337;
2018;06;02;4;1;0.000062512446;0.000109747906;0.000080528062;0.000154789537;
2018;06;02;5;1;0.000059914510;0.000107622743;0.000079506702;0.000147834709;
2018;06;02;6;1;0.000059109234;0.000107010489;0.000080115356;0.000143692779;
2018;06;02;7;1;0.000060713373;0.000084915319;0.000077716656;0.000103076668;
2018;06;02;8;1;0.000066017575;0.000048136776;0.000074926747;0.000036319793;
2018;06;02;9;1;0.000080081754;0.000054336378;0.000086053425;0.000039264885;
2018;06;02;10;1;0.000099610664;0.000063399193;0.000099686438;0.000044631128;
2018;06;02;11;1;0.000114659503;0.000069767729;0.000113083504;0.000051677627;
2018;06;02;12;1;0.000120001328;0.000070493818;0.000117796711;0.000053586378;
2018;06;02;13;1;0.000124090141;0.000069545372;0.000120976481;0.000051808086;
2018;06;02;14;1;0.000129568220;0.000069498316;0.000119130718;0.000051305442;
2018;06;02;15;1;0.000127396616;0.000069001223;0.000110946358;0.000052081320;
2018;06;02;16;1;0.000116589947;0.000063420979;0.000107609555;0.000047547608;
2018;06;02;17;1;0.000110178589;0.000059673530;0.000105259706;0.000042700391;
2018;06;02;18;1;0.000108763393;0.000058630151;0.000106368243;0.000043072254;
2018;06;02;19;1;0.000109490282;0.000058788150;0.000107323137;0.000044195715;
2018;06;02;20;1;0.000110350642;0.000059703016;0.000109642860;0.000042840352;
2018;06;02;21;1;0.000113023413;0.000061942897;0.000110353060;0.000046263280;
2018;06;02;22;1;0.000120152695;0.000081498518;0.000109427088;0.000069861810;
2018;06;02;23;1;0.000119995770;0.000133016608;0.000112103565;0.000200062300;
2018;06;02;24;1;0.000107134088;0.000137067394;0.000104136809;0.000184681201;
2018;06;03;1;1;0.000090251042;0.000127811349;0.000094277686;0.000156607911;
2018;06;03;2;1;0.000076938670;0.000119617241;0.000085935849;0.000155046515;
2018;06;03;3;1;0.000067760145;0.000112307968;0.000081109498;0.000149366403;
2018;06;03;4;1;0.000062426110;0.000108839207;0.000078763430;0.000145745978;
2018;06;03;5;1;0.000059706414;0.000106570837;0.000077831466;0.000141572636;
2018;06;03;6;1;0.000058402668;0.000105647895;0.000077982007;0.000138827961;
2018;06;03;7;1;0.000058721890;0.000083159932;0.000074050119;0.000100123256;
2018;06;03;8;1;0.000061547179;0.000044629131;0.000067694130;0.000033573025;
2018;06;03;9;1;0.000071795284;0.000049024392;0.000072487514;0.000035647214;
2018;06;03;10;1;0.000086880009;0.000057114219;0.000079735678;0.000040136709;
2018;06;03;11;1;0.000100076661;0.000064495672;0.000086334381;0.000047008823;
2018;06;03;12;1;0.000107585769;0.000067287907;0.000090693472;0.000050180219;
2018;06;03;13;1;0.000112391038;0.000067343367;0.000094202421;0.000047787554;
2018;06;03;14;1;0.000118215421;0.000067138157;0.000095910150;0.000049775871;
2018;06;03;15;1;0.000118965689;0.000067009076;0.000095296817;0.000051206600;
2018;06;03;16;1;0.000109354170;0.000061005206;0.000092970288;0.000045836491;
2018;06;03;17;1;0.000104036817;0.000057631172;0.000089646745;0.000042615263;
2018;06;03;18;1;0.000102909690;0.000056479460;0.000087003183;0.000042653682;
2018;06;03;19;1;0.000105049762;0.000056642582;0.000086448548;0.000043521738;
2018;06;03;20;1;0.000108123248;0.000058147765;0.000088351426;0.000044870174;
2018;06;03;21;1;0.000114415585;0.000061695187;0.000089895172;0.000048559625;
2018;06;03;22;1;0.000124963791;0.000082051982;0.000094715616;0.000072587375;
2018;06;03;23;1;0.000123620114;0.000133416551;0.000100030121;0.000203414974;
2018;06;03;24;1;0.000106146827;0.000136486358;0.000092450828;0.000184319135;
2018;06;04;1;1;0.000085870863;0.000127062065;0.000084783665;0.000156350982;
2018;06;04;2;1;0.000071332450;0.000117275758;0.000079934878;0.000155942816;
2018;06;04;3;1;0.000063525194;0.000110626014;0.000077103081;0.000149996894;
2018;06;04;4;1;0.000059770362;0.000108270176;0.000075848493;0.000146741083;
2018;06;04;5;1;0.000058395333;0.000106783622;0.000075799332;0.000142853860;
2018;06;04;6;1;0.000058776153;0.000106039065;0.000077478966;0.000139463114;
2018;06;04;7;1;0.000064749458;0.000086901956;0.000080539699;0.000102523676;
2018;06;04;8;1;0.000079397368;0.000055119910;0.000090167113;0.000038460729;
2018;06;04;9;1;0.000096204511;0.000063926674;0.000123541291;0.000042820636;
2018;06;04;10;1;0.000108834514;0.000067231989;0.000148712357;0.000046445163;
2018;06;04;11;1;0.000118788390;0.000069728272;0.000161247946;0.000048253668;
2018;06;04;12;1;0.000123579411;0.000069528547;0.000165395001;0.000050620475;
2018;06;04;13;1;0.000128607216;0.000069440170;0.000168746648;0.000051137270;
2018;06;04;14;1;0.000134300366;0.000070252666;0.000163178569;0.000051815973;
2018;06;04;15;1;0.000129829604;0.000069312646;0.000146552495;0.000051951188;
2018;06;04;16;1;0.000122778649;0.000064946541;0.000140344360;0.000047369147;
2018;06;04;17;1;0.000122446007;0.000062518615;0.000142202564;0.000045506676;
2018;06;04;18;1;0.000128247603;0.000063037215;0.000145422579;0.000047728339;
2018;06;04;19;1;0.000130328091;0.000063425849;0.000140878270;0.000048061513;
2018;06;04;20;1;0.000129752054;0.000064163007;0.000132617812;0.000048167011;
2018;06;04;21;1;0.000130290528;0.000066541133;0.000120746117;0.000050699822;
2018;06;04;22;1;0.000134780602;0.000086983581;0.000110835178;0.000075107164;
2018;06;04;23;1;0.000129569732;0.000138129219;0.000107451728;0.000210450724;
2018;06;04;24;1;0.000108308477;0.000138667216;0.000096892199;0.000187826627;
2018;06;05;1;1;0.000085980664;0.000126546839;0.000089362960;0.000157035483;
2018;06;05;2;1;0.000071420809;0.000117175845;0.000084106079;0.000162803514;
2018;06;05;3;1;0.000063896321;0.000110798430;0.000081201578;0.000158235462;
2018;06;05;4;1;0.000060446301;0.000108429476;0.000079760342;0.000152071085;
2018;06;05;5;1;0.000058896041;0.000106960339;0.000079330031;0.000146490744;
2018;06;05;6;1;0.000059484127;0.000106609805;0.000081249410;0.000141176783;
2018;06;05;7;1;0.000065681878;0.000087258294;0.000083819500;0.000101275137;
2018;06;05;8;1;0.000081010535;0.000055860801;0.000093222284;0.000039535203;
2018;06;05;9;1;0.000097792482;0.000065053350;0.000125173067;0.000045313368;
2018;06;05;10;1;0.000110526498;0.000068554878;0.000150040866;0.000047389379;
2018;06;05;11;1;0.000120367943;0.000070633718;0.000162849978;0.000049609570;
2018;06;05;12;1;0.000124822955;0.000070413146;0.000167529097;0.000050629066;
2018;06;05;13;1;0.000129726628;0.000070149722;0.000171335474;0.000050792694;
2018;06;05;14;1;0.000135220187;0.000071150520;0.000166163934;0.000052040501;
2018;06;05;15;1;0.000130022757;0.000069838626;0.000149751447;0.000050755876;
2018;06;05;16;1;0.000122241098;0.000064978934;0.000143650099;0.000046528309;
2018;06;05;17;1;0.000122561846;0.000062970431;0.000145082799;0.000044560631;
2018;06;05;18;1;0.000127845519;0.000063626145;0.000148097622;0.000047424878;
2018;06;05;19;1;0.000130002201;0.000063831125;0.000143657125;0.000048326070;
2018;06;05;20;1;0.000128965664;0.000064573191;0.000135661791;0.000048786752;
2018;06;05;21;1;0.000129268423;0.000067025553;0.000124220993;0.000050707815;
2018;06;05;22;1;0.000133941660;0.000087511730;0.000114513387;0.000076753916;
2018;06;05;23;1;0.000129228924;0.000138225830;0.000111278882;0.000210516433;
2018;06;05;24;1;0.000108510395;0.000138967087;0.000100434164;0.000188891329;
2018;06;06;1;1;0.000085763508;0.000126471707;0.000089151251;0.000157454370;
2018;06;06;2;1;0.000071240299;0.000117105129;0.000083906532;0.000163233182;
2018;06;06;3;1;0.000063738375;0.000110768591;0.000081017939;0.000158884541;
2018;06;06;4;1;0.000060291874;0.000108346425;0.000079566751;0.000152370456;
2018;06;06;5;1;0.000058753934;0.000106969852;0.000079160016;0.000147327686;
2018;06;06;6;1;0.000059335506;0.000106564752;0.000081061377;0.000141678048;
2018;06;06;7;1;0.000065509915;0.000087158513;0.000083605452;0.000101314098;
2018;06;06;8;1;0.000080797266;0.000055791973;0.000092981514;0.000039534086;
2018;06;06;9;1;0.000097547685;0.000065023628;0.000124882151;0.000045462808;
2018;06;06;10;1;0.000110237581;0.000068477935;0.000149658910;0.000047408997;
2018;06;06;11;1;0.000120044597;0.000070523809;0.000162411873;0.000049537374;
2018;06;06;12;1;0.000124465200;0.000070227613;0.000167018176;0.000050319599;
2018;06;06;13;1;0.000129385593;0.000070064779;0.000170894224;0.000050794896;
2018;06;06;14;1;0.000134852968;0.000071027249;0.000165707144;0.000051925072;
2018;06;06;15;1;0.000129668897;0.000069715206;0.000149338037;0.000050635840;
2018;06;06;16;1;0.000121878386;0.000064768118;0.000143182940;0.000046119207;
2018;06;06;17;1;0.000122197868;0.000062765052;0.000144610220;0.000044164140;
2018;06;06;18;1;0.000127461689;0.000063406212;0.000147605587;0.000046963096;
2018;06;06;19;1;0.000129625579;0.000063650890;0.000143210090;0.000047988775;
2018;06;06;20;1;0.000128583594;0.000064365479;0.000135221862;0.000048363623;
2018;06;06;21;1;0.000128884120;0.000066805959;0.000123815618;0.000050257130;
2018;06;06;22;1;0.000133553328;0.000087263963;0.000114156578;0.000076223216;
2018;06;06;23;1;0.000128863883;0.000137896271;0.000110948728;0.000209466835;
2018;06;06;24;1;0.000108197057;0.000138583223;0.000100123553;0.000187638976;
2018;06;07;1;1;0.000085315147;0.000126018521;0.000088668867;0.000156791837;
2018;06;07;2;1;0.000070865892;0.000116666020;0.000083447882;0.000162428546;
2018;06;07;3;1;0.000063392955;0.000110244310;0.000080548549;0.000157427204;
2018;06;07;4;1;0.000059972723;0.000107915364;0.000079125790;0.000151465229;
2018;06;07;5;1;0.000058438951;0.000106500721;0.000078710601;0.000146191007;
2018;06;07;6;1;0.000059024460;0.000106173337;0.000080620430;0.000141017273;
2018;06;07;7;1;0.000065166010;0.000086834381;0.000083149407;0.000100820100;
2018;06;07;8;1;0.000080371312;0.000055577108;0.000092470201;0.000039319561;
2018;06;07;9;1;0.000097013897;0.000064695230;0.000124145455;0.000044983036;
2018;06;07;10;1;0.000109646371;0.000068176916;0.000148808673;0.000047042548;
2018;06;07;11;1;0.000119407982;0.000070239110;0.000161508625;0.000049230613;
2018;06;07;12;1;0.000123804990;0.000069943526;0.000166088892;0.000050005327;
2018;06;07;13;1;0.000128689656;0.000069750050;0.000169917951;0.000050379794;
2018;06;07;14;1;0.000134143773;0.000070759363;0.000164800194;0.000051663272;
2018;06;07;15;1;0.000129008407;0.000069521516;0.000148570052;0.000050597953;
2018;06;07;16;1;0.000121277857;0.000064653162;0.000142494280;0.000046287841;
2018;06;07;17;1;0.000121606866;0.000062688158;0.000143941001;0.000044433767;
2018;06;07;18;1;0.000126851691;0.000063347891;0.000146937478;0.000047312394;
2018;06;07;19;1;0.000128997488;0.000063569402;0.000142544766;0.000048269335;
2018;06;07;20;1;0.000127966879;0.000064302091;0.000134606953;0.000048707979;
2018;06;07;21;1;0.000128264383;0.000066735005;0.000123249511;0.000050594988;
2018;06;07;22;1;0.000132903783;0.000087141890;0.000113622016;0.000076616895;
2018;06;07;23;1;0.000128223238;0.000137613787;0.000110405237;0.000209955992;
2018;06;07;24;1;0.000107674337;0.000138416420;0.000099661192;0.000188768858;
2018;06;08;1;1;0.000086719754;0.000125292836;0.000092418909;0.000150223754;
2018;06;08;2;1;0.000072402977;0.000116138219;0.000086494167;0.000157037937;
2018;06;08;3;1;0.000064466429;0.000109679435;0.000083113426;0.000154370116;
2018;06;08;4;1;0.000060721036;0.000107062464;0.000081383068;0.000148329943;
2018;06;08;5;1;0.000059030730;0.000105655048;0.000081050264;0.000141956549;
2018;06;08;6;1;0.000059493485;0.000105347785;0.000083011921;0.000137082461;
2018;06;08;7;1;0.000065702847;0.000086133181;0.000085288396;0.000098531676;
2018;06;08;8;1;0.000080695759;0.000056360610;0.000094186659;0.000040431069;
2018;06;08;9;1;0.000097903894;0.000065265810;0.000125892269;0.000045764609;
2018;06;08;10;1;0.000110353366;0.000069215321;0.000150677717;0.000048967195;
2018;06;08;11;1;0.000119984015;0.000071384773;0.000163567803;0.000050349472;
2018;06;08;12;1;0.000125013436;0.000071371604;0.000168575962;0.000052502392;
2018;06;08;13;1;0.000130309911;0.000071363735;0.000172310295;0.000052707225;
2018;06;08;14;1;0.000135514144;0.000072257328;0.000167179081;0.000052389053;
2018;06;08;15;1;0.000131222640;0.000070816380;0.000150115283;0.000052230591;
2018;06;08;16;1;0.000123450165;0.000066210126;0.000140586549;0.000049653579;
2018;06;08;17;1;0.000122293637;0.000064384686;0.000139576930;0.000046901664;
2018;06;08;18;1;0.000126321585;0.000064498927;0.000140816938;0.000048577832;
2018;06;08;19;1;0.000128019260;0.000064677138;0.000138450407;0.000049240197;
2018;06;08;20;1;0.000125735165;0.000065181222;0.000133854034;0.000048259007;
2018;06;08;21;1;0.000124124169;0.000066169501;0.000126066044;0.000049595685;
2018;06;08;22;1;0.000127018683;0.000084872081;0.000119399429;0.000073384656;
2018;06;08;23;1;0.000124700765;0.000135057997;0.000118651039;0.000200570368;
2018;06;08;24;1;0.000109016860;0.000137832528;0.000108868430;0.000181763473;
2018;06;09;1;1;0.000091132507;0.000129554318;0.000096296258;0.000157640596;
2018;06;09;2;1;0.000077066800;0.000120802081;0.000088314331;0.000162321213;
2018;06;09;3;1;0.000068046784;0.000113498982;0.000083769019;0.000159895307;
2018;06;09;4;1;0.000063007311;0.000110275122;0.000081179994;0.000155363914;
2018;06;09;5;1;0.000060393938;0.000108194767;0.000080163975;0.000148708321;
2018;06;09;6;1;0.000059580837;0.000107564332;0.000080773918;0.000144455701;
2018;06;09;7;1;0.000061196543;0.000085344551;0.000078352347;0.000103571268;
2018;06;09;8;1;0.000066530666;0.000048326435;0.000075511710;0.000036317969;
2018;06;09;9;1;0.000080712894;0.000054586015;0.000086744052;0.000039375106;
2018;06;09;10;1;0.000100396715;0.000063694285;0.000100488482;0.000044768144;
2018;06;09;11;1;0.000115565666;0.000070097404;0.000113996015;0.000051852082;
2018;06;09;12;1;0.000120954066;0.000070842235;0.000118755812;0.000053817625;
2018;06;09;13;1;0.000125082395;0.000069912763;0.000121975229;0.000052108195;
2018;06;09;14;1;0.000130601085;0.000069855175;0.000120108352;0.000051569254;
2018;06;09;15;1;0.000128398642;0.000069311745;0.000111833265;0.000052206641;
2018;06;09;16;1;0.000117505921;0.000063702939;0.000108467840;0.000047650512;
2018;06;09;17;1;0.000111055891;0.000059976805;0.000106121615;0.000042911403;
2018;06;09;18;1;0.000109609220;0.000058862769;0.000107199674;0.000043074695;
2018;06;09;19;1;0.000110339656;0.000059014580;0.000108157897;0.000044175349;
2018;06;09;20;1;0.000111210506;0.000059945366;0.000110503252;0.000042859719;
2018;06;09;21;1;0.000113911864;0.000062219893;0.000111234194;0.000046368330;
2018;06;09;22;1;0.000121094014;0.000081850141;0.000110295053;0.000069973641;
2018;06;09;23;1;0.000120931967;0.000133564954;0.000112985499;0.000200222883;
2018;06;09;24;1;0.000107971243;0.000137642329;0.000104958598;0.000184885237;
2018;06;10;1;1;0.000092064074;0.000129301065;0.000096203927;0.000157796658;
2018;06;10;2;1;0.000078480477;0.000120976404;0.000087683175;0.000156028822;
2018;06;10;3;1;0.000069122633;0.000113629425;0.000082769732;0.000150569586;
2018;06;10;4;1;0.000063688617;0.000110195224;0.000080393995;0.000147353907;
2018;06;10;5;1;0.000060907532;0.000107830810;0.000079426088;0.000142746629;
2018;06;10;6;1;0.000059574864;0.000106867997;0.000079572517;0.000139815877;
2018;06;10;7;1;0.000059905977;0.000084166498;0.000075574269;0.000101074849;
2018;06;10;8;1;0.000062786760;0.000045162945;0.000069084206;0.000033871356;
2018;06;10;9;1;0.000073239645;0.000049604175;0.000073972747;0.000035942953;
2018;06;10;10;1;0.000088625004;0.000057778578;0.000081364212;0.000040436102;
2018;06;10;11;1;0.000102097315;0.000065286593;0.000088115991;0.000047487989;
2018;06;10;12;1;0.000109758448;0.000068114573;0.000092565724;0.000050696352;
2018;06;10;13;1;0.000114661059;0.000068171801;0.000096147617;0.000048282600;
2018;06;10;14;1;0.000120592518;0.000067928382;0.000097873465;0.000050177482;
2018;06;10;15;1;0.000121360474;0.000067806512;0.000097251748;0.000051648654;
2018;06;10;16;1;0.000111574153;0.000061793225;0.000094909265;0.000046433714;
2018;06;10;17;1;0.000106138068;0.000058340049;0.000091497813;0.000043056910;
2018;06;10;18;1;0.000104996385;0.000057201099;0.000088813562;0.000043185142;
2018;06;10;19;1;0.000107177760;0.000057359580;0.000088243941;0.000044041481;
2018;06;10;20;1;0.000110306679;0.000058861877;0.000090175169;0.000045331688;
2018;06;10;21;1;0.000116721977;0.000062439641;0.000091744322;0.000049013479;
2018;06;10;22;1;0.000127481866;0.000083038360;0.000096662485;0.000073251457;
2018;06;10;23;1;0.000126102661;0.000134966321;0.000102072556;0.000204925204;
2018;06;10;24;1;0.000108276263;0.000138054910;0.000094334657;0.000185590189;
2018;06;11;1;1;0.000087070446;0.000128132423;0.000085991871;0.000157381447;
2018;06;11;2;1;0.000072328698;0.000118261340;0.000081073450;0.000156957426;
2018;06;11;3;1;0.000064406586;0.000111495266;0.000078187191;0.000150618655;
2018;06;11;4;1;0.000060598025;0.000109103290;0.000076910821;0.000147246134;
2018;06;11;5;1;0.000059212408;0.000107697540;0.000076882921;0.000143879704;
2018;06;11;6;1;0.000059597000;0.000106929856;0.000078582463;0.000140369160;
2018;06;11;7;1;0.000065659270;0.000087676559;0.000081700596;0.000103420758;
2018;06;11;8;1;0.000080515409;0.000055621142;0.000091472241;0.000038826582;
2018;06;11;9;1;0.000097547269;0.000064460508;0.000125298774;0.000043089417;
2018;06;11;10;1;0.000110363492;0.000067830041;0.000150855087;0.000046845869;
2018;06;11;11;1;0.000120446692;0.000070311718;0.000163542742;0.000048560027;
2018;06;11;12;1;0.000125317317;0.000070153015;0.000167782873;0.000051076144;
2018;06;11;13;1;0.000130405860;0.000070031741;0.000171156747;0.000051495453;
2018;06;11;14;1;0.000136169365;0.000070822264;0.000165486623;0.000052087130;
2018;06;11;15;1;0.000131638632;0.000069881756;0.000148630453;0.000052245896;
2018;06;11;16;1;0.000124495874;0.000065500151;0.000142349030;0.000047702189;
2018;06;11;17;1;0.000124153380;0.000063035663;0.000144221693;0.000045776349;
2018;06;11;18;1;0.000130043468;0.000063580872;0.000147504665;0.000048084835;
2018;06;11;19;1;0.000132147811;0.000063957501;0.000142883873;0.000048369810;
2018;06;11;20;1;0.000131558145;0.000064684334;0.000134494393;0.000048422103;
2018;06;11;21;1;0.000132101796;0.000067074744;0.000122450414;0.000050945489;
2018;06;11;22;1;0.000136635095;0.000087607578;0.000112368039;0.000075201911;
2018;06;11;23;1;0.000131371567;0.000139240863;0.000108969364;0.000211501959;
2018;06;11;24;1;0.000109819020;0.000139816395;0.000098268511;0.000188954670;
2018;06;12;1;1;0.000087511597;0.000127978033;0.000091000219;0.000158632063;
2018;06;12;2;1;0.000072691559;0.000118491983;0.000085644821;0.000164406277;
2018;06;12;3;1;0.000065032178;0.000112032554;0.000082684608;0.000159731477;
2018;06;12;4;1;0.000061522162;0.000109651516;0.000081220575;0.000153596532;
2018;06;12;5;1;0.000059943760;0.000108159987;0.000080780909;0.000147928428;
2018;06;12;6;1;0.000060539524;0.000107775901;0.000082727790;0.000142395515;
2018;06;12;7;1;0.000066841546;0.000088167501;0.000085330098;0.000101919459;
2018;06;12;8;1;0.000082440644;0.000056442037;0.000094901882;0.000039784180;
2018;06;12;9;1;0.000099500882;0.000065659060;0.000127382318;0.000045385092;
2018;06;12;10;1;0.000112454532;0.000069182806;0.000152681360;0.000047434038;
2018;06;12;11;1;0.000122466165;0.000071275472;0.000165711864;0.000049640322;
2018;06;12;12;1;0.000126992917;0.000071033024;0.000170457324;0.000050598962;
2018;06;12;13;1;0.000132001454;0.000070830390;0.000174382055;0.000050958657;
2018;06;12;14;1;0.000137591979;0.000071842939;0.000169120124;0.000052217688;
2018;06;12;15;1;0.000132323263;0.000070581837;0.000152461442;0.000051127446;
2018;06;12;16;1;0.000124398352;0.000065652783;0.000146236584;0.000046814294;
2018;06;12;17;1;0.000124745771;0.000063687920;0.000147744865;0.000045033427;
2018;06;12;18;1;0.000130117500;0.000064332972;0.000150800874;0.000047868825;
2018;06;12;19;1;0.000132316622;0.000064552304;0.000146288423;0.000048818496;
2018;06;12;20;1;0.000131247021;0.000065259051;0.000138115876;0.000049139795;
2018;06;12;21;1;0.000131544537;0.000067704712;0.000126447738;0.000050967668;
2018;06;12;22;1;0.000136292716;0.000088370066;0.000116553573;0.000077042263;
2018;06;12;23;1;0.000131518451;0.000139716030;0.000113297921;0.000212175711;
2018;06;12;24;1;0.000110436379;0.000140492236;0.000102262964;0.000190540098;
2018;06;13;1;1;0.000088332120;0.000128801326;0.000091884030;0.000159822005;
2018;06;13;2;1;0.000073373509;0.000119258057;0.000086477527;0.000165664053;
2018;06;13;3;1;0.000065636255;0.000112695083;0.000083473237;0.000160577108;
2018;06;13;4;1;0.000062094445;0.000110308615;0.000081997380;0.000154462498;
2018;06;13;5;1;0.000060503217;0.000108828258;0.000081558519;0.000148883454;
2018;06;13;6;1;0.000061112127;0.000108522991;0.000083544897;0.000143789702;
2018;06;13;7;1;0.000067461588;0.000088682437;0.000086141820;0.000102430302;
2018;06;13;8;1;0.000083196993;0.000056737215;0.000095785313;0.000039877196;
2018;06;13;9;1;0.000100409044;0.000065983892;0.000128556058;0.000045435905;
2018;06;13;10;1;0.000113480066;0.000069521930;0.000154085883;0.000047478024;
2018;06;13;11;1;0.000123574879;0.000071596582;0.000167214273;0.000049600950;
2018;06;13;12;1;0.000128145790;0.000071363651;0.000172011283;0.000050591384;
2018;06;13;13;1;0.000133217940;0.000071218306;0.000176019746;0.000051132620;
2018;06;13;14;1;0.000138877608;0.000072291373;0.000170751723;0.000052568306;
2018;06;13;15;1;0.000133559308;0.000071021314;0.000153931516;0.000051467885;
2018;06;13;16;1;0.000125556689;0.000066049996;0.000147637985;0.000047090846;
2018;06;13;17;1;0.000125900391;0.000064052008;0.000149144247;0.000045234246;
2018;06;13;18;1;0.000131325744;0.000064712301;0.000152238256;0.000048119630;
2018;06;13;19;1;0.000133528631;0.000064884278;0.000147645948;0.000048914181;
2018;06;13;20;1;0.000132455094;0.000065612113;0.000139409904;0.000049293343;
2018;06;13;21;1;0.000132739536;0.000068022372;0.000127602043;0.000050968831;
2018;06;13;22;1;0.000137516135;0.000088728015;0.000117592418;0.000076835776;
2018;06;13;23;1;0.000132708947;0.000140345265;0.000114324877;0.000212028355;
2018;06;13;24;1;0.000111441831;0.000141168467;0.000103200595;0.000190650980;
2018;06;14;1;1;0.000088403860;0.000128898680;0.000091965975;0.000160049194;
2018;06;14;2;1;0.000073431539;0.000119333053;0.000086550973;0.000165810168;
2018;06;14;3;1;0.000065691241;0.000112797603;0.000083551952;0.000160913676;
2018;06;14;4;1;0.000062143908;0.000110381781;0.000082067955;0.000154622719;
2018;06;14;5;1;0.000060549323;0.000108877946;0.000081623087;0.000148905345;
2018;06;14;6;1;0.000061147432;0.000108452318;0.000083580226;0.000143115339;
2018;06;14;7;1;0.000067501421;0.000088631340;0.000086180434;0.000101980723;
2018;06;14;8;1;0.000083242998;0.000056691826;0.000095821075;0.000039664269;
2018;06;14;9;1;0.000100470264;0.000065953672;0.000128618657;0.000045261950;
2018;06;14;10;1;0.000113558664;0.000069524705;0.000154186470;0.000047399158;
2018;06;14;11;1;0.000123665335;0.000071616350;0.000167336598;0.000049569337;
2018;06;14;12;1;0.000128237255;0.000071375543;0.000172130846;0.000050535015;
2018;06;14;13;1;0.000133310467;0.000071221976;0.000176135334;0.000051050240;
2018;06;14;14;1;0.000138968311;0.000072277201;0.000170849711;0.000052428123;
2018;06;14;15;1;0.000133646591;0.000071007524;0.000154019968;0.000051330621;
2018;06;14;16;1;0.000125645898;0.000066059718;0.000147739646;0.000047034480;
2018;06;14;17;1;0.000126000060;0.000064092647;0.000149271156;0.000045276020;
2018;06;14;18;1;0.000131434244;0.000064766773;0.000152378315;0.000048207388;
2018;06;14;19;1;0.000133663640;0.000065011011;0.000147836405;0.000049241008;
2018;06;14;20;1;0.000132578277;0.000065708250;0.000139567114;0.000049517062;
2018;06;14;21;1;0.000132851235;0.000068085854;0.000127723339;0.000051081754;
2018;06;14;22;1;0.000137629636;0.000088802151;0.000117700398;0.000076972166;
2018;06;14;23;1;0.000132813841;0.000140433050;0.000114421860;0.000212210602;
2018;06;14;24;1;0.000111544919;0.000141370529;0.000103315920;0.000191474788;
2018;06;15;1;1;0.000089444512;0.000127924390;0.000095414690;0.000153763355;
2018;06;15;2;1;0.000074665923;0.000118463892;0.000089269282;0.000160081826;
2018;06;15;3;1;0.000066467310;0.000111734721;0.000085743941;0.000156512203;
2018;06;15;4;1;0.000062606263;0.000109074914;0.000083960409;0.000150425361;
2018;06;15;5;1;0.000060856670;0.000107568766;0.000083598361;0.000143541847;
2018;06;15;6;1;0.000061336888;0.000107288941;0.000085630477;0.000138797525;
2018;06;15;7;1;0.000067734919;0.000087691175;0.000087969070;0.000099617948;
2018;06;15;8;1;0.000083185086;0.000057353387;0.000097131951;0.000040794468;
2018;06;15;9;1;0.000100909951;0.000066359834;0.000129792724;0.000046009729;
2018;06;15;10;1;0.000113747516;0.000070397303;0.000155362057;0.000049296169;
2018;06;15;11;1;0.000123685823;0.000072644131;0.000168684098;0.000050809838;
2018;06;15;12;1;0.000128873763;0.000072642040;0.000173857942;0.000053017993;
2018;06;15;13;1;0.000134348287;0.000072681132;0.000177747652;0.000053375265;
2018;06;15;14;1;0.000139716186;0.000073598771;0.000172460406;0.000053076879;
2018;06;15;15;1;0.000135296292;0.000072146032;0.000154868266;0.000052963641;
2018;06;15;16;1;0.000127294967;0.000067492872;0.000145066180;0.000050478951;
2018;06;15;17;1;0.000126110530;0.000065657440;0.000144042921;0.000047761813;
2018;06;15;18;1;0.000130287773;0.000065845430;0.000145375224;0.000049702390;
2018;06;15;19;1;0.000132050998;0.000066064214;0.000142958617;0.000050503431;
2018;06;15;20;1;0.000129682889;0.000066541758;0.000138186812;0.000049374882;
2018;06;15;21;1;0.000127993732;0.000067463336;0.000130090652;0.000050457996;
2018;06;15;22;1;0.000130903203;0.000086234099;0.000123069661;0.000073561307;
2018;06;15;23;1;0.000128538619;0.000137380943;0.000122344389;0.000202049774;
2018;06;15;24;1;0.000112383745;0.000140290281;0.000112280659;0.000183581739;
2018;06;16;1;1;0.000095580577;0.000133174059;0.000101060085;0.000160208685;
2018;06;16;2;1;0.000080836117;0.000124248738;0.000092701113;0.000165371391;
2018;06;16;3;1;0.000071374868;0.000116736426;0.000087929850;0.000162890355;
2018;06;16;4;1;0.000066083743;0.000113367294;0.000085198876;0.000157951724;
2018;06;16;5;1;0.000063339059;0.000111189559;0.000084122708;0.000150955963;
2018;06;16;6;1;0.000062479132;0.000110465529;0.000084743307;0.000146201654;
2018;06;16;7;1;0.000064176183;0.000087668710;0.000082209764;0.000104932964;
2018;06;16;8;1;0.000069779084;0.000049680909;0.000079249828;0.000036915348;
2018;06;16;9;1;0.000084645873;0.000056084448;0.000091021218;0.000039924639;
2018;06;16;10;1;0.000105293954;0.000065462063;0.000105453614;0.000045454338;
2018;06;16;11;1;0.000121227297;0.000072130440;0.000119676885;0.000052927743;
2018;06;16;12;1;0.000126894480;0.000072947911;0.000124702971;0.000055100905;
2018;06;16;13;1;0.000131237486;0.000072030056;0.000128106887;0.000053476697;
2018;06;16;14;1;0.000137031922;0.000071983841;0.000126153853;0.000052964689;
2018;06;16;15;1;0.000134730135;0.000071452744;0.000117478119;0.000053712420;
2018;06;16;16;1;0.000123329738;0.000065764995;0.000113997286;0.000049332243;
2018;06;16;17;1;0.000116561243;0.000061922335;0.000111533800;0.000044441445;
2018;06;16;18;1;0.000115065468;0.000060844209;0.000112711175;0.000044844663;
2018;06;16;19;1;0.000115833873;0.000061006387;0.000113721844;0.000046010064;
2018;06;16;20;1;0.000116731412;0.000061915379;0.000116154650;0.000044472335;
2018;06;16;21;1;0.000119523743;0.000064125183;0.000116838572;0.000047655533;
2018;06;16;22;1;0.000127008837;0.000084153788;0.000115759314;0.000071166251;
2018;06;16;23;1;0.000126865887;0.000137499930;0.000118633581;0.000204774398;
2018;06;16;24;1;0.000113281465;0.000141789200;0.000110229265;0.000189612720;
2018;06;17;1;1;0.000096971990;0.000133372014;0.000101423326;0.000161228501;
2018;06;17;2;1;0.000082670226;0.000124839184;0.000092453641;0.000159717317;
2018;06;17;3;1;0.000072803897;0.000117171628;0.000087251529;0.000153641070;
2018;06;17;4;1;0.000067074877;0.000113573425;0.000084732990;0.000150033781;
2018;06;17;5;1;0.000064152717;0.000111207001;0.000083730565;0.000145739072;
2018;06;17;6;1;0.000062752765;0.000110253319;0.000083894883;0.000142968597;
2018;06;17;7;1;0.000063087271;0.000086715092;0.000079643426;0.000102751971;
2018;06;17;8;1;0.000066129784;0.000046567223;0.000072823159;0.000034548462;
2018;06;17;9;1;0.000077142890;0.000051161136;0.000077983689;0.000036706839;
2018;06;17;10;1;0.000093346127;0.000059584237;0.000085772131;0.000041272529;
2018;06;17;11;1;0.000107531350;0.000067309085;0.000092881461;0.000048416139;
2018;06;17;12;1;0.000115603262;0.000070235764;0.000097576952;0.000051723556;
2018;06;17;13;1;0.000120773214;0.000070316607;0.000101363274;0.000049326478;
2018;06;17;14;1;0.000127037309;0.000070119988;0.000103209472;0.000051435066;
2018;06;17;15;1;0.000127856344;0.000070027068;0.000102569954;0.000053049732;
2018;06;17;16;1;0.000117572201;0.000063901560;0.000100143649;0.000047968015;
2018;06;17;17;1;0.000111859098;0.000060380051;0.000096570347;0.000044640752;
2018;06;17;18;1;0.000110655577;0.000059200482;0.000093736794;0.000044773314;
2018;06;17;19;1;0.000112955687;0.000059368222;0.000093137519;0.000045674314;
2018;06;17;20;1;0.000116248119;0.000060906864;0.000095167382;0.000046957747;
2018;06;17;21;1;0.000122980679;0.000064519689;0.000096778869;0.000050466312;
2018;06;17;22;1;0.000134257424;0.000085573952;0.000101875651;0.000074539292;
2018;06;17;23;1;0.000132817937;0.000139170325;0.000107598642;0.000209090727;
2018;06;17;24;1;0.000114061216;0.000142496884;0.000099474898;0.000190171738;
2018;06;18;1;1;0.000091922895;0.000132378968;0.000090866067;0.000161125832;
2018;06;18;2;1;0.000076357075;0.000122156535;0.000085663219;0.000160551861;
2018;06;18;3;1;0.000067997602;0.000115206800;0.000082622950;0.000154293074;
2018;06;18;4;1;0.000063973866;0.000112705273;0.000081266984;0.000150664032;
2018;06;18;5;1;0.000062507347;0.000111213331;0.000081227849;0.000146987847;
2018;06;18;6;1;0.000062908272;0.000110366521;0.000083010027;0.000143081225;
2018;06;18;7;1;0.000069292782;0.000090379740;0.000086267491;0.000104831307;
2018;06;18;8;1;0.000084962193;0.000057300437;0.000096565260;0.000039253461;
2018;06;18;9;1;0.000102933457;0.000066402240;0.000132272041;0.000043555100;
2018;06;18;10;1;0.000116480637;0.000069957407;0.000159314391;0.000047602502;
2018;06;18;11;1;0.000127151873;0.000072616781;0.000172792746;0.000049639783;
2018;06;18;12;1;0.000132287792;0.000072433660;0.000177257022;0.000052151970;
2018;06;18;13;1;0.000137687616;0.000072397478;0.000180895607;0.000052860974;
2018;06;18;14;1;0.000143811875;0.000073333486;0.000174997532;0.000053842331;
2018;06;18;15;1;0.000139048333;0.000072426708;0.000157221163;0.000054223429;
2018;06;18;16;1;0.000131507063;0.000067896753;0.000150584825;0.000049546388;
2018;06;18;17;1;0.000131167770;0.000065409538;0.000152618193;0.000047761493;
2018;06;18;18;1;0.000137385161;0.000065959347;0.000156079834;0.000050115468;
2018;06;18;19;1;0.000139627445;0.000066404753;0.000151231883;0.000050594041;
2018;06;18;20;1;0.000138979618;0.000067087469;0.000142301470;0.000050412653;
2018;06;18;21;1;0.000139493626;0.000069386449;0.000129446403;0.000052446266;
2018;06;18;22;1;0.000144217920;0.000090391378;0.000118684852;0.000076554327;
2018;06;18;23;1;0.000138674920;0.000143744345;0.000115116121;0.000215829597;
2018;06;18;24;1;0.000115928035;0.000144366589;0.000103818495;0.000192971148;
2018;06;19;1;1;0.000092490309;0.000132285327;0.000096255260;0.000162286728;
2018;06;19;2;1;0.000076826947;0.000122478171;0.000090590168;0.000168180588;
2018;06;19;3;1;0.000068724512;0.000115727356;0.000087440400;0.000162942396;
2018;06;19;4;1;0.000065014041;0.000113255474;0.000085889069;0.000156607538;
2018;06;19;5;1;0.000063337088;0.000111619568;0.000085399932;0.000150258322;
2018;06;19;6;1;0.000063966388;0.000111220344;0.000087457570;0.000144601891;
2018;06;19;7;1;0.000070618039;0.000090929884;0.000090190490;0.000103215135;
2018;06;19;8;1;0.000087092807;0.000058188008;0.000100294463;0.000040226570;
2018;06;19;9;1;0.000105112987;0.000067679748;0.000134613462;0.000045863058;
2018;06;19;10;1;0.000118827175;0.000071420197;0.000161430006;0.000048254837;
2018;06;19;11;1;0.000129445193;0.000073714002;0.000175312917;0.000050899496;
2018;06;19;12;1;0.000134226040;0.000073450512;0.000180322908;0.000051843106;
2018;06;19;13;1;0.000139563813;0.000073379641;0.000184591083;0.000052642262;
2018;06;19;14;1;0.000145492970;0.000074484793;0.000179066235;0.000054117101;
2018;06;19;15;1;0.000139943158;0.000073244648;0.000161477341;0.000053198678;
2018;06;19;16;1;0.000131568786;0.000068151262;0.000154900643;0.000048780174;
2018;06;19;17;1;0.000131935002;0.000066108015;0.000156495384;0.000046914433;
2018;06;19;18;1;0.000137630963;0.000066820147;0.000159766395;0.000050004784;
2018;06;19;19;1;0.000139968441;0.000067080643;0.000155010850;0.000051104580;
2018;06;19;20;1;0.000138826249;0.000067783546;0.000146328373;0.000051336470;
2018;06;19;21;1;0.000139105556;0.000070216481;0.000133898286;0.000052893759;
2018;06;19;22;1;0.000144061060;0.000091398887;0.000123308854;0.000079019880;
2018;06;19;23;1;0.000139013080;0.000144495102;0.000119861780;0.000217568039;
2018;06;19;24;1;0.000116739840;0.000145373560;0.000108206406;0.000195812465;
2018;06;20;1;1;0.000094489710;0.000134120540;0.000098381086;0.000164324101;
2018;06;20;2;1;0.000078474782;0.000124054503;0.000092560303;0.000169567890;
2018;06;20;3;1;0.000070198400;0.000117215109;0.000089341621;0.000164274220;
2018;06;20;4;1;0.000066413368;0.000114763464;0.000087769816;0.000158198697;
2018;06;20;5;1;0.000064707465;0.000113180922;0.000087289250;0.000152227162;
2018;06;20;6;1;0.000065345792;0.000112728563;0.000089379855;0.000146227964;
2018;06;20;7;1;0.000072143585;0.000092183827;0.000092179759;0.000104481556;
2018;06;20;8;1;0.000088956746;0.000058920411;0.000102466205;0.000040506059;
2018;06;20;9;1;0.000107378023;0.000068591056;0.000137567916;0.000046359197;
2018;06;20;10;1;0.000121383760;0.000072367613;0.000164962218;0.000048734676;
2018;06;20;11;1;0.000132223710;0.000074669744;0.000179131237;0.000051339528;
2018;06;20;12;1;0.000137131640;0.000074482610;0.000184316116;0.000052535693;
2018;06;20;13;1;0.000142567283;0.000074355358;0.000188632021;0.000053173016;
2018;06;20;14;1;0.000148639192;0.000075521289;0.000183023528;0.000054806236;
2018;06;20;15;1;0.000142960836;0.000074237362;0.000165026237;0.000053793583;
2018;06;20;16;1;0.000134405921;0.000069075078;0.000158305093;0.000049326247;
2018;06;20;17;1;0.000134785842;0.000067021447;0.000159948665;0.000047492629;
2018;06;20;18;1;0.000140610754;0.000067760339;0.000163305487;0.000050675102;
2018;06;20;19;1;0.000142985372;0.000067986140;0.000158414766;0.000051664122;
2018;06;20;20;1;0.000141827623;0.000068724817;0.000149560732;0.000051983912;
2018;06;20;21;1;0.000142094955;0.000071137520;0.000136821390;0.000053386357;
2018;06;20;22;1;0.000147121744;0.000092465165;0.000125940517;0.000079265506;
2018;06;20;23;1;0.000141975522;0.000146236944;0.000122435434;0.000218619934;
2018;06;20;24;1;0.000119239881;0.000147216084;0.000110552484;0.000197267046;
2018;06;21;1;1;0.000095760862;0.000135200426;0.000099724223;0.000165053023;
2018;06;21;2;1;0.000079544883;0.000125189014;0.000093857928;0.000171117792;
2018;06;21;3;1;0.000071155254;0.000118283354;0.000090593143;0.000165756859;
2018;06;21;4;1;0.000067318948;0.000115812683;0.000089000165;0.000159646791;
2018;06;21;5;1;0.000065585219;0.000114168037;0.000088500544;0.000153344428;
2018;06;21;6;1;0.000066239878;0.000113791327;0.000090641185;0.000147760883;
2018;06;21;7;1;0.000073124062;0.000093002189;0.000093463668;0.000105323921;
2018;06;21;8;1;0.000090165920;0.000059444231;0.000103893836;0.000040834606;
2018;06;21;9;1;0.000108823877;0.000069148269;0.000139449415;0.000046578320;
2018;06;21;10;1;0.000123027755;0.000072989595;0.000167244369;0.000049065337;
2018;06;21;11;1;0.000134012508;0.000075304704;0.000181603954;0.000051667267;
2018;06;21;12;1;0.000138970561;0.000075063166;0.000186816637;0.000052709537;
2018;06;21;13;1;0.000144467930;0.000074900203;0.000191161547;0.000053242206;
2018;06;21;14;1;0.000150635649;0.000076119809;0.000185514464;0.000055019759;
2018;06;21;15;1;0.000144892242;0.000074860393;0.000167298123;0.000054110701;
2018;06;21;16;1;0.000136220241;0.000069650169;0.000160480898;0.000049602937;
2018;06;21;17;1;0.000136614820;0.000067607695;0.000162169677;0.000047845172;
2018;06;21;18;1;0.000142509603;0.000068326696;0.000165551810;0.000050966426;
2018;06;21;19;1;0.000144918810;0.000068561528;0.000160599402;0.000051984428;
2018;06;21;20;1;0.000143724308;0.000069245566;0.000151578778;0.000052108915;
2018;06;21;21;1;0.000143982238;0.000071637816;0.000138642551;0.000053389690;
2018;06;21;22;1;0.000149092397;0.000093177596;0.000127645268;0.000079498481;
2018;06;21;23;1;0.000143878536;0.000147371890;0.000124094987;0.000219321878;
2018;06;21;24;1;0.000120843888;0.000148400653;0.000112061597;0.000198137972;
2018;06;22;1;1;0.000097183201;0.000134554203;0.000103797028;0.000159245878;
2018;06;22;2;1;0.000081120687;0.000124554549;0.000097099066;0.000165505494;
2018;06;22;3;1;0.000072217933;0.000117524027;0.000093276421;0.000162070638;
2018;06;22;4;1;0.000068022756;0.000114725522;0.000091335992;0.000155760299;
2018;06;22;5;1;0.000066122754;0.000113151003;0.000090944769;0.000148683080;
2018;06;22;6;1;0.000066638507;0.000112794852;0.000093138600;0.000143412934;
2018;06;22;7;1;0.000073590367;0.000092197357;0.000095684359;0.000102956447;
2018;06;22;8;1;0.000090368540;0.000060270201;0.000105633087;0.000042070214;
2018;06;22;9;1;0.000109610680;0.000069683780;0.000141117995;0.000047299341;
2018;06;22;10;1;0.000123595424;0.000074068753;0.000169028680;0.000051117165;
2018;06;22;11;1;0.000134423953;0.000076534623;0.000183604013;0.000052993399;
2018;06;22;12;1;0.000140073989;0.000076570794;0.000189267075;0.000055417183;
2018;06;22;13;1;0.000146033267;0.000076640176;0.000193525297;0.000055878715;
2018;06;22;14;1;0.000151898634;0.000077701222;0.000187844323;0.000055851475;
2018;06;22;15;1;0.000147113398;0.000076229678;0.000168728880;0.000055928045;
2018;06;22;16;1;0.000138405950;0.000071291012;0.000158032967;0.000053236956;
2018;06;22;17;1;0.000137122913;0.000069366851;0.000156929199;0.000050417693;
2018;06;22;18;1;0.000141653383;0.000069531375;0.000158354869;0.000052353846;
2018;06;22;19;1;0.000143564078;0.000069743993;0.000155708749;0.000053137792;
2018;06;22;20;1;0.000140969883;0.000070189541;0.000150469479;0.000051763342;
2018;06;22;21;1;0.000139097655;0.000071051193;0.000141580305;0.000052545636;
2018;06;22;22;1;0.000142241061;0.000090749525;0.000133904441;0.000076347122;
2018;06;22;23;1;0.000139640317;0.000144380915;0.000133055615;0.000208512187;
2018;06;22;24;1;0.000122102430;0.000147526591;0.000122135293;0.000189927693;
2018;06;23;1;1;0.000102538354;0.000139178542;0.000108563058;0.000166061188;
2018;06;23;2;1;0.000086719174;0.000129838263;0.000099580281;0.000171341464;
2018;06;23;3;1;0.000076562117;0.000121918978;0.000094437099;0.000168361687;
2018;06;23;4;1;0.000070888141;0.000118417160;0.000091508375;0.000163357376;
2018;06;23;5;1;0.000067936949;0.000116071002;0.000090333984;0.000155706871;
2018;06;23;6;1;0.000067011525;0.000115283381;0.000090992055;0.000150621036;
2018;06;23;7;1;0.000068827588;0.000091459474;0.000088261179;0.000107933583;
2018;06;23;8;1;0.000074846605;0.000051870768;0.000085106161;0.000038103459;
2018;06;23;9;1;0.000090779747;0.000058504832;0.000097718743;0.000041048865;
2018;06;23;10;1;0.000112910293;0.000068237050;0.000113185427;0.000046585486;
2018;06;23;11;1;0.000129998354;0.000075196096;0.000128455922;0.000054274608;
2018;06;23;12;1;0.000136083961;0.000076076577;0.000133867226;0.000056595746;
2018;06;23;13;1;0.000140753686;0.000075158500;0.000137545151;0.000055052228;
2018;06;23;14;1;0.000146993598;0.000075187939;0.000135494891;0.000054769926;
2018;06;23;15;1;0.000144561411;0.000074747382;0.000126241222;0.000055908189;
2018;06;23;16;1;0.000132363091;0.000068903195;0.000122563611;0.000051689525;
2018;06;23;17;1;0.000125096408;0.000064869907;0.000119910391;0.000046545949;
2018;06;23;18;1;0.000123489635;0.000063736018;0.000121173319;0.000046955506;
2018;06;23;19;1;0.000124312985;0.000063901983;0.000122257305;0.000048164525;
2018;06;23;20;1;0.000125279970;0.000064865853;0.000124880187;0.000046592519;
2018;06;23;21;1;0.000128250648;0.000067098861;0.000125564289;0.000049663727;
2018;06;23;22;1;0.000136217377;0.000087804612;0.000124285966;0.000073245197;
2018;06;23;23;1;0.000136021203;0.000143195269;0.000127291784;0.000209073057;
2018;06;23;24;1;0.000121461737;0.000147700655;0.000118284379;0.000193810108;
2018;06;24;1;1;0.000103779424;0.000138876789;0.000108644659;0.000165082057;
2018;06;24;2;1;0.000088488506;0.000130122355;0.000099069527;0.000164243109;
2018;06;24;3;1;0.000077936158;0.000122208834;0.000093515225;0.000158431648;
2018;06;24;4;1;0.000071803099;0.000118454207;0.000090815441;0.000154701765;
2018;06;24;5;1;0.000068674226;0.000115978702;0.000089739159;0.000150231380;
2018;06;24;6;1;0.000067166231;0.000114887863;0.000089890178;0.000146841678;
2018;06;24;7;1;0.000067525819;0.000090372701;0.000085338836;0.000105599119;
2018;06;24;8;1;0.000070770120;0.000048480583;0.000078003752;0.000035340134;
2018;06;24;9;1;0.000082553530;0.000053253498;0.000083526353;0.000037516551;
2018;06;24;10;1;0.000099876616;0.000061959146;0.000091837796;0.000041999806;
2018;06;24;11;1;0.000115039621;0.000069938743;0.000099424638;0.000049109671;
2018;06;24;12;1;0.000123684357;0.000073012783;0.000104466507;0.000052572542;
2018;06;24;13;1;0.000129261184;0.000073251481;0.000108596583;0.000050599421;
2018;06;24;14;1;0.000135979445;0.000073091654;0.000110597185;0.000052904753;
2018;06;24;15;1;0.000136900281;0.000073135889;0.000109982786;0.000055020088;
2018;06;24;16;1;0.000125920563;0.000066839662;0.000107435490;0.000050074386;
2018;06;24;17;1;0.000119820654;0.000063215955;0.000103634628;0.000046792720;
2018;06;24;18;1;0.000118551746;0.000062044681;0.000100628217;0.000047141867;
2018;06;24;19;1;0.000120998034;0.000062165336;0.000099955243;0.000047909023;
2018;06;24;20;1;0.000124501801;0.000063705725;0.000102095848;0.000049020967;
2018;06;24;21;1;0.000131687403;0.000067407992;0.000103785304;0.000052427277;
2018;06;24;22;1;0.000143731329;0.000089288292;0.000109203668;0.000076996630;
2018;06;24;23;1;0.000142196887;0.000145251352;0.000115349050;0.000216237374;
2018;06;24;24;1;0.000122121472;0.000148765561;0.000106650291;0.000196910078;
2018;06;25;1;1;0.000097881924;0.000137792014;0.000096886468;0.000166693454;
2018;06;25;2;1;0.000081304794;0.000127130864;0.000091333894;0.000165987902;
2018;06;25;3;1;0.000072397682;0.000119838962;0.000088077847;0.000159179541;
2018;06;25;4;1;0.000068107170;0.000117170728;0.000086616072;0.000155055416;
2018;06;25;5;1;0.000066537846;0.000115535540;0.000086553395;0.000150791243;
2018;06;25;6;1;0.000066964731;0.000114656688;0.000088452694;0.000146782530;
2018;06;25;7;1;0.000073748324;0.000093796088;0.000091892282;0.000107049296;
2018;06;25;8;1;0.000090401235;0.000059371155;0.000102806735;0.000039801643;
2018;06;25;9;1;0.000109524202;0.000068806925;0.000140824641;0.000044182033;
2018;06;25;10;1;0.000123969578;0.000072599588;0.000169699890;0.000048610255;
2018;06;25;11;1;0.000135342269;0.000075410927;0.000184098704;0.000050843090;
2018;06;25;12;1;0.000140810122;0.000075224309;0.000188858052;0.000053427085;
2018;06;25;13;1;0.000146570072;0.000075224522;0.000192767020;0.000054272176;
2018;06;25;14;1;0.000153104943;0.000076243418;0.000186519698;0.000055425075;
2018;06;25;15;1;0.000148062089;0.000075387440;0.000167637404;0.000056093356;
2018;06;25;16;1;0.000140047570;0.000070719611;0.000160597199;0.000051404085;
2018;06;25;17;1;0.000139690381;0.000068141113;0.000162775413;0.000049590648;
2018;06;25;18;1;0.000146310016;0.000068708940;0.000166463489;0.000052017699;
2018;06;25;19;1;0.000148687646;0.000069144197;0.000161270644;0.000052421000;
2018;06;25;20;1;0.000147990598;0.000069834793;0.000151732706;0.000052168153;
2018;06;25;21;1;0.000148532793;0.000072213013;0.000138016111;0.000054225165;
2018;06;25;22;1;0.000153494292;0.000093820716;0.000126428558;0.000078235603;
2018;06;25;23;1;0.000147611925;0.000149302353;0.000122655533;0.000221248937;
2018;06;25;24;1;0.000123419923;0.000150100021;0.000110655289;0.000198671762;
2018;06;26;1;1;0.000097545339;0.000136864494;0.000101625227;0.000167017800;
2018;06;26;2;1;0.000081019050;0.000126653782;0.000095627923;0.000172709261;
2018;06;26;3;1;0.000072466152;0.000119590186;0.000092281734;0.000166831474;
2018;06;26;4;1;0.000068551943;0.000117018091;0.000090639946;0.000160239462;
2018;06;26;5;1;0.000066805224;0.000115551134;0.000090181785;0.000155047997;
2018;06;26;6;1;0.000067464360;0.000115090800;0.000092341998;0.000148953604;
2018;06;26;7;1;0.000074469869;0.000094018993;0.000095202253;0.000105946540;
2018;06;26;8;1;0.000091812949;0.000060045103;0.000105797773;0.000040927670;
2018;06;26;9;1;0.000110804452;0.000069819725;0.000141986298;0.000046604822;
2018;06;26;10;1;0.000125299153;0.000073813102;0.000170374864;0.000049432536;
2018;06;26;11;1;0.000136491580;0.000076170674;0.000185016436;0.000052102893;
2018;06;26;12;1;0.000141543853;0.000075934422;0.000190333801;0.000053178527;
2018;06;26;13;1;0.000147162393;0.000075829471;0.000194811813;0.000053900418;
2018;06;26;14;1;0.000153441355;0.000077052652;0.000189047535;0.000055662094;
2018;06;26;15;1;0.000147607297;0.000075827948;0.000170521963;0.000054897613;
2018;06;26;16;1;0.000138772032;0.000070548139;0.000163571579;0.000050318454;
2018;06;26;17;1;0.000139160859;0.000068440618;0.000165261677;0.000048417499;
2018;06;26;18;1;0.000145168054;0.000069175725;0.000168714221;0.000051598842;
2018;06;26;19;1;0.000147611619;0.000069383701;0.000163643755;0.000052532801;
2018;06;26;20;1;0.000146387022;0.000070053305;0.000154435472;0.000052585574;
2018;06;26;21;1;0.000146643473;0.000072454923;0.000141243394;0.000053818563;
2018;06;26;22;1;0.000151849292;0.000094244886;0.000130041879;0.000080153587;
2018;06;26;23;1;0.000146543428;0.000149086821;0.000126432542;0.000221301606;
2018;06;26;24;1;0.000123065060;0.000150002886;0.000114140817;0.000199213937;
2018;06;27;1;1;0.000097103674;0.000136554249;0.000101166547;0.000167147806;
2018;06;27;2;1;0.000080648937;0.000126336047;0.000095188588;0.000172665672;
2018;06;27;3;1;0.000072137303;0.000119312024;0.000091863361;0.000166924153;
2018;06;27;4;1;0.000068236879;0.000116705104;0.000090218500;0.000160085987;
2018;06;27;5;1;0.000066490656;0.000115163638;0.000089742128;0.000154440154;
2018;06;27;6;1;0.000067152629;0.000114765889;0.000091908078;0.000148715149;
2018;06;27;7;1;0.000074124900;0.000093746945;0.000094752670;0.000105743896;
2018;06;27;8;1;0.000091392893;0.000059892141;0.000105310273;0.000040912473;
2018;06;27;9;1;0.000110305025;0.000069670466;0.000141351328;0.000046671910;
2018;06;27;10;1;0.000124718950;0.000073600320;0.000169570896;0.000049340364;
2018;06;27;11;1;0.000135857529;0.000075944311;0.000184137900;0.000051985517;
2018;06;27;12;1;0.000140890172;0.000075721154;0.000189440342;0.000053096550;
2018;06;27;13;1;0.000146500942;0.000075672787;0.000193945454;0.000053990757;
2018;06;27;14;1;0.000152757807;0.000076911706;0.000188221867;0.000055809880;
2018;06;27;15;1;0.000146923025;0.000075606986;0.000169715522;0.000054787895;
2018;06;27;16;1;0.000138115015;0.000070300793;0.000162765725;0.000050089867;
2018;06;27;17;1;0.000138508311;0.000068219259;0.000164462472;0.000048253973;
2018;06;27;18;1;0.000144485921;0.000068947961;0.000167895033;0.000051411924;
2018;06;27;19;1;0.000146921150;0.000069164107;0.000162856156;0.000052371122;
2018;06;27;20;1;0.000145709140;0.000069851276;0.000153706656;0.000052487241;
2018;06;27;21;1;0.000145966529;0.000072252275;0.000140580927;0.000053738199;
2018;06;27;22;1;0.000151125518;0.000093896288;0.000129392909;0.000079720915;
2018;06;27;23;1;0.000145833309;0.000148464942;0.000125781551;0.000219671649;
2018;06;27;24;1;0.000122484894;0.000149495085;0.000113583095;0.000198411143;
2018;06;28;1;1;0.000095888428;0.000135607177;0.000099901030;0.000166768236;
2018;06;28;2;1;0.000079649614;0.000125554246;0.000094021438;0.000172833988;
2018;06;28;3;1;0.000071244808;0.000118587735;0.000090740470;0.000167183877;
2018;06;28;4;1;0.000067390105;0.000115970734;0.000089109023;0.000160186635;
2018;06;28;5;1;0.000065658876;0.000114369383;0.000088620501;0.000154134973;
2018;06;28;6;1;0.000066307141;0.000113918632;0.000090744534;0.000148112082;
2018;06;28;7;1;0.000073194032;0.000093073481;0.000093559282;0.000105411916;
2018;06;28;8;1;0.000090241480;0.000059447185;0.000103975393;0.000040739099;
2018;06;28;9;1;0.000108905980;0.000069116953;0.000139535568;0.000046366789;
2018;06;28;10;1;0.000123153530;0.000073074126;0.000167437346;0.000049188581;
2018;06;28;11;1;0.000134146991;0.000075383351;0.000181806653;0.000051770833;
2018;06;28;12;1;0.000139111398;0.000075146037;0.000187028863;0.000052828906;
2018;06;28;13;1;0.000144634422;0.000075045338;0.000191431859;0.000053554903;
2018;06;28;14;1;0.000150802350;0.000076246100;0.000185759747;0.000055272850;
2018;06;28;15;1;0.000145034789;0.000074929576;0.000167478241;0.000054189030;
2018;06;28;16;1;0.000136340925;0.000069673755;0.000160622279;0.000049550226;
2018;06;28;17;1;0.000136707701;0.000067547169;0.000162245730;0.000047540386;
2018;06;28;18;1;0.000142599904;0.000068246682;0.000165614157;0.000050582188;
2018;06;28;19;1;0.000145002232;0.000068457424;0.000160641259;0.000051514788;
2018;06;28;20;1;0.000143805360;0.000069135531;0.000151614732;0.000051621802;
2018;06;28;21;1;0.000144056056;0.000071501848;0.000138661210;0.000052817787;
2018;06;28;22;1;0.000149167585;0.000092996043;0.000127660306;0.000078629223;
2018;06;28;23;1;0.000143961439;0.000147149160;0.000124127499;0.000217360891;
2018;06;28;24;1;0.000120924669;0.000148257841;0.000112111605;0.000196822593;
2018;06;29;1;1;0.000095253333;0.000133015852;0.000101727652;0.000158418241;
2018;06;29;2;1;0.000079507874;0.000123113040;0.000095158657;0.000164551053;
2018;06;29;3;1;0.000070784448;0.000116187113;0.000091418430;0.000161283163;
2018;06;29;4;1;0.000066672273;0.000113417785;0.000089515933;0.000154990095;
2018;06;29;5;1;0.000064807483;0.000111835412;0.000089125611;0.000147804546;
2018;06;29;6;1;0.000065311328;0.000111466867;0.000091270971;0.000142481852;
2018;06;29;7;1;0.000072119281;0.000091070441;0.000093751497;0.000102084381;
2018;06;29;8;1;0.000088549285;0.000059481733;0.000103469374;0.000041553063;
2018;06;29;9;1;0.000107391618;0.000068724200;0.000138195405;0.000046574400;
2018;06;29;10;1;0.000121104588;0.000073090093;0.000165559108;0.000050459921;
2018;06;29;11;1;0.000131715893;0.000075526867;0.000179838011;0.000052322795;
2018;06;29;12;1;0.000137252323;0.000075563283;0.000185385503;0.000054718204;
2018;06;29;13;1;0.000143087505;0.000075618925;0.000189545662;0.000055133686;
2018;06;29;14;1;0.000148821504;0.000076625697;0.000183949274;0.000054984315;
2018;06;29;15;1;0.000144141830;0.000075201446;0.000165249964;0.000055144347;
2018;06;29;16;1;0.000135612468;0.000070336181;0.000154779601;0.000052512033;
2018;06;29;17;1;0.000134347365;0.000068413492;0.000153680346;0.000049655077;
2018;06;29;18;1;0.000138778882;0.000068554320;0.000155060307;0.000051492848;
2018;06;29;19;1;0.000140643099;0.000068741334;0.000152452531;0.000052189288;
2018;06;29;20;1;0.000138109079;0.000069202671;0.000147338594;0.000050909707;
2018;06;29;21;1;0.000136286850;0.000070089158;0.000138658798;0.000051796224;
2018;06;29;22;1;0.000139381075;0.000089576028;0.000131168309;0.000075459424;
2018;06;29;23;1;0.000136855233;0.000142654845;0.000130379879;0.000206962406;
2018;06;29;24;1;0.000119655915;0.000145681297;0.000119656744;0.000188066927;
2018;06;30;1;1;0.000101187611;0.000138063065;0.000107118307;0.000165076275;
2018;06;30;2;1;0.000085570703;0.000128742622;0.000098241041;0.000170014460;
2018;06;30;3;1;0.000075553245;0.000120938937;0.000093179564;0.000167349026;
2018;06;30;4;1;0.000069952677;0.000117451648;0.000090286336;0.000162294859;
2018;06;30;5;1;0.000067050190;0.000115225200;0.000089153582;0.000155280071;
2018;06;30;6;1;0.000066148671;0.000114566211;0.000089835173;0.000150909798;
2018;06;30;7;1;0.000067943194;0.000090905618;0.000087143768;0.000108224670;
2018;06;30;8;1;0.000073872321;0.000051504304;0.000084000170;0.000038040649;
2018;06;30;9;1;0.000089598791;0.000058094410;0.000096450426;0.000040991023;
2018;06;30;10;1;0.000111433461;0.000067729038;0.000111700344;0.000046430060;
2018;06;30;11;1;0.000128286263;0.000074595006;0.000126747226;0.000053960727;
2018;06;30;12;1;0.000134287819;0.000075455236;0.000132078865;0.000056225082;
2018;06;30;13;1;0.000138866356;0.000074449469;0.000135649904;0.000054388743;
2018;06;30;14;1;0.000145010249;0.000074440732;0.000133605155;0.000053992472;
2018;06;30;15;1;0.000142601984;0.000073977103;0.000124465044;0.000055029133;
2018;06;30;16;1;0.000130551314;0.000068137847;0.000120806452;0.000050699780;
2018;06;30;17;1;0.000123397869;0.000064192081;0.000118217625;0.000045783531;
2018;06;30;18;1;0.000121823915;0.000063104150;0.000119484297;0.000046293714;
2018;06;30;19;1;0.000122627576;0.000063241835;0.000120536289;0.000047398233;
2018;06;30;20;1;0.000123578352;0.000064186032;0.000123116066;0.000045820478;
2018;06;30;21;1;0.000126510710;0.000066401895;0.000123794460;0.000048859032;
2018;06;30;22;1;0.000134399830;0.000087011038;0.000122589755;0.000072487404;
2018;06;30;23;1;0.000134253228;0.000142199003;0.000125642407;0.000208793901;
2018;06;30;24;1;0.000119878155;0.000146637504;0.000116742275;0.000193349202;
