AŃO;MES;DIA;HORA;VERANO(1)/INVIERNO(0);COEF. PERFIL A;COEF. PERFIL B;COEF. PERFIL C;COEF. PERFIL D;
2019;05;01;1;1;0.000088838202;0.000132440163;0.000089441846;0.000151611003;
2019;05;01;2;1;0.000073746804;0.000121325056;0.000082403960;0.000151814029;
2019;05;01;3;1;0.000063905870;0.000111751435;0.000078736737;0.000147105776;
2019;05;01;4;1;0.000058585839;0.000106775460;0.000076914224;0.000141489558;
2019;05;01;5;1;0.000056235227;0.000103820312;0.000076413148;0.000136300842;
2019;05;01;6;1;0.000055564343;0.000102728913;0.000076982134;0.000132283380;
2019;05;01;7;1;0.000057053432;0.000094890486;0.000076210751;0.000119862902;
2019;05;01;8;1;0.000061162632;0.000056644076;0.000067757721;0.000048904117;
2019;05;01;9;1;0.000074055477;0.000058097715;0.000071403016;0.000048527573;
2019;05;01;10;1;0.000094255403;0.000069125810;0.000077488026;0.000055864823;
2019;05;01;11;1;0.000110917455;0.000078857277;0.000083321878;0.000063750997;
2019;05;01;12;1;0.000117791526;0.000081408809;0.000087162451;0.000066868362;
2019;05;01;13;1;0.000119721641;0.000079398538;0.000090192279;0.000063892070;
2019;05;01;14;1;0.000124363473;0.000076678635;0.000090767392;0.000065057410;
2019;05;01;15;1;0.000121240649;0.000074100247;0.000089049994;0.000064050505;
2019;05;01;16;1;0.000106039719;0.000064945714;0.000086570185;0.000057062036;
2019;05;01;17;1;0.000098056400;0.000060038328;0.000083370071;0.000051829792;
2019;05;01;18;1;0.000096109991;0.000058156301;0.000080994770;0.000051682422;
2019;05;01;19;1;0.000098208697;0.000058635521;0.000079831995;0.000052263025;
2019;05;01;20;1;0.000103299935;0.000061771895;0.000081511860;0.000054001424;
2019;05;01;21;1;0.000115407282;0.000069523319;0.000083802712;0.000059549638;
2019;05;01;22;1;0.000133075019;0.000111316639;0.000094838597;0.000118939075;
2019;05;01;23;1;0.000125592103;0.000139906995;0.000094807603;0.000183059938;
2019;05;01;24;1;0.000103151995;0.000138812494;0.000087415380;0.000172565690;
2019;05;02;1;1;0.000073907854;0.000116680309;0.000076986926;0.000140541232;
2019;05;02;2;1;0.000060020239;0.000105815636;0.000073174169;0.000144385841;
2019;05;02;3;1;0.000053536673;0.000098476754;0.000071141427;0.000141389473;
2019;05;02;4;1;0.000050771730;0.000095257581;0.000070238482;0.000135927062;
2019;05;02;5;1;0.000049753567;0.000093444698;0.000070236709;0.000129963582;
2019;05;02;6;1;0.000051163726;0.000093752012;0.000072390401;0.000126401014;
2019;05;02;7;1;0.000059537160;0.000089934871;0.000077765483;0.000114070454;
2019;05;02;8;1;0.000078369991;0.000065494083;0.000085390692;0.000056046684;
2019;05;02;9;1;0.000093970130;0.000072014678;0.000114017370;0.000061438715;
2019;05;02;10;1;0.000101460144;0.000073680294;0.000134688115;0.000062907324;
2019;05;02;11;1;0.000107364864;0.000074613397;0.000143102895;0.000062731155;
2019;05;02;12;1;0.000109483856;0.000073119175;0.000145594329;0.000063135602;
2019;05;02;13;1;0.000112893080;0.000071670249;0.000147627943;0.000063683569;
2019;05;02;14;1;0.000117717990;0.000071493656;0.000141924603;0.000062300694;
2019;05;02;15;1;0.000113315440;0.000069431069;0.000126708768;0.000060157852;
2019;05;02;16;1;0.000104025017;0.000063904434;0.000123120755;0.000055733667;
2019;05;02;17;1;0.000100856372;0.000060744189;0.000123898600;0.000053278748;
2019;05;02;18;1;0.000103222099;0.000060908831;0.000124651016;0.000054316205;
2019;05;02;19;1;0.000105494625;0.000061665159;0.000119739025;0.000056338259;
2019;05;02;20;1;0.000109333467;0.000064513627;0.000113824071;0.000059139146;
2019;05;02;21;1;0.000119031125;0.000071752106;0.000106426395;0.000064898654;
2019;05;02;22;1;0.000131013108;0.000110370378;0.000105080565;0.000121738931;
2019;05;02;23;1;0.000120451282;0.000136134519;0.000097157941;0.000183081111;
2019;05;02;24;1;0.000096500023;0.000130680981;0.000086230700;0.000168969540;
2019;05;03;1;1;0.000078735484;0.000122598964;0.000082118365;0.000146008366;
2019;05;03;2;1;0.000064408507;0.000111981057;0.000077614396;0.000151699617;
2019;05;03;3;1;0.000057029492;0.000104150096;0.000075586971;0.000148301052;
2019;05;03;4;1;0.000053789691;0.000100737319;0.000074427803;0.000143330962;
2019;05;03;5;1;0.000052752101;0.000098679507;0.000074657056;0.000137275229;
2019;05;03;6;1;0.000054170277;0.000098919552;0.000076796255;0.000133500566;
2019;05;03;7;1;0.000062952423;0.000094564315;0.000082241465;0.000118515589;
2019;05;03;8;1;0.000082718863;0.000068777385;0.000090032036;0.000057243721;
2019;05;03;9;1;0.000099419237;0.000075169601;0.000119459324;0.000062621490;
2019;05;03;10;1;0.000107946163;0.000077416249;0.000141325541;0.000064974697;
2019;05;03;11;1;0.000114628788;0.000078134679;0.000149896788;0.000064078567;
2019;05;03;12;1;0.000116488946;0.000076902668;0.000152781973;0.000064225330;
2019;05;03;13;1;0.000120161556;0.000075284404;0.000154982652;0.000064254518;
2019;05;03;14;1;0.000124770557;0.000074754553;0.000148324092;0.000064730270;
2019;05;03;15;1;0.000120745041;0.000073274267;0.000131387559;0.000062522964;
2019;05;03;16;1;0.000111775458;0.000067891392;0.000124276194;0.000058104040;
2019;05;03;17;1;0.000108081670;0.000064661145;0.000123001430;0.000056639331;
2019;05;03;18;1;0.000109706586;0.000064479248;0.000122860846;0.000058706646;
2019;05;03;19;1;0.000110503447;0.000064571037;0.000119913316;0.000058680584;
2019;05;03;20;1;0.000112019064;0.000066309265;0.000116343058;0.000059468835;
2019;05;03;21;1;0.000117442199;0.000070866681;0.000112276921;0.000062217840;
2019;05;03;22;1;0.000129055530;0.000109771150;0.000113594158;0.000120874404;
2019;05;03;23;1;0.000122830193;0.000139226895;0.000107058619;0.000185900488;
2019;05;03;24;1;0.000103621338;0.000137450888;0.000097035731;0.000175298969;
2019;05;04;1;1;0.000086071961;0.000128179845;0.000089466441;0.000151086170;
2019;05;04;2;1;0.000071076274;0.000117414858;0.000082715064;0.000155673079;
2019;05;04;3;1;0.000062033880;0.000108748820;0.000079295783;0.000154581798;
2019;05;04;4;1;0.000057365210;0.000104136144;0.000077770342;0.000147137816;
2019;05;04;5;1;0.000055301853;0.000101197892;0.000077055279;0.000139414595;
2019;05;04;6;1;0.000055311620;0.000101180956;0.000078102621;0.000135368957;
2019;05;04;7;1;0.000058045757;0.000092794759;0.000077984246;0.000118916987;
2019;05;04;8;1;0.000065187722;0.000057889653;0.000073001555;0.000049171334;
2019;05;04;9;1;0.000082980193;0.000063452441;0.000083585392;0.000052867151;
2019;05;04;10;1;0.000105096506;0.000075370192;0.000095990636;0.000062060019;
2019;05;04;11;1;0.000118909476;0.000082784854;0.000106847245;0.000069644558;
2019;05;04;12;1;0.000121957374;0.000082386884;0.000111522615;0.000069148804;
2019;05;04;13;1;0.000123038003;0.000079151242;0.000114028696;0.000066769690;
2019;05;04;14;1;0.000128828304;0.000077796487;0.000110771474;0.000067638643;
2019;05;04;15;1;0.000125850507;0.000076217164;0.000103135991;0.000066819585;
2019;05;04;16;1;0.000110858864;0.000068351471;0.000099445206;0.000059397462;
2019;05;04;17;1;0.000102039638;0.000062779446;0.000097588157;0.000054041530;
2019;05;04;18;1;0.000099782756;0.000060950145;0.000098873171;0.000052921075;
2019;05;04;19;1;0.000100494173;0.000060891481;0.000098914785;0.000053492497;
2019;05;04;20;1;0.000102479502;0.000062761287;0.000101292146;0.000055370434;
2019;05;04;21;1;0.000109635910;0.000067262376;0.000102765680;0.000058354385;
2019;05;04;22;1;0.000123949408;0.000106400176;0.000108418176;0.000114995451;
2019;05;04;23;1;0.000120078320;0.000137714137;0.000106254209;0.000183187862;
2019;05;04;24;1;0.000104059672;0.000137577964;0.000097779674;0.000173153026;
2019;05;05;1;1;0.000088930160;0.000131922182;0.000089571043;0.000150040709;
2019;05;05;2;1;0.000073815194;0.000120819895;0.000082514108;0.000150169691;
2019;05;05;3;1;0.000064015738;0.000111483804;0.000078904356;0.000145968913;
2019;05;05;4;1;0.000058673748;0.000106465168;0.000077061136;0.000140260850;
2019;05;05;5;1;0.000056315608;0.000103500980;0.000076553664;0.000135072690;
2019;05;05;6;1;0.000055728282;0.000102768769;0.000077240838;0.000131917924;
2019;05;05;7;1;0.000057319406;0.000095298195;0.000076597346;0.000120380392;
2019;05;05;8;1;0.000061425176;0.000056839525;0.000068076403;0.000049039947;
2019;05;05;9;1;0.000074372198;0.000058295940;0.000071737717;0.000048658633;
2019;05;05;10;1;0.000094820625;0.000069634937;0.000077984577;0.000056419488;
2019;05;05;11;1;0.000111513359;0.000079324388;0.000083803781;0.000064214743;
2019;05;05;12;1;0.000118468480;0.000081960611;0.000087699226;0.000067458169;
2019;05;05;13;1;0.000120337758;0.000079827636;0.000090693504;0.000064296354;
2019;05;05;14;1;0.000124926681;0.000076984792;0.000091215739;0.000065302495;
2019;05;05;15;1;0.000121799861;0.000074410277;0.000089497314;0.000064313990;
2019;05;05;16;1;0.000106604267;0.000065322966;0.000087066669;0.000057464685;
2019;05;05;17;1;0.000098616184;0.000060440112;0.000083880301;0.000052279056;
2019;05;05;18;1;0.000096692228;0.000058592233;0.000081518761;0.000052206492;
2019;05;05;19;1;0.000098805427;0.000059077645;0.000080349910;0.000052797590;
2019;05;05;20;1;0.000103946266;0.000062263607;0.000082055408;0.000054595890;
2019;05;05;21;1;0.000116029271;0.000069938449;0.000084288823;0.000059989344;
2019;05;05;22;1;0.000133845510;0.000112081857;0.000095426710;0.000120008313;
2019;05;05;23;1;0.000126472702;0.000141256602;0.000095511396;0.000185616317;
2019;05;05;24;1;0.000103857915;0.000140097921;0.000088049598;0.000174853720;
2019;05;06;1;1;0.000082183367;0.000131335913;0.000081382057;0.000154442420;
2019;05;06;2;1;0.000066814066;0.000119535826;0.000077614236;0.000153417902;
2019;05;06;3;1;0.000059406157;0.000111383101;0.000075633762;0.000148703643;
2019;05;06;4;1;0.000056044697;0.000107699141;0.000074820045;0.000143395998;
2019;05;06;5;1;0.000054759717;0.000105387165;0.000074802488;0.000138876325;
2019;05;06;6;1;0.000055932232;0.000104643297;0.000076561892;0.000136441679;
2019;05;06;7;1;0.000064172042;0.000098651361;0.000082007035;0.000120814788;
2019;05;06;8;1;0.000082511313;0.000069066357;0.000089180330;0.000054577925;
2019;05;06;9;1;0.000099294296;0.000075594334;0.000118504764;0.000061039624;
2019;05;06;10;1;0.000108612082;0.000078484452;0.000140105531;0.000061649310;
2019;05;06;11;1;0.000116245468;0.000079556775;0.000148492651;0.000062531213;
2019;05;06;12;1;0.000119009643;0.000078065148;0.000150817486;0.000062870385;
2019;05;06;13;1;0.000122451707;0.000075978147;0.000152141909;0.000061863594;
2019;05;06;14;1;0.000128188863;0.000076077881;0.000146575624;0.000062873713;
2019;05;06;15;1;0.000123373631;0.000073603053;0.000131333333;0.000061514463;
2019;05;06;16;1;0.000112362270;0.000067199477;0.000127633901;0.000054271200;
2019;05;06;17;1;0.000108153349;0.000063589354;0.000128628042;0.000051324950;
2019;05;06;18;1;0.000109849211;0.000063383820;0.000128986716;0.000052199963;
2019;05;06;19;1;0.000112367349;0.000063851446;0.000124074402;0.000054925301;
2019;05;06;20;1;0.000116619133;0.000066891565;0.000117413478;0.000057542365;
2019;05;06;21;1;0.000127126000;0.000074191994;0.000110165844;0.000063042180;
2019;05;06;22;1;0.000141466294;0.000116341357;0.000109551947;0.000124972193;
2019;05;06;23;1;0.000130083155;0.000147374838;0.000101884593;0.000198481056;
2019;05;06;24;1;0.000103163935;0.000141932326;0.000090963767;0.000182159183;
2019;05;07;1;1;0.000079661280;0.000123630980;0.000083137536;0.000146588504;
2019;05;07;2;1;0.000064738401;0.000112303264;0.000079076153;0.000151056215;
2019;05;07;3;1;0.000057766759;0.000104606886;0.000076908206;0.000148170423;
2019;05;07;4;1;0.000054784863;0.000101194624;0.000075934165;0.000142468135;
2019;05;07;5;1;0.000053677053;0.000099231592;0.000075919279;0.000136131233;
2019;05;07;6;1;0.000055166696;0.000099428349;0.000078202255;0.000132091617;
2019;05;07;7;1;0.000064038855;0.000094843108;0.000083804202;0.000117969895;
2019;05;07;8;1;0.000084316478;0.000069106975;0.000092044254;0.000058020153;
2019;05;07;9;1;0.000101054698;0.000075907942;0.000122846047;0.000063479547;
2019;05;07;10;1;0.000109101795;0.000077650940;0.000145107273;0.000064977080;
2019;05;07;11;1;0.000115233188;0.000078295524;0.000153881816;0.000064290522;
2019;05;07;12;1;0.000117417799;0.000076593827;0.000156441435;0.000064500831;
2019;05;07;13;1;0.000121084776;0.000075091542;0.000158640574;0.000065085729;
2019;05;07;14;1;0.000126180584;0.000074799940;0.000152416108;0.000063510026;
2019;05;07;15;1;0.000121429816;0.000072598522;0.000136039929;0.000061258945;
2019;05;07;16;1;0.000111501608;0.000066856861;0.000132220285;0.000056809649;
2019;05;07;17;1;0.000108123250;0.000063574617;0.000133077806;0.000054344036;
2019;05;07;18;1;0.000110715499;0.000063821077;0.000133953800;0.000055519764;
2019;05;07;19;1;0.000113228117;0.000064711367;0.000128760648;0.000057744038;
2019;05;07;20;1;0.000117406437;0.000067776931;0.000122460601;0.000060738341;
2019;05;07;21;1;0.000127920597;0.000075516826;0.000114591598;0.000066870087;
2019;05;07;22;1;0.000140544893;0.000115689787;0.000112939589;0.000124526891;
2019;05;07;23;1;0.000129083528;0.000142368494;0.000104318465;0.000186508358;
2019;05;07;24;1;0.000103466325;0.000136813202;0.000092631139;0.000172455462;
2019;05;08;1;1;0.000080757275;0.000125132894;0.000084303231;0.000148239361;
2019;05;08;2;1;0.000065596901;0.000113541078;0.000080145581;0.000152452493;
2019;05;08;3;1;0.000058510016;0.000105666166;0.000077917962;0.000149301465;
2019;05;08;4;1;0.000055482537;0.000102188989;0.000076921128;0.000143478454;
2019;05;08;5;1;0.000054361730;0.000100211590;0.000076907621;0.000137109703;
2019;05;08;6;1;0.000055859189;0.000100364296;0.000079204457;0.000132930450;
2019;05;08;7;1;0.000064853408;0.000095772190;0.000084892190;0.000118801354;
2019;05;08;8;1;0.000085344140;0.000069699653;0.000093190281;0.000058299877;
2019;05;08;9;1;0.000102255036;0.000076505352;0.000124337484;0.000063704674;
2019;05;08;10;1;0.000110364407;0.000078208254;0.000146824663;0.000065126598;
2019;05;08;11;1;0.000116664467;0.000079008542;0.000155833570;0.000064662202;
2019;05;08;12;1;0.000118912822;0.000077345794;0.000158474445;0.000064956642;
2019;05;08;13;1;0.000122611863;0.000075808018;0.000160682994;0.000065513020;
2019;05;08;14;1;0.000127840770;0.000075606353;0.000154461557;0.000064068656;
2019;05;08;15;1;0.000122926551;0.000073243980;0.000137752488;0.000061589196;
2019;05;08;16;1;0.000112872121;0.000067446023;0.000133880195;0.000057107879;
2019;05;08;17;1;0.000109518662;0.000064223869;0.000134830258;0.000054766858;
2019;05;08;18;1;0.000112051823;0.000064351320;0.000135605792;0.000055760766;
2019;05;08;19;1;0.000114550609;0.000065191594;0.000130298365;0.000057902338;
2019;05;08;20;1;0.000118768081;0.000068267189;0.000123913013;0.000060884198;
2019;05;08;21;1;0.000129278098;0.000075894066;0.000115837705;0.000066761626;
2019;05;08;22;1;0.000142122567;0.000116430784;0.000114237021;0.000124645868;
2019;05;08;23;1;0.000130606113;0.000143463548;0.000105576329;0.000187114448;
2019;05;08;24;1;0.000104652867;0.000137763195;0.000093717739;0.000172782026;
2019;05;09;1;1;0.000080560112;0.000124843701;0.000084090034;0.000147890848;
2019;05;09;2;1;0.000065460806;0.000113373567;0.000079972286;0.000152323988;
2019;05;09;3;1;0.000058397357;0.000105546402;0.000077761112;0.000149268417;
2019;05;09;4;1;0.000055382141;0.000102100384;0.000076775204;0.000143516441;
2019;05;09;5;1;0.000054259819;0.000100109789;0.000076756709;0.000137109111;
2019;05;09;6;1;0.000055748449;0.000100237511;0.000079040501;0.000132869935;
2019;05;09;7;1;0.000064719275;0.000095632261;0.000084709180;0.000118704129;
2019;05;09;8;1;0.000085158556;0.000069580816;0.000092979479;0.000058226241;
2019;05;09;9;1;0.000102059953;0.000076421712;0.000124089386;0.000063695175;
2019;05;09;10;1;0.000110167036;0.000078144079;0.000146549232;0.000065149015;
2019;05;09;11;1;0.000116418989;0.000078886660;0.000155492034;0.000064599804;
2019;05;09;12;1;0.000118680368;0.000077252888;0.000158150780;0.000064934176;
2019;05;09;13;1;0.000122370997;0.000075715273;0.000160353271;0.000065487689;
2019;05;09;14;1;0.000127554117;0.000075465929;0.000154101694;0.000063970473;
2019;05;09;15;1;0.000122715514;0.000073195819;0.000137503936;0.000061628491;
2019;05;09;16;1;0.000112682281;0.000067407114;0.000133643297;0.000057152801;
2019;05;09;17;1;0.000109285196;0.000064120740;0.000134531033;0.000054707736;
2019;05;09;18;1;0.000111872647;0.000064326324;0.000135377075;0.000055823537;
2019;05;09;19;1;0.000114375508;0.000065176802;0.000130087780;0.000057984545;
2019;05;09;20;1;0.000118506979;0.000068147152;0.000123629753;0.000060801614;
2019;05;09;21;1;0.000128971477;0.000075730530;0.000115552825;0.000066623081;
2019;05;09;22;1;0.000141750542;0.000116115568;0.000113927996;0.000124265402;
2019;05;09;23;1;0.000130293461;0.000143148087;0.000105314356;0.000186714222;
2019;05;09;24;1;0.000104388565;0.000137418346;0.000093472854;0.000172315695;
2019;05;10;1;1;0.000081238264;0.000125524180;0.000084793275;0.000148398667;
2019;05;10;2;1;0.000066446890;0.000114617660;0.000080131761;0.000154097670;
2019;05;10;3;1;0.000058866313;0.000106735420;0.000078080981;0.000150988937;
2019;05;10;4;1;0.000055520658;0.000103231682;0.000076881480;0.000145913353;
2019;05;10;5;1;0.000054477411;0.000101241508;0.000077157571;0.000140048734;
2019;05;10;6;1;0.000055908272;0.000101348165;0.000079320607;0.000135858646;
2019;05;10;7;1;0.000064951095;0.000096813502;0.000084917235;0.000120443347;
2019;05;10;8;1;0.000085399266;0.000070515585;0.000093020279;0.000058328522;
2019;05;10;9;1;0.000102618318;0.000077030088;0.000123397256;0.000063747777;
2019;05;10;10;1;0.000111325468;0.000079178973;0.000145860923;0.000065911240;
2019;05;10;11;1;0.000118136970;0.000079789704;0.000154602116;0.000064819419;
2019;05;10;12;1;0.000120052486;0.000078529234;0.000157575806;0.000064964307;
2019;05;10;13;1;0.000123810704;0.000076838886;0.000159811018;0.000064936021;
2019;05;10;14;1;0.000128633371;0.000076398112;0.000153032692;0.000065572343;
2019;05;10;15;1;0.000124437729;0.000074822866;0.000135508956;0.000063240965;
2019;05;10;16;1;0.000115227722;0.000069372701;0.000128212226;0.000058842389;
2019;05;10;17;1;0.000111473567;0.000066144718;0.000126958269;0.000057473377;
2019;05;10;18;1;0.000113199425;0.000066025052;0.000126869143;0.000059679488;
2019;05;10;19;1;0.000113952791;0.000066027993;0.000123750664;0.000059504644;
2019;05;10;20;1;0.000115502324;0.000067787497;0.000120052232;0.000060275100;
2019;05;10;21;1;0.000120994253;0.000072309944;0.000115760940;0.000062845816;
2019;05;10;22;1;0.000132734838;0.000111578634;0.000116921743;0.000121257619;
2019;05;10;23;1;0.000126452681;0.000141828082;0.000110300003;0.000187226205;
2019;05;10;24;1;0.000106738689;0.000140201777;0.000100031166;0.000176963063;
2019;05;11;1;1;0.000086893947;0.000129352687;0.000090335269;0.000152524145;
2019;05;11;2;1;0.000071742393;0.000118441879;0.000083503595;0.000157042507;
2019;05;11;3;1;0.000062604887;0.000109659280;0.000080038462;0.000155839391;
2019;05;11;4;1;0.000057881196;0.000104958745;0.000078482398;0.000148211373;
2019;05;11;5;1;0.000055806687;0.000102028565;0.000077771112;0.000140511063;
2019;05;11;6;1;0.000055790416;0.000101902260;0.000078791284;0.000136168537;
2019;05;11;7;1;0.000058488582;0.000093238342;0.000078591730;0.000119112626;
2019;05;11;8;1;0.000065708866;0.000058214675;0.000073596918;0.000049326466;
2019;05;11;9;1;0.000083632975;0.000063790091;0.000084256389;0.000053005664;
2019;05;11;10;1;0.000105925794;0.000075775517;0.000096763524;0.000062229243;
2019;05;11;11;1;0.000119787530;0.000083134646;0.000107653420;0.000069689799;
2019;05;11;12;1;0.000122906735;0.000082810111;0.000112408698;0.000069307587;
2019;05;11;13;1;0.000124050466;0.000079638042;0.000114985384;0.000067045254;
2019;05;11;14;1;0.000130012495;0.000078445651;0.000111807541;0.000068185752;
2019;05;11;15;1;0.000126941927;0.000076762687;0.000104047038;0.000067216341;
2019;05;11;16;1;0.000111802956;0.000068816540;0.000100308115;0.000059712619;
2019;05;11;17;1;0.000102872888;0.000063156550;0.000098400770;0.000054250554;
2019;05;11;18;1;0.000100606624;0.000061328890;0.000099705451;0.000053145650;
2019;05;11;19;1;0.000101325623;0.000061272241;0.000099749095;0.000053723328;
2019;05;11;20;1;0.000103291637;0.000063103714;0.000102111177;0.000055529304;
2019;05;11;21;1;0.000110467061;0.000067576338;0.000103561285;0.000058437998;
2019;05;11;22;1;0.000124647816;0.000106427374;0.000109046485;0.000114250707;
2019;05;11;23;1;0.000120816952;0.000137912659;0.000106924880;0.000182397911;
2019;05;11;24;1;0.000104747113;0.000137918051;0.000098441348;0.000172725797;
2019;05;12;1;1;0.000088543099;0.000131528215;0.000089171929;0.000149804204;
2019;05;12;2;1;0.000073520259;0.000120557381;0.000082175878;0.000150153519;
2019;05;12;3;1;0.000063733318;0.000111135765;0.000078548092;0.000145703011;
2019;05;12;4;1;0.000058423753;0.000106169600;0.000076724826;0.000140093406;
2019;05;12;5;1;0.000056073690;0.000103205359;0.000076216890;0.000134891855;
2019;05;12;6;1;0.000055465268;0.000102375366;0.000076868309;0.000131507995;
2019;05;12;7;1;0.000056999639;0.000094746589;0.000076162121;0.000119579982;
2019;05;12;8;1;0.000061108317;0.000056564547;0.000067718199;0.000048797003;
2019;05;12;9;1;0.000074038525;0.000058103850;0.000071408445;0.000048554437;
2019;05;12;10;1;0.000094370598;0.000069363990;0.000077606393;0.000056237388;
2019;05;12;11;1;0.000110921697;0.000078914270;0.000083350480;0.000063858704;
2019;05;12;12;1;0.000117836837;0.000081532262;0.000087222576;0.000067077861;
2019;05;12;13;1;0.000119754421;0.000079498786;0.000090244492;0.000064062772;
2019;05;12;14;1;0.000124407278;0.000076789194;0.000090827058;0.000065252361;
2019;05;12;15;1;0.000121411869;0.000074386221;0.000089202955;0.000064522170;
2019;05;12;16;1;0.000106305388;0.000065359146;0.000086813547;0.000057742648;
2019;05;12;17;1;0.000098302182;0.000060421242;0.000083604534;0.000052450401;
2019;05;12;18;1;0.000096364514;0.000058546558;0.000081234035;0.000052333625;
2019;05;12;19;1;0.000098453423;0.000059008217;0.000080055339;0.000052888405;
2019;05;12;20;1;0.000103533155;0.000062131731;0.000081720807;0.000054596286;
2019;05;12;21;1;0.000115527556;0.000069734174;0.000083915637;0.000059902025;
2019;05;12;22;1;0.000133118059;0.000111469822;0.000094898207;0.000119281341;
2019;05;12;23;1;0.000125890595;0.000140754381;0.000095061917;0.000185133793;
2019;05;12;24;1;0.000103382213;0.000139606964;0.000087637199;0.000174415318;
2019;05;13;1;1;0.000082022647;0.000131182029;0.000081219050;0.000154389964;
2019;05;13;2;1;0.000066662560;0.000119310757;0.000077434566;0.000153168832;
2019;05;13;3;1;0.000059271229;0.000111172220;0.000075458396;0.000148458672;
2019;05;13;4;1;0.000055927202;0.000107538112;0.000074659646;0.000143262648;
2019;05;13;5;1;0.000054649250;0.000105248576;0.000074648048;0.000138792207;
2019;05;13;6;1;0.000055795784;0.000104403517;0.000076371494;0.000136113536;
2019;05;13;7;1;0.000063989289;0.000098332650;0.000081769611;0.000120316711;
2019;05;13;8;1;0.000082214562;0.000068724862;0.000088855378;0.000054183084;
2019;05;13;9;1;0.000098908096;0.000075170962;0.000118038246;0.000060527657;
2019;05;13;10;1;0.000108202893;0.000078067044;0.000139571071;0.000061164295;
2019;05;13;11;1;0.000115875479;0.000079240020;0.000148013003;0.000062190829;
2019;05;13;12;1;0.000118692293;0.000077846561;0.000150408182;0.000062662985;
2019;05;13;13;1;0.000122359265;0.000076098027;0.000152019841;0.000062151606;
2019;05;13;14;1;0.000128102565;0.000076211492;0.000146469999;0.000063185375;
2019;05;13;15;1;0.000123251314;0.000073678827;0.000131196900;0.000061738486;
2019;05;13;16;1;0.000112267726;0.000067291905;0.000127520457;0.000054503290;
2019;05;13;17;1;0.000108127294;0.000063764433;0.000128590955;0.000051673286;
2019;05;13;18;1;0.000109863343;0.000063611823;0.000128997191;0.000052633946;
2019;05;13;19;1;0.000112414943;0.000064124689;0.000124121066;0.000055451010;
2019;05;13;20;1;0.000116601529;0.000067089947;0.000117390184;0.000057956092;
2019;05;13;21;1;0.000126954898;0.000074208666;0.000110012350;0.000063180743;
2019;05;13;22;1;0.000140964548;0.000115784531;0.000109158214;0.000124118476;
2019;05;13;23;1;0.000129771973;0.000147056467;0.000101636044;0.000198062788;
2019;05;13;24;1;0.000102967141;0.000141781505;0.000090785940;0.000182132945;
2019;05;14;1;1;0.000079923990;0.000124044890;0.000083413967;0.000147128848;
2019;05;14;2;1;0.000064922663;0.000112563607;0.000079303370;0.000151331980;
2019;05;14;3;1;0.000057930359;0.000104846025;0.000077128102;0.000148432400;
2019;05;14;4;1;0.000054935122;0.000101405237;0.000076144491;0.000142666920;
2019;05;14;5;1;0.000053836398;0.000099489607;0.000076146713;0.000136450158;
2019;05;14;6;1;0.000055319229;0.000099640337;0.000078420602;0.000132288074;
2019;05;14;7;1;0.000064189980;0.000094956860;0.000084004245;0.000117943700;
2019;05;14;8;1;0.000084472389;0.000069109148;0.000092216949;0.000057884366;
2019;05;14;9;1;0.000101230523;0.000075891935;0.000123063115;0.000063304326;
2019;05;14;10;1;0.000109268082;0.000077596676;0.000145332370;0.000064741122;
2019;05;14;11;1;0.000115452787;0.000078308831;0.000154179238;0.000064157768;
2019;05;14;12;1;0.000117699156;0.000076692601;0.000156820544;0.000064498307;
2019;05;14;13;1;0.000121390866;0.000075211033;0.000159045904;0.000065118898;
2019;05;14;14;1;0.000126652955;0.000075126378;0.000152990834;0.000063860688;
2019;05;14;15;1;0.000121868897;0.000072894310;0.000136535534;0.000061565306;
2019;05;14;16;1;0.000111959021;0.000067203688;0.000132766284;0.000057208661;
2019;05;14;17;1;0.000108640597;0.000064003678;0.000133718173;0.000054879755;
2019;05;14;18;1;0.000111232086;0.000064233966;0.000134582456;0.000056037826;
2019;05;14;19;1;0.000113694211;0.000065048886;0.000129294178;0.000058151940;
2019;05;14;20;1;0.000117773104;0.000067976860;0.000122846377;0.000060918598;
2019;05;14;21;1;0.000128050750;0.000075377082;0.000114711293;0.000066488759;
2019;05;14;22;1;0.000140652468;0.000115412727;0.000113029093;0.000123703948;
2019;05;14;23;1;0.000129447826;0.000142690582;0.000104615702;0.000186829556;
2019;05;14;24;1;0.000103712619;0.000136985263;0.000092854153;0.000172440565;
2019;05;15;1;1;0.000079806222;0.000124113515;0.000083283783;0.000147562678;
2019;05;15;2;1;0.000064841957;0.000112686038;0.000079197870;0.000151927816;
2019;05;15;3;1;0.000057854944;0.000104946868;0.000077020969;0.000148986245;
2019;05;15;4;1;0.000054849247;0.000101442252;0.000076018822;0.000143045274;
2019;05;15;5;1;0.000053732892;0.000099444183;0.000075993676;0.000136608919;
2019;05;15;6;1;0.000055198075;0.000099534000;0.000078242021;0.000132295952;
2019;05;15;7;1;0.000064012274;0.000094728804;0.000083764368;0.000117661649;
2019;05;15;8;1;0.000084158433;0.000068792526;0.000091866187;0.000057515458;
2019;05;15;9;1;0.000100806516;0.000075462737;0.000122536960;0.000062778508;
2019;05;15;10;1;0.000108814203;0.000077164392;0.000144716047;0.000064214152;
2019;05;15;11;1;0.000115061382;0.000078009340;0.000153643125;0.000063838686;
2019;05;15;12;1;0.000117389419;0.000076532444;0.000156394197;0.000064380780;
2019;05;15;13;1;0.000121103359;0.000075099181;0.000158655357;0.000065071087;
2019;05;15;14;1;0.000126300068;0.000074942915;0.000152551241;0.000063703353;
2019;05;15;15;1;0.000121560784;0.000072759208;0.000136178447;0.000061479107;
2019;05;15;16;1;0.000111651388;0.000067045477;0.000132389916;0.000057076793;
2019;05;15;17;1;0.000108315518;0.000063817287;0.000133306414;0.000054697908;
2019;05;15;18;1;0.000110880801;0.000064022683;0.000134145712;0.000055814166;
2019;05;15;19;1;0.000113325029;0.000064821681;0.000128863087;0.000057898386;
2019;05;15;20;1;0.000117401469;0.000067753524;0.000122448039;0.000060675538;
2019;05;15;21;1;0.000127711945;0.000075217190;0.000114397791;0.000066363585;
2019;05;15;22;1;0.000140255152;0.000115120791;0.000112699965;0.000123379807;
2019;05;15;23;1;0.000129057074;0.000142267012;0.000104290800;0.000186193355;
2019;05;15;24;1;0.000103403710;0.000136590724;0.000092569501;0.000171879478;
2019;05;16;1;1;0.000080704266;0.000124982933;0.000084243921;0.000147937329;
2019;05;16;2;1;0.000065608411;0.000113620387;0.000080155863;0.000152664236;
2019;05;16;3;1;0.000058509630;0.000105696087;0.000077913774;0.000149396747;
2019;05;16;4;1;0.000055496521;0.000102278563;0.000076936887;0.000143725163;
2019;05;16;5;1;0.000054377603;0.000100308788;0.000076926449;0.000137369421;
2019;05;16;6;1;0.000055873779;0.000100454809;0.000079221408;0.000133166681;
2019;05;16;7;1;0.000064853026;0.000095799552;0.000084887685;0.000118878016;
2019;05;16;8;1;0.000085282120;0.000069604178;0.000093118167;0.000058161348;
2019;05;16;9;1;0.000102168517;0.000076379987;0.000124226421;0.000063522958;
2019;05;16;10;1;0.000110297059;0.000078122458;0.000146728144;0.000065005183;
2019;05;16;11;1;0.000116570764;0.000078887047;0.000155701063;0.000064490053;
2019;05;16;12;1;0.000118831842;0.000077248416;0.000158359053;0.000064816432;
2019;05;16;13;1;0.000122583817;0.000075790980;0.000160638662;0.000065494499;
2019;05;16;14;1;0.000127857212;0.000075650997;0.000154474136;0.000064144939;
2019;05;16;15;1;0.000122982513;0.000073341922;0.000137808699;0.000061745901;
2019;05;16;16;1;0.000112969742;0.000067599479;0.000133989665;0.000057350524;
2019;05;16;17;1;0.000109592201;0.000064341560;0.000134914430;0.000054955522;
2019;05;16;18;1;0.000112194885;0.000064558122;0.000135772521;0.000056092087;
2019;05;16;19;1;0.000114680894;0.000065380428;0.000130440408;0.000058213350;
2019;05;16;20;1;0.000118832932;0.000068372743;0.000123974825;0.000061062405;
2019;05;16;21;1;0.000129241674;0.000075867788;0.000115799606;0.000066727993;
2019;05;16;22;1;0.000141898742;0.000116049224;0.000114051733;0.000123928910;
2019;05;16;23;1;0.000130469477;0.000143165674;0.000105460904;0.000186441732;
2019;05;16;24;1;0.000104600968;0.000137648418;0.000093666845;0.000172543685;
2019;05;17;1;1;0.000080212670;0.000124571262;0.000083685426;0.000148067437;
2019;05;17;2;1;0.000065617175;0.000113784040;0.000079095839;0.000153844059;
2019;05;17;3;1;0.000058166379;0.000106106329;0.000077118138;0.000151123241;
2019;05;17;4;1;0.000054856837;0.000102607941;0.000075928354;0.000146005078;
2019;05;17;5;1;0.000053793366;0.000100490413;0.000076154731;0.000139786251;
2019;05;17;6;1;0.000055206697;0.000100599340;0.000078290274;0.000135615962;
2019;05;17;7;1;0.000064093963;0.000095953249;0.000083759211;0.000119896855;
2019;05;17;8;1;0.000084160745;0.000069676646;0.000091630310;0.000057742060;
2019;05;17;9;1;0.000101067510;0.000076006121;0.000121478176;0.000062945481;
2019;05;17;10;1;0.000109694006;0.000078209623;0.000143659189;0.000065207812;
2019;05;17;11;1;0.000116501346;0.000078961043;0.000152393568;0.000064346428;
2019;05;17;12;1;0.000118406712;0.000077738236;0.000155346255;0.000064527237;
2019;05;17;13;1;0.000122101040;0.000076047281;0.000157533881;0.000064471994;
2019;05;17;14;1;0.000126749323;0.000075464544;0.000150723962;0.000064875902;
2019;05;17;15;1;0.000122633886;0.000073934273;0.000133485011;0.000062608516;
2019;05;17;16;1;0.000113511302;0.000068485212;0.000126246009;0.000058155852;
2019;05;17;17;1;0.000109760943;0.000065227736;0.000124951942;0.000056691334;
2019;05;17;18;1;0.000111439323;0.000065081981;0.000124840740;0.000058822526;
2019;05;17;19;1;0.000112237980;0.000065160301;0.000121833999;0.000058772971;
2019;05;17;20;1;0.000113780777;0.000066918877;0.000118210076;0.000059569536;
2019;05;17;21;1;0.000119276308;0.000071500316;0.000114066358;0.000062294482;
2019;05;17;22;1;0.000130875915;0.000110378950;0.000115232816;0.000120291967;
2019;05;17;23;1;0.000124649392;0.000140220315;0.000108678525;0.000185537636;
2019;05;17;24;1;0.000105156361;0.000138431874;0.000098504280;0.000174955019;
2019;05;18;1;1;0.000085461646;0.000127663310;0.000088806036;0.000150988126;
2019;05;18;2;1;0.000070595205;0.000117028219;0.000082131155;0.000155779716;
2019;05;18;3;1;0.000061633013;0.000108467436;0.000078760291;0.000154887298;
2019;05;18;4;1;0.000056995330;0.000103870965;0.000077246260;0.000147442783;
2019;05;18;5;1;0.000054945331;0.000100940872;0.000076536092;0.000139706878;
2019;05;18;6;1;0.000054919230;0.000100773637;0.000077525833;0.000135286355;
2019;05;18;7;1;0.000057561562;0.000092155423;0.000077311080;0.000118223716;
2019;05;18;8;1;0.000064659424;0.000057522184;0.000072388721;0.000048932863;
2019;05;18;9;1;0.000082291843;0.000063021718;0.000082867742;0.000052568096;
2019;05;18;10;1;0.000104222307;0.000074854879;0.000095164297;0.000061703948;
2019;05;18;11;1;0.000117879238;0.000082153624;0.000105890489;0.000069146175;
2019;05;18;12;1;0.000120987980;0.000081893578;0.000110603755;0.000068859322;
2019;05;18;13;1;0.000122105538;0.000078744372;0.000113131362;0.000066592886;
2019;05;18;14;1;0.000127935903;0.000077512536;0.000109971932;0.000067642269;
2019;05;18;15;1;0.000124886015;0.000075810411;0.000102315600;0.000066618579;
2019;05;18;16;1;0.000109959953;0.000067917202;0.000098609952;0.000059109442;
2019;05;18;17;1;0.000101206666;0.000062372655;0.000096763172;0.000053766938;
2019;05;18;18;1;0.000099021349;0.000060629616;0.000098089965;0.000052769638;
2019;05;18;19;1;0.000099752211;0.000060605870;0.000098155724;0.000053394848;
2019;05;18;20;1;0.000101723215;0.000062467408;0.000100515170;0.000055270243;
2019;05;18;21;1;0.000108767534;0.000066863901;0.000101921857;0.000058116691;
2019;05;18;22;1;0.000122714263;0.000105273683;0.000107306357;0.000113559012;
2019;05;18;23;1;0.000118915187;0.000136345222;0.000105194161;0.000181119185;
2019;05;18;24;1;0.000103081619;0.000136300354;0.000096832275;0.000171401188;
2019;05;19;1;1;0.000088481691;0.000131397419;0.000089113318;0.000149600752;
2019;05;19;2;1;0.000073460178;0.000120403457;0.000082111703;0.000149872880;
2019;05;19;3;1;0.000063692817;0.000111039493;0.000078501025;0.000145537265;
2019;05;19;4;1;0.000058392374;0.000106101323;0.000076686399;0.000139990098;
2019;05;19;5;1;0.000056065922;0.000103233158;0.000076209096;0.000135015990;
2019;05;19;6;1;0.000055453370;0.000102385117;0.000076854608;0.000131587360;
2019;05;19;7;1;0.000056995707;0.000094787136;0.000076159629;0.000119724284;
2019;05;19;8;1;0.000061067057;0.000056510074;0.000067674931;0.000048732163;
2019;05;19;9;1;0.000074015267;0.000058096056;0.000071388603;0.000048563336;
2019;05;19;10;1;0.000094302170;0.000069289237;0.000077552934;0.000056150889;
2019;05;19;11;1;0.000110946048;0.000079000265;0.000083371802;0.000064012756;
2019;05;19;12;1;0.000117902731;0.000081684346;0.000087274516;0.000067333844;
2019;05;19;13;1;0.000119845360;0.000079683507;0.000090316297;0.000064360573;
2019;05;19;14;1;0.000124534854;0.000077014055;0.000090923497;0.000065626621;
2019;05;19;15;1;0.000121506249;0.000074561254;0.000089275535;0.000064823603;
2019;05;19;16;1;0.000106318052;0.000065415065;0.000086827039;0.000057856733;
2019;05;19;17;1;0.000098251347;0.000060385256;0.000083564330;0.000052416496;
2019;05;19;18;1;0.000096307415;0.000058501546;0.000081188846;0.000052283240;
2019;05;19;19;1;0.000098435163;0.000059017759;0.000080043395;0.000052926705;
2019;05;19;20;1;0.000103567407;0.000062215318;0.000081750809;0.000054753459;
2019;05;19;21;1;0.000115528747;0.000069776867;0.000083919546;0.000059994802;
2019;05;19;22;1;0.000132987332;0.000111284830;0.000094808453;0.000118973771;
2019;05;19;23;1;0.000125749200;0.000140477177;0.000094958593;0.000184558514;
2019;05;19;24;1;0.000103278861;0.000139371311;0.000087552763;0.000173961990;
2019;05;20;1;1;0.000081949805;0.000131039069;0.000081139231;0.000154203522;
2019;05;20;2;1;0.000066601296;0.000119172074;0.000077356070;0.000152962982;
2019;05;20;3;1;0.000059212890;0.000111026197;0.000075376980;0.000148217727;
2019;05;20;4;1;0.000055891999;0.000107483915;0.000074605581;0.000143239804;
2019;05;20;5;1;0.000054613362;0.000105188850;0.000074591956;0.000138753667;
2019;05;20;6;1;0.000055772265;0.000104400678;0.000076332068;0.000136210024;
2019;05;20;7;1;0.000063955315;0.000098305150;0.000081718450;0.000120346179;
2019;05;20;8;1;0.000082198067;0.000068757910;0.000088829131;0.000054271858;
2019;05;20;9;1;0.000098954471;0.000075322410;0.000118082396;0.000060795691;
2019;05;20;10;1;0.000108332099;0.000078353974;0.000139724489;0.000061619767;
2019;05;20;11;1;0.000116058508;0.000079601080;0.000148232743;0.000062753299;
2019;05;20;12;1;0.000118834047;0.000078132361;0.000150573540;0.000063128400;
2019;05;20;13;1;0.000122421167;0.000076257242;0.000152082333;0.000062434390;
2019;05;20;14;1;0.000128053406;0.000076215854;0.000146399914;0.000063239525;
2019;05;20;15;1;0.000123148260;0.000073607060;0.000131074778;0.000061676407;
2019;05;20;16;1;0.000112199375;0.000067261208;0.000127430741;0.000054499416;
2019;05;20;17;1;0.000108020872;0.000063680671;0.000128452216;0.000051589380;
2019;05;20;18;1;0.000109703596;0.000063460148;0.000128797413;0.000052446742;
2019;05;20;19;1;0.000112227491;0.000063940390;0.000123902348;0.000055204300;
2019;05;20;20;1;0.000116405940;0.000066895329;0.000117182164;0.000057694799;
2019;05;20;21;1;0.000126807708;0.000074081168;0.000109874388;0.000063031142;
2019;05;20;22;1;0.000140848187;0.000115674751;0.000109057771;0.000123999994;
2019;05;20;23;1;0.000129604777;0.000146763199;0.000101495478;0.000197504184;
2019;05;20;24;1;0.000102842007;0.000141520985;0.000090667014;0.000181666264;
2019;05;21;1;1;0.000079158039;0.000123120223;0.000082585306;0.000146342320;
2019;05;21;2;1;0.000064321271;0.000111806934;0.000078540935;0.000150723617;
2019;05;21;3;1;0.000057395448;0.000104148311;0.000076388857;0.000147853866;
2019;05;21;4;1;0.000054437938;0.000100773176;0.000075428625;0.000142220790;
2019;05;21;5;1;0.000053359934;0.000098915450;0.000075446063;0.000136139232;
2019;05;21;6;1;0.000054813417;0.000098998008;0.000077676038;0.000131823058;
2019;05;21;7;1;0.000063627007;0.000094426609;0.000083237997;0.000117716288;
2019;05;21;8;1;0.000083731651;0.000068723236;0.000091375920;0.000057772251;
2019;05;21;9;1;0.000100413737;0.000075589966;0.000122026932;0.000063366394;
2019;05;21;10;1;0.000108362919;0.000077249301;0.000144077401;0.000064745292;
2019;05;21;11;1;0.000114530864;0.000078011974;0.000152893896;0.000064242134;
2019;05;21;12;1;0.000116773615;0.000076423302;0.000155532255;0.000064615986;
2019;05;21;13;1;0.000120419517;0.000074922803;0.000157717360;0.000065199019;
2019;05;21;14;1;0.000125560563;0.000074730937;0.000151617551;0.000063772609;
2019;05;21;15;1;0.000120791211;0.000072474374;0.000135280214;0.000061425105;
2019;05;21;16;1;0.000110898269;0.000066719466;0.000131461811;0.000056928598;
2019;05;21;17;1;0.000107557364;0.000063469872;0.000132338004;0.000054498242;
2019;05;21;18;1;0.000110092221;0.000063657818;0.000133156122;0.000055584916;
2019;05;21;19;1;0.000112506983;0.000064436391;0.000127898731;0.000057634720;
2019;05;21;20;1;0.000116553798;0.000067350361;0.000121531483;0.000060398066;
2019;05;21;21;1;0.000126780455;0.000074756883;0.000113533098;0.000066039494;
2019;05;21;22;1;0.000139163448;0.000114289166;0.000111792895;0.000122535500;
2019;05;21;23;1;0.000128132451;0.000141440359;0.000103515976;0.000185394957;
2019;05;21;24;1;0.000102682507;0.000135855137;0.000091899326;0.000171271066;
2019;05;22;1;1;0.000080162066;0.000124251171;0.000083666275;0.000147160512;
2019;05;22;2;1;0.000065143746;0.000112860239;0.000079577073;0.000151630297;
2019;05;22;3;1;0.000058118334;0.000105083797;0.000077381919;0.000148625873;
2019;05;22;4;1;0.000055125075;0.000101684680;0.000076411284;0.000142979550;
2019;05;22;5;1;0.000054026859;0.000099782086;0.000076419606;0.000136795159;
2019;05;22;6;1;0.000055522197;0.000099963529;0.000078711939;0.000132696760;
2019;05;22;7;1;0.000064415727;0.000095231545;0.000084303542;0.000118232079;
2019;05;22;8;1;0.000084731706;0.000069238055;0.000092504283;0.000057917168;
2019;05;22;9;1;0.000101594138;0.000076124351;0.000123510815;0.000063478265;
2019;05;22;10;1;0.000109669816;0.000077849260;0.000145873386;0.000064941482;
2019;05;22;11;1;0.000115918125;0.000078627121;0.000154807764;0.000064450558;
2019;05;22;12;1;0.000118157303;0.000076980134;0.000157438192;0.000064755782;
2019;05;22;13;1;0.000121779728;0.000075374552;0.000159562707;0.000065192898;
2019;05;22;14;1;0.000127085364;0.000075325841;0.000153520203;0.000063988817;
2019;05;22;15;1;0.000122334164;0.000073154909;0.000137063080;0.000061791113;
2019;05;22;16;1;0.000112383322;0.000067439691;0.000133275551;0.000057412026;
2019;05;22;17;1;0.000109014218;0.000064177253;0.000134184191;0.000054995519;
2019;05;22;18;1;0.000111595357;0.000064382837;0.000135028178;0.000056116184;
2019;05;22;19;1;0.000114044207;0.000065171864;0.000129698145;0.000058188439;
2019;05;22;20;1;0.000118144029;0.000068116318;0.000123238931;0.000060974383;
2019;05;22;21;1;0.000128480362;0.000075567055;0.000115101429;0.000066605980;
2019;05;22;22;1;0.000141015101;0.000115500156;0.000113325703;0.000123530698;
2019;05;22;23;1;0.000129818537;0.000142891559;0.000104920110;0.000186787540;
2019;05;22;24;1;0.000103998913;0.000137145154;0.000093114741;0.000172324135;
2019;05;23;1;1;0.000080132042;0.000124325056;0.000083632827;0.000147439776;
2019;05;23;2;1;0.000065102007;0.000112858893;0.000079524078;0.000151752094;
2019;05;23;3;1;0.000058069658;0.000105035266;0.000077315157;0.000148624049;
2019;05;23;4;1;0.000055067163;0.000101588010;0.000076329082;0.000142850386;
2019;05;23;5;1;0.000053956655;0.000099630070;0.000076318378;0.000136528141;
2019;05;23;6;1;0.000055446018;0.000099794184;0.000078601959;0.000132395060;
2019;05;23;7;1;0.000064328082;0.000095072749;0.000084186710;0.000117969131;
2019;05;23;8;1;0.000084631453;0.000069151061;0.000092392501;0.000057832346;
2019;05;23;9;1;0.000101431214;0.000075955597;0.000123309630;0.000063274950;
2019;05;23;10;1;0.000109497868;0.000077683270;0.000145640998;0.000064743917;
2019;05;23;11;1;0.000115783353;0.000078532333;0.000154623873;0.000064362799;
2019;05;23;12;1;0.000118062793;0.000076951195;0.000157308290;0.000064765036;
2019;05;23;13;1;0.000121828971;0.000075553725;0.000159623197;0.000065527571;
2019;05;23;14;1;0.000127087560;0.000075437791;0.000153518981;0.000064212972;
2019;05;23;15;1;0.000122262249;0.000073162735;0.000136979048;0.000061853750;
2019;05;23;16;1;0.000112295801;0.000067417555;0.000133168398;0.000057425113;
2019;05;23;17;1;0.000108941850;0.000064173018;0.000134091729;0.000055034128;
2019;05;23;18;1;0.000111506532;0.000064359163;0.000134917295;0.000056124935;
2019;05;23;19;1;0.000113949573;0.000065142881;0.000129587249;0.000058189443;
2019;05;23;20;1;0.000118059329;0.000068103600;0.000123147469;0.000061003949;
2019;05;23;21;1;0.000128354221;0.000075507207;0.000114985519;0.000066565238;
2019;05;23;22;1;0.000140898289;0.000115449134;0.000113228969;0.000123533399;
2019;05;23;23;1;0.000129667367;0.000142719458;0.000104795287;0.000186536118;
2019;05;23;24;1;0.000103883644;0.000136997043;0.000093009188;0.000172129382;
2019;05;24;1;1;0.000081053641;0.000125362275;0.000084593174;0.000148365360;
2019;05;24;2;1;0.000066288422;0.000114440457;0.000079933665;0.000153991714;
2019;05;24;3;1;0.000058750234;0.000106671466;0.000077920198;0.000151145298;
2019;05;24;4;1;0.000055421861;0.000103215470;0.000076737961;0.000146182225;
2019;05;24;5;1;0.000054355877;0.000101120857;0.000076978707;0.000140043219;
2019;05;24;6;1;0.000055785590;0.000101236131;0.000079139630;0.000135875517;
2019;05;24;7;1;0.000064770154;0.000096574608;0.000084673268;0.000120157777;
2019;05;24;8;1;0.000085094292;0.000070214642;0.000092679984;0.000057999196;
2019;05;24;9;1;0.000102249687;0.000076698163;0.000122943230;0.000063384264;
2019;05;24;10;1;0.000111008128;0.000078972234;0.000145432420;0.000065738629;
2019;05;24;11;1;0.000117836245;0.000079637031;0.000154195083;0.000064731671;
2019;05;24;12;1;0.000119759056;0.000078397188;0.000157176917;0.000064903706;
2019;05;24;13;1;0.000123583135;0.000076816201;0.000159503331;0.000065038681;
2019;05;24;14;1;0.000128383919;0.000076357623;0.000152722568;0.000065647535;
2019;05;24;15;1;0.000124201828;0.000074790714;0.000135240240;0.000063325106;
2019;05;24;16;1;0.000114980376;0.000069303215;0.000127925821;0.000058859923;
2019;05;24;17;1;0.000111199825;0.000066031751;0.000126635428;0.000057416997;
2019;05;24;18;1;0.000112892670;0.000065873991;0.000126514281;0.000059558371;
2019;05;24;19;1;0.000113695139;0.000065944570;0.000123460062;0.000059494122;
2019;05;24;20;1;0.000115232302;0.000067689982;0.000119761100;0.000060245378;
2019;05;24;21;1;0.000120749875;0.000072258653;0.000115517030;0.000062898228;
2019;05;24;22;1;0.000132379326;0.000111331362;0.000116598388;0.000121027247;
2019;05;24;23;1;0.000126070022;0.000141401598;0.000109956608;0.000186604091;
2019;05;24;24;1;0.000106366549;0.000139633039;0.000099673695;0.000176039791;
2019;05;25;1;1;0.000086360915;0.000128684296;0.000089767226;0.000151843779;
2019;05;25;2;1;0.000071307936;0.000117850947;0.000082985063;0.000156392039;
2019;05;25;3;1;0.000062247568;0.000109199133;0.000079569319;0.000155416562;
2019;05;25;4;1;0.000057543777;0.000104488985;0.000078012803;0.000147733937;
2019;05;25;5;1;0.000055490550;0.000101610377;0.000077318576;0.000140154579;
2019;05;25;6;1;0.000055480885;0.000101511889;0.000078342010;0.000135889503;
2019;05;25;7;1;0.000058150769;0.000092832469;0.000078125707;0.000118755265;
2019;05;25;8;1;0.000065344584;0.000057992291;0.000073177574;0.000049226501;
2019;05;25;9;1;0.000083162286;0.000063534047;0.000083769220;0.000052879435;
2019;05;25;10;1;0.000105278386;0.000075387143;0.000096157223;0.000061954871;
2019;05;25;11;1;0.000119095903;0.000082773170;0.000107015281;0.000069481445;
2019;05;25;12;1;0.000122206885;0.000082465142;0.000111751319;0.000069123318;
2019;05;25;13;1;0.000123359407;0.000079328776;0.000114327120;0.000066901361;
2019;05;25;14;1;0.000129285715;0.000078137521;0.000111165313;0.000068033826;
2019;05;25;15;1;0.000126198693;0.000076414785;0.000103421836;0.000066993208;
2019;05;25;16;1;0.000111156670;0.000068516283;0.000099712835;0.000059532538;
2019;05;25;17;1;0.000102277880;0.000062880469;0.000097816481;0.000054086054;
2019;05;25;18;1;0.000100048841;0.000061094477;0.000099137312;0.000053037533;
2019;05;25;19;1;0.000100784371;0.000061066509;0.000099200903;0.000053659481;
2019;05;25;20;1;0.000102774767;0.000062940794;0.000101584482;0.000055541929;
2019;05;25;21;1;0.000109859718;0.000067325312;0.000102975963;0.000058330779;
2019;05;25;22;1;0.000123867572;0.000105846368;0.000108347120;0.000113679005;
2019;05;25;23;1;0.000120153109;0.000137400910;0.000106320904;0.000182062849;
2019;05;25;24;1;0.000104244599;0.000137625343;0.000097953916;0.000172903049;
2019;05;26;1;1;0.000087847616;0.000130916032;0.000088442942;0.000149633223;
2019;05;26;2;1;0.000072946848;0.000120011666;0.000081508634;0.000150017346;
2019;05;26;3;1;0.000063221365;0.000110574150;0.000077891978;0.000145434402;
2019;05;26;4;1;0.000057951640;0.000105621723;0.000076080251;0.000139809108;
2019;05;26;5;1;0.000055618658;0.000102664906;0.000075573990;0.000134600018;
2019;05;26;6;1;0.000055001555;0.000101781552;0.000076201046;0.000131088423;
2019;05;26;7;1;0.000056500197;0.000094109647;0.000075470398;0.000118997585;
2019;05;26;8;1;0.000060594305;0.000056229929;0.000067126908;0.000048631310;
2019;05;26;9;1;0.000073438214;0.000057800876;0.000070806591;0.000048452239;
2019;05;26;10;1;0.000093519835;0.000068857299;0.000076881931;0.000055903599;
2019;05;26;11;1;0.000109913337;0.000078324249;0.000082566095;0.000063459956;
2019;05;26;12;1;0.000116768558;0.000080927431;0.000086403931;0.000066666346;
2019;05;26;13;1;0.000118645891;0.000078874240;0.000089380258;0.000063618763;
2019;05;26;14;1;0.000123258814;0.000076190497;0.000089959535;0.000064807430;
2019;05;26;15;1;0.000120291378;0.000073807013;0.000088351179;0.000064084091;
2019;05;26;16;1;0.000105293145;0.000064806403;0.000085959143;0.000057280446;
2019;05;26;17;1;0.000097367672;0.000059912211;0.000082783010;0.000052033197;
2019;05;26;18;1;0.000095448020;0.000058052629;0.000080435463;0.000051915927;
2019;05;26;19;1;0.000097598789;0.000058622566;0.000079334788;0.000052648798;
2019;05;26;20;1;0.000102655551;0.000061754794;0.000081001935;0.000054395633;
2019;05;26;21;1;0.000114542025;0.000069302554;0.000083172914;0.000059668719;
2019;05;26;22;1;0.000131782309;0.000110395672;0.000093915635;0.000118069316;
2019;05;26;23;1;0.000124803502;0.000139848864;0.000094210608;0.000184328628;
2019;05;26;24;1;0.000102572234;0.000138963044;0.000086922505;0.000174227924;
2019;05;27;1;1;0.000082994035;0.000132282964;0.000082208969;0.000155158293;
2019;05;27;2;1;0.000067445383;0.000120284739;0.000078370623;0.000153867115;
2019;05;27;3;1;0.000059963121;0.000112061828;0.000076365300;0.000149091274;
2019;05;27;4;1;0.000056569762;0.000108353220;0.000075543201;0.000143762694;
2019;05;27;5;1;0.000055260282;0.000105971625;0.000075508447;0.000139095913;
2019;05;27;6;1;0.000056426101;0.000105146958;0.000077260612;0.000136468272;
2019;05;27;7;1;0.000064675606;0.000098903877;0.000082674836;0.000120341954;
2019;05;27;8;1;0.000083115227;0.000069160766;0.000089859452;0.000054248234;
2019;05;27;9;1;0.000100073743;0.000075791208;0.000119470104;0.000060811907;
2019;05;27;10;1;0.000109565103;0.000078854727;0.000141376422;0.000061655750;
2019;05;27;11;1;0.000117386651;0.000080121299;0.000149994465;0.000062806822;
2019;05;27;12;1;0.000120232328;0.000078700467;0.000152411729;0.000063266149;
2019;05;27;13;1;0.000123927220;0.000076904727;0.000154020424;0.000062708126;
2019;05;27;14;1;0.000129723732;0.000076991539;0.000148374231;0.000063708938;
2019;05;27;15;1;0.000124823236;0.000074449482;0.000132915505;0.000062275054;
2019;05;27;16;1;0.000113693877;0.000067988085;0.000129184439;0.000054965956;
2019;05;27;17;1;0.000109539535;0.000064476080;0.000130314929;0.000052187973;
2019;05;27;18;1;0.000111269310;0.000064283537;0.000130692610;0.000053100962;
2019;05;27;19;1;0.000113855694;0.000064804661;0.000125754751;0.000055947624;
2019;05;27;20;1;0.000118137194;0.000067855607;0.000118976828;0.000058560170;
2019;05;27;21;1;0.000128590356;0.000075006975;0.000111467580;0.000063764751;
2019;05;27;22;1;0.000142702701;0.000116884167;0.000110541895;0.000124982061;
2019;05;27;23;1;0.000131356874;0.000148414017;0.000102912433;0.000199346676;
2019;05;27;24;1;0.000104178798;0.000142946758;0.000091885604;0.000182981355;
2019;05;28;1;1;0.000080445828;0.000124639451;0.000083968090;0.000147592569;
2019;05;28;2;1;0.000065350588;0.000113119017;0.000079835113;0.000151847322;
2019;05;28;3;1;0.000058315391;0.000105376555;0.000077649515;0.000148971690;
2019;05;28;4;1;0.000055304831;0.000101937740;0.000076665609;0.000143234893;
2019;05;28;5;1;0.000054195517;0.000099998529;0.000076663326;0.000136959647;
2019;05;28;6;1;0.000055686315;0.000100142057;0.000078949914;0.000132762648;
2019;05;28;7;1;0.000064585710;0.000095332095;0.000084531691;0.000118132564;
2019;05;28;8;1;0.000084977423;0.000069352955;0.000092778780;0.000057932877;
2019;05;28;9;1;0.000101867560;0.000076214600;0.000123851553;0.000063441422;
2019;05;28;10;1;0.000109974320;0.000077956882;0.000146288252;0.000064927328;
2019;05;28;11;1;0.000116287757;0.000078809847;0.000155311852;0.000064546442;
2019;05;28;12;1;0.000118591431;0.000077244409;0.000158027273;0.000064982263;
2019;05;28;13;1;0.000122342938;0.000075796926;0.000160311441;0.000065677101;
2019;05;28;14;1;0.000127598377;0.000075646397;0.000154150297;0.000064307013;
2019;05;28;15;1;0.000122808693;0.000073439973;0.000137603998;0.000062058466;
2019;05;28;16;1;0.000112735126;0.000067587480;0.000133701749;0.000057483760;
2019;05;28;17;1;0.000109362437;0.000064327233;0.000134621865;0.000055078684;
2019;05;28;18;1;0.000111949874;0.000064530757;0.000135466249;0.000056197090;
2019;05;28;19;1;0.000114458436;0.000065389191;0.000130177988;0.000058381210;
2019;05;28;20;1;0.000118541219;0.000068301549;0.000123661568;0.000061108730;
2019;05;28;21;1;0.000128908196;0.000075767047;0.000115492481;0.000066743992;
2019;05;28;22;1;0.000141405025;0.000115657523;0.000113646708;0.000123501275;
2019;05;28;23;1;0.000130175170;0.000143080889;0.000105215420;0.000186732031;
2019;05;28;24;1;0.000104312178;0.000137408794;0.000093401504;0.000172455855;
2019;05;29;1;1;0.000080279803;0.000124466209;0.000083787313;0.000147490880;
2019;05;29;2;1;0.000065255296;0.000113118618;0.000079711581;0.000152125000;
2019;05;29;3;1;0.000058219492;0.000105331584;0.000077514899;0.000149130894;
2019;05;29;4;1;0.000055211164;0.000101882842;0.000076528930;0.000143359178;
2019;05;29;5;1;0.000054089134;0.000099882945;0.000076506006;0.000136924676;
2019;05;29;6;1;0.000055569451;0.000099995138;0.000078777194;0.000132653449;
2019;05;29;7;1;0.000064463680;0.000095238262;0.000084364440;0.000118140246;
2019;05;29;8;1;0.000084836151;0.000069320772;0.000092616267;0.000057991473;
2019;05;29;9;1;0.000101694263;0.000076172125;0.000123629816;0.000063494061;
2019;05;29;10;1;0.000109754126;0.000077859573;0.000145982312;0.000064899426;
2019;05;29;11;1;0.000116015434;0.000078650242;0.000154934305;0.000064427698;
2019;05;29;12;1;0.000118307334;0.000077078481;0.000157634625;0.000064848260;
2019;05;29;13;1;0.000122032298;0.000075609342;0.000159890115;0.000065502994;
2019;05;29;14;1;0.000127312689;0.000075511030;0.000153791425;0.000064216289;
2019;05;29;15;1;0.000122476622;0.000073230722;0.000137219666;0.000061852231;
2019;05;29;16;1;0.000112470030;0.000067449158;0.000133375438;0.000057375902;
2019;05;29;17;1;0.000109126444;0.000064224008;0.000134319369;0.000055019348;
2019;05;29;18;1;0.000111719726;0.000064442213;0.000135175683;0.000056160121;
2019;05;29;19;1;0.000114172823;0.000065233950;0.000129841553;0.000058237205;
2019;05;29;20;1;0.000118284810;0.000068191148;0.000123383064;0.000061041614;
2019;05;29;21;1;0.000128578222;0.000075575844;0.000115186560;0.000066560901;
2019;05;29;22;1;0.000141034059;0.000115349340;0.000113338441;0.000123132358;
2019;05;29;23;1;0.000129835620;0.000142704905;0.000104931603;0.000186187894;
2019;05;29;24;1;0.000104032621;0.000137024607;0.000093142869;0.000171898771;
2019;05;30;1;1;0.000079718966;0.000123834328;0.000083190322;0.000147019947;
2019;05;30;2;1;0.000064794521;0.000112524892;0.000079137646;0.000151591759;
2019;05;30;3;1;0.000057785593;0.000104683962;0.000076926420;0.000148363459;
2019;05;30;4;1;0.000054784705;0.000101192810;0.000075927175;0.000142457751;
2019;05;30;5;1;0.000053683706;0.000099258647;0.000075921918;0.000136193246;
2019;05;30;6;1;0.000055161055;0.000099403493;0.000078187287;0.000132024667;
2019;05;30;7;1;0.000063989585;0.000094673636;0.000083732259;0.000117577719;
2019;05;30;8;1;0.000084133588;0.000068762024;0.000091836412;0.000057489484;
2019;05;30;9;1;0.000100909553;0.000075657755;0.000122658665;0.000063097508;
2019;05;30;10;1;0.000108927733;0.000077367333;0.000144862851;0.000064545288;
2019;05;30;11;1;0.000115154540;0.000078172654;0.000153763079;0.000064105413;
2019;05;30;12;1;0.000117447480;0.000076637390;0.000156467029;0.000064565104;
2019;05;30;13;1;0.000121221623;0.000075284784;0.000158805705;0.000065386932;
2019;05;30;14;1;0.000126465802;0.000075185220;0.000152747008;0.000064099625;
2019;05;30;15;1;0.000121666313;0.000072920830;0.000136292728;0.000061749278;
2019;05;30;16;1;0.000111732577;0.000067172910;0.000132482358;0.000057294668;
2019;05;30;17;1;0.000108421982;0.000063975838;0.000133433587;0.000054964479;
2019;05;30;18;1;0.000110984554;0.000064174699;0.000134267356;0.000056074725;
2019;05;30;19;1;0.000113453732;0.000065005253;0.000129005709;0.000058216768;
2019;05;30;20;1;0.000117536499;0.000067947862;0.000122585331;0.000061013709;
2019;05;30;21;1;0.000127714212;0.000075238269;0.000114396517;0.000066422138;
2019;05;30;22;1;0.000140095299;0.000114850517;0.000112568265;0.000122906476;
2019;05;30;23;1;0.000129008451;0.000142180135;0.000104248495;0.000186062088;
2019;05;30;24;1;0.000103422033;0.000136678848;0.000092583229;0.000172145043;
2019;05;31;1;1;0.000081611494;0.000125913125;0.000085200630;0.000148611512;
2019;05;31;2;1;0.000066735291;0.000114906284;0.000080496369;0.000154156504;
2019;05;31;3;1;0.000059137332;0.000107068188;0.000078456849;0.000151209513;
2019;05;31;4;1;0.000055771417;0.000103532783;0.000077244846;0.000146072968;
2019;05;31;5;1;0.000054692460;0.000101404699;0.000077478330;0.000139868962;
2019;05;31;6;1;0.000056139276;0.000101553617;0.000079664985;0.000135784348;
2019;05;31;7;1;0.000065152102;0.000096779047;0.000085197825;0.000119852962;
2019;05;31;8;1;0.000085599148;0.000070369633;0.000093257474;0.000057862892;
2019;05;31;9;1;0.000102822195;0.000076809703;0.000123668242;0.000063150358;
2019;05;31;10;1;0.000111624326;0.000079078922;0.000146283044;0.000065484893;
2019;05;31;11;1;0.000118640059;0.000079975618;0.000155292925;0.000064821864;
2019;05;31;12;1;0.000120679727;0.000078885523;0.000158432184;0.000065226500;
2019;05;31;13;1;0.000124542599;0.000077307958;0.000160789305;0.000065382355;
2019;05;31;14;1;0.000129409483;0.000076885319;0.000153988177;0.000066054353;
2019;05;31;15;1;0.000125264224;0.000075403888;0.000136437478;0.000063864637;
2019;05;31;16;1;0.000115993602;0.000069912404;0.000129091370;0.000059424746;
2019;05;31;17;1;0.000112197910;0.000066636792;0.000127809923;0.000058006657;
2019;05;31;18;1;0.000113926385;0.000066504566;0.000127710561;0.000060213623;
2019;05;31;19;1;0.000114763124;0.000066611458;0.000124656704;0.000060206866;
2019;05;31;20;1;0.000116290461;0.000068342250;0.000120896664;0.000060915731;
2019;05;31;21;1;0.000121741658;0.000072795527;0.000116500348;0.000063347905;
2019;05;31;22;1;0.000133369425;0.000111971885;0.000117505270;0.000121524971;
2019;05;31;23;1;0.000127136375;0.000142529891;0.000110919529;0.000188119199;
2019;05;31;24;1;0.000107300609;0.000140850235;0.000100578780;0.000177704357;
