AŃO;MES;DIA;HORA;VERANO(1)/INVIERNO(0);COEF. PERFIL A;COEF. PERFIL B;COEF. PERFIL C;COEF. PERFIL D;
2019;02;01;1;0;0.000100211252;0.000199535796;0.000085755017;0.000162741208;
2019;02;01;2;0;0.000079554275;0.000179919850;0.000081819005;0.000176108664;
2019;02;01;3;0;0.000069424917;0.000165500964;0.000080163744;0.000171965725;
2019;02;01;4;0;0.000065081758;0.000156832531;0.000079126886;0.000165989348;
2019;02;01;5;0;0.000063883748;0.000152740060;0.000079265360;0.000158205326;
2019;02;01;6;0;0.000066078277;0.000160237620;0.000082386186;0.000154297442;
2019;02;01;7;0;0.000079090363;0.000169951842;0.000094161342;0.000152671651;
2019;02;01;8;0;0.000109979734;0.000177535329;0.000118744942;0.000150134929;
2019;02;01;9;0;0.000132405054;0.000145741970;0.000154084364;0.000092890861;
2019;02;01;10;0;0.000143824072;0.000133756859;0.000179736646;0.000085445039;
2019;02;01;11;0;0.000153764602;0.000129315031;0.000187710101;0.000085342488;
2019;02;01;12;0;0.000154630632;0.000117471207;0.000186395889;0.000083589112;
2019;02;01;13;0;0.000156860168;0.000093791345;0.000183538401;0.000080966069;
2019;02;01;14;0;0.000161363806;0.000094210895;0.000171694723;0.000079628301;
2019;02;01;15;0;0.000157611205;0.000093030250;0.000147173907;0.000077092948;
2019;02;01;16;0;0.000150755623;0.000088530552;0.000136023574;0.000073167151;
2019;02;01;17;0;0.000148146869;0.000085368202;0.000134834238;0.000071190813;
2019;02;01;18;0;0.000151385171;0.000085548378;0.000136225908;0.000073416017;
2019;02;01;19;0;0.000160849842;0.000100623937;0.000141483014;0.000084414598;
2019;02;01;20;0;0.000176902573;0.000159765597;0.000151946979;0.000187447254;
2019;02;01;21;0;0.000183153557;0.000171706418;0.000141292258;0.000203379012;
2019;02;01;22;0;0.000182577424;0.000176971330;0.000123676430;0.000206125697;
2019;02;01;23;0;0.000163485788;0.000216372343;0.000107636607;0.000200470734;
2019;02;01;24;0;0.000136834527;0.000218131050;0.000097497691;0.000179191857;
2019;02;02;1;0;0.000111250566;0.000206289585;0.000090830498;0.000168613231;
2019;02;02;2;0;0.000089726531;0.000187509443;0.000084993010;0.000182991647;
2019;02;02;3;0;0.000076854353;0.000170800083;0.000082279953;0.000177969703;
2019;02;02;4;0;0.000070084985;0.000161500193;0.000080777524;0.000170397868;
2019;02;02;5;0;0.000067327760;0.000156538084;0.000080445360;0.000160863410;
2019;02;02;6;0;0.000067416520;0.000163738580;0.000081443835;0.000157744340;
2019;02;02;7;0;0.000071498254;0.000168401040;0.000085795109;0.000154444454;
2019;02;02;8;0;0.000081791482;0.000162556267;0.000091099524;0.000139260320;
2019;02;02;9;0;0.000104416424;0.000127897840;0.000092693447;0.000077990483;
2019;02;02;10;0;0.000135850760;0.000131118167;0.000105407262;0.000079658252;
2019;02;02;11;0;0.000158253371;0.000135897269;0.000119047287;0.000088026561;
2019;02;02;12;0;0.000162985694;0.000126486853;0.000123447517;0.000087432890;
2019;02;02;13;0;0.000163694700;0.000100707712;0.000124738050;0.000083684329;
2019;02;02;14;0;0.000169529624;0.000101305316;0.000119080443;0.000081643786;
2019;02;02;15;0;0.000166953570;0.000099378802;0.000107186284;0.000082097126;
2019;02;02;16;0;0.000152337219;0.000091040262;0.000102087756;0.000074365855;
2019;02;02;17;0;0.000142980178;0.000085084526;0.000100593951;0.000069531481;
2019;02;02;18;0;0.000140421550;0.000082683456;0.000103381007;0.000067709331;
2019;02;02;19;0;0.000148569278;0.000097169562;0.000110130621;0.000076995230;
2019;02;02;20;0;0.000162702904;0.000155571006;0.000127696703;0.000177774539;
2019;02;02;21;0;0.000172198412;0.000167815574;0.000127450086;0.000198069534;
2019;02;02;22;0;0.000174778770;0.000173970988;0.000117599170;0.000202149986;
2019;02;02;23;0;0.000158584142;0.000214933142;0.000107288768;0.000199703898;
2019;02;02;24;0;0.000136417953;0.000219923488;0.000099007971;0.000178432763;
2019;02;03;1;0;0.000113603117;0.000207968436;0.000092788286;0.000166994646;
2019;02;03;2;0;0.000092349143;0.000188796080;0.000085948028;0.000174295502;
2019;02;03;3;0;0.000078936287;0.000172683247;0.000082946269;0.000168284597;
2019;02;03;4;0;0.000071410316;0.000161890616;0.000081231179;0.000162370061;
2019;02;03;5;0;0.000068120084;0.000156688789;0.000080670005;0.000155562216;
2019;02;03;6;0;0.000067602699;0.000164047818;0.000081399298;0.000153641153;
2019;02;03;7;0;0.000069672493;0.000168142716;0.000083992180;0.000151560376;
2019;02;03;8;0;0.000076012811;0.000159365910;0.000084567166;0.000135847020;
2019;02;03;9;0;0.000091501244;0.000119281108;0.000078685744;0.000071032852;
2019;02;03;10;0;0.000119773584;0.000120928485;0.000082494418;0.000070515807;
2019;02;03;11;0;0.000144989768;0.000129768245;0.000088587061;0.000078715213;
2019;02;03;12;0;0.000156286089;0.000125704645;0.000093215456;0.000082328115;
2019;02;03;13;0;0.000159729996;0.000101713654;0.000096302160;0.000079725542;
2019;02;03;14;0;0.000166384325;0.000100908623;0.000095910981;0.000076839895;
2019;02;03;15;0;0.000164576553;0.000098396289;0.000092280269;0.000076806764;
2019;02;03;16;0;0.000147676353;0.000088215059;0.000088524868;0.000068918982;
2019;02;03;17;0;0.000138444610;0.000082615622;0.000085786507;0.000064885968;
2019;02;03;18;0;0.000136587861;0.000080709763;0.000084592575;0.000063856664;
2019;02;03;19;0;0.000148537124;0.000095294698;0.000089533408;0.000073532140;
2019;02;03;20;0;0.000170480969;0.000157857703;0.000106256885;0.000179626171;
2019;02;03;21;0;0.000186232541;0.000174256828;0.000107464286;0.000201771778;
2019;02;03;22;0;0.000187112878;0.000179704071;0.000103674393;0.000205113623;
2019;02;03;23;0;0.000162892159;0.000217966620;0.000096183050;0.000199433979;
2019;02;03;24;0;0.000131223004;0.000218253806;0.000088865110;0.000175551357;
2019;02;04;1;0;0.000101344216;0.000208791772;0.000084860113;0.000165279205;
2019;02;04;2;0;0.000080959398;0.000188866770;0.000081601328;0.000174772882;
2019;02;04;3;0;0.000071185019;0.000173053396;0.000080116788;0.000169091744;
2019;02;04;4;0;0.000066785431;0.000164080456;0.000079378811;0.000163834716;
2019;02;04;5;0;0.000065583117;0.000159903747;0.000079956269;0.000158178894;
2019;02;04;6;0;0.000067881218;0.000168376717;0.000082958120;0.000157107937;
2019;02;04;7;0;0.000081249476;0.000178328183;0.000095910999;0.000157657311;
2019;02;04;8;0;0.000112592267;0.000184111641;0.000121499114;0.000152146556;
2019;02;04;9;0;0.000136122200;0.000149147208;0.000159282627;0.000090617319;
2019;02;04;10;0;0.000149019112;0.000138175378;0.000187732869;0.000083115640;
2019;02;04;11;0;0.000160347364;0.000134539409;0.000196172630;0.000082589469;
2019;02;04;12;0;0.000161915462;0.000121232403;0.000194838251;0.000080243791;
2019;02;04;13;0;0.000164092684;0.000096136049;0.000191725061;0.000079227182;
2019;02;04;14;0;0.000168949108;0.000096858302;0.000178834335;0.000076995831;
2019;02;04;15;0;0.000163161838;0.000094636607;0.000155216874;0.000074553847;
2019;02;04;16;0;0.000154199335;0.000088669859;0.000147940076;0.000069220842;
2019;02;04;17;0;0.000151612573;0.000084806080;0.000149789786;0.000068442378;
2019;02;04;18;0;0.000156283273;0.000085266484;0.000151959033;0.000070369980;
2019;02;04;19;0;0.000168117514;0.000101204068;0.000152437030;0.000081972500;
2019;02;04;20;0;0.000190400728;0.000167208285;0.000159482768;0.000192258204;
2019;02;04;21;0;0.000203276585;0.000184543789;0.000143589422;0.000215241509;
2019;02;04;22;0;0.000200701321;0.000190661317;0.000122130172;0.000218293435;
2019;02;04;23;0;0.000173288846;0.000229883354;0.000104729859;0.000212412712;
2019;02;04;24;0;0.000137105806;0.000227100479;0.000094049687;0.000183724046;
2019;02;05;1;0;0.000100211332;0.000199318653;0.000085894715;0.000165195917;
2019;02;05;2;0;0.000078904459;0.000179902871;0.000082377322;0.000180265039;
2019;02;05;3;0;0.000069398329;0.000164874559;0.000080731721;0.000175424741;
2019;02;05;4;0;0.000065354018;0.000156374706;0.000079882711;0.000169104591;
2019;02;05;5;0;0.000064234803;0.000153102578;0.000080014789;0.000160509256;
2019;02;05;6;0;0.000066604381;0.000160739856;0.000082929874;0.000154912916;
2019;02;05;7;0;0.000079690697;0.000170151012;0.000095431033;0.000154265940;
2019;02;05;8;0;0.000111714566;0.000178685345;0.000121001956;0.000152474491;
2019;02;05;9;0;0.000133973636;0.000145923014;0.000157064588;0.000094266765;
2019;02;05;10;0;0.000144781670;0.000133664911;0.000183583396;0.000085079451;
2019;02;05;11;0;0.000154748316;0.000128853506;0.000191449077;0.000084340672;
2019;02;05;12;0;0.000155679466;0.000116867812;0.000189923420;0.000080499871;
2019;02;05;13;0;0.000158076684;0.000093553833;0.000187543218;0.000077692234;
2019;02;05;14;0;0.000163011082;0.000094147344;0.000175828175;0.000076143996;
2019;02;05;15;0;0.000157912328;0.000091886533;0.000152622243;0.000073878521;
2019;02;05;16;0;0.000149920993;0.000086758571;0.000145566707;0.000070005030;
2019;02;05;17;0;0.000147540963;0.000083418807;0.000147211961;0.000067910091;
2019;02;05;18;0;0.000152522550;0.000084088537;0.000149082943;0.000071282596;
2019;02;05;19;0;0.000164619835;0.000100525915;0.000151146272;0.000082541872;
2019;02;05;20;0;0.000186099230;0.000162922724;0.000158292535;0.000187889557;
2019;02;05;21;0;0.000198046573;0.000178864986;0.000142672550;0.000207580179;
2019;02;05;22;0;0.000194831764;0.000184336867;0.000121582704;0.000211069105;
2019;02;05;23;0;0.000169031881;0.000220894863;0.000104351157;0.000204567604;
2019;02;05;24;0;0.000134169079;0.000217867871;0.000093147445;0.000178299222;
2019;02;06;1;0;0.000098209069;0.000196453800;0.000084131040;0.000163809635;
2019;02;06;2;0;0.000077351422;0.000177440100;0.000080710395;0.000178976569;
2019;02;06;3;0;0.000068017868;0.000162538819;0.000079081203;0.000174019968;
2019;02;06;4;0;0.000064060808;0.000154196921;0.000078257860;0.000167824812;
2019;02;06;5;0;0.000062978211;0.000151050032;0.000078405268;0.000159447862;
2019;02;06;6;0;0.000065290761;0.000158526741;0.000081248433;0.000153788947;
2019;02;06;7;0;0.000078104732;0.000167738615;0.000093479074;0.000153031978;
2019;02;06;8;0;0.000109503026;0.000176194351;0.000118539682;0.000151319011;
2019;02;06;9;0;0.000131291423;0.000143812978;0.000153833295;0.000093462117;
2019;02;06;10;0;0.000141871969;0.000131708463;0.000179792457;0.000084325599;
2019;02;06;11;0;0.000151483905;0.000126672420;0.000187304792;0.000083242041;
2019;02;06;12;0;0.000152429886;0.000114948934;0.000185854194;0.000079525492;
2019;02;06;13;0;0.000154769810;0.000092007796;0.000183516386;0.000076736577;
2019;02;06;14;0;0.000159607508;0.000092600299;0.000172059917;0.000075220653;
2019;02;06;15;0;0.000154668024;0.000090447099;0.000149402334;0.000073085580;
2019;02;06;16;0;0.000146857189;0.000085421153;0.000142511488;0.000069285510;
2019;02;06;17;0;0.000144520146;0.000082125513;0.000144116573;0.000067201150;
2019;02;06;18;0;0.000149366069;0.000082742074;0.000145915324;0.000070472054;
2019;02;06;19;0;0.000161217518;0.000098922426;0.000147938960;0.000081612179;
2019;02;06;20;0;0.000182307779;0.000160434738;0.000154980162;0.000186007890;
2019;02;06;21;0;0.000194044449;0.000176201425;0.000139710603;0.000205644724;
2019;02;06;22;0;0.000190780704;0.000181345040;0.000118987554;0.000208588673;
2019;02;06;23;0;0.000165505469;0.000217274725;0.000102116530;0.000202105676;
2019;02;06;24;0;0.000131387691;0.000214362748;0.000091165023;0.000176249608;
2019;02;07;1;0;0.000097095120;0.000194569017;0.000083155709;0.000162446134;
2019;02;07;2;0;0.000076497202;0.000175858321;0.000079798868;0.000177704941;
2019;02;07;3;0;0.000067283006;0.000161178350;0.000078207004;0.000172953713;
2019;02;07;4;0;0.000063362163;0.000152870128;0.000077384781;0.000166724751;
2019;02;07;5;0;0.000062282601;0.000149701822;0.000077519627;0.000158308934;
2019;02;07;6;0;0.000064574874;0.000157140078;0.000080337228;0.000152737658;
2019;02;07;7;0;0.000077257614;0.000166316590;0.000092441790;0.000152059828;
2019;02;07;8;0;0.000108294168;0.000174623214;0.000117201377;0.000150238614;
2019;02;07;9;0;0.000129874097;0.000142611749;0.000152134088;0.000092891799;
2019;02;07;10;0;0.000140368606;0.000130668401;0.000177842218;0.000083881079;
2019;02;07;11;0;0.000150033652;0.000125969051;0.000185464625;0.000083157701;
2019;02;07;12;0;0.000150928230;0.000114237491;0.000183976659;0.000079352961;
2019;02;07;13;0;0.000153260047;0.000091458817;0.000181680184;0.000076601381;
2019;02;07;14;0;0.000158008048;0.000091991117;0.000170292533;0.000075004164;
2019;02;07;15;0;0.000153106293;0.000089836350;0.000147856321;0.000072852226;
2019;02;07;16;0;0.000145396131;0.000084873462;0.000141057934;0.000069107327;
2019;02;07;17;0;0.000143074256;0.000081588466;0.000142638590;0.000067012821;
2019;02;07;18;0;0.000147865209;0.000082192844;0.000144412559;0.000070262130;
2019;02;07;19;0;0.000159571883;0.000098229632;0.000146391786;0.000081314783;
2019;02;07;20;0;0.000180390014;0.000159196029;0.000153311034;0.000185086130;
2019;02;07;21;0;0.000191982944;0.000174799001;0.000138191330;0.000204537292;
2019;02;07;22;0;0.000188821383;0.000180048576;0.000117735728;0.000207771915;
2019;02;07;23;0;0.000163915704;0.000216050724;0.000101110037;0.000201867194;
2019;02;07;24;0;0.000130160032;0.000213283808;0.000090290326;0.000176234014;
2019;02;08;1;0;0.000097868312;0.000196160389;0.000083687374;0.000161174774;
2019;02;08;2;0;0.000077665448;0.000176727011;0.000079816616;0.000174148960;
2019;02;08;3;0;0.000067765069;0.000162501053;0.000078188577;0.000169933298;
2019;02;08;4;0;0.000063496714;0.000153829082;0.000077141991;0.000163717955;
2019;02;08;5;0;0.000062390229;0.000150157660;0.000077354293;0.000156687713;
2019;02;08;6;0;0.000064548110;0.000157611485;0.000080418139;0.000152966518;
2019;02;08;7;0;0.000077267015;0.000167207866;0.000091921691;0.000151425361;
2019;02;08;8;0;0.000107562406;0.000175108501;0.000116048026;0.000149589861;
2019;02;08;9;0;0.000129523174;0.000143820414;0.000150617793;0.000092633928;
2019;02;08;10;0;0.000140726000;0.000132062003;0.000175733351;0.000085287887;
2019;02;08;11;0;0.000150328453;0.000127435726;0.000183378012;0.000084893870;
2019;02;08;12;0;0.000151003516;0.000115463886;0.000181887415;0.000082759424;
2019;02;08;13;0;0.000153047283;0.000092005183;0.000178942989;0.000079873534;
2019;02;08;14;0;0.000157356160;0.000092302749;0.000167305170;0.000078379166;
2019;02;08;15;0;0.000153691211;0.000091138349;0.000143406078;0.000075871694;
2019;02;08;16;0;0.000146936529;0.000086636262;0.000132478448;0.000071866725;
2019;02;08;17;0;0.000144392588;0.000083539785;0.000131318950;0.000069922562;
2019;02;08;18;0;0.000147495356;0.000083646282;0.000132626258;0.000071998039;
2019;02;08;19;0;0.000156683270;0.000098337256;0.000137714948;0.000082706133;
2019;02;08;20;0;0.000172545671;0.000156604850;0.000148093768;0.000184664514;
2019;02;08;21;0;0.000178726209;0.000168489672;0.000137773612;0.000200749883;
2019;02;08;22;0;0.000178275434;0.000173903876;0.000120671904;0.000203986546;
2019;02;08;23;0;0.000159654694;0.000212685579;0.000105035591;0.000198496796;
2019;02;08;24;0;0.000133594041;0.000214290548;0.000095117520;0.000177243251;
2019;02;09;1;0;0.000106885144;0.000200514390;0.000087159309;0.000165977364;
2019;02;09;2;0;0.000086205626;0.000182259907;0.000081557689;0.000180131496;
2019;02;09;3;0;0.000073859988;0.000166128981;0.000078977205;0.000175401031;
2019;02;09;4;0;0.000067368681;0.000157160060;0.000077551565;0.000168087851;
2019;02;09;5;0;0.000064705995;0.000152265516;0.000077217960;0.000158559843;
2019;02;09;6;0;0.000064753386;0.000159056975;0.000078130632;0.000155110737;
2019;02;09;7;0;0.000068692724;0.000163689639;0.000082327476;0.000152042379;
2019;02;09;8;0;0.000078568122;0.000157944057;0.000087402000;0.000136992560;
2019;02;09;9;0;0.000100318665;0.000124318683;0.000088946514;0.000076777500;
2019;02;09;10;0;0.000130553203;0.000127523981;0.000101172611;0.000078502407;
2019;02;09;11;0;0.000151992896;0.000131993383;0.000114197550;0.000086534519;
2019;02;09;12;0;0.000156354688;0.000122524719;0.000118279844;0.000085534754;
2019;02;09;13;0;0.000156908222;0.000097373395;0.000119419981;0.000081594450;
2019;02;09;14;0;0.000162510770;0.000097964592;0.000114010266;0.000079625106;
2019;02;09;15;0;0.000160038189;0.000096097475;0.000102620494;0.000080061498;
2019;02;09;16;0;0.000146033765;0.000088042987;0.000097743499;0.000072534454;
2019;02;09;17;0;0.000136997588;0.000082192105;0.000096266664;0.000067682364;
2019;02;09;18;0;0.000134541558;0.000079865861;0.000098930548;0.000065896886;
2019;02;09;19;0;0.000142351009;0.000093862021;0.000105391744;0.000074938134;
2019;02;09;20;0;0.000156042356;0.000150606773;0.000122318978;0.000173723245;
2019;02;09;21;0;0.000165224526;0.000162630513;0.000122138469;0.000193923871;
2019;02;09;22;0;0.000167752594;0.000168715660;0.000112733188;0.000198173885;
2019;02;09;23;0;0.000152223531;0.000208485638;0.000102859228;0.000195852191;
2019;02;09;24;0;0.000130870625;0.000213045622;0.000094865385;0.000174577207;
2019;02;10;1;0;0.000108742735;0.000201406427;0.000088713529;0.000163673155;
2019;02;10;2;0;0.000088463681;0.000183148208;0.000082234632;0.000171350196;
2019;02;10;3;0;0.000075576075;0.000167320427;0.000079321551;0.000165090618;
2019;02;10;4;0;0.000068447003;0.000157264518;0.000077768359;0.000160027991;
2019;02;10;5;0;0.000065257113;0.000152018873;0.000077188298;0.000152967990;
2019;02;10;6;0;0.000064706031;0.000158847102;0.000077819437;0.000150542993;
2019;02;10;7;0;0.000066678797;0.000162765522;0.000080288244;0.000148426749;
2019;02;10;8;0;0.000072730176;0.000154189349;0.000080819530;0.000132913091;
2019;02;10;9;0;0.000087581205;0.000115501495;0.000075225775;0.000069602460;
2019;02;10;10;0;0.000114623259;0.000117051968;0.000078853863;0.000069047695;
2019;02;10;11;0;0.000138739910;0.000125577022;0.000084668340;0.000077041813;
2019;02;10;12;0;0.000149539878;0.000121627378;0.000089086383;0.000080557537;
2019;02;10;13;0;0.000152913567;0.000098529984;0.000092083595;0.000078176776;
2019;02;10;14;0;0.000159373472;0.000097875730;0.000091761110;0.000075522572;
2019;02;10;15;0;0.000157676561;0.000095486340;0.000088306919;0.000075556847;
2019;02;10;16;0;0.000141450605;0.000085559088;0.000084692673;0.000067730467;
2019;02;10;17;0;0.000132546100;0.000080042914;0.000082034510;0.000063644436;
2019;02;10;18;0;0.000130830898;0.000078282077;0.000080931421;0.000062759900;
2019;02;10;19;0;0.000142229899;0.000092359144;0.000085630347;0.000072171308;
2019;02;10;20;0;0.000163144323;0.000152784939;0.000101564011;0.000175860941;
2019;02;10;21;0;0.000178122851;0.000168451466;0.000102663230;0.000197106657;
2019;02;10;22;0;0.000178966000;0.000173720444;0.000099043289;0.000200379938;
2019;02;10;23;0;0.000155741335;0.000210529959;0.000091852072;0.000194535873;
2019;02;10;24;0;0.000125479098;0.000210871615;0.000084874923;0.000171334936;
2019;02;11;1;0;0.000094704535;0.000198844565;0.000079158430;0.000160594827;
2019;02;11;2;0;0.000075661197;0.000179901720;0.000076124584;0.000169877135;
2019;02;11;3;0;0.000066523096;0.000164820601;0.000074735878;0.000164324013;
2019;02;11;4;0;0.000062419499;0.000156319885;0.000074056793;0.000159299892;
2019;02;11;5;0;0.000061314887;0.000152450537;0.000074618783;0.000154004995;
2019;02;11;6;0;0.000063440151;0.000160396035;0.000077391854;0.000152738526;
2019;02;11;7;0;0.000075963889;0.000170032052;0.000089511080;0.000153533914;
2019;02;11;8;0;0.000105203866;0.000175298948;0.000113322986;0.000147779264;
2019;02;11;9;0;0.000127049001;0.000141647884;0.000148399509;0.000087609777;
2019;02;11;10;0;0.000138990129;0.000131020534;0.000174784963;0.000080127334;
2019;02;11;11;0;0.000149506293;0.000127476102;0.000182581943;0.000079510910;
2019;02;11;12;0;0.000150988162;0.000114902253;0.000181363779;0.000077294990;
2019;02;11;13;0;0.000153040098;0.000091145651;0.000178491140;0.000076360024;
2019;02;11;14;0;0.000157633829;0.000091916278;0.000166558265;0.000074335317;
2019;02;11;15;0;0.000152239620;0.000089815246;0.000144567208;0.000071988199;
2019;02;11;16;0;0.000143843460;0.000084107552;0.000137757490;0.000066774070;
2019;02;11;17;0;0.000141392899;0.000080393751;0.000139442880;0.000065950402;
2019;02;11;18;0;0.000145725811;0.000080800898;0.000141440006;0.000067762809;
2019;02;11;19;0;0.000156650539;0.000095748692;0.000141785289;0.000078701492;
2019;02;11;20;0;0.000177583648;0.000158543259;0.000148480661;0.000185329897;
2019;02;11;21;0;0.000189733966;0.000175278914;0.000133783310;0.000208128404;
2019;02;11;22;0;0.000187352343;0.000181137874;0.000113802978;0.000211181405;
2019;02;11;23;0;0.000161809970;0.000218544590;0.000097617335;0.000205735602;
2019;02;11;24;0;0.000128026880;0.000215911311;0.000087664635;0.000177967674;
2019;02;12;1;0;0.000096299766;0.000193372892;0.000082453068;0.000161764936;
2019;02;12;2;0;0.000075898110;0.000174921650;0.000079153306;0.000177223367;
2019;02;12;3;0;0.000066757561;0.000160328162;0.000077576046;0.000172501572;
2019;02;12;4;0;0.000062867203;0.000152063116;0.000076760293;0.000166287873;
2019;02;12;5;0;0.000061806572;0.000148969518;0.000076907113;0.000158005995;
2019;02;12;6;0;0.000064076245;0.000156343619;0.000079696132;0.000152397777;
2019;02;12;7;0;0.000076673392;0.000165535400;0.000091718861;0.000151826328;
2019;02;12;8;0;0.000107486268;0.000173842913;0.000116296742;0.000150068409;
2019;02;12;9;0;0.000128803569;0.000141718053;0.000150840794;0.000092481815;
2019;02;12;10;0;0.000139248016;0.000129927272;0.000176376537;0.000083601513;
2019;02;12;11;0;0.000148783054;0.000125153055;0.000183870812;0.000082759028;
2019;02;12;12;0;0.000149655170;0.000113471465;0.000182377346;0.000078939681;
2019;02;12;13;0;0.000152042712;0.000090948521;0.000180190186;0.000076358940;
2019;02;12;14;0;0.000156790116;0.000091527265;0.000168935919;0.000074839774;
2019;02;12;15;0;0.000151892299;0.000089337950;0.000146645767;0.000072625823;
2019;02;12;16;0;0.000144223668;0.000084376392;0.000139884026;0.000068853831;
2019;02;12;17;0;0.000141949724;0.000081148823;0.000141480639;0.000066824054;
2019;02;12;18;0;0.000146708549;0.000081757072;0.000143245604;0.000070075478;
2019;02;12;19;0;0.000158199328;0.000097532734;0.000145094815;0.000080832242;
2019;02;12;20;0;0.000178881965;0.000158155499;0.000151989783;0.000184178035;
2019;02;12;21;0;0.000190469393;0.000173847367;0.000137066167;0.000203940131;
2019;02;12;22;0;0.000187284499;0.000178963096;0.000116747032;0.000206945099;
2019;02;12;23;0;0.000162462308;0.000214390391;0.000100187431;0.000200461910;
2019;02;12;24;0;0.000128948286;0.000211428999;0.000089426465;0.000174684807;
2019;02;13;1;0;0.000095618520;0.000192400848;0.000081853217;0.000161321511;
2019;02;13;2;0;0.000075349350;0.000173980176;0.000078565116;0.000176623952;
2019;02;13;3;0;0.000066273132;0.000159455624;0.000076997535;0.000171899510;
2019;02;13;4;0;0.000062427382;0.000151326171;0.000076207858;0.000165887174;
2019;02;13;5;0;0.000061343599;0.000148078939;0.000076315587;0.000157300736;
2019;02;13;6;0;0.000063616591;0.000155522695;0.000079108423;0.000151919421;
2019;02;13;7;0;0.000076111828;0.000164608831;0.000091028687;0.000151253428;
2019;02;13;8;0;0.000106762542;0.000173105817;0.000115490329;0.000149873778;
2019;02;13;9;0;0.000127941084;0.000141128832;0.000149800439;0.000092375065;
2019;02;13;10;0;0.000138263693;0.000129275992;0.000175094336;0.000083374887;
2019;02;13;11;0;0.000147737063;0.000124536717;0.000182541212;0.000082547854;
2019;02;13;12;0;0.000148638463;0.000112974152;0.000181101697;0.000078815957;
2019;02;13;13;0;0.000150923192;0.000090431369;0.000178827231;0.000076058641;
2019;02;13;14;0;0.000155572792;0.000090922976;0.000167590389;0.000074421295;
2019;02;13;15;0;0.000150733433;0.000088775511;0.000145497493;0.000072259907;
2019;02;13;16;0;0.000143111934;0.000083829912;0.000138777667;0.000068484202;
2019;02;13;17;0;0.000140835819;0.000080597401;0.000140342022;0.000066426544;
2019;02;13;18;0;0.000145543779;0.000081184045;0.000142079583;0.000069630943;
2019;02;13;19;0;0.000156945317;0.000096851401;0.000143915565;0.000080321665;
2019;02;13;20;0;0.000177538408;0.000157202500;0.000150817697;0.000183339488;
2019;02;13;21;0;0.000189070718;0.000172866759;0.000136032127;0.000203154990;
2019;02;13;22;0;0.000185955311;0.000178054186;0.000115895013;0.000206358592;
2019;02;13;23;0;0.000161325534;0.000213350310;0.000099466281;0.000199975740;
2019;02;13;24;0;0.000128083893;0.000210545242;0.000088809036;0.000174473599;
2019;02;14;1;0;0.000095136602;0.000191789257;0.000081432678;0.000161122799;
2019;02;14;2;0;0.000074951877;0.000173333991;0.000078143005;0.000176235978;
2019;02;14;3;0;0.000065922546;0.000158857971;0.000076582695;0.000171511430;
2019;02;14;4;0;0.000062081876;0.000150674418;0.000075778640;0.000165344780;
2019;02;14;5;0;0.000061001884;0.000147428827;0.000075883017;0.000156762199;
2019;02;14;6;0;0.000063251386;0.000154778646;0.000078646559;0.000151288994;
2019;02;14;7;0;0.000075681922;0.000163855898;0.000090505635;0.000150682893;
2019;02;14;8;0;0.000106159886;0.000172316144;0.000114827128;0.000149313476;
2019;02;14;9;0;0.000127218876;0.000140485247;0.000148940210;0.000092030364;
2019;02;14;10;0;0.000137455017;0.000128626278;0.000174053149;0.000082993615;
2019;02;14;11;0;0.000146878327;0.000123921180;0.000181462351;0.000082182891;
2019;02;14;12;0;0.000147768276;0.000112404931;0.000180023775;0.000078453733;
2019;02;14;13;0;0.000150096678;0.000090053864;0.000177830438;0.000075828111;
2019;02;14;14;0;0.000154758999;0.000090594477;0.000166697360;0.000074271524;
2019;02;14;15;0;0.000149961289;0.000088476804;0.000144737954;0.000072147067;
2019;02;14;16;0;0.000142419010;0.000083601776;0.000138092167;0.000068457342;
2019;02;14;17;0;0.000140145800;0.000080367483;0.000139640707;0.000066384778;
2019;02;14;18;0;0.000144879750;0.000081015429;0.000141417469;0.000069685966;
2019;02;14;19;0;0.000156180681;0.000096581774;0.000143200344;0.000080282450;
2019;02;14;20;0;0.000176620864;0.000156657326;0.000150023515;0.000183019346;
2019;02;14;21;0;0.000188049363;0.000172174583;0.000135283998;0.000202602087;
2019;02;14;22;0;0.000184968409;0.000177379824;0.000115268614;0.000205878013;
2019;02;14;23;0;0.000160522883;0.000212703480;0.000098961682;0.000199782210;
2019;02;14;24;0;0.000127460100;0.000209957594;0.000088367839;0.000174380959;
2019;02;15;1;0;0.000096553422;0.000194229736;0.000082531107;0.000160154992;
2019;02;15;2;0;0.000076648346;0.000175124658;0.000078740906;0.000173291299;
2019;02;15;3;0;0.000066874025;0.000161008134;0.000077130659;0.000169059859;
2019;02;15;4;0;0.000062673502;0.000152480951;0.000076112451;0.000163002664;
2019;02;15;5;0;0.000061561014;0.000148729495;0.000076296702;0.000155790530;
2019;02;15;6;0;0.000063696946;0.000156150490;0.000079327040;0.000152158776;
2019;02;15;7;0;0.000076249381;0.000165664392;0.000090675999;0.000150637102;
2019;02;15;8;0;0.000106129330;0.000173430054;0.000114457650;0.000148713285;
2019;02;15;9;0;0.000127731054;0.000142272474;0.000148476409;0.000091892449;
2019;02;15;10;0;0.000138773147;0.000130628475;0.000173227741;0.000084591259;
2019;02;15;11;0;0.000148237714;0.000126043437;0.000180757754;0.000084189640;
2019;02;15;12;0;0.000149021926;0.000114410127;0.000179431183;0.000082343354;
2019;02;15;13;0;0.000151088916;0.000091234633;0.000176585007;0.000079581356;
2019;02;15;14;0;0.000155311426;0.000091487527;0.000165067350;0.000078026963;
2019;02;15;15;0;0.000151711284;0.000090356843;0.000141503952;0.000075566361;
2019;02;15;16;0;0.000145029812;0.000085874758;0.000130708821;0.000071549597;
2019;02;15;17;0;0.000142456288;0.000082722375;0.000129507906;0.000069487366;
2019;02;15;18;0;0.000145506808;0.000082813946;0.000130787621;0.000071528097;
2019;02;15;19;0;0.000154455863;0.000097192282;0.000135704738;0.000081909644;
2019;02;15;20;0;0.000170185491;0.000154975874;0.000146011615;0.000183307414;
2019;02;15;21;0;0.000176382963;0.000166956674;0.000135914751;0.000199750958;
2019;02;15;22;0;0.000175865475;0.000172159295;0.000118994642;0.000202625780;
2019;02;15;23;0;0.000157424613;0.000210333537;0.000103528418;0.000196804642;
2019;02;15;24;0;0.000131762563;0.000212047205;0.000093777277;0.000175920778;
2019;02;16;1;0;0.000104430049;0.000197203126;0.000085101789;0.000164333095;
2019;02;16;2;0;0.000084225311;0.000179249081;0.000079632197;0.000178345305;
2019;02;16;3;0;0.000072146849;0.000163299921;0.000077095081;0.000173499405;
2019;02;16;4;0;0.000065797163;0.000154435826;0.000075693129;0.000166172253;
2019;02;16;5;0;0.000063205394;0.000149673689;0.000075378019;0.000156842915;
2019;02;16;6;0;0.000063272973;0.000156469959;0.000076294612;0.000153645706;
2019;02;16;7;0;0.000067105539;0.000160935586;0.000080372820;0.000150450742;
2019;02;16;8;0;0.000076776745;0.000155397896;0.000085353527;0.000135735154;
2019;02;16;9;0;0.000098040905;0.000122342120;0.000086870291;0.000076104388;
2019;02;16;10;0;0.000127569524;0.000125452367;0.000098795949;0.000077763974;
2019;02;16;11;0;0.000148466028;0.000129742641;0.000111474970;0.000085592727;
2019;02;16;12;0;0.000152709614;0.000120404839;0.000115447090;0.000084564947;
2019;02;16;13;0;0.000153281639;0.000095733465;0.000116583800;0.000080737724;
2019;02;16;14;0;0.000158734477;0.000096286677;0.000111288388;0.000078747520;
2019;02;16;15;0;0.000156355124;0.000094500892;0.000100193458;0.000079253978;
2019;02;16;16;0;0.000142661793;0.000086564724;0.000095424315;0.000071779638;
2019;02;16;17;0;0.000133823567;0.000080797319;0.000093975009;0.000066955877;
2019;02;16;18;0;0.000131392562;0.000078466867;0.000096552054;0.000065123471;
2019;02;16;19;0;0.000138915923;0.000092060214;0.000102781475;0.000073826986;
2019;02;16;20;0;0.000152396847;0.000147983717;0.000119383443;0.000171716574;
2019;02;16;21;0;0.000161478367;0.000160056032;0.000119291385;0.000192245555;
2019;02;16;22;0;0.000163892103;0.000165912778;0.000110067055;0.000196175287;
2019;02;16;23;0;0.000148647855;0.000204794383;0.000100377619;0.000193489114;
2019;02;16;24;0;0.000127808749;0.000209319258;0.000092585495;0.000172538672;
2019;02;17;1;0;0.000105440938;0.000196808494;0.000085940005;0.000161179437;
2019;02;17;2;0;0.000085792087;0.000179035779;0.000079677095;0.000168856196;
2019;02;17;3;0;0.000073371644;0.000163960489;0.000076936358;0.000163402141;
2019;02;17;4;0;0.000066395079;0.000153813540;0.000075366942;0.000157847903;
2019;02;17;5;0;0.000063296001;0.000148657295;0.000074799103;0.000150837163;
2019;02;17;6;0;0.000062792290;0.000155509233;0.000075447726;0.000148749565;
2019;02;17;7;0;0.000064701470;0.000159315946;0.000077834988;0.000146609837;
2019;02;17;8;0;0.000070577609;0.000150941953;0.000078354715;0.000131317908;
2019;02;17;9;0;0.000084973005;0.000113020391;0.000072917747;0.000068714312;
2019;02;17;10;0;0.000111302187;0.000114756109;0.000076498061;0.000068403817;
2019;02;17;11;0;0.000134610992;0.000122884873;0.000082072313;0.000076064012;
2019;02;17;12;0;0.000144997452;0.000118847084;0.000086300078;0.000079325572;
2019;02;17;13;0;0.000148180341;0.000096146501;0.000089150410;0.000076790934;
2019;02;17;14;0;0.000154378257;0.000095420579;0.000088802515;0.000074060985;
2019;02;17;15;0;0.000152648495;0.000092972257;0.000085411555;0.000073925164;
2019;02;17;16;0;0.000136983507;0.000083366451;0.000081941861;0.000066353408;
2019;02;17;17;0;0.000128435618;0.000078096047;0.000079416661;0.000062501073;
2019;02;17;18;0;0.000126751940;0.000076347770;0.000078335383;0.000061587242;
2019;02;17;19;0;0.000137725287;0.000089970695;0.000082841318;0.000070668545;
2019;02;17;20;0;0.000158177385;0.000149267930;0.000098380444;0.000173119471;
2019;02;17;21;0;0.000172879538;0.000164965642;0.000099548654;0.000194872885;
2019;02;17;22;0;0.000173671590;0.000170066199;0.000096024004;0.000197982028;
2019;02;17;23;0;0.000151129423;0.000206086446;0.000089049319;0.000192180797;
2019;02;17;24;0;0.000121744570;0.000206348248;0.000082272391;0.000169152891;
2019;02;18;1;0;0.000094302047;0.000197971819;0.000078814238;0.000159748850;
2019;02;18;2;0;0.000075357991;0.000179210983;0.000075812043;0.000169149276;
2019;02;18;3;0;0.000066277515;0.000164306073;0.000074452634;0.000163831896;
2019;02;18;4;0;0.000062180954;0.000155785281;0.000073766498;0.000158736324;
2019;02;18;5;0;0.000061079974;0.000151925271;0.000074325568;0.000153451593;
2019;02;18;6;0;0.000063210300;0.000159918871;0.000077103849;0.000152317738;
2019;02;18;7;0;0.000075682798;0.000169495572;0.000089171065;0.000153059242;
2019;02;18;8;0;0.000104839047;0.000174840590;0.000112918874;0.000147470530;
2019;02;18;9;0;0.000126656708;0.000141401094;0.000147926702;0.000087566080;
2019;02;18;10;0;0.000138576819;0.000130826480;0.000174248024;0.000080125371;
2019;02;18;11;0;0.000149080419;0.000127323806;0.000182043897;0.000079550285;
2019;02;18;12;0;0.000150599265;0.000114836656;0.000180878804;0.000077420627;
2019;02;18;13;0;0.000152670625;0.000091127342;0.000178042661;0.000076535514;
2019;02;18;14;0;0.000157256362;0.000091901738;0.000166143041;0.000074511469;
2019;02;18;15;0;0.000151861982;0.000089783475;0.000144194379;0.000072133476;
2019;02;18;16;0;0.000143476841;0.000084064744;0.000137392831;0.000066890156;
2019;02;18;17;0;0.000141039282;0.000080361698;0.000139080421;0.000066078412;
2019;02;18;18;0;0.000145362818;0.000080770676;0.000141073774;0.000067897678;
2019;02;18;19;0;0.000156226122;0.000095665210;0.000141387202;0.000078787445;
2019;02;18;20;0;0.000177102914;0.000158405445;0.000148064108;0.000185531964;
2019;02;18;21;0;0.000189185578;0.000175052696;0.000133383480;0.000208195063;
2019;02;18;22;0;0.000186775249;0.000180825405;0.000113441246;0.000211082768;
2019;02;18;23;0;0.000161240847;0.000217950187;0.000097264399;0.000205270940;
2019;02;18;24;0;0.000127538782;0.000215178469;0.000087321804;0.000177348568;
2019;02;19;1;0;0.000094843538;0.000191186294;0.000081173973;0.000160533850;
2019;02;19;2;0;0.000074718583;0.000172776025;0.000077892240;0.000175567037;
2019;02;19;3;0;0.000065735785;0.000158447500;0.000076358344;0.000171056069;
2019;02;19;4;0;0.000061909182;0.000150302612;0.000075560535;0.000164940164;
2019;02;19;5;0;0.000060872699;0.000147288867;0.000075714992;0.000156810029;
2019;02;19;6;0;0.000063130079;0.000154703256;0.000078488132;0.000151464028;
2019;02;19;7;0;0.000075556103;0.000163873105;0.000090346430;0.000151022255;
2019;02;19;8;0;0.000105899656;0.000172020904;0.000114534568;0.000149151758;
2019;02;19;9;0;0.000126867681;0.000140145161;0.000148514680;0.000091812597;
2019;02;19;10;0;0.000137149775;0.000128473797;0.000173649832;0.000082983258;
2019;02;19;11;0;0.000146553417;0.000123776683;0.000181043418;0.000082175497;
2019;02;19;12;0;0.000147511741;0.000112396232;0.000179693855;0.000078601522;
2019;02;19;13;0;0.000149791110;0.000089985200;0.000177451238;0.000075876846;
2019;02;19;14;0;0.000154476459;0.000090568819;0.000166376925;0.000074383545;
2019;02;19;15;0;0.000149663144;0.000088418961;0.000144436218;0.000072207603;
2019;02;19;16;0;0.000142087248;0.000083481870;0.000137757153;0.000068417929;
2019;02;19;17;0;0.000139771049;0.000080188837;0.000139253832;0.000066251516;
2019;02;19;18;0;0.000144470874;0.000080807749;0.000141004720;0.000069502722;
2019;02;19;19;0;0.000155786571;0.000096400202;0.000142825169;0.000080170879;
2019;02;19;20;0;0.000176233596;0.000156481857;0.000149680081;0.000183018835;
2019;02;19;21;0;0.000187692441;0.000172097467;0.000135014160;0.000202847591;
2019;02;19;22;0;0.000184535493;0.000177120887;0.000114987702;0.000205749755;
2019;02;19;23;0;0.000160068109;0.000212154625;0.000098671767;0.000199254914;
2019;02;19;24;0;0.000127025761;0.000209140909;0.000088058192;0.000173508796;
2019;02;20;1;0;0.000094161612;0.000190326763;0.000080579459;0.000160313674;
2019;02;20;2;0;0.000074174662;0.000171964268;0.000077314783;0.000175262855;
2019;02;20;3;0;0.000065235703;0.000157584614;0.000075767227;0.000170528924;
2019;02;20;4;0;0.000061434507;0.000149463595;0.000074971074;0.000164391341;
2019;02;20;5;0;0.000060375920;0.000146300189;0.000075086953;0.000155966445;
2019;02;20;6;0;0.000062606308;0.000153616099;0.000077826438;0.000150560991;
2019;02;20;7;0;0.000074930995;0.000162729906;0.000089586867;0.000150135063;
2019;02;20;8;0;0.000105038909;0.000170879008;0.000113588311;0.000148369044;
2019;02;20;9;0;0.000125859881;0.000139274173;0.000147315045;0.000091401674;
2019;02;20;10;0;0.000136044439;0.000127641375;0.000172227090;0.000082572086;
2019;02;20;11;0;0.000145372252;0.000122974635;0.000179560049;0.000081768289;
2019;02;20;12;0;0.000146261086;0.000111560309;0.000178146311;0.000078075636;
2019;02;20;13;0;0.000148555140;0.000089362622;0.000175963293;0.000075440385;
2019;02;20;14;0;0.000153214547;0.000089959348;0.000164995535;0.000073981397;
2019;02;20;15;0;0.000148402833;0.000087772923;0.000143200600;0.000071741522;
2019;02;20;16;0;0.000140977609;0.000082988691;0.000136662890;0.000068149905;
2019;02;20;17;0;0.000138646861;0.000079672204;0.000138115167;0.000065927544;
2019;02;20;18;0;0.000143266289;0.000080232381;0.000139810170;0.000069076910;
2019;02;20;19;0;0.000154472895;0.000095692406;0.000141601683;0.000079646224;
2019;02;20;20;0;0.000174741585;0.000155321671;0.000148392852;0.000181799638;
2019;02;20;21;0;0.000186203958;0.000171033171;0.000133925369;0.000201951120;
2019;02;20;22;0;0.000183161067;0.000176220417;0.000114115872;0.000205249264;
2019;02;20;23;0;0.000159045992;0.000211589362;0.000098028470;0.000199638696;
2019;02;20;24;0;0.000126302871;0.000208916525;0.000087545250;0.000174344806;
2019;02;21;1;0;0.000094450721;0.000191114363;0.000080821318;0.000161284338;
2019;02;21;2;0;0.000074430879;0.000172826933;0.000077576522;0.000176603559;
2019;02;21;3;0;0.000065511150;0.000158652322;0.000076081921;0.000172378697;
2019;02;21;4;0;0.000061689474;0.000150452661;0.000075277054;0.000166130338;
2019;02;21;5;0;0.000060627712;0.000147276736;0.000075394922;0.000157637225;
2019;02;21;6;0;0.000062837849;0.000154479317;0.000078108908;0.000151894976;
2019;02;21;7;0;0.000075083930;0.000163026027;0.000089763554;0.000150426389;
2019;02;21;8;0;0.000105172241;0.000170886762;0.000113724688;0.000148175423;
2019;02;21;9;0;0.000125935775;0.000139068445;0.000147393759;0.000091030195;
2019;02;21;10;0;0.000136162569;0.000127530442;0.000172364806;0.000082327881;
2019;02;21;11;0;0.000145482369;0.000122836721;0.000179683729;0.000081489242;
2019;02;21;12;0;0.000146379522;0.000111448461;0.000178278329;0.000077825909;
2019;02;21;13;0;0.000148687737;0.000089289870;0.000176108265;0.000075224701;
2019;02;21;14;0;0.000153334722;0.000089864065;0.000165113617;0.000073737452;
2019;02;21;15;0;0.000148546921;0.000087717182;0.000143329799;0.000071559702;
2019;02;21;16;0;0.000141028121;0.000082819940;0.000136702472;0.000067804731;
2019;02;21;17;0;0.000138753255;0.000079584419;0.000138211667;0.000065704397;
2019;02;21;18;0;0.000143402696;0.000080177714;0.000139933682;0.000068895439;
2019;02;21;19;0;0.000154611491;0.000095614751;0.000141719003;0.000079417200;
2019;02;21;20;0;0.000174931751;0.000155264290;0.000148544147;0.000181425211;
2019;02;21;21;0;0.000186316457;0.000170781647;0.000133997084;0.000201134772;
2019;02;21;22;0;0.000183262506;0.000175942206;0.000114171235;0.000204382991;
2019;02;21;23;0;0.000159039451;0.000210970842;0.000098017711;0.000198317332;
2019;02;21;24;0;0.000126279724;0.000208237817;0.000087523198;0.000173087706;
2019;02;22;1;0;0.000094065205;0.000190620171;0.000080340184;0.000158399430;
2019;02;22;2;0;0.000074683875;0.000171926784;0.000076661671;0.000171493855;
2019;02;22;3;0;0.000065161479;0.000158076192;0.000075095571;0.000167322840;
2019;02;22;4;0;0.000061080396;0.000149770841;0.000074118634;0.000161457983;
2019;02;22;5;0;0.000060001375;0.000146115357;0.000074304483;0.000154371439;
2019;02;22;6;0;0.000062104277;0.000153526720;0.000077281931;0.000150992440;
2019;02;22;7;0;0.000074354171;0.000162939020;0.000088351755;0.000149583222;
2019;02;22;8;0;0.000103455909;0.000170440358;0.000111485535;0.000147452323;
2019;02;22;9;0;0.000124496146;0.000139774885;0.000144600796;0.000091059241;
2019;02;22;10;0;0.000135232773;0.000128279086;0.000168673857;0.000083757325;
2019;02;22;11;0;0.000144396656;0.000123660650;0.000175933758;0.000083218462;
2019;02;22;12;0;0.000145021346;0.000112001534;0.000174475118;0.000081071093;
2019;02;22;13;0;0.000147051385;0.000089339574;0.000171729203;0.000078392304;
2019;02;22;14;0;0.000151200393;0.000089640619;0.000160570038;0.000076944441;
2019;02;22;15;0;0.000147662169;0.000088487013;0.000137617525;0.000074448150;
2019;02;22;16;0;0.000141160241;0.000084099238;0.000127119982;0.000070492973;
2019;02;22;17;0;0.000138661520;0.000081020147;0.000125957616;0.000068473437;
2019;02;22;18;0;0.000141604203;0.000081074768;0.000127178380;0.000070428524;
2019;02;22;19;0;0.000150228021;0.000095026426;0.000131884993;0.000080455669;
2019;02;22;20;0;0.000165534275;0.000151539356;0.000141907915;0.000180096418;
2019;02;22;21;0;0.000171675558;0.000163502019;0.000132181978;0.000196795506;
2019;02;22;22;0;0.000171250575;0.000168774302;0.000115779768;0.000200008777;
2019;02;22;23;0;0.000153332421;0.000206316812;0.000100756891;0.000194464690;
2019;02;22;24;0;0.000128338100;0.000208000234;0.000091267259;0.000173833007;
2019;02;23;1;0;0.000101865257;0.000193793375;0.000082945779;0.000162762212;
2019;02;23;2;0;0.000082152728;0.000176130283;0.000077610961;0.000176605607;
2019;02;23;3;0;0.000070374041;0.000160472176;0.000075140968;0.000171833941;
2019;02;23;4;0;0.000064209811;0.000151920437;0.000073808382;0.000164888796;
2019;02;23;5;0;0.000061679363;0.000147229581;0.000073499681;0.000155620298;
2019;02;23;6;0;0.000061738732;0.000153877927;0.000074385508;0.000152383065;
2019;02;23;7;0;0.000065507964;0.000158433956;0.000078397090;0.000149497367;
2019;02;23;8;0;0.000074880292;0.000152661665;0.000083179115;0.000134361549;
2019;02;23;9;0;0.000095632668;0.000120226959;0.000084669156;0.000075379160;
2019;02;23;10;0;0.000124431350;0.000123272677;0.000096289075;0.000077010221;
2019;02;23;11;0;0.000144727398;0.000127314327;0.000108581547;0.000084552945;
2019;02;23;12;0;0.000148894289;0.000118206018;0.000112473355;0.000083607774;
2019;02;23;13;0;0.000149390568;0.000093896849;0.000113534081;0.000079687866;
2019;02;23;14;0;0.000154720377;0.000094460984;0.000108387974;0.000077755795;
2019;02;23;15;0;0.000152400488;0.000092708136;0.000097581750;0.000078254589;
2019;02;23;16;0;0.000139087420;0.000084969813;0.000092959595;0.000070945898;
2019;02;23;17;0;0.000130436972;0.000079261856;0.000091524103;0.000066107266;
2019;02;23;18;0;0.000128108075;0.000077031557;0.000094063739;0.000064382899;
2019;02;23;19;0;0.000135278151;0.000090122632;0.000100010471;0.000072612675;
2019;02;23;20;0;0.000148383756;0.000144820953;0.000116147395;0.000168795359;
2019;02;23;21;0;0.000157280463;0.000156760342;0.000116097939;0.000189252981;
2019;02;23;22;0;0.000159693472;0.000162641406;0.000107162166;0.000193435572;
2019;02;23;23;0;0.000144889635;0.000200914214;0.000097762109;0.000191058356;
2019;02;23;24;0;0.000124557769;0.000205279774;0.000090158814;0.000170261267;
2019;02;24;1;0;0.000101871416;0.000192115922;0.000082935283;0.000159057259;
2019;02;24;2;0;0.000082864486;0.000174655558;0.000076869769;0.000166442056;
2019;02;24;3;0;0.000070856590;0.000159891204;0.000074213770;0.000160961289;
2019;02;24;4;0;0.000064151283;0.000150167601;0.000072736305;0.000155811713;
2019;02;24;5;0;0.000061186892;0.000145296214;0.000072223642;0.000149194236;
2019;02;24;6;0;0.000060702373;0.000152007500;0.000072852822;0.000147155640;
2019;02;24;7;0;0.000062561797;0.000155807294;0.000075174544;0.000145172698;
2019;02;24;8;0;0.000068196203;0.000147383152;0.000075623934;0.000129655771;
2019;02;24;9;0;0.000082105405;0.000110355029;0.000070376050;0.000067845138;
2019;02;24;10;0;0.000107542851;0.000112041910;0.000073829368;0.000067529479;
2019;02;24;11;0;0.000130017268;0.000119878603;0.000079180467;0.000074977750;
2019;02;24;12;0;0.000139991728;0.000115830622;0.000083225050;0.000078059397;
2019;02;24;13;0;0.000143057528;0.000093695412;0.000085969489;0.000075549442;
2019;02;24;14;0;0.000149011855;0.000092946166;0.000085617163;0.000072804174;
2019;02;24;15;0;0.000147315589;0.000090524067;0.000082332951;0.000072616775;
2019;02;24;16;0;0.000132235629;0.000081224114;0.000079010880;0.000065255856;
2019;02;24;17;0;0.000123940473;0.000076028018;0.000076549114;0.000061377618;
2019;02;24;18;0;0.000122245629;0.000074228094;0.000075463608;0.000060334498;
2019;02;24;19;0;0.000132729733;0.000087321517;0.000079744807;0.000069009627;
2019;02;24;20;0;0.000152472182;0.000144945536;0.000094723094;0.000169218518;
2019;02;24;21;0;0.000166799244;0.000160532145;0.000095937136;0.000191229808;
2019;02;24;22;0;0.000167590947;0.000165558090;0.000092555549;0.000194414863;
2019;02;24;23;0;0.000145843506;0.000200641165;0.000085836015;0.000188749325;
2019;02;24;24;0;0.000117475176;0.000200852513;0.000079296040;0.000166068214;
2019;02;25;1;0;0.000090482599;0.000192125995;0.000075532847;0.000156853686;
2019;02;25;2;0;0.000072322011;0.000174008038;0.000072671916;0.000166237320;
2019;02;25;3;0;0.000063601831;0.000159504454;0.000071362606;0.000160954870;
2019;02;25;4;0;0.000059679062;0.000151281496;0.000070714912;0.000156040333;
2019;02;25;5;0;0.000058657530;0.000147735909;0.000071293575;0.000151222947;
2019;02;25;6;0;0.000060697425;0.000155476137;0.000073951281;0.000150052663;
2019;02;25;7;0;0.000072688657;0.000164863597;0.000085542245;0.000150913737;
2019;02;25;8;0;0.000100630288;0.000169823599;0.000108257856;0.000145026465;
2019;02;25;9;0;0.000121569605;0.000137336749;0.000141817757;0.000086106172;
2019;02;25;10;0;0.000132988196;0.000127016200;0.000167023506;0.000078733129;
2019;02;25;11;0;0.000143015727;0.000123511951;0.000174432154;0.000078049376;
2019;02;25;12;0;0.000144364468;0.000111207976;0.000173185835;0.000075724668;
2019;02;25;13;0;0.000146339071;0.000088232652;0.000170457501;0.000074835526;
2019;02;25;14;0;0.000150783109;0.000089047961;0.000159116000;0.000072953866;
2019;02;25;15;0;0.000145611269;0.000086996087;0.000138096123;0.000070626365;
2019;02;25;16;0;0.000137576564;0.000081462022;0.000131587293;0.000065502883;
2019;02;25;17;0;0.000135181913;0.000077798129;0.000133147105;0.000064594187;
2019;02;25;18;0;0.000139286433;0.000078143180;0.000135017168;0.000066293732;
2019;02;25;19;0;0.000149573558;0.000092378849;0.000135206790;0.000076659584;
2019;02;25;20;0;0.000169603316;0.000153052592;0.000141626869;0.000180718353;
2019;02;25;21;0;0.000181427965;0.000169680681;0.000127763111;0.000203981152;
2019;02;25;22;0;0.000179219605;0.000175506265;0.000108723746;0.000207300353;
2019;02;25;23;0;0.000154713426;0.000211524158;0.000093216774;0.000201566884;
2019;02;25;24;0;0.000122427108;0.000209034253;0.000083723091;0.000174449888;
2019;02;26;1;0;0.000090911213;0.000185596080;0.000077714574;0.000157878433;
2019;02;26;2;0;0.000071624776;0.000167746450;0.000074576983;0.000172705427;
2019;02;26;3;0;0.000063015388;0.000153843638;0.000073110074;0.000168286232;
2019;02;26;4;0;0.000059356815;0.000145989941;0.000072357992;0.000162379775;
2019;02;26;5;0;0.000058345981;0.000142967460;0.000072484680;0.000154191044;
2019;02;26;6;0;0.000060489733;0.000150051995;0.000075114761;0.000148734315;
2019;02;26;7;0;0.000072384123;0.000158886327;0.000086449150;0.000148199459;
2019;02;26;8;0;0.000101454786;0.000166789391;0.000109594949;0.000146367849;
2019;02;26;9;0;0.000121519282;0.000135822932;0.000142082156;0.000090026317;
2019;02;26;10;0;0.000131332847;0.000124435570;0.000166084304;0.000081278802;
2019;02;26;11;0;0.000140261513;0.000119737563;0.000173061823;0.000080307129;
2019;02;26;12;0;0.000141137868;0.000108656689;0.000171722084;0.000076722620;
2019;02;26;13;0;0.000143400296;0.000087104370;0.000169675449;0.000074237416;
2019;02;26;14;0;0.000147938900;0.000087741348;0.000159143585;0.000072884816;
2019;02;26;15;0;0.000143353999;0.000085692324;0.000138180583;0.000070803109;
2019;02;26;16;0;0.000136068686;0.000080868398;0.000131762921;0.000067028471;
2019;02;26;17;0;0.000133866753;0.000077699889;0.000133210550;0.000064938524;
2019;02;26;18;0;0.000138322767;0.000078240879;0.000134841315;0.000068032368;
2019;02;26;19;0;0.000149048271;0.000093181314;0.000136482709;0.000078233039;
2019;02;26;20;0;0.000168622235;0.000151281605;0.000143042836;0.000178653052;
2019;02;26;21;0;0.000179698908;0.000166618324;0.000129108233;0.000198530852;
2019;02;26;22;0;0.000176764584;0.000171677089;0.000110012670;0.000201785857;
2019;02;26;23;0;0.000153322875;0.000205619776;0.000094399786;0.000195391530;
2019;02;26;24;0;0.000121725536;0.000202898636;0.000084282152;0.000170447213;
2019;02;27;1;0;0.000090612712;0.000185146656;0.000077448446;0.000157650729;
2019;02;27;2;0;0.000071399748;0.000167394414;0.000074332162;0.000172556983;
2019;02;27;3;0;0.000062816248;0.000153514424;0.000072868723;0.000168129330;
2019;02;27;4;0;0.000059187809;0.000145781850;0.000072141761;0.000162438355;
2019;02;27;5;0;0.000058182728;0.000142780044;0.000072271643;0.000154279389;
2019;02;27;6;0;0.000060331902;0.000149921239;0.000074908173;0.000148941110;
2019;02;27;7;0;0.000072196538;0.000158755123;0.000086212918;0.000148419832;
2019;02;27;8;0;0.000101125754;0.000166401148;0.000109224064;0.000146182255;
2019;02;27;9;0;0.000121135815;0.000135533935;0.000141613766;0.000089944768;
2019;02;27;10;0;0.000130905757;0.000124143312;0.000165520785;0.000081172499;
2019;02;27;11;0;0.000139802665;0.000119451033;0.000172471272;0.000080195658;
2019;02;27;12;0;0.000140667728;0.000108381842;0.000171125855;0.000076597129;
2019;02;27;13;0;0.000142911016;0.000086867915;0.000169072597;0.000074091060;
2019;02;27;14;0;0.000147378941;0.000087428438;0.000158518787;0.000072628859;
2019;02;27;15;0;0.000142787226;0.000085353647;0.000137614793;0.000070504832;
2019;02;27;16;0;0.000135572845;0.000080605947;0.000131264199;0.000066831792;
2019;02;27;17;0;0.000133387945;0.000077459640;0.000132715313;0.000064765954;
2019;02;27;18;0;0.000137824009;0.000077993673;0.000134336105;0.000067843029;
2019;02;27;19;0;0.000148538893;0.000092927088;0.000135997033;0.000078076657;
2019;02;27;20;0;0.000168045089;0.000150867144;0.000142533075;0.000178292491;
2019;02;27;21;0;0.000179075087;0.000166143379;0.000128641836;0.000198090623;
2019;02;27;22;0;0.000176028195;0.000170916345;0.000109538867;0.000200763857;
2019;02;27;23;0;0.000152753171;0.000204919624;0.000094035719;0.000194763757;
2019;02;27;24;0;0.000121340334;0.000202462334;0.000084003556;0.000170284846;
2019;02;28;1;0;0.000088580210;0.000182634385;0.000075660655;0.000157033645;
2019;02;28;2;0;0.000069820136;0.000165241564;0.000072639123;0.000172105039;
2019;02;28;3;0;0.000061409063;0.000151443394;0.000071188764;0.000167500223;
2019;02;28;4;0;0.000057866254;0.000143839920;0.000070483856;0.000161881326;
2019;02;28;5;0;0.000056863278;0.000140764546;0.000070585509;0.000153530123;
2019;02;28;6;0;0.000058932537;0.000147629027;0.000073121843;0.000147905176;
2019;02;28;7;0;0.000070443430;0.000155929677;0.000084063269;0.000146706687;
2019;02;28;8;0;0.000098474794;0.000162698183;0.000106289766;0.000143302874;
2019;02;28;9;0;0.000117927198;0.000132433448;0.000137770647;0.000088072331;
2019;02;28;10;0;0.000127513570;0.000121467967;0.000161123915;0.000079679729;
2019;02;28;11;0;0.000136238430;0.000116991628;0.000167961892;0.000078861128;
2019;02;28;12;0;0.000137119594;0.000106217915;0.000166698038;0.000075409458;
2019;02;28;13;0;0.000139292414;0.000085114097;0.000164681491;0.000072911982;
2019;02;28;14;0;0.000143662024;0.000085683700;0.000154417708;0.000071504332;
2019;02;28;15;0;0.000139207682;0.000083679837;0.000134075301;0.000069457364;
2019;02;28;16;0;0.000132186335;0.000079041838;0.000127899826;0.000065863865;
2019;02;28;17;0;0.000130049053;0.000075947201;0.000129306828;0.000063813452;
2019;02;28;18;0;0.000134365860;0.000076459909;0.000130877992;0.000066827519;
2019;02;28;19;0;0.000144818320;0.000091108463;0.000132502041;0.000076920465;
2019;02;28;20;0;0.000163843815;0.000147931648;0.000138876798;0.000175691396;
2019;02;28;21;0;0.000174600447;0.000162916473;0.000125343618;0.000195215636;
2019;02;28;22;0;0.000171778240;0.000167927822;0.000106822803;0.000198557019;
2019;02;28;23;0;0.000149097840;0.000201436580;0.000091724168;0.000192794234;
2019;02;28;24;0;0.000118500001;0.000199263103;0.000081982404;0.000168932058;
