AŃO;MES;DIA;HORA;VERANO(1)/INVIERNO(0);COEF. PERFIL A;COEF. PERFIL B;COEF. PERFIL C;COEF. PERFIL D;
2017;07;01;1;1;0.000104520562;0.000146149209;0.000101373307;0.000174335753;
2017;07;01;2;1;0.000089863996;0.000138164352;0.000092848931;0.000170406407;
2017;07;01;3;1;0.000078852226;0.000130984504;0.000087607462;0.000166980420;
2017;07;01;4;1;0.000072653758;0.000127838525;0.000084584237;0.000162210266;
2017;07;01;5;1;0.000069490822;0.000125501510;0.000083417207;0.000157119087;
2017;07;01;6;1;0.000068045573;0.000124240889;0.000084345631;0.000154808136;
2017;07;01;7;1;0.000069270365;0.000107055763;0.000083720540;0.000127820822;
2017;07;01;8;1;0.000073617886;0.000054641346;0.000079409052;0.000040976334;
2017;07;01;9;1;0.000085534821;0.000054517757;0.000090089036;0.000039735533;
2017;07;01;10;1;0.000104108785;0.000062152830;0.000104918069;0.000042414053;
2017;07;01;11;1;0.000120034382;0.000067047335;0.000120406340;0.000047884694;
2017;07;01;12;1;0.000127880374;0.000067649899;0.000125931485;0.000049334123;
2017;07;01;13;1;0.000132979743;0.000067991462;0.000129217927;0.000047403576;
2017;07;01;14;1;0.000138148445;0.000068272940;0.000127218516;0.000045516646;
2017;07;01;15;1;0.000136690148;0.000068706551;0.000118015302;0.000048932969;
2017;07;01;16;1;0.000128711972;0.000065392137;0.000113615327;0.000047968146;
2017;07;01;17;1;0.000123371560;0.000062329160;0.000110605435;0.000045019528;
2017;07;01;18;1;0.000121635134;0.000061990338;0.000111660188;0.000043891821;
2017;07;01;19;1;0.000121540032;0.000061965559;0.000112665082;0.000042674696;
2017;07;01;20;1;0.000120745655;0.000061756148;0.000115259858;0.000046116224;
2017;07;01;21;1;0.000122631305;0.000063481894;0.000116676393;0.000050619416;
2017;07;01;22;1;0.000129322460;0.000091647422;0.000116266205;0.000076139521;
2017;07;01;23;1;0.000130671569;0.000148237809;0.000119175790;0.000219533040;
2017;07;01;24;1;0.000117586104;0.000151243975;0.000111143862;0.000188767240;
2017;07;02;1;1;0.000103855000;0.000145155114;0.000102739270;0.000174528352;
2017;07;02;2;1;0.000090003249;0.000137455238;0.000093573949;0.000168466289;
2017;07;02;3;1;0.000079646953;0.000130445321;0.000088013559;0.000162490861;
2017;07;02;4;1;0.000073455994;0.000127653182;0.000085163436;0.000157673573;
2017;07;02;5;1;0.000070211215;0.000125757140;0.000084247615;0.000155927014;
2017;07;02;6;1;0.000068567473;0.000124054947;0.000084362240;0.000153580832;
2017;07;02;7;1;0.000068607692;0.000107044782;0.000082778676;0.000130321482;
2017;07;02;8;1;0.000070471125;0.000052183101;0.000074167304;0.000042408191;
2017;07;02;9;1;0.000078847823;0.000051113753;0.000078352533;0.000040627357;
2017;07;02;10;1;0.000092480479;0.000058074021;0.000085447624;0.000040796599;
2017;07;02;11;1;0.000105846429;0.000063905949;0.000093539476;0.000044817761;
2017;07;02;12;1;0.000114316573;0.000066410332;0.000098940646;0.000047728250;
2017;07;02;13;1;0.000120236974;0.000066661520;0.000102537197;0.000047050013;
2017;07;02;14;1;0.000127205217;0.000067218653;0.000104304021;0.000048700060;
2017;07;02;15;1;0.000130571904;0.000067449978;0.000103423009;0.000048582068;
2017;07;02;16;1;0.000124434058;0.000063877399;0.000101095258;0.000045772688;
2017;07;02;17;1;0.000120161811;0.000061324884;0.000097778876;0.000046072501;
2017;07;02;18;1;0.000118787219;0.000060699643;0.000095149949;0.000044985668;
2017;07;02;19;1;0.000120781843;0.000060166750;0.000095216706;0.000044261458;
2017;07;02;20;1;0.000122837694;0.000061050819;0.000097393392;0.000047003246;
2017;07;02;21;1;0.000127449981;0.000064141899;0.000099912541;0.000051645533;
2017;07;02;22;1;0.000138065886;0.000095586534;0.000105961478;0.000079251491;
2017;07;02;23;1;0.000140854689;0.000152793083;0.000111427831;0.000224862449;
2017;07;02;24;1;0.000124688273;0.000155315933;0.000103452139;0.000191429891;
2017;07;03;1;1;0.000103434566;0.000146088727;0.000093834159;0.000175974658;
2017;07;03;2;1;0.000086114356;0.000136323437;0.000087531412;0.000172102478;
2017;07;03;3;1;0.000075897196;0.000129268123;0.000084308846;0.000166884063;
2017;07;03;4;1;0.000071261892;0.000126607797;0.000082128407;0.000160993808;
2017;07;03;5;1;0.000068893648;0.000124895008;0.000081958192;0.000158286960;
2017;07;03;6;1;0.000068464020;0.000123922913;0.000084006022;0.000158644411;
2017;07;03;7;1;0.000072976264;0.000110219018;0.000089945216;0.000134207864;
2017;07;03;8;1;0.000084874585;0.000059708237;0.000099911949;0.000045242235;
2017;07;03;9;1;0.000101645172;0.000062975908;0.000134089526;0.000041968120;
2017;07;03;10;1;0.000120730852;0.000068069385;0.000156674461;0.000049174183;
2017;07;03;11;1;0.000135200726;0.000071025625;0.000171536579;0.000050626380;
2017;07;03;12;1;0.000142115198;0.000071422473;0.000177565153;0.000055787859;
2017;07;03;13;1;0.000148958668;0.000071988389;0.000180662500;0.000054781929;
2017;07;03;14;1;0.000156293390;0.000073164232;0.000174993912;0.000057315878;
2017;07;03;15;1;0.000152171147;0.000073813150;0.000158693207;0.000055252805;
2017;07;03;16;1;0.000145501800;0.000069925636;0.000151010435;0.000052401942;
2017;07;03;17;1;0.000146352415;0.000067853465;0.000150556146;0.000051291035;
2017;07;03;18;1;0.000150159906;0.000067492468;0.000153921460;0.000053074066;
2017;07;03;19;1;0.000152865919;0.000066997405;0.000151523670;0.000050585519;
2017;07;03;20;1;0.000150028280;0.000066633134;0.000144381285;0.000048503752;
2017;07;03;21;1;0.000145949019;0.000068946635;0.000132184053;0.000052197495;
2017;07;03;22;1;0.000148506810;0.000100033038;0.000121476161;0.000083227563;
2017;07;03;23;1;0.000148392431;0.000155634357;0.000118631490;0.000227600540;
2017;07;03;24;1;0.000128803703;0.000156739592;0.000107670332;0.000195272578;
2017;07;04;1;1;0.000108156438;0.000148148838;0.000100724447;0.000176527413;
2017;07;04;2;1;0.000089678585;0.000138624404;0.000094121981;0.000175501311;
2017;07;04;3;1;0.000079412300;0.000131357017;0.000090163186;0.000168999379;
2017;07;04;4;1;0.000074217960;0.000128610390;0.000088042070;0.000162043684;
2017;07;04;5;1;0.000071870623;0.000127035015;0.000087483049;0.000159339470;
2017;07;04;6;1;0.000071378959;0.000125916985;0.000089597167;0.000159309485;
2017;07;04;7;1;0.000076304130;0.000111151207;0.000095112819;0.000134326797;
2017;07;04;8;1;0.000088441172;0.000061592734;0.000104558683;0.000047701631;
2017;07;04;9;1;0.000104833891;0.000064421621;0.000138798749;0.000045094758;
2017;07;04;10;1;0.000124780555;0.000069877303;0.000162296348;0.000047134010;
2017;07;04;11;1;0.000139604520;0.000072493527;0.000178844884;0.000051245345;
2017;07;04;12;1;0.000146785287;0.000072393629;0.000185233158;0.000056267365;
2017;07;04;13;1;0.000153767895;0.000073143811;0.000188385927;0.000054249560;
2017;07;04;14;1;0.000161148695;0.000074451468;0.000182473397;0.000054897634;
2017;07;04;15;1;0.000156953903;0.000074820586;0.000165878815;0.000055570651;
2017;07;04;16;1;0.000149944749;0.000071174590;0.000157907561;0.000052742349;
2017;07;04;17;1;0.000150425042;0.000068885744;0.000157931534;0.000052210272;
2017;07;04;18;1;0.000154662226;0.000068760460;0.000161111471;0.000054349421;
2017;07;04;19;1;0.000157110937;0.000068092539;0.000158602545;0.000052067488;
2017;07;04;20;1;0.000154226870;0.000067878821;0.000151601685;0.000053095362;
2017;07;04;21;1;0.000149770981;0.000069970749;0.000139329183;0.000054244557;
2017;07;04;22;1;0.000151734527;0.000101671424;0.000128608224;0.000083213022;
2017;07;04;23;1;0.000151670773;0.000158032401;0.000125368376;0.000228208931;
2017;07;04;24;1;0.000132155101;0.000159192914;0.000113321453;0.000195110283;
2017;07;05;1;1;0.000109755733;0.000149388833;0.000102685771;0.000177460238;
2017;07;05;2;1;0.000090970080;0.000139731579;0.000095918289;0.000176361692;
2017;07;05;3;1;0.000080520614;0.000132348075;0.000091843640;0.000169753397;
2017;07;05;4;1;0.000075289414;0.000129642084;0.000089725457;0.000162843742;
2017;07;05;5;1;0.000072919357;0.000128073686;0.000089169404;0.000160150703;
2017;07;05;6;1;0.000072467058;0.000127028094;0.000091382963;0.000160223464;
2017;07;05;7;1;0.000077431853;0.000112080700;0.000096964150;0.000135035615;
2017;07;05;8;1;0.000089753793;0.000062111618;0.000106600431;0.000047956293;
2017;07;05;9;1;0.000106336741;0.000064931934;0.000141438528;0.000045312890;
2017;07;05;10;1;0.000126590481;0.000070442591;0.000165410633;0.000047369914;
2017;07;05;11;1;0.000141628947;0.000073079711;0.000182276049;0.000051501637;
2017;07;05;12;1;0.000148863618;0.000072954391;0.000188723208;0.000056529700;
2017;07;05;13;1;0.000155879257;0.000073679265;0.000191854351;0.000054479478;
2017;07;05;14;1;0.000163396920;0.000075012801;0.000185873367;0.000055142285;
2017;07;05;15;1;0.000159057637;0.000075343980;0.000168878307;0.000055788150;
2017;07;05;16;1;0.000151906893;0.000071650007;0.000160712510;0.000052932177;
2017;07;05;17;1;0.000152380723;0.000069340072;0.000160723461;0.000052393801;
2017;07;05;18;1;0.000156688390;0.000069220762;0.000163975725;0.000054545829;
2017;07;05;19;1;0.000159075561;0.000068508052;0.000161327251;0.000052224914;
2017;07;05;20;1;0.000156158176;0.000068294231;0.000154208831;0.000053256832;
2017;07;05;21;1;0.000151700288;0.000070423937;0.000141775556;0.000054428825;
2017;07;05;22;1;0.000153701857;0.000102338407;0.000130877195;0.000083502612;
2017;07;05;23;1;0.000153657513;0.000159090074;0.000127596992;0.000229033284;
2017;07;05;24;1;0.000133874751;0.000160244644;0.000115326049;0.000195798322;
2017;07;06;1;1;0.000108519824;0.000148537102;0.000101036748;0.000176954066;
2017;07;06;2;1;0.000089923479;0.000138900573;0.000094354621;0.000175815193;
2017;07;06;3;1;0.000079596026;0.000131563943;0.000090348432;0.000169231187;
2017;07;06;4;1;0.000074393295;0.000128819268;0.000088227259;0.000162273863;
2017;07;06;5;1;0.000072057362;0.000127271271;0.000087687688;0.000159603349;
2017;07;06;6;1;0.000071609185;0.000126230071;0.000089862927;0.000159673129;
2017;07;06;7;1;0.000076569459;0.000111455552;0.000095418887;0.000134667214;
2017;07;06;8;1;0.000088690015;0.000061720539;0.000104825781;0.000047790893;
2017;07;06;9;1;0.000105110815;0.000064544217;0.000139129431;0.000045171389;
2017;07;06;10;1;0.000125051145;0.000069977253;0.000162606264;0.000047191832;
2017;07;06;11;1;0.000139873457;0.000072579680;0.000179143112;0.000051295815;
2017;07;06;12;1;0.000146997934;0.000072445104;0.000185453569;0.000056295925;
2017;07;06;13;1;0.000153841093;0.000073124728;0.000188426901;0.000054224379;
2017;07;06;14;1;0.000161102792;0.000074375436;0.000182374281;0.000054830421;
2017;07;06;15;1;0.000156700087;0.000074644569;0.000165567772;0.000055428649;
2017;07;06;16;1;0.000149618937;0.000070967624;0.000157523732;0.000052578290;
2017;07;06;17;1;0.000149998117;0.000068639642;0.000157442610;0.000052013168;
2017;07;06;18;1;0.000154255086;0.000068528937;0.000160645831;0.000054155409;
2017;07;06;19;1;0.000156607872;0.000067824514;0.000158053851;0.000051851995;
2017;07;06;20;1;0.000153740448;0.000067614896;0.000151084492;0.000052878164;
2017;07;06;21;1;0.000149383760;0.000069738440;0.000138933049;0.000054053468;
2017;07;06;22;1;0.000151489118;0.000101432217;0.000128367040;0.000083000365;
2017;07;06;23;1;0.000151453757;0.000157690047;0.000125156645;0.000227668251;
2017;07;06;24;1;0.000131990679;0.000158877742;0.000113151216;0.000194684409;
2017;07;07;1;1;0.000108181886;0.000148427496;0.000101884110;0.000175376642;
2017;07;07;2;1;0.000090598902;0.000139037889;0.000094632405;0.000174939835;
2017;07;07;3;1;0.000080175786;0.000131695029;0.000090688967;0.000171117092;
2017;07;07;4;1;0.000075034942;0.000129379255;0.000088066242;0.000163867145;
2017;07;07;5;1;0.000072450771;0.000127211173;0.000087582128;0.000159750424;
2017;07;07;6;1;0.000071781432;0.000126268653;0.000089661875;0.000158568054;
2017;07;07;7;1;0.000076549289;0.000111671762;0.000095264819;0.000134450825;
2017;07;07;8;1;0.000088321609;0.000062113655;0.000104898948;0.000048080100;
2017;07;07;9;1;0.000104693829;0.000065033970;0.000139044463;0.000043813304;
2017;07;07;10;1;0.000124858462;0.000070890031;0.000161676366;0.000046633881;
2017;07;07;11;1;0.000139426902;0.000073244473;0.000177506172;0.000049802751;
2017;07;07;12;1;0.000146144792;0.000073394759;0.000183590974;0.000053313026;
2017;07;07;13;1;0.000152575602;0.000073475939;0.000186970561;0.000054140462;
2017;07;07;14;1;0.000159283270;0.000074474675;0.000181692619;0.000052324331;
2017;07;07;15;1;0.000156039085;0.000074753056;0.000163887246;0.000054829131;
2017;07;07;16;1;0.000149001470;0.000071028058;0.000152140651;0.000053441663;
2017;07;07;17;1;0.000148599802;0.000068504897;0.000149668409;0.000051051753;
2017;07;07;18;1;0.000152300131;0.000068789040;0.000151542405;0.000051751406;
2017;07;07;19;1;0.000153863014;0.000068359319;0.000149339180;0.000049905791;
2017;07;07;20;1;0.000149813041;0.000067919257;0.000145085903;0.000052025567;
2017;07;07;21;1;0.000144145488;0.000069302336;0.000136919504;0.000053477357;
2017;07;07;22;1;0.000143724189;0.000099523465;0.000129192668;0.000080534536;
2017;07;07;23;1;0.000142327345;0.000155278291;0.000128110299;0.000222941961;
2017;07;07;24;1;0.000126699815;0.000157727903;0.000118051808;0.000190886913;
2017;07;08;1;1;0.000108556223;0.000149154479;0.000106820228;0.000176420340;
2017;07;08;2;1;0.000093310547;0.000140970375;0.000097813503;0.000172401141;
2017;07;08;3;1;0.000081856918;0.000133612841;0.000092269768;0.000168894765;
2017;07;08;4;1;0.000075412544;0.000130386943;0.000089074182;0.000164048798;
2017;07;08;5;1;0.000072137666;0.000128017822;0.000087855141;0.000158917890;
2017;07;08;6;1;0.000070640657;0.000126737826;0.000088837095;0.000156587772;
2017;07;08;7;1;0.000071904159;0.000109195170;0.000088168905;0.000129275832;
2017;07;08;8;1;0.000076438898;0.000055749286;0.000083652319;0.000041454663;
2017;07;08;9;1;0.000088890804;0.000055672242;0.000094986683;0.000040234827;
2017;07;08;10;1;0.000108307629;0.000063535934;0.000110738556;0.000042992297;
2017;07;08;11;1;0.000124932679;0.000068570727;0.000127144227;0.000048559736;
2017;07;08;12;1;0.000133138094;0.000069207384;0.000133017769;0.000050044350;
2017;07;08;13;1;0.000138449158;0.000069557835;0.000136491151;0.000048086719;
2017;07;08;14;1;0.000143913010;0.000069885891;0.000134456338;0.000046199100;
2017;07;08;15;1;0.000142404204;0.000070334854;0.000124738586;0.000049670253;
2017;07;08;16;1;0.000134144843;0.000066968013;0.000120134808;0.000048709893;
2017;07;08;17;1;0.000128587883;0.000063835624;0.000116960268;0.000045718833;
2017;07;08;18;1;0.000126731927;0.000063465521;0.000118032675;0.000044557396;
2017;07;08;19;1;0.000126715316;0.000063481471;0.000119172487;0.000043350031;
2017;07;08;20;1;0.000125853958;0.000063250274;0.000121885023;0.000046833683;
2017;07;08;21;1;0.000127770578;0.000064992947;0.000123335870;0.000051387306;
2017;07;08;22;1;0.000134678409;0.000093784510;0.000122844131;0.000077257983;
2017;07;08;23;1;0.000135941636;0.000151536488;0.000125787163;0.000222525857;
2017;07;08;24;1;0.000122239839;0.000154497586;0.000117224706;0.000191202077;
2017;07;09;1;1;0.000107807676;0.000148156920;0.000108083619;0.000176674770;
2017;07;09;2;1;0.000093445065;0.000140322337;0.000098458740;0.000170567966;
2017;07;09;3;1;0.000082651161;0.000133099254;0.000092561525;0.000164435280;
2017;07;09;4;1;0.000076190573;0.000130188604;0.000089521696;0.000159484758;
2017;07;09;5;1;0.000072827399;0.000128259130;0.000088561926;0.000157723333;
2017;07;09;6;1;0.000071101911;0.000126486607;0.000088656863;0.000155305351;
2017;07;09;7;1;0.000071168510;0.000109181209;0.000087023125;0.000131830941;
2017;07;09;8;1;0.000073070447;0.000053201977;0.000077937089;0.000042881166;
2017;07;09;9;1;0.000081771587;0.000052121609;0.000082350624;0.000041088243;
2017;07;09;10;1;0.000095929623;0.000059231385;0.000089826358;0.000041267951;
2017;07;09;11;1;0.000109816776;0.000065193020;0.000098353211;0.000045344949;
2017;07;09;12;1;0.000118587533;0.000067738070;0.000104017332;0.000048282708;
2017;07;09;13;1;0.000124768590;0.000068015793;0.000107832531;0.000047611652;
2017;07;09;14;1;0.000132015924;0.000068592799;0.000109704281;0.000049287543;
2017;07;09;15;1;0.000135583172;0.000068866053;0.000108836446;0.000049194701;
2017;07;09;16;1;0.000129304700;0.000065266391;0.000106465026;0.000046383951;
2017;07;09;17;1;0.000124906876;0.000062679272;0.000103006837;0.000046703340;
2017;07;09;18;1;0.000123517115;0.000062059874;0.000100269100;0.000045616071;
2017;07;09;19;1;0.000125553297;0.000061496493;0.000100309197;0.000044868180;
2017;07;09;20;1;0.000127608191;0.000062359945;0.000102536272;0.000047616890;
2017;07;09;21;1;0.000132448755;0.000065541631;0.000105227496;0.000052339207;
2017;07;09;22;1;0.000143499803;0.000097685243;0.000111612814;0.000080326461;
2017;07;09;23;1;0.000146294577;0.000156037124;0.000117287499;0.000227750913;
2017;07;09;24;1;0.000129445546;0.000158542185;0.000108843402;0.000193801676;
2017;07;10;1;1;0.000107828466;0.000149452741;0.000099279674;0.000178385713;
2017;07;10;2;1;0.000089743584;0.000139417673;0.000092581334;0.000174404300;
2017;07;10;3;1;0.000079070010;0.000132159063;0.000089143740;0.000169060884;
2017;07;10;4;1;0.000074287946;0.000129521213;0.000086893251;0.000163197080;
2017;07;10;5;1;0.000071776381;0.000127692945;0.000086661537;0.000160357664;
2017;07;10;6;1;0.000071318601;0.000126680999;0.000088814215;0.000160696864;
2017;07;10;7;1;0.000076095105;0.000112784932;0.000095188572;0.000136080304;
2017;07;10;8;1;0.000088483903;0.000061085805;0.000105714773;0.000045864099;
2017;07;10;9;1;0.000106136685;0.000064531632;0.000142103660;0.000042612841;
2017;07;10;10;1;0.000126090374;0.000069764574;0.000166070894;0.000049939366;
2017;07;10;11;1;0.000141293922;0.000072841515;0.000181941950;0.000051447412;
2017;07;10;12;1;0.000148500205;0.000073238739;0.000188311097;0.000056685036;
2017;07;10;13;1;0.000155559322;0.000073775500;0.000191482867;0.000055630093;
2017;07;10;14;1;0.000163172556;0.000074959170;0.000185421926;0.000058186692;
2017;07;10;15;1;0.000158926421;0.000075651401;0.000168210758;0.000056112591;
2017;07;10;16;1;0.000151973469;0.000071672950;0.000160080346;0.000053221731;
2017;07;10;17;1;0.000152817713;0.000069528888;0.000159552620;0.000052078382;
2017;07;10;18;1;0.000156765830;0.000069146814;0.000163090340;0.000053879306;
2017;07;10;19;1;0.000159424648;0.000068568118;0.000160382479;0.000051299509;
2017;07;10;20;1;0.000156402245;0.000068167841;0.000152760966;0.000049168549;
2017;07;10;21;1;0.000152091153;0.000070507497;0.000139802031;0.000052892567;
2017;07;10;22;1;0.000154754832;0.000102296495;0.000128475570;0.000084334881;
2017;07;10;23;1;0.000154620882;0.000159140720;0.000125455015;0.000230606684;
2017;07;10;24;1;0.000134169425;0.000160222450;0.000113828997;0.000197791980;
2017;07;11;1;1;0.000111349926;0.000150517033;0.000104785812;0.000178165030;
2017;07;11;2;1;0.000092254423;0.000140730419;0.000097840697;0.000176991156;
2017;07;11;3;1;0.000081653043;0.000133286976;0.000093679352;0.000170350125;
2017;07;11;4;1;0.000076355711;0.000130574511;0.000091527751;0.000163432105;
2017;07;11;5;1;0.000073939673;0.000128973176;0.000090945257;0.000160702351;
2017;07;11;6;1;0.000073429620;0.000127830717;0.000093137673;0.000160662846;
2017;07;11;7;1;0.000078559890;0.000112931955;0.000098951392;0.000135577691;
2017;07;11;8;1;0.000091026898;0.000062559688;0.000108744022;0.000048130595;
2017;07;11;9;1;0.000108016953;0.000065504586;0.000144512628;0.000045550068;
2017;07;11;10;1;0.000128599758;0.000071068838;0.000169017634;0.000047621205;
2017;07;11;11;1;0.000143863590;0.000073722572;0.000186233570;0.000051770050;
2017;07;11;12;1;0.000151304854;0.000073641143;0.000192938588;0.000056859058;
2017;07;11;13;1;0.000158472020;0.000074389964;0.000196184827;0.000054809507;
2017;07;11;14;1;0.000166116789;0.000075737303;0.000190071203;0.000055477018;
2017;07;11;15;1;0.000161826576;0.000076128745;0.000172821863;0.000056168906;
2017;07;11;16;1;0.000154644036;0.000072439714;0.000164564015;0.000053325402;
2017;07;11;17;1;0.000155113495;0.000070098485;0.000164561535;0.000052778634;
2017;07;11;18;1;0.000159531596;0.000069992428;0.000167926388;0.000054957900;
2017;07;11;19;1;0.000162002100;0.000069288888;0.000165254924;0.000052632451;
2017;07;11;20;1;0.000159081687;0.000069094627;0.000158013504;0.000053689515;
2017;07;11;21;1;0.000154496368;0.000071229019;0.000145232136;0.000054855416;
2017;07;11;22;1;0.000156536691;0.000103509563;0.000134069660;0.000084158072;
2017;07;11;23;1;0.000156620303;0.000161043106;0.000130817002;0.000231021047;
2017;07;11;24;1;0.000136515323;0.000162282259;0.000118287713;0.000197583366;
2017;07;12;1;1;0.000115472961;0.000153687527;0.000109941084;0.000180488941;
2017;07;12;2;1;0.000095613103;0.000143608718;0.000102592809;0.000179192383;
2017;07;12;3;1;0.000084592531;0.000135959628;0.000098190775;0.000172401033;
2017;07;12;4;1;0.000079066558;0.000133128892;0.000095889545;0.000165320397;
2017;07;12;5;1;0.000076560112;0.000131488279;0.000095273531;0.000162549274;
2017;07;12;6;1;0.000076032646;0.000130324676;0.000097571138;0.000162510729;
2017;07;12;7;1;0.000081255669;0.000115009113;0.000103548038;0.000136986824;
2017;07;12;8;1;0.000094167380;0.000063721784;0.000113815996;0.000048639571;
2017;07;12;9;1;0.000111677785;0.000066682087;0.000151163812;0.000046004643;
2017;07;12;10;1;0.000133030510;0.000072385725;0.000176892855;0.000048122618;
2017;07;12;11;1;0.000148938874;0.000075148491;0.000195066328;0.000052356852;
2017;07;12;12;1;0.000156698080;0.000075092047;0.000202160861;0.000057523889;
2017;07;12;13;1;0.000164204172;0.000075894193;0.000205666792;0.000055478569;
2017;07;12;14;1;0.000172192201;0.000077298736;0.000199334944;0.000056176001;
2017;07;12;15;1;0.000167788057;0.000077718154;0.000181291335;0.000056891178;
2017;07;12;16;1;0.000160414679;0.000073986121;0.000172708204;0.000054035954;
2017;07;12;17;1;0.000160896000;0.000071592397;0.000172699531;0.000053480022;
2017;07;12;18;1;0.000165460856;0.000071476327;0.000176211671;0.000055682208;
2017;07;12;19;1;0.000167946126;0.000070725422;0.000173328876;0.000053301656;
2017;07;12;20;1;0.000164851998;0.000070498667;0.000165666766;0.000054350215;
2017;07;12;21;1;0.000160175998;0.000072710768;0.000152338282;0.000055556700;
2017;07;12;22;1;0.000162220725;0.000105616865;0.000140568452;0.000085196888;
2017;07;12;23;1;0.000162271428;0.000164285314;0.000137127752;0.000233820890;
2017;07;12;24;1;0.000141481562;0.000165596859;0.000124029572;0.000200035275;
2017;07;13;1;1;0.000118494153;0.000156028977;0.000113679880;0.000182235683;
2017;07;13;2;1;0.000098116840;0.000145799811;0.000106084035;0.000180930542;
2017;07;13;3;1;0.000086774324;0.000137980974;0.000101493184;0.000174006425;
2017;07;13;4;1;0.000081097143;0.000135093688;0.000099103947;0.000166841991;
2017;07;13;5;1;0.000078503544;0.000133390150;0.000098438713;0.000163997767;
2017;07;13;6;1;0.000077955571;0.000132197646;0.000100803449;0.000163943911;
2017;07;13;7;1;0.000083286550;0.000116628174;0.000106947355;0.000138154871;
2017;07;13;8;1;0.000096416512;0.000064548904;0.000117425170;0.000049001217;
2017;07;13;9;1;0.000114340594;0.000067544945;0.000155951105;0.000046344853;
2017;07;13;10;1;0.000136304899;0.000073377541;0.000182632249;0.000048514958;
2017;07;13;11;1;0.000152500146;0.000076125906;0.000201257220;0.000052747504;
2017;07;13;12;1;0.000160442785;0.000076067734;0.000208574189;0.000057952337;
2017;07;13;13;1;0.000168127009;0.000076879733;0.000212189770;0.000055891369;
2017;07;13;14;1;0.000176441464;0.000078362735;0.000205815265;0.000056637516;
2017;07;13;15;1;0.000171980208;0.000078811559;0.000187241211;0.000057375773;
2017;07;13;16;1;0.000164471619;0.000075049386;0.000178429557;0.000054512473;
2017;07;13;17;1;0.000164961350;0.000072619604;0.000178416527;0.000053950407;
2017;07;13;18;1;0.000169609822;0.000072488310;0.000182010889;0.000056161459;
2017;07;13;19;1;0.000172117199;0.000071710020;0.000178991402;0.000053747861;
2017;07;13;20;1;0.000168926379;0.000071471712;0.000171058879;0.000054798759;
2017;07;13;21;1;0.000163986378;0.000073647683;0.000157154332;0.000055964545;
2017;07;13;22;1;0.000166050933;0.000106959232;0.000144987250;0.000085807434;
2017;07;13;23;1;0.000166047383;0.000166317803;0.000141391175;0.000235417903;
2017;07;13;24;1;0.000144847015;0.000167730413;0.000127950479;0.000201503451;
2017;07;14;1;1;0.000118961418;0.000156644486;0.000115589324;0.000181270711;
2017;07;14;2;1;0.000099623362;0.000146730567;0.000107358844;0.000180813678;
2017;07;14;3;1;0.000088065373;0.000138829099;0.000102772305;0.000176668715;
2017;07;14;4;1;0.000082264207;0.000136132300;0.000099613114;0.000168866522;
2017;07;14;5;1;0.000079377189;0.000133760269;0.000098998333;0.000164512549;
2017;07;14;6;1;0.000078630514;0.000132746694;0.000101331974;0.000163267221;
2017;07;14;7;1;0.000083842724;0.000117386123;0.000107650600;0.000138417819;
2017;07;14;8;1;0.000096630166;0.000065220183;0.000118406780;0.000049444207;
2017;07;14;9;1;0.000114586368;0.000068312677;0.000157009256;0.000045073593;
2017;07;14;10;1;0.000136648284;0.000074459572;0.000182554451;0.000047972469;
2017;07;14;11;1;0.000152644264;0.000076958738;0.000200496621;0.000051249726;
2017;07;14;12;1;0.000160194977;0.000077211106;0.000207623526;0.000054929190;
2017;07;14;13;1;0.000167423697;0.000077379541;0.000211672652;0.000055841632;
2017;07;14;14;1;0.000174979199;0.000078518870;0.000205926971;0.000054028667;
2017;07;14;15;1;0.000171683530;0.000078935681;0.000186037323;0.000056703636;
2017;07;14;16;1;0.000164294729;0.000075164399;0.000173076471;0.000055388213;
2017;07;14;17;1;0.000163928124;0.000072528054;0.000170343304;0.000052935888;
2017;07;14;18;1;0.000167953718;0.000072804423;0.000172418239;0.000053643340;
2017;07;14;19;1;0.000169538154;0.000072290314;0.000169772233;0.000051687850;
2017;07;14;20;1;0.000165050015;0.000071813823;0.000164911466;0.000053874974;
2017;07;14;21;1;0.000158554478;0.000073160135;0.000155382627;0.000055290651;
2017;07;14;22;1;0.000157884452;0.000104926251;0.000146422241;0.000083156454;
2017;07;14;23;1;0.000156356767;0.000163714915;0.000145201822;0.000230210144;
2017;07;14;24;1;0.000139153113;0.000166254973;0.000133767089;0.000197059515;
2017;07;15;1;1;0.000118867296;0.000156970593;0.000120525376;0.000181992241;
2017;07;15;2;1;0.000102161089;0.000148339557;0.000110349643;0.000177824450;
2017;07;15;3;1;0.000089604509;0.000140571414;0.000104076155;0.000174175562;
2017;07;15;4;1;0.000082475319;0.000137053098;0.000100380555;0.000169024642;
2017;07;15;5;1;0.000078826498;0.000134448177;0.000098922404;0.000163598566;
2017;07;15;6;1;0.000077180968;0.000133087137;0.000100015468;0.000161179532;
2017;07;15;7;1;0.000078597462;0.000114718188;0.000099308700;0.000133127695;
2017;07;15;8;1;0.000083457094;0.000058500892;0.000094111818;0.000042640156;
2017;07;15;9;1;0.000096951422;0.000058359343;0.000106752341;0.000041342434;
2017;07;15;10;1;0.000118088996;0.000066580054;0.000124413233;0.000044160867;
2017;07;15;11;1;0.000136364465;0.000071934670;0.000143001022;0.000049934193;
2017;07;15;12;1;0.000145318765;0.000072601591;0.000149605086;0.000051460141;
2017;07;15;13;1;0.000151267176;0.000073042356;0.000153665443;0.000049496681;
2017;07;15;14;1;0.000157440448;0.000073481854;0.000151570566;0.000047615279;
2017;07;15;15;1;0.000156094850;0.000074098718;0.000140891216;0.000051293070;
2017;07;15;16;1;0.000147365543;0.000070707213;0.000135990371;0.000050412206;
2017;07;15;17;1;0.000141336444;0.000067435962;0.000132467642;0.000047341914;
2017;07;15;18;1;0.000139373221;0.000067081920;0.000133755881;0.000046164663;
2017;07;15;19;1;0.000139175078;0.000067012170;0.000134873212;0.000044855771;
2017;07;15;20;1;0.000138064796;0.000066688788;0.000137779231;0.000048402852;
2017;07;15;21;1;0.000140016485;0.000068452432;0.000139269190;0.000053051872;
2017;07;15;22;1;0.000147371847;0.000098632946;0.000138512287;0.000079644625;
2017;07;15;23;1;0.000148634999;0.000159242927;0.000141717098;0.000229216372;
2017;07;15;24;1;0.000133715765;0.000162429865;0.000132131489;0.000197042090;
2017;07;16;1;1;0.000116106573;0.000154531094;0.000119247234;0.000181314693;
2017;07;16;2;1;0.000100582238;0.000146277842;0.000108567667;0.000174949913;
2017;07;16;3;1;0.000088899503;0.000138647745;0.000101991079;0.000168537565;
2017;07;16;4;1;0.000081961008;0.000135633147;0.000098654220;0.000163484497;
2017;07;16;5;1;0.000078295023;0.000133540951;0.000097536625;0.000161579643;
2017;07;16;6;1;0.000076397673;0.000131622525;0.000097587127;0.000159014460;
2017;07;16;7;1;0.000076372439;0.000113470639;0.000095667577;0.000134808563;
2017;07;16;8;1;0.000078466554;0.000055329583;0.000085737005;0.000043879405;
2017;07;16;9;1;0.000087776667;0.000054185276;0.000090557592;0.000042028662;
2017;07;16;10;1;0.000102945715;0.000061559381;0.000098750804;0.000042200712;
2017;07;16;11;1;0.000117847452;0.000067754699;0.000108123815;0.000046369430;
2017;07;16;12;1;0.000127366597;0.000070458946;0.000114446768;0.000049415077;
2017;07;16;13;1;0.000134153600;0.000070826152;0.000118775858;0.000048782230;
2017;07;16;14;1;0.000142142933;0.000071526059;0.000121005146;0.000050569360;
2017;07;16;15;1;0.000146116054;0.000071876042;0.000120156650;0.000050519822;
2017;07;16;16;1;0.000139500450;0.000068192673;0.000117665616;0.000047684846;
2017;07;16;17;1;0.000134830818;0.000065525989;0.000113906940;0.000048039901;
2017;07;16;18;1;0.000133300923;0.000064863999;0.000110854786;0.000046911059;
2017;07;16;19;1;0.000135407478;0.000064232037;0.000110824708;0.000046110977;
2017;07;16;20;1;0.000137520263;0.000065084966;0.000113200143;0.000048899060;
2017;07;16;21;1;0.000142484723;0.000068284869;0.000115966078;0.000053653604;
2017;07;16;22;1;0.000154162336;0.000101634874;0.000122835061;0.000082231261;
2017;07;16;23;1;0.000157226206;0.000162409512;0.000129130771;0.000233242761;
2017;07;16;24;1;0.000139237433;0.000165158356;0.000119936761;0.000198645058;
2017;07;17;1;1;0.000114612741;0.000154731321;0.000107631024;0.000182243630;
2017;07;17;2;1;0.000095363653;0.000144301942;0.000100341494;0.000178126885;
2017;07;17;3;1;0.000084010998;0.000136771679;0.000096603499;0.000172647504;
2017;07;17;4;1;0.000078866779;0.000133934214;0.000094089132;0.000166525580;
2017;07;17;5;1;0.000076124470;0.000131912061;0.000093744710;0.000163465182;
2017;07;17;6;1;0.000075603586;0.000130805479;0.000096028406;0.000163734349;
2017;07;17;7;1;0.000080593147;0.000116350259;0.000102826220;0.000138525423;
2017;07;17;8;1;0.000093628396;0.000062959098;0.000114092384;0.000046645419;
2017;07;17;9;1;0.000112323544;0.000066520087;0.000153386875;0.000043344958;
2017;07;17;10;1;0.000133655935;0.000072030451;0.000179546728;0.000050879421;
2017;07;17;11;1;0.000149779094;0.000075211035;0.000196715338;0.000052418438;
2017;07;17;12;1;0.000157408071;0.000075616345;0.000203588628;0.000057751224;
2017;07;17;13;1;0.000164992905;0.000076217775;0.000207146122;0.000056711591;
2017;07;17;14;1;0.000173163677;0.000077483518;0.000200700489;0.000059350744;
2017;07;17;15;1;0.000168813757;0.000078271487;0.000182239770;0.000057288160;
2017;07;17;16;1;0.000161527524;0.000074200857;0.000173537938;0.000054370155;
2017;07;17;17;1;0.000162585441;0.000072052344;0.000173136867;0.000053254738;
2017;07;17;18;1;0.000166713503;0.000071625296;0.000176898956;0.000055072422;
2017;07;17;19;1;0.000169549091;0.000071029230;0.000173970086;0.000052437989;
2017;07;17;20;1;0.000166105089;0.000070517088;0.000165474094;0.000050190343;
2017;07;17;21;1;0.000161424307;0.000072891209;0.000151340833;0.000053957577;
2017;07;17;22;1;0.000164296366;0.000105783851;0.000139117560;0.000086056523;
2017;07;17;23;1;0.000164119825;0.000164531515;0.000135818392;0.000235265155;
2017;07;17;24;1;0.000142515091;0.000165769850;0.000123321235;0.000201933696;
2017;07;18;1;1;0.000117227923;0.000155045364;0.000112083561;0.000181516832;
2017;07;18;2;1;0.000097141632;0.000144990042;0.000104673330;0.000180352872;
2017;07;18;3;1;0.000085970890;0.000137308924;0.000100212346;0.000173570057;
2017;07;18;4;1;0.000080336860;0.000134419951;0.000097841796;0.000166404091;
2017;07;18;5;1;0.000077739337;0.000132676712;0.000097149745;0.000163507936;
2017;07;18;6;1;0.000077246165;0.000131574845;0.000099547264;0.000163558981;
2017;07;18;7;1;0.000082541548;0.000116096890;0.000105631136;0.000137852064;
2017;07;18;8;1;0.000095566904;0.000064263495;0.000115995587;0.000048900387;
2017;07;18;9;1;0.000113358540;0.000067261419;0.000154087150;0.000046259896;
2017;07;18;10;1;0.000135056514;0.000073027527;0.000180345663;0.000048398183;
2017;07;18;11;1;0.000151126523;0.000075774360;0.000198767817;0.000052628584;
2017;07;18;12;1;0.000158901125;0.000075670504;0.000205869263;0.000057786590;
2017;07;18;13;1;0.000166472323;0.000076460264;0.000209388662;0.000055718400;
2017;07;18;14;1;0.000174581682;0.000077880186;0.000202955007;0.000056422400;
2017;07;18;15;1;0.000170109873;0.000078299744;0.000184576607;0.000057138513;
2017;07;18;16;1;0.000162676070;0.000074558853;0.000175882921;0.000054284761;
2017;07;18;17;1;0.000163141112;0.000072136400;0.000175849227;0.000053718673;
2017;07;18;18;1;0.000167696974;0.000071988243;0.000179347681;0.000055906453;
2017;07;18;19;1;0.000170222057;0.000071234566;0.000176420033;0.000053518272;
2017;07;18;20;1;0.000167037046;0.000070985376;0.000168571875;0.000054555104;
2017;07;18;21;1;0.000162096368;0.000073121311;0.000154816068;0.000055696489;
2017;07;18;22;1;0.000164245246;0.000106264728;0.000142924100;0.000085452690;
2017;07;18;23;1;0.000164069774;0.000165064871;0.000139233267;0.000234199177;
2017;07;18;24;1;0.000142970447;0.000166290682;0.000125864371;0.000200248167;
2017;07;19;1;1;0.000116092559;0.000154229615;0.000110585134;0.000180992734;
2017;07;19;2;1;0.000096207923;0.000144237868;0.000103281608;0.000179845439;
2017;07;19;3;1;0.000085178751;0.000136651463;0.000098919653;0.000173151227;
2017;07;19;4;1;0.000079625517;0.000133824867;0.000096614729;0.000166062792;
2017;07;19;5;1;0.000076996368;0.000131995701;0.000095863346;0.000163056896;
2017;07;19;6;1;0.000076470138;0.000130834865;0.000098180624;0.000163027275;
2017;07;19;7;1;0.000081782119;0.000115542567;0.000104269961;0.000137521293;
2017;07;19;8;1;0.000094665873;0.000063941961;0.000114474540;0.000048771842;
2017;07;19;9;1;0.000112173621;0.000066855663;0.000151909324;0.000046090569;
2017;07;19;10;1;0.000133675043;0.000072603418;0.000177836954;0.000048231946;
2017;07;19;11;1;0.000149545502;0.000075316584;0.000195956756;0.000052435483;
2017;07;19;12;1;0.000157253335;0.000075220324;0.000202976571;0.000057579897;
2017;07;19;13;1;0.000164619070;0.000075946816;0.000206287435;0.000055476323;
2017;07;19;14;1;0.000172553638;0.000077319334;0.000199851185;0.000056149762;
2017;07;19;15;1;0.000168069607;0.000077706202;0.000181684481;0.000056840714;
2017;07;19;16;1;0.000160597027;0.000073934770;0.000172989208;0.000053958850;
2017;07;19;17;1;0.000161057799;0.000071533337;0.000172957865;0.000053396716;
2017;07;19;18;1;0.000165602980;0.000071406899;0.000176449404;0.000055587326;
2017;07;19;19;1;0.000168044286;0.000070637346;0.000173515120;0.000053196239;
2017;07;19;20;1;0.000164855628;0.000070371294;0.000165751552;0.000054212232;
2017;07;19;21;1;0.000160039474;0.000072515940;0.000152282984;0.000055367202;
2017;07;19;22;1;0.000162132394;0.000105366316;0.000140560717;0.000084932449;
2017;07;19;23;1;0.000162096976;0.000163808587;0.000137047417;0.000232971406;
2017;07;19;24;1;0.000141254458;0.000165028701;0.000123891129;0.000199202766;
2017;07;20;1;1;0.000112845659;0.000151804045;0.000106513704;0.000179278871;
2017;07;20;2;1;0.000093491974;0.000141931203;0.000099452282;0.000178094462;
2017;07;20;3;1;0.000082752507;0.000134430951;0.000095227140;0.000171420579;
2017;07;20;4;1;0.000077319243;0.000131585261;0.000092962316;0.000164321790;
2017;07;20;5;1;0.000074798053;0.000129841922;0.000092278580;0.000161416051;
2017;07;20;6;1;0.000074308315;0.000128737221;0.000094536516;0.000161433367;
2017;07;20;7;1;0.000079486719;0.000113713838;0.000100420803;0.000136205189;
2017;07;20;8;1;0.000092027021;0.000062942351;0.000110270436;0.000048314620;
2017;07;20;9;1;0.000109109971;0.000065848668;0.000146415279;0.000045684962;
2017;07;20;10;1;0.000129932028;0.000071459184;0.000171283751;0.000047773621;
2017;07;20;11;1;0.000145417748;0.000074160009;0.000188813294;0.000051958526;
2017;07;20;12;1;0.000152879156;0.000074048916;0.000195534138;0.000057043582;
2017;07;20;13;1;0.000160091244;0.000074788032;0.000198787229;0.000054977197;
2017;07;20;14;1;0.000167779045;0.000076126663;0.000192552248;0.000055635118;
2017;07;20;15;1;0.000163380069;0.000076489297;0.000175007230;0.000056306290;
2017;07;20;16;1;0.000156118401;0.000072778050;0.000166634097;0.000053452346;
2017;07;20;17;1;0.000156578703;0.000070419755;0.000166617079;0.000052899671;
2017;07;20;18;1;0.000160955571;0.000070276987;0.000169936367;0.000055055555;
2017;07;20;19;1;0.000163355485;0.000069531155;0.000167138140;0.000052696090;
2017;07;20;20;1;0.000160246011;0.000069265039;0.000159650147;0.000053699252;
2017;07;20;21;1;0.000155583464;0.000071384660;0.000146695221;0.000054849970;
2017;07;20;22;1;0.000157665185;0.000103753535;0.000135443523;0.000084164152;
2017;07;20;23;1;0.000157625077;0.000161295466;0.000132053380;0.000230855654;
2017;07;20;24;1;0.000137382545;0.000162526420;0.000119398225;0.000197429594;
2017;07;21;1;1;0.000111667656;0.000151081659;0.000106313522;0.000177277266;
2017;07;21;2;1;0.000093517721;0.000141523539;0.000098746124;0.000176834965;
2017;07;21;3;1;0.000082713307;0.000133975714;0.000094579239;0.000172875719;
2017;07;21;4;1;0.000077337616;0.000131497171;0.000091758412;0.000165396974;
2017;07;21;5;1;0.000074649817;0.000129251481;0.000091224276;0.000161189298;
2017;07;21;6;1;0.000074019412;0.000128396622;0.000093465327;0.000160124453;
2017;07;21;7;1;0.000078966453;0.000113597657;0.000099344360;0.000135823023;
2017;07;21;8;1;0.000091047427;0.000063141127;0.000109315321;0.000048537177;
2017;07;21;9;1;0.000107911862;0.000066101742;0.000144880854;0.000044224461;
2017;07;21;10;1;0.000128605100;0.000072002887;0.000168343343;0.000047038148;
2017;07;21;11;1;0.000143692673;0.000074436756;0.000184931419;0.000050263164;
2017;07;21;12;1;0.000150712003;0.000074636984;0.000191392547;0.000053840152;
2017;07;21;13;1;0.000157315528;0.000074706120;0.000194880744;0.000054665951;
2017;07;21;14;1;0.000164236144;0.000075723683;0.000189384774;0.000052833661;
2017;07;21;15;1;0.000160983277;0.000076050287;0.000170923480;0.000055394568;
2017;07;21;16;1;0.000153847373;0.000072319266;0.000158801280;0.000054036591;
2017;07;21;17;1;0.000153520861;0.000069790341;0.000156310628;0.000051649755;
2017;07;21;18;1;0.000157326060;0.000070071945;0.000158250015;0.000052351724;
2017;07;21;19;1;0.000158914837;0.000069622958;0.000155924073;0.000050476543;
2017;07;21;20;1;0.000154781807;0.000069197078;0.000151532123;0.000052637537;
2017;07;21;21;1;0.000148835554;0.000070563163;0.000142915768;0.000054073442;
2017;07;21;22;1;0.000148349349;0.000101299150;0.000134804019;0.000081404119;
2017;07;21;23;1;0.000146930138;0.000158073045;0.000133695190;0.000225383856;
2017;07;21;24;1;0.000130795845;0.000160565054;0.000123196908;0.000192975675;
2017;07;22;1;1;0.000112515498;0.000152157061;0.000112086659;0.000178557753;
2017;07;22;2;1;0.000096727877;0.000143829167;0.000102650847;0.000174515293;
2017;07;22;3;1;0.000084779937;0.000136202188;0.000096747539;0.000170815124;
2017;07;22;4;1;0.000078100532;0.000132905420;0.000093391005;0.000165903630;
2017;07;22;5;1;0.000074641168;0.000130372189;0.000092029342;0.000160568947;
2017;07;22;6;1;0.000073096186;0.000129075682;0.000093063019;0.000158223237;
2017;07;22;7;1;0.000074491952;0.000111341472;0.000092472712;0.000130781140;
2017;07;22;8;1;0.000079178932;0.000056837206;0.000087723512;0.000041931562;
2017;07;22;9;1;0.000091967472;0.000056691025;0.000099490803;0.000040649198;
2017;07;22;10;1;0.000112017410;0.000064676139;0.000115949301;0.000043419974;
2017;07;22;11;1;0.000129319599;0.000069859463;0.000133237889;0.000049083672;
2017;07;22;12;1;0.000137836953;0.000070520267;0.000139417017;0.000050593044;
2017;07;22;13;1;0.000143309320;0.000070864439;0.000143031407;0.000048605083;
2017;07;22;14;1;0.000149004236;0.000071217422;0.000140936226;0.000046709423;
2017;07;22;15;1;0.000147601876;0.000071752633;0.000130891874;0.000050273355;
2017;07;22;16;1;0.000139238256;0.000068414821;0.000126239787;0.000049371259;
2017;07;22;17;1;0.000133485535;0.000065222201;0.000122917952;0.000046344876;
2017;07;22;18;1;0.000131592442;0.000064860597;0.000124076621;0.000045179055;
2017;07;22;19;1;0.000131486111;0.000064832973;0.000125189980;0.000043925085;
2017;07;22;20;1;0.000130574743;0.000064588158;0.000128022247;0.000047448561;
2017;07;22;21;1;0.000132538516;0.000066355306;0.000129521971;0.000052052252;
2017;07;22;22;1;0.000139752105;0.000095783275;0.000129049877;0.000078284571;
2017;07;22;23;1;0.000140987257;0.000154683067;0.000132070704;0.000225361791;
2017;07;22;24;1;0.000126703235;0.000157614010;0.000123008999;0.000193526290;
2017;07;23;1;1;0.000110288414;0.000150127411;0.000111354812;0.000178184301;
2017;07;23;2;1;0.000095563651;0.000142141540;0.000101405040;0.000171968351;
2017;07;23;3;1;0.000084461819;0.000134723992;0.000095260067;0.000165661341;
2017;07;23;4;1;0.000077855524;0.000131770749;0.000092126677;0.000160665294;
2017;07;23;5;1;0.000074407453;0.000129797933;0.000091125012;0.000158866483;
2017;07;23;6;1;0.000072612958;0.000127948514;0.000091183052;0.000156362992;
2017;07;23;7;1;0.000072692736;0.000110460977;0.000089517247;0.000132750200;
2017;07;23;8;1;0.000074668110;0.000053849170;0.000080205930;0.000043199097;
2017;07;23;9;1;0.000083510988;0.000052725033;0.000084698749;0.000041368851;
2017;07;23;10;1;0.000097925085;0.000059889537;0.000092345113;0.000041530659;
2017;07;23;11;1;0.000112017845;0.000065868454;0.000101035960;0.000045599716;
2017;07;23;12;1;0.000120988168;0.000068453322;0.000106875579;0.000048563523;
2017;07;23;13;1;0.000127337410;0.000068757228;0.000110833092;0.000047904762;
2017;07;23;14;1;0.000134768657;0.000069358382;0.000112785965;0.000049603742;
2017;07;23;15;1;0.000138437754;0.000069648504;0.000111915957;0.000049520130;
2017;07;23;16;1;0.000132094505;0.000066041646;0.000109533334;0.000046714626;
2017;07;23;17;1;0.000127661118;0.000063453282;0.000106024749;0.000047058159;
2017;07;23;18;1;0.000126208906;0.000062810405;0.000103180798;0.000045951049;
2017;07;23;19;1;0.000128279111;0.000062235190;0.000103213732;0.000045194020;
2017;07;23;20;1;0.000130361071;0.000063100520;0.000105491093;0.000047956236;
2017;07;23;21;1;0.000135119422;0.000066228511;0.000108110541;0.000052639497;
2017;07;23;22;1;0.000146383812;0.000098702591;0.000114663372;0.000080782089;
2017;07;23;23;1;0.000149280085;0.000157710073;0.000120529756;0.000229112333;
2017;07;23;24;1;0.000132101752;0.000160259636;0.000111864550;0.000194981627;
2017;07;24;1;1;0.000106935700;0.000148918864;0.000098059137;0.000178172532;
2017;07;24;2;1;0.000089015928;0.000138943643;0.000091458944;0.000174225971;
2017;07;24;3;1;0.000078364134;0.000131600954;0.000087990306;0.000168748560;
2017;07;24;4;1;0.000073579767;0.000128895423;0.000085716521;0.000162796038;
2017;07;24;5;1;0.000071040774;0.000126984165;0.000085426172;0.000159848011;
2017;07;24;6;1;0.000070596815;0.000125994130;0.000087559487;0.000160206852;
2017;07;24;7;1;0.000075298296;0.000112133673;0.000093810549;0.000135617299;
2017;07;24;8;1;0.000087458305;0.000060664361;0.000104066489;0.000045656335;
2017;07;24;9;1;0.000104751005;0.000063991439;0.000139680693;0.000042356939;
2017;07;24;10;1;0.000124574472;0.000069253002;0.000163410169;0.000049691436;
2017;07;24;11;1;0.000139572389;0.000072295546;0.000178997643;0.000051183616;
2017;07;24;12;1;0.000146702549;0.000072695580;0.000185278470;0.000056398874;
2017;07;24;13;1;0.000153754806;0.000073265811;0.000188495513;0.000055377563;
2017;07;24;14;1;0.000161389672;0.000074492051;0.000182653563;0.000057962043;
2017;07;24;15;1;0.000157157881;0.000075164639;0.000165665572;0.000055884553;
2017;07;24;16;1;0.000150221856;0.000071183145;0.000157594769;0.000052984122;
2017;07;24;17;1;0.000150991238;0.000069023960;0.000157007509;0.000051823522;
2017;07;24;18;1;0.000154859007;0.000068629966;0.000160454440;0.000053604154;
2017;07;24;19;1;0.000157534454;0.000068076756;0.000157839408;0.000051053402;
2017;07;24;20;1;0.000154426990;0.000067626405;0.000150221141;0.000048894387;
2017;07;24;21;1;0.000150036529;0.000069885149;0.000137355159;0.000052550771;
2017;07;24;22;1;0.000152794008;0.000101479753;0.000126334247;0.000083861136;
2017;07;24;23;1;0.000152639059;0.000157846660;0.000123345695;0.000229277175;
2017;07;24;24;1;0.000132456253;0.000158927415;0.000111920657;0.000196661334;
2017;07;25;1;1;0.000106511946;0.000146990244;0.000098602576;0.000175780951;
2017;07;25;2;1;0.000088273097;0.000137474968;0.000092095434;0.000174676182;
2017;07;25;3;1;0.000078112144;0.000130175238;0.000088159163;0.000168085249;
2017;07;25;4;1;0.000073015965;0.000127476223;0.000086100661;0.000161196139;
2017;07;25;5;1;0.000070673985;0.000125856582;0.000085514450;0.000158432855;
2017;07;25;6;1;0.000070133802;0.000124648139;0.000087510240;0.000158275069;
2017;07;25;7;1;0.000074998268;0.000110068155;0.000092928657;0.000133499474;
2017;07;25;8;1;0.000086858461;0.000060944068;0.000102076360;0.000047370130;
2017;07;25;9;1;0.000102937202;0.000063730396;0.000135476395;0.000044772405;
2017;07;25;10;1;0.000122585983;0.000069163084;0.000158492995;0.000046821142;
2017;07;25;11;1;0.000137146610;0.000071751195;0.000174650384;0.000050904213;
2017;07;25;12;1;0.000144244682;0.000071674050;0.000180943689;0.000055909752;
2017;07;25;13;1;0.000151032055;0.000072381131;0.000183932869;0.000053878239;
2017;07;25;14;1;0.000158396527;0.000073728677;0.000178289532;0.000054561487;
2017;07;25;15;1;0.000154291673;0.000074103000;0.000162094663;0.000055236934;
2017;07;25;16;1;0.000147434041;0.000070507578;0.000154339418;0.000052437223;
2017;07;25;17;1;0.000147790359;0.000068186694;0.000154241856;0.000051867537;
2017;07;25;18;1;0.000151952101;0.000068062130;0.000157346229;0.000053992207;
2017;07;25;19;1;0.000154289045;0.000067370926;0.000154826839;0.000051702197;
2017;07;25;20;1;0.000151445988;0.000067154688;0.000147982098;0.000052719104;
2017;07;25;21;1;0.000147145156;0.000069259465;0.000136071700;0.000053887516;
2017;07;25;22;1;0.000149277679;0.000100775203;0.000125772770;0.000082778102;
2017;07;25;23;1;0.000149322033;0.000156751768;0.000122692331;0.000227179082;
2017;07;25;24;1;0.000130171111;0.000157978771;0.000110955858;0.000194323152;
2017;07;26;1;1;0.000109781185;0.000149384785;0.000102762946;0.000177418092;
2017;07;26;2;1;0.000090981602;0.000139713091;0.000095980278;0.000176301255;
2017;07;26;3;1;0.000080525501;0.000132321836;0.000091896935;0.000169684033;
2017;07;26;4;1;0.000075267277;0.000129570408;0.000089745680;0.000162719467;
2017;07;26;5;1;0.000072829958;0.000127883546;0.000089106355;0.000159879296;
2017;07;26;6;1;0.000072383696;0.000126849114;0.000091325265;0.000159964049;
2017;07;26;7;1;0.000077492122;0.000112138894;0.000097090039;0.000135077302;
2017;07;26;8;1;0.000089747202;0.000062090976;0.000106647984;0.000047930269;
2017;07;26;9;1;0.000106314795;0.000064901723;0.000141482807;0.000045282278;
2017;07;26;10;1;0.000126544412;0.000070398722;0.000165436345;0.000047330453;
2017;07;26;11;1;0.000141533827;0.000073011719;0.000182248268;0.000051442895;
2017;07;26;12;1;0.000148883328;0.000072945157;0.000188846260;0.000056510653;
2017;07;26;13;1;0.000155919421;0.000073679167;0.000192003489;0.000054467943;
2017;07;26;14;1;0.000163493042;0.000075037494;0.000186079340;0.000055148831;
2017;07;26;15;1;0.000159287347;0.000075433255;0.000169210069;0.000055842501;
2017;07;26;16;1;0.000152220066;0.000071779131;0.000161127508;0.000053016411;
2017;07;26;17;1;0.000152660205;0.000069449261;0.000161101903;0.000052465264;
2017;07;26;18;1;0.000156971971;0.000069328085;0.000164357843;0.000054618905;
2017;07;26;19;1;0.000159398136;0.000068629199;0.000161738379;0.000052306258;
2017;07;26;20;1;0.000156490290;0.000068421757;0.000154617091;0.000053345052;
2017;07;26;21;1;0.000152022364;0.000070555181;0.000142150377;0.000054518786;
2017;07;26;22;1;0.000154154273;0.000102613059;0.000131330625;0.000083709097;
2017;07;26;23;1;0.000154078439;0.000159484576;0.000128013004;0.000229552917;
2017;07;26;24;1;0.000134309164;0.000160722999;0.000115760386;0.000196341490;
2017;07;27;1;1;0.000113131473;0.000151922952;0.000107002140;0.000179231076;
2017;07;27;2;1;0.000093717280;0.000142024965;0.000099896090;0.000178025158;
2017;07;27;3;1;0.000082924616;0.000134475462;0.000095620596;0.000171297446;
2017;07;27;4;1;0.000077499019;0.000131661050;0.000093369264;0.000164243951;
2017;07;27;5;1;0.000075026164;0.000130010625;0.000092749536;0.000161456222;
2017;07;27;6;1;0.000074498799;0.000128841997;0.000094972932;0.000161395262;
2017;07;27;7;1;0.000079712289;0.000113837537;0.000100911995;0.000136210310;
2017;07;27;8;1;0.000092290596;0.000063012471;0.000110812708;0.000048317702;
2017;07;27;9;1;0.000109339748;0.000065872187;0.000147024062;0.000045653335;
2017;07;27;10;1;0.000130310469;0.000071542251;0.000172134390;0.000047778980;
2017;07;27;11;1;0.000145903884;0.000074278080;0.000189832426;0.000051986656;
2017;07;27;12;1;0.000153538459;0.000074238479;0.000196779515;0.000057129617;
2017;07;27;13;1;0.000160885438;0.000075027888;0.000200182464;0.000055095658;
2017;07;27;14;1;0.000168792742;0.000076452961;0.000194112291;0.000055814968;
2017;07;27;15;1;0.000164436160;0.000076849383;0.000176499156;0.000056512013;
2017;07;27;16;1;0.000157174617;0.000073142566;0.000168104980;0.000053663711;
2017;07;27;17;1;0.000157657949;0.000070781401;0.000168109048;0.000053115561;
2017;07;27;18;1;0.000162103249;0.000070654577;0.000171498540;0.000055293295;
2017;07;27;19;1;0.000164630070;0.000069951389;0.000168787158;0.000052958960;
2017;07;27;20;1;0.000161555880;0.000069709359;0.000161284732;0.000053987025;
2017;07;27;21;1;0.000156882124;0.000071854898;0.000148222584;0.000055153367;
2017;07;27;22;1;0.000158990411;0.000104443037;0.000136861647;0.000084634591;
2017;07;27;23;1;0.000158872542;0.000162288279;0.000133371012;0.000232032953;
2017;07;27;24;1;0.000138457834;0.000163512669;0.000120579156;0.000198419269;
2017;07;28;1;1;0.000115079929;0.000153690467;0.000110691258;0.000179144545;
2017;07;28;2;1;0.000096299195;0.000143853497;0.000102730981;0.000178556325;
2017;07;28;3;1;0.000085159189;0.000136158642;0.000098379493;0.000174529357;
2017;07;28;4;1;0.000079599350;0.000133597445;0.000095415135;0.000166926260;
2017;07;28;5;1;0.000076808315;0.000131273790;0.000094829302;0.000162627526;
2017;07;28;6;1;0.000076135778;0.000130364625;0.000097128420;0.000161502473;
2017;07;28;7;1;0.000081196727;0.000115299725;0.000103202864;0.000136945462;
2017;07;28;8;1;0.000093590540;0.000064067770;0.000113526684;0.000048923458;
2017;07;28;9;1;0.000110876093;0.000067041641;0.000150394641;0.000044556354;
2017;07;28;10;1;0.000132270070;0.000073099820;0.000174925038;0.000047438611;
2017;07;28;11;1;0.000147880562;0.000075618300;0.000192282521;0.000050722967;
2017;07;28;12;1;0.000155243664;0.000075889751;0.000199179069;0.000054381437;
2017;07;28;13;1;0.000162235408;0.000076048953;0.000203046551;0.000055280164;
2017;07;28;14;1;0.000169559899;0.000077170113;0.000197538661;0.000053486413;
2017;07;28;15;1;0.000166367423;0.000077580288;0.000178460410;0.000056134914;
2017;07;28;16;1;0.000159075469;0.000073812538;0.000165889831;0.000054787241;
2017;07;28;17;1;0.000158731610;0.000071228590;0.000163281570;0.000052365186;
2017;07;28;18;1;0.000162572150;0.000071474752;0.000165212111;0.000053046268;
2017;07;28;19;1;0.000164191357;0.000071007025;0.000162761488;0.000051139186;
2017;07;28;20;1;0.000159826113;0.000070530763;0.000158083000;0.000053296875;
2017;07;28;21;1;0.000153557063;0.000071862803;0.000148968997;0.000054704806;
2017;07;28;22;1;0.000153046833;0.000103159091;0.000140505777;0.000082349970;
2017;07;28;23;1;0.000151522245;0.000160911221;0.000139294487;0.000227911728;
2017;07;28;24;1;0.000134831984;0.000163385312;0.000128307317;0.000195065249;
2017;07;29;1;1;0.000116906660;0.000155430638;0.000117970548;0.000180824627;
2017;07;29;2;1;0.000100498460;0.000146917095;0.000108034647;0.000176723052;
2017;07;29;3;1;0.000088145102;0.000139221655;0.000101891461;0.000173094543;
2017;07;29;4;1;0.000081150408;0.000135767876;0.000098295703;0.000168013650;
2017;07;29;5;1;0.000077570396;0.000133204886;0.000096880566;0.000162641400;
2017;07;29;6;1;0.000075928207;0.000131816711;0.000097921561;0.000160188249;
2017;07;29;7;1;0.000077365702;0.000113687755;0.000097284909;0.000132384214;
2017;07;29;8;1;0.000082146614;0.000057973612;0.000092191059;0.000042400700;
2017;07;29;9;1;0.000095351206;0.000057786164;0.000104488296;0.000041076732;
2017;07;29;10;1;0.000116153540;0.000065933879;0.000121788934;0.000043882206;
2017;07;29;11;1;0.000134114597;0.000071228624;0.000139969113;0.000049613597;
2017;07;29;12;1;0.000143045069;0.000071951324;0.000146560110;0.000051174075;
2017;07;29;13;1;0.000148955788;0.000072415064;0.000150593812;0.000049239836;
2017;07;29;14;1;0.000155004193;0.000072836437;0.000148511551;0.000047358866;
2017;07;29;15;1;0.000153681059;0.000073448669;0.000138049208;0.000051017397;
2017;07;29;16;1;0.000145154840;0.000070119814;0.000133309766;0.000050164803;
2017;07;29;17;1;0.000139204511;0.000066870130;0.000129845584;0.000047105628;
2017;07;29;18;1;0.000137256104;0.000066511888;0.000131094191;0.000045929301;
2017;07;29;19;1;0.000137078802;0.000066451375;0.000132206485;0.000044632889;
2017;07;29;20;1;0.000136054031;0.000066164151;0.000135123363;0.000048186706;
2017;07;29;21;1;0.000137936237;0.000067893711;0.000136543957;0.000052799250;
2017;07;29;22;1;0.000145380935;0.000097961719;0.000135987647;0.000079373812;
2017;07;29;23;1;0.000146638574;0.000158171690;0.000139145006;0.000228454971;
2017;07;29;24;1;0.000131916227;0.000161332904;0.000129729925;0.000196382349;
2017;07;30;1;1;0.000115596947;0.000154158039;0.000118534989;0.000181069204;
2017;07;30;2;1;0.000100159163;0.000145951540;0.000107939050;0.000174745162;
2017;07;30;3;1;0.000088548787;0.000138374745;0.000101427136;0.000168384470;
2017;07;30;4;1;0.000081641124;0.000135371819;0.000098112885;0.000163342913;
2017;07;30;5;1;0.000077973809;0.000133256928;0.000096981971;0.000161407337;
2017;07;30;6;1;0.000076071396;0.000131320406;0.000097015803;0.000158818069;
2017;07;30;7;1;0.000076137603;0.000113346151;0.000095221715;0.000134803774;
2017;07;30;8;1;0.000078113255;0.000055189733;0.000085215217;0.000043815011;
2017;07;30;9;1;0.000087317862;0.000054008988;0.000089940969;0.000041936445;
2017;07;30;10;1;0.000102404401;0.000061357171;0.000098075307;0.000042106793;
2017;07;30;11;1;0.000117148750;0.000067486611;0.000107311808;0.000046235042;
2017;07;30;12;1;0.000126640109;0.000070196041;0.000113612981;0.000049283012;
2017;07;30;13;1;0.000133531500;0.000070637576;0.000118037027;0.000048704051;
2017;07;30;14;1;0.000141475069;0.000071331224;0.000120245041;0.000050485207;
2017;07;30;15;1;0.000145454059;0.000071692348;0.000119422019;0.000050444260;
2017;07;30;16;1;0.000138917886;0.000068042617;0.000116987867;0.000047630482;
2017;07;30;17;1;0.000134242078;0.000065369298;0.000113229183;0.000047975956;
2017;07;30;18;1;0.000132673634;0.000064686839;0.000110157636;0.000046832650;
2017;07;30;19;1;0.000134730753;0.000064037818;0.000110095451;0.000046020406;
2017;07;30;20;1;0.000136769196;0.000064857921;0.000112402835;0.000048780264;
2017;07;30;21;1;0.000141666416;0.000068027393;0.000115116683;0.000053508101;
2017;07;30;22;1;0.000153476056;0.000101383164;0.000122093737;0.000082114780;
2017;07;30;23;1;0.000156341472;0.000161816002;0.000128199904;0.000232637367;
2017;07;30;24;1;0.000138291002;0.000164361163;0.000118932055;0.000197896318;
2017;07;31;1;1;0.000109069995;0.000150636871;0.000100661896;0.000179481492;
2017;07;31;2;1;0.000090734980;0.000140457425;0.000093826965;0.000175394616;
2017;07;31;3;1;0.000079901048;0.000133073988;0.000090295151;0.000169930586;
2017;07;31;4;1;0.000074950590;0.000130212639;0.000087877086;0.000163778474;
2017;07;31;5;1;0.000072352086;0.000128260207;0.000087564643;0.000160785527;
2017;07;31;6;1;0.000071841600;0.000127156977;0.000089678546;0.000161015734;
2017;07;31;7;1;0.000076558652;0.000113069162;0.000095996471;0.000136182267;
2017;07;31;8;1;0.000088839858;0.000061113820;0.000106392782;0.000045804083;
2017;07;31;9;1;0.000106389292;0.000064455590;0.000142781046;0.000042487446;
2017;07;31;10;1;0.000126550705;0.000069770705;0.000167074070;0.000049855537;
2017;07;31;11;1;0.000141883050;0.000072885568;0.000183135602;0.000051387597;
2017;07;31;12;1;0.000149226656;0.000073335752;0.000189682893;0.000056659863;
2017;07;31;13;1;0.000156463699;0.000073940989;0.000193054697;0.000055656396;
2017;07;31;14;1;0.000164212813;0.000075169252;0.000187048363;0.000058246700;
2017;07;31;15;1;0.000160027059;0.000075904903;0.000169779006;0.000056201173;
2017;07;31;16;1;0.000153101456;0.000071948603;0.000161652512;0.000053332050;
2017;07;31;17;1;0.000153999035;0.000069817633;0.000161168862;0.000052202285;
2017;07;31;18;1;0.000157906625;0.000069402747;0.000164668330;0.000053983206;
2017;07;31;19;1;0.000160660866;0.000068854512;0.000162010983;0.000051422784;
2017;07;31;20;1;0.000157421961;0.000068368714;0.000154123063;0.000049226331;
2017;07;31;21;1;0.000152960284;0.000070658687;0.000140935730;0.000052912357;
2017;07;31;22;1;0.000155824371;0.000102637828;0.000129671524;0.000084466819;
2017;07;31;23;1;0.000155582823;0.000159562326;0.000126536094;0.000230809207;
2017;07;31;24;1;0.000134974375;0.000160611512;0.000114784586;0.000197922049;
