AŃO;MES;DIA;HORA;VERANO(1)/INVIERNO(0);COEF. PERFIL A;COEF. PERFIL B;COEF. PERFIL C;COEF. PERFIL D;
2015;09;01;1;1;0.000097673193;0.000126612458;0.000074087064;0.000057809806;
2015;09;01;2;1;0.000070952288;0.000123010856;0.000072125657;0.000484840845;
2015;09;01;3;1;0.000058826807;0.000115972473;0.000070615914;0.000432915441;
2015;09;01;4;1;0.000051396293;0.000102753553;0.000068586690;0.000264801784;
2015;09;01;5;1;0.000046398110;0.000076095516;0.000067814170;0.000117415484;
2015;09;01;6;1;0.000046372622;0.000065158941;0.000072438999;0.000054682371;
2015;09;01;7;1;0.000053657677;0.000056432740;0.000086630845;0.000049828936;
2015;09;01;8;1;0.000075080834;0.000056296641;0.000095206929;0.000052800376;
2015;09;01;9;1;0.000098707611;0.000059386201;0.000112193009;0.000056328434;
2015;09;01;10;1;0.000099063672;0.000061323102;0.000149462907;0.000050661144;
2015;09;01;11;1;0.000096793489;0.000059490442;0.000195282370;0.000048111185;
2015;09;01;12;1;0.000101669229;0.000061175930;0.000205422545;0.000049852093;
2015;09;01;13;1;0.000106934349;0.000065180841;0.000208873896;0.000052421543;
2015;09;01;14;1;0.000115285145;0.000069135776;0.000194344888;0.000056316698;
2015;09;01;15;1;0.000128110104;0.000072993320;0.000134914846;0.000062307560;
2015;09;01;16;1;0.000127336676;0.000074712184;0.000126151397;0.000062381000;
2015;09;01;17;1;0.000122015988;0.000070882937;0.000130872454;0.000063518634;
2015;09;01;18;1;0.000121530203;0.000067050737;0.000139179270;0.000069916917;
2015;09;01;19;1;0.000118925598;0.000067016964;0.000139205256;0.000074902821;
2015;09;01;20;1;0.000118682335;0.000068834818;0.000135037869;0.000080977244;
2015;09;01;21;1;0.000129609740;0.000074198458;0.000126117124;0.000090254783;
2015;09;01;22;1;0.000150106452;0.000078148884;0.000102589547;0.000095502174;
2015;09;01;23;1;0.000159789300;0.000081878232;0.000082351548;0.000091144472;
2015;09;01;24;1;0.000135390734;0.000116083237;0.000074461774;0.000081087519;
2015;09;02;1;1;0.000097035601;0.000125825668;0.000073392425;0.000057717017;
2015;09;02;2;1;0.000070592683;0.000122308676;0.000071839538;0.000484554205;
2015;09;02;3;1;0.000058527410;0.000115309711;0.000070327749;0.000432653454;
2015;09;02;4;1;0.000051196540;0.000102209102;0.000068614789;0.000264862624;
2015;09;02;5;1;0.000046283216;0.000075729332;0.000068203613;0.000117557226;
2015;09;02;6;1;0.000046323058;0.000064877071;0.000073237878;0.000054801764;
2015;09;02;7;1;0.000053462639;0.000056138498;0.000086757499;0.000049848971;
2015;09;02;8;1;0.000074885119;0.000056022730;0.000095743595;0.000052858923;
2015;09;02;9;1;0.000098531466;0.000059113646;0.000113216321;0.000056422580;
2015;09;02;10;1;0.000098757487;0.000061014389;0.000150044335;0.000050700239;
2015;09;02;11;1;0.000096240122;0.000059137295;0.000194066243;0.000048060920;
2015;09;02;12;1;0.000100977467;0.000060789903;0.000203288304;0.000049762500;
2015;09;02;13;1;0.000106007930;0.000064727747;0.000205233405;0.000052259784;
2015;09;02;14;1;0.000114086791;0.000068613410;0.000189747907;0.000056074965;
2015;09;02;15;1;0.000126632696;0.000072412660;0.000131184119;0.000061990577;
2015;09;02;16;1;0.000125845543;0.000074113710;0.000122545679;0.000062056305;
2015;09;02;17;1;0.000120509182;0.000070299731;0.000126797334;0.000063160069;
2015;09;02;18;1;0.000120252057;0.000066541764;0.000135778461;0.000069611340;
2015;09;02;19;1;0.000117725450;0.000066518154;0.000136021048;0.000074597617;
2015;09;02;20;1;0.000117678469;0.000068361269;0.000132781782;0.000080738962;
2015;09;02;21;1;0.000128865316;0.000073757151;0.000125333291;0.000090158627;
2015;09;02;22;1;0.000148849791;0.000077613599;0.000100908866;0.000095226892;
2015;09;02;23;1;0.000158467778;0.000081320259;0.000081034326;0.000090888149;
2015;09;02;24;1;0.000134460759;0.000115348147;0.000073669831;0.000080938152;
2015;09;03;1;1;0.000095896478;0.000124174996;0.000072944707;0.000057702155;
2015;09;03;2;1;0.000069720172;0.000120678302;0.000071223653;0.000484220764;
2015;09;03;3;1;0.000057751918;0.000113737155;0.000069489732;0.000432086535;
2015;09;03;4;1;0.000050435401;0.000100757695;0.000067392251;0.000264215285;
2015;09;03;5;1;0.000045610646;0.000074662742;0.000067073592;0.000117297488;
2015;09;03;6;1;0.000045661987;0.000063969247;0.000072092517;0.000054690728;
2015;09;03;7;1;0.000052740592;0.000055367736;0.000085654314;0.000049774576;
2015;09;03;8;1;0.000073728782;0.000055215768;0.000093853624;0.000052708244;
2015;09;03;9;1;0.000096872427;0.000058233589;0.000110391860;0.000056206644;
2015;09;03;10;1;0.000096905841;0.000060065796;0.000145214716;0.000050438523;
2015;09;03;11;1;0.000094562907;0.000058244867;0.000188789442;0.000047857203;
2015;09;03;12;1;0.000099164492;0.000059861498;0.000197353570;0.000049533272;
2015;09;03;13;1;0.000104001939;0.000063717539;0.000198493446;0.000051983678;
2015;09;03;14;1;0.000111728115;0.000067500695;0.000182309840;0.000055709807;
2015;09;03;15;1;0.000124072179;0.000071249592;0.000126274485;0.000061606491;
2015;09;03;16;1;0.000123286411;0.000072920659;0.000117884406;0.000061667039;
2015;09;03;17;1;0.000118233952;0.000069203592;0.000122654571;0.000062828256;
2015;09;03;18;1;0.000117956911;0.000065499545;0.000131231352;0.000069235675;
2015;09;03;19;1;0.000115507200;0.000065481913;0.000131589350;0.000074207751;
2015;09;03;20;1;0.000115313459;0.000067266782;0.000127819631;0.000080246329;
2015;09;03;21;1;0.000126353690;0.000072591918;0.000120920643;0.000089646963;
2015;09;03;22;1;0.000146262444;0.000076443558;0.000098182296;0.000094826253;
2015;09;03;23;1;0.000155720685;0.000080095654;0.000078859279;0.000090508740;
2015;09;03;24;1;0.000132128803;0.000113610810;0.000071690293;0.000080599845;
2015;09;04;1;1;0.000093939138;0.000141558899;0.000070043862;0.000058493218;
2015;09;04;2;1;0.000066013130;0.000137034728;0.000068775610;0.000482312552;
2015;09;04;3;1;0.000054284131;0.000128537313;0.000067114969;0.000430332679;
2015;09;04;4;1;0.000044795962;0.000118234670;0.000065141584;0.000262235973;
2015;09;04;5;1;0.000042462631;0.000102887839;0.000065094400;0.000117506378;
2015;09;04;6;1;0.000042412153;0.000081545234;0.000069228398;0.000054371690;
2015;09;04;7;1;0.000047098317;0.000068834664;0.000082672439;0.000048196948;
2015;09;04;8;1;0.000072629105;0.000068532937;0.000091307988;0.000053438515;
2015;09;04;9;1;0.000095487361;0.000060757115;0.000107472638;0.000056379128;
2015;09;04;10;1;0.000095547171;0.000053602408;0.000141744705;0.000050139699;
2015;09;04;11;1;0.000093062491;0.000044617154;0.000183829154;0.000047112372;
2015;09;04;12;1;0.000097545490;0.000044590398;0.000191743936;0.000048684413;
2015;09;04;13;1;0.000102256406;0.000044600290;0.000192688084;0.000050911335;
2015;09;04;14;1;0.000109881861;0.000055455781;0.000177093826;0.000055021923;
2015;09;04;15;1;0.000121675349;0.000059061108;0.000120509773;0.000060786790;
2015;09;04;16;1;0.000121051640;0.000060747728;0.000112539253;0.000060900396;
2015;09;04;17;1;0.000115756924;0.000053481215;0.000115587797;0.000061745560;
2015;09;04;18;1;0.000115547524;0.000049874411;0.000123852774;0.000068149571;
2015;09;04;19;1;0.000113243198;0.000049875412;0.000124706219;0.000073142486;
2015;09;04;20;1;0.000113429373;0.000049903532;0.000122917104;0.000079243599;
2015;09;04;21;1;0.000124534556;0.000056981352;0.000117384556;0.000088847435;
2015;09;04;22;1;0.000143702928;0.000069599703;0.000093891667;0.000094296770;
2015;09;04;23;1;0.000154972154;0.000078487178;0.000074756953;0.000091238885;
2015;09;04;24;1;0.000145563939;0.000113376997;0.000067870778;0.000088001795;
2015;09;05;1;1;0.000120187228;0.000161029139;0.000048080539;0.000071518749;
2015;09;05;2;1;0.000106086571;0.000147203761;0.000046580519;0.000468462661;
2015;09;05;3;1;0.000084624357;0.000134605213;0.000045529704;0.000415516085;
2015;09;05;4;1;0.000062841805;0.000124340598;0.000045123739;0.000253792380;
2015;09;05;5;1;0.000058203299;0.000123457455;0.000045671384;0.000119415103;
2015;09;05;6;1;0.000058459924;0.000117872112;0.000047340825;0.000061806236;
2015;09;05;7;1;0.000058527490;0.000099015026;0.000052104383;0.000053663686;
2015;09;05;8;1;0.000060796828;0.000074264001;0.000060549460;0.000047057147;
2015;09;05;9;1;0.000063267502;0.000040637378;0.000074195625;0.000039408601;
2015;09;05;10;1;0.000075489700;0.000040647688;0.000095413848;0.000039658205;
2015;09;05;11;1;0.000089894145;0.000042511463;0.000113712228;0.000045283096;
2015;09;05;12;1;0.000099276582;0.000046249529;0.000116411565;0.000049420944;
2015;09;05;13;1;0.000106566506;0.000046253385;0.000115174781;0.000052864787;
2015;09;05;14;1;0.000116738533;0.000050113063;0.000104037569;0.000057813873;
2015;09;05;15;1;0.000124735706;0.000055911988;0.000070465366;0.000061804550;
2015;09;05;16;1;0.000124545192;0.000057781724;0.000068857093;0.000062060092;
2015;09;05;17;1;0.000117126906;0.000048271833;0.000071057825;0.000061518090;
2015;09;05;18;1;0.000112137934;0.000044459257;0.000085294925;0.000065276536;
2015;09;05;19;1;0.000102305768;0.000046344756;0.000088736389;0.000066492782;
2015;09;05;20;1;0.000104340403;0.000050073682;0.000087472525;0.000073327931;
2015;09;05;21;1;0.000127315702;0.000053677623;0.000081237037;0.000088101694;
2015;09;05;22;1;0.000151835242;0.000076994138;0.000074372088;0.000096902441;
2015;09;05;23;1;0.000156314405;0.000085816376;0.000062427889;0.000091187010;
2015;09;05;24;1;0.000141851714;0.000140049080;0.000057301634;0.000086625212;
2015;09;06;1;1;0.000131227187;0.000158561648;0.000046748367;0.000074542848;
2015;09;06;2;1;0.000103081202;0.000150860971;0.000045968211;0.000375052845;
2015;09;06;3;1;0.000077763234;0.000142659813;0.000041751466;0.000326327055;
2015;09;06;4;1;0.000072229966;0.000130616072;0.000044619833;0.000209816369;
2015;09;06;5;1;0.000069923578;0.000111700597;0.000044831343;0.000104867641;
2015;09;06;6;1;0.000067730492;0.000097482800;0.000047053471;0.000058451819;
2015;09;06;7;1;0.000058227453;0.000063566940;0.000050338417;0.000046659075;
2015;09;06;8;1;0.000055755624;0.000048004974;0.000054425663;0.000039749574;
2015;09;06;9;1;0.000060771171;0.000038209802;0.000061148627;0.000036102994;
2015;09;06;10;1;0.000073156916;0.000038251794;0.000076003499;0.000037554295;
2015;09;06;11;1;0.000094979789;0.000039964336;0.000091081974;0.000046811449;
2015;09;06;12;1;0.000104790553;0.000043434030;0.000094125553;0.000051136151;
2015;09;06;13;1;0.000109743618;0.000043444891;0.000093632557;0.000053433761;
2015;09;06;14;1;0.000112444117;0.000046944259;0.000090601100;0.000054842323;
2015;09;06;15;1;0.000122175884;0.000050401871;0.000057941629;0.000059562808;
2015;09;06;16;1;0.000114299486;0.000053776690;0.000056303012;0.000056319337;
2015;09;06;17;1;0.000104491014;0.000045119531;0.000060103631;0.000053983776;
2015;09;06;18;1;0.000099625282;0.000041661604;0.000066464159;0.000056437413;
2015;09;06;19;1;0.000097105321;0.000043376205;0.000068244044;0.000059834156;
2015;09;06;20;1;0.000101444249;0.000045025165;0.000066561263;0.000066374921;
2015;09;06;21;1;0.000126726077;0.000048307044;0.000062284394;0.000081294423;
2015;09;06;22;1;0.000151239528;0.000060422456;0.000061410227;0.000090239530;
2015;09;06;23;1;0.000162681446;0.000068947547;0.000055785529;0.000089617015;
2015;09;06;24;1;0.000143612357;0.000116335349;0.000050921416;0.000082707717;
2015;09;07;1;1;0.000107459249;0.000114485086;0.000051474164;0.000063048656;
2015;09;07;2;1;0.000077026639;0.000109727048;0.000052585937;0.000486832190;
2015;09;07;3;1;0.000053060178;0.000104892064;0.000053723024;0.000429485122;
2015;09;07;4;1;0.000045827203;0.000086070666;0.000056456029;0.000261695698;
2015;09;07;5;1;0.000043446028;0.000068219028;0.000062802731;0.000116274952;
2015;09;07;6;1;0.000043402266;0.000056228924;0.000069024107;0.000053407751;
2015;09;07;7;1;0.000050417341;0.000043149532;0.000083029598;0.000048221982;
2015;09;07;8;1;0.000071326794;0.000043004030;0.000091627018;0.000051199658;
2015;09;07;9;1;0.000096622018;0.000058039937;0.000107836551;0.000056479421;
2015;09;07;10;1;0.000096894760;0.000058096256;0.000144207883;0.000050723513;
2015;09;07;11;1;0.000094445905;0.000059788443;0.000186038789;0.000048286850;
2015;09;07;12;1;0.000099175828;0.000061500369;0.000195498402;0.000050031326;
2015;09;07;13;1;0.000103961205;0.000064934544;0.000196194779;0.000052461850;
2015;09;07;14;1;0.000111644462;0.000068482055;0.000179448658;0.000056191820;
2015;09;07;15;1;0.000123871977;0.000070264728;0.000120824539;0.000061992843;
2015;09;07;16;1;0.000122899319;0.000071784595;0.000112095742;0.000061980064;
2015;09;07;17;1;0.000117534783;0.000068235807;0.000115281680;0.000063002056;
2015;09;07;18;1;0.000117172730;0.000061340125;0.000125953769;0.000069162907;
2015;09;07;19;1;0.000114550279;0.000061289081;0.000125833363;0.000074006752;
2015;09;07;20;1;0.000114544823;0.000062992522;0.000122961759;0.000080082876;
2015;09;07;21;1;0.000126126100;0.000068086105;0.000116198775;0.000089761557;
2015;09;07;22;1;0.000146246090;0.000071736051;0.000095027820;0.000095117259;
2015;09;07;23;1;0.000155324014;0.000075096148;0.000075560538;0.000090691635;
2015;09;07;24;1;0.000131756486;0.000108719846;0.000068413095;0.000080717293;
2015;09;08;1;1;0.000091763572;0.000120017671;0.000067338321;0.000057200710;
2015;09;08;2;1;0.000066683371;0.000116618288;0.000065640970;0.000479852106;
2015;09;08;3;1;0.000055345501;0.000109985848;0.000064513644;0.000428772651;
2015;09;08;4;1;0.000048402727;0.000097482777;0.000062892454;0.000262447624;
2015;09;08;5;1;0.000043792665;0.000072247595;0.000062701384;0.000116550038;
2015;09;08;6;1;0.000043834341;0.000061896251;0.000067350993;0.000054335672;
2015;09;08;7;1;0.000050630406;0.000053573810;0.000080022808;0.000049452002;
2015;09;08;8;1;0.000071060414;0.000053500239;0.000088992263;0.000052510499;
2015;09;08;9;1;0.000093023271;0.000056352627;0.000103227689;0.000055853683;
2015;09;08;10;1;0.000093081149;0.000058131187;0.000135935838;0.000050131347;
2015;09;08;11;1;0.000090712714;0.000056343729;0.000175845387;0.000047523196;
2015;09;08;12;1;0.000095155966;0.000057913691;0.000184033944;0.000049197923;
2015;09;08;13;1;0.000099728094;0.000061629427;0.000184602349;0.000051606863;
2015;09;08;14;1;0.000107245928;0.000065311329;0.000170232862;0.000055344674;
2015;09;08;15;1;0.000119131425;0.000068945883;0.000118051967;0.000061215644;
2015;09;08;16;1;0.000118273364;0.000070541766;0.000109832440;0.000061238943;
2015;09;08;17;1;0.000113305350;0.000066921499;0.000113801041;0.000062346343;
2015;09;08;18;1;0.000113001761;0.000063332382;0.000121589562;0.000068688794;
2015;09;08;19;1;0.000110728462;0.000063329782;0.000122233497;0.000073655263;
2015;09;08;20;1;0.000111069970;0.000065162295;0.000120940773;0.000079910072;
2015;09;08;21;1;0.000122839756;0.000070545209;0.000118617460;0.000089843570;
2015;09;08;22;1;0.000141829332;0.000074223708;0.000095291876;0.000094867329;
2015;09;08;23;1;0.000150587409;0.000077696181;0.000075748869;0.000090376796;
2015;09;08;24;1;0.000127767233;0.000110205524;0.000068850345;0.000080479745;
2015;09;09;1;1;0.000092737991;0.000121485614;0.000067575053;0.000057215964;
2015;09;09;2;1;0.000067477767;0.000118096504;0.000066198690;0.000480402911;
2015;09;09;3;1;0.000055931600;0.000111329226;0.000064753461;0.000428875739;
2015;09;09;4;1;0.000048937240;0.000098688816;0.000063230324;0.000262592203;
2015;09;09;5;1;0.000044297730;0.000073153696;0.000063152426;0.000116653290;
2015;09;09;6;1;0.000044378973;0.000062691598;0.000068061323;0.000054416885;
2015;09;09;7;1;0.000051407963;0.000054316722;0.000081734718;0.000049625118;
2015;09;09;8;1;0.000072247708;0.000054267132;0.000091345483;0.000052742776;
2015;09;09;9;1;0.000094691497;0.000057184056;0.000106450824;0.000056147276;
2015;09;09;10;1;0.000094639269;0.000058965056;0.000139549786;0.000050354140;
2015;09;09;11;1;0.000092262888;0.000057158704;0.000180759777;0.000047745692;
2015;09;09;12;1;0.000096846261;0.000058764752;0.000189662363;0.000049450821;
2015;09;09;13;1;0.000101722573;0.000062582317;0.000191854265;0.000051950617;
2015;09;09;14;1;0.000109439069;0.000066331621;0.000177169634;0.000055730591;
2015;09;09;15;1;0.000121445755;0.000069998861;0.000122386443;0.000061599976;
2015;09;09;16;1;0.000120468316;0.000071597738;0.000113522114;0.000061586941;
2015;09;09;17;1;0.000115544412;0.000067950750;0.000118166993;0.000062751538;
2015;09;09;18;1;0.000115222990;0.000064304038;0.000126216317;0.000069130195;
2015;09;09;19;1;0.000112894198;0.000064299278;0.000126838419;0.000074123688;
2015;09;09;20;1;0.000113149139;0.000066141236;0.000125088875;0.000080372810;
2015;09;09;21;1;0.000124924731;0.000071562825;0.000121877213;0.000090257160;
2015;09;09;22;1;0.000144109440;0.000075271484;0.000097583665;0.000095246081;
2015;09;09;23;1;0.000152837701;0.000078762697;0.000077241775;0.000090667861;
2015;09;09;24;1;0.000129481501;0.000111660395;0.000069805596;0.000080655227;
2015;09;10;1;1;0.000093483868;0.000122169040;0.000068611961;0.000057305059;
2015;09;10;2;1;0.000068031242;0.000118767498;0.000067250753;0.000481204069;
2015;09;10;3;1;0.000056399117;0.000111967849;0.000065818908;0.000429637250;
2015;09;10;4;1;0.000049372405;0.000099273120;0.000064397321;0.000263154662;
2015;09;10;5;1;0.000044719427;0.000073602692;0.000064465689;0.000116953435;
2015;09;10;6;1;0.000044780575;0.000063066255;0.000069353734;0.000054539376;
2015;09;10;7;1;0.000051825214;0.000054623802;0.000083002046;0.000049705018;
2015;09;10;8;1;0.000072847977;0.000054577486;0.000092831204;0.000052834608;
2015;09;10;9;1;0.000095741759;0.000057565558;0.000109338387;0.000056351846;
2015;09;10;10;1;0.000095631688;0.000059346157;0.000143013689;0.000050516718;
2015;09;10;11;1;0.000093084863;0.000057497154;0.000184151754;0.000047848275;
2015;09;10;12;1;0.000097589134;0.000059087732;0.000192315478;0.000049515148;
2015;09;10;13;1;0.000102277127;0.000062878586;0.000192899942;0.000051939265;
2015;09;10;14;1;0.000109880958;0.000066613125;0.000177209741;0.000055664222;
2015;09;10;15;1;0.000121745260;0.000070257740;0.000121706853;0.000061459995;
2015;09;10;16;1;0.000121462533;0.000072005677;0.000115356253;0.000061691696;
2015;09;10;17;1;0.000116348076;0.000068307553;0.000119492650;0.000062802460;
2015;09;10;18;1;0.000115983725;0.000064633891;0.000127460948;0.000069169575;
2015;09;10;19;1;0.000113745397;0.000064649780;0.000128549627;0.000074213460;
2015;09;10;20;1;0.000113705911;0.000066442313;0.000125513216;0.000080326054;
2015;09;10;21;1;0.000125282651;0.000071837946;0.000121335959;0.000090077487;
2015;09;10;22;1;0.000144442047;0.000075546098;0.000096963414;0.000095019713;
2015;09;10;23;1;0.000153224989;0.000079056459;0.000076804255;0.000090466725;
2015;09;10;24;1;0.000129865447;0.000112093567;0.000069520855;0.000080500238;
2015;09;11;1;1;0.000091821956;0.000138956189;0.000067778174;0.000058253636;
2015;09;11;2;1;0.000064538468;0.000134524727;0.000066600319;0.000480404760;
2015;09;11;3;1;0.000053089140;0.000126197567;0.000065071125;0.000428729279;
2015;09;11;4;1;0.000043846631;0.000116116329;0.000063352828;0.000261410740;
2015;09;11;5;1;0.000041512203;0.000101001724;0.000063025069;0.000117037959;
2015;09;11;6;1;0.000041494688;0.000080071709;0.000067217137;0.000054183715;
2015;09;11;7;1;0.000045775113;0.000067435698;0.000078322178;0.000047810740;
2015;09;11;8;1;0.000070602997;0.000067145248;0.000086544898;0.000053018072;
2015;09;11;9;1;0.000092717109;0.000059503851;0.000101381178;0.000055891763;
2015;09;11;10;1;0.000092551588;0.000052453238;0.000132471472;0.000049623776;
2015;09;11;11;1;0.000090238207;0.000043676253;0.000172470611;0.000046660955;
2015;09;11;12;1;0.000094712584;0.000043670324;0.000180818346;0.000048262719;
2015;09;11;13;1;0.000099498733;0.000043711943;0.000183228725;0.000050544429;
2015;09;11;14;1;0.000107001188;0.000054365369;0.000168943016;0.000054654194;
2015;09;11;15;1;0.000118967583;0.000057981020;0.000116739244;0.000060549944;
2015;09;11;16;1;0.000118383074;0.000059641163;0.000109109288;0.000060672027;
2015;09;11;17;1;0.000113364621;0.000052532390;0.000112678510;0.000061573651;
2015;09;11;18;1;0.000113049426;0.000048973163;0.000120286663;0.000067914258;
2015;09;11;19;1;0.000111061657;0.000049014610;0.000122244481;0.000073010682;
2015;09;11;20;1;0.000111465305;0.000049075842;0.000121399489;0.000079209195;
2015;09;11;21;1;0.000122748717;0.000056094322;0.000117312179;0.000088993615;
2015;09;11;22;1;0.000141502009;0.000068493469;0.000093441178;0.000094388240;
2015;09;11;23;1;0.000152711419;0.000077259098;0.000074619299;0.000091373636;
2015;09;11;24;1;0.000143430266;0.000111600047;0.000067734053;0.000088127282;
2015;09;12;1;1;0.000120554577;0.000161925143;0.000047668449;0.000071429470;
2015;09;12;2;1;0.000106539076;0.000148083388;0.000046407435;0.000468263858;
2015;09;12;3;1;0.000085020313;0.000135428353;0.000045438453;0.000415456444;
2015;09;12;4;1;0.000063262653;0.000125187262;0.000045382466;0.000254106780;
2015;09;12;5;1;0.000058494069;0.000124225592;0.000045640281;0.000119423620;
2015;09;12;6;1;0.000058772143;0.000118619159;0.000047377227;0.000061825090;
2015;09;12;7;1;0.000058947924;0.000099705578;0.000052506099;0.000053747933;
2015;09;12;8;1;0.000061396466;0.000074850670;0.000061626936;0.000047217575;
2015;09;12;9;1;0.000063864224;0.000040952362;0.000075394584;0.000039531297;
2015;09;12;10;1;0.000076199985;0.000040962440;0.000096946725;0.000039781067;
2015;09;12;11;1;0.000090667753;0.000042828844;0.000115196224;0.000045398408;
2015;09;12;12;1;0.000100233417;0.000046611240;0.000118391260;0.000049581743;
2015;09;12;13;1;0.000107711037;0.000046632676;0.000117617794;0.000053076720;
2015;09;12;14;1;0.000117854545;0.000050503705;0.000105769762;0.000057998951;
2015;09;12;15;1;0.000125995489;0.000056358375;0.000071774928;0.000062025424;
2015;09;12;16;1;0.000125647966;0.000058218100;0.000069818580;0.000062228746;
2015;09;12;17;1;0.000118074658;0.000048623649;0.000071847588;0.000061653035;
2015;09;12;18;1;0.000113132397;0.000044795224;0.000086491179;0.000065454538;
2015;09;12;19;1;0.000103304438;0.000046709273;0.000090279317;0.000066714878;
2015;09;12;20;1;0.000105675372;0.000050519806;0.000090006396;0.000073725266;
2015;09;12;21;1;0.000129032936;0.000054168058;0.000083850681;0.000088620009;
2015;09;12;22;1;0.000152907116;0.000077528066;0.000074899144;0.000097046619;
2015;09;12;23;1;0.000157450745;0.000086417715;0.000062919507;0.000091335839;
2015;09;12;24;1;0.000142990195;0.000141066737;0.000057921721;0.000086811395;
2015;09;13;1;1;0.000132555600;0.000160018458;0.000047453043;0.000074663680;
2015;09;13;2;1;0.000103996076;0.000152182426;0.000046438982;0.000375341344;
2015;09;13;3;1;0.000078470108;0.000143920929;0.000042198480;0.000326628060;
2015;09;13;4;1;0.000072964240;0.000131817836;0.000045303402;0.000210162283;
2015;09;13;5;1;0.000070657069;0.000112740746;0.000045574530;0.000105063730;
2015;09;13;6;1;0.000068347910;0.000098344368;0.000047587914;0.000058506168;
2015;09;13;7;1;0.000058654530;0.000064089588;0.000050574274;0.000046645515;
2015;09;13;8;1;0.000056323917;0.000048447044;0.000055267955;0.000039815793;
2015;09;13;9;1;0.000061339988;0.000038550655;0.000061904905;0.000036142534;
2015;09;13;10;1;0.000073757905;0.000038577809;0.000076623114;0.000037565905;
2015;09;13;11;1;0.000096004473;0.000040340572;0.000092697598;0.000046908516;
2015;09;13;12;1;0.000105790597;0.000043824204;0.000095357833;0.000051198537;
2015;09;13;13;1;0.000110734324;0.000043827390;0.000094679421;0.000053480042;
2015;09;13;14;1;0.000113442396;0.000047355086;0.000091567925;0.000054884149;
2015;09;13;15;1;0.000123625874;0.000050895240;0.000059201438;0.000059730427;
2015;09;13;16;1;0.000115613802;0.000054296174;0.000057451752;0.000056463531;
2015;09;13;17;1;0.000105682133;0.000045553828;0.000061307670;0.000054118301;
2015;09;13;18;1;0.000100906923;0.000042083714;0.000068162018;0.000056634692;
2015;09;13;19;1;0.000098546323;0.000043845258;0.000070496954;0.000060124194;
2015;09;13;20;1;0.000102854495;0.000045497309;0.000068533800;0.000066653828;
2015;09;13;21;1;0.000129018899;0.000048882508;0.000065178607;0.000081867676;
2015;09;13;22;1;0.000153153319;0.000061029966;0.000062944183;0.000090541548;
2015;09;13;23;1;0.000164430398;0.000069595787;0.000056765445;0.000089800584;
2015;09;13;24;1;0.000145132545;0.000117422539;0.000051782875;0.000082867806;
2015;09;14;1;1;0.000108435179;0.000115107709;0.000052758568;0.000063171625;
2015;09;14;2;1;0.000077730168;0.000110326467;0.000053893468;0.000487801945;
2015;09;14;3;1;0.000053520467;0.000105448467;0.000054965720;0.000430205451;
2015;09;14;4;1;0.000046320393;0.000086589847;0.000058189694;0.000262511184;
2015;09;14;5;1;0.000043984423;0.000068669368;0.000065100193;0.000116768097;
2015;09;14;6;1;0.000043980601;0.000056618301;0.000071787610;0.000053668527;
2015;09;14;7;1;0.000050831814;0.000043371473;0.000084823043;0.000048287642;
2015;09;14;8;1;0.000072198337;0.000043284339;0.000095012465;0.000051409599;
2015;09;14;9;1;0.000097511167;0.000058357374;0.000110630549;0.000056593676;
2015;09;14;10;1;0.000097048214;0.000058261905;0.000143712330;0.000050561477;
2015;09;14;11;1;0.000094589107;0.000059957578;0.000185343956;0.000048130403;
2015;09;14;12;1;0.000099100748;0.000061626283;0.000193059586;0.000049791322;
2015;09;14;13;1;0.000103932012;0.000065078068;0.000194114126;0.000052227261;
2015;09;14;14;1;0.000111754170;0.000068662798;0.000178462700;0.000055988897;
2015;09;14;15;1;0.000123828355;0.000070417543;0.000119571505;0.000061711968;
2015;09;14;16;1;0.000123201920;0.000072010958;0.000112088649;0.000061819369;
2015;09;14;17;1;0.000117983731;0.000068482985;0.000115862891;0.000062897434;
2015;09;14;18;1;0.000117753893;0.000061586319;0.000127145659;0.000069102018;
2015;09;14;19;1;0.000115289712;0.000061566385;0.000127766860;0.000074017178;
2015;09;14;20;1;0.000115397260;0.000063298761;0.000125331640;0.000080148118;
2015;09;14;21;1;0.000127448655;0.000068487816;0.000119844428;0.000090021165;
2015;09;14;22;1;0.000147220807;0.000072065923;0.000096556235;0.000095144487;
2015;09;14;23;1;0.000156016540;0.000075384599;0.000076130617;0.000090580638;
2015;09;14;24;1;0.000132157485;0.000109084694;0.000068552835;0.000080540360;
2015;09;15;1;1;0.000092567416;0.000121400003;0.000067111764;0.000057158872;
2015;09;15;2;1;0.000067351000;0.000118011515;0.000065739211;0.000479909881;
2015;09;15;3;1;0.000055931921;0.000111321637;0.000064761684;0.000428993805;
2015;09;15;4;1;0.000048914991;0.000098666366;0.000063129580;0.000262580953;
2015;09;15;5;1;0.000044288054;0.000073143034;0.000063107567;0.000116667334;
2015;09;15;6;1;0.000044292507;0.000062644875;0.000067575817;0.000054358339;
2015;09;15;7;1;0.000051351391;0.000054292196;0.000081409340;0.000049600820;
2015;09;15;8;1;0.000072595433;0.000054353711;0.000092997529;0.000052932504;
2015;09;15;9;1;0.000095241595;0.000057294304;0.000108833147;0.000056387258;
2015;09;15;10;1;0.000094945417;0.000059026491;0.000141299265;0.000050480011;
2015;09;15;11;1;0.000092375950;0.000057178746;0.000181634138;0.000047798930;
2015;09;15;12;1;0.000096723456;0.000058734997;0.000188760579;0.000049421030;
2015;09;15;13;1;0.000101554460;0.000062542303;0.000190666072;0.000051905515;
2015;09;15;14;1;0.000109038720;0.000066243043;0.000174761443;0.000055604867;
2015;09;15;15;1;0.000121054151;0.000069915739;0.000120933067;0.000061479346;
2015;09;15;16;1;0.000120423587;0.000071583535;0.000113375263;0.000061587865;
2015;09;15;17;1;0.000115378584;0.000067912398;0.000117532655;0.000062706473;
2015;09;15;18;1;0.000114997554;0.000064256280;0.000125280255;0.000069055783;
2015;09;15;19;1;0.000112803223;0.000064276942;0.000126460247;0.000074102638;
2015;09;15;20;1;0.000113241063;0.000066155054;0.000125493761;0.000080439582;
2015;09;15;21;1;0.000125837659;0.000071737888;0.000125287965;0.000090736373;
2015;09;15;22;1;0.000144047807;0.000075255075;0.000097437376;0.000095243789;
2015;09;15;23;1;0.000152487954;0.000078695040;0.000076578721;0.000090549349;
2015;09;15;24;1;0.000129023059;0.000111516423;0.000068870121;0.000080480236;
2015;09;16;1;1;0.000093334697;0.000122283407;0.000067702034;0.000057167542;
2015;09;16;2;1;0.000068108223;0.000118990248;0.000067057153;0.000480952091;
2015;09;16;3;1;0.000056551387;0.000112238567;0.000066015993;0.000429876649;
2015;09;16;4;1;0.000049509805;0.000099515997;0.000064610128;0.000263316364;
2015;09;16;5;1;0.000044804289;0.000073760178;0.000064467225;0.000116953860;
2015;09;16;6;1;0.000044857101;0.000063197045;0.000069308041;0.000054532452;
2015;09;16;7;1;0.000052024414;0.000054777533;0.000083602398;0.000049771945;
2015;09;16;8;1;0.000073585438;0.000054849730;0.000095675703;0.000053134526;
2015;09;16;9;1;0.000096343646;0.000057775961;0.000111149947;0.000056522379;
2015;09;16;10;1;0.000096001794;0.000059513604;0.000144075144;0.000050585564;
2015;09;16;11;1;0.000093428236;0.000057655770;0.000185394861;0.000047907499;
2015;09;16;12;1;0.000097890142;0.000059238448;0.000193169292;0.000049555857;
2015;09;16;13;1;0.000102624164;0.000063045644;0.000193984819;0.000051992987;
2015;09;16;14;1;0.000110219454;0.000066782957;0.000177992622;0.000055709847;
2015;09;16;15;1;0.000122120149;0.000070436835;0.000122243757;0.000061510318;
2015;09;16;16;1;0.000121403166;0.000072100614;0.000114306878;0.000061590690;
2015;09;16;17;1;0.000116381101;0.000068415973;0.000118742204;0.000062733173;
2015;09;16;18;1;0.000116169157;0.000064765783;0.000127295881;0.000069155858;
2015;09;16;19;1;0.000113885539;0.000064773546;0.000128202889;0.000074180031;
2015;09;16;20;1;0.000114240674;0.000066648717;0.000126854283;0.000080481405;
2015;09;16;21;1;0.000126582374;0.000072200998;0.000125288776;0.000090602591;
2015;09;16;22;1;0.000144898484;0.000075740764;0.000097421540;0.000095102779;
2015;09;16;23;1;0.000153283952;0.000079184793;0.000076346577;0.000090373312;
2015;09;16;24;1;0.000129834414;0.000112251603;0.000068936802;0.000080382678;
2015;09;17;1;1;0.000092852447;0.000121120324;0.000068608521;0.000057250322;
2015;09;17;2;1;0.000067565758;0.000117744786;0.000067214594;0.000480716624;
2015;09;17;3;1;0.000056089759;0.000111056549;0.000066109556;0.000429608534;
2015;09;17;4;1;0.000049356953;0.000098643283;0.000065911710;0.000264084797;
2015;09;17;5;1;0.000044723996;0.000073146521;0.000066072847;0.000117400919;
2015;09;17;6;1;0.000044685170;0.000062626686;0.000070503621;0.000054663391;
2015;09;17;7;1;0.000051503984;0.000054165857;0.000083139917;0.000049677143;
2015;09;17;8;1;0.000072719215;0.000054203632;0.000094519038;0.000052967801;
2015;09;17;9;1;0.000095047408;0.000057061464;0.000109131684;0.000056278481;
2015;09;17;10;1;0.000094553455;0.000058744047;0.000140575300;0.000050309782;
2015;09;17;11;1;0.000091811255;0.000056866128;0.000179323799;0.000047572339;
2015;09;17;12;1;0.000096071957;0.000058401393;0.000185894713;0.000049165611;
2015;09;17;13;1;0.000100645603;0.000062139411;0.000186165089;0.000051557987;
2015;09;17;14;1;0.000108022813;0.000065807547;0.000170439522;0.000055218169;
2015;09;17;15;1;0.000119894153;0.000069449400;0.000117844529;0.000061040277;
2015;09;17;16;1;0.000119297017;0.000071112139;0.000110543960;0.000061158060;
2015;09;17;17;1;0.000114425735;0.000067491053;0.000115068361;0.000062316507;
2015;09;17;18;1;0.000114158974;0.000063879105;0.000123103531;0.000068672479;
2015;09;17;19;1;0.000111847444;0.000063873563;0.000123690443;0.000073631008;
2015;09;17;20;1;0.000112083343;0.000065699807;0.000121929002;0.000079830231;
2015;09;17;21;1;0.000124433198;0.000071220146;0.000121357144;0.000089989236;
2015;09;17;22;1;0.000143127453;0.000074836250;0.000096109002;0.000094773872;
2015;09;17;23;1;0.000151429850;0.000078242416;0.000075363604;0.000090068516;
2015;09;17;24;1;0.000128154579;0.000110883172;0.000067826580;0.000080064524;
2015;09;18;1;1;0.000091244687;0.000139121122;0.000065209135;0.000058037658;
2015;09;18;2;1;0.000064110017;0.000134666536;0.000064020632;0.000478501994;
2015;09;18;3;1;0.000052823733;0.000126402092;0.000062951094;0.000427515954;
2015;09;18;4;1;0.000043675232;0.000116348604;0.000061539981;0.000260868221;
2015;09;18;5;1;0.000041359417;0.000101211921;0.000061270812;0.000116813707;
2015;09;18;6;1;0.000041414158;0.000080286836;0.000065772615;0.000054145134;
2015;09;18;7;1;0.000046160478;0.000067859323;0.000079633249;0.000048118988;
2015;09;18;8;1;0.000071919250;0.000067803534;0.000091362459;0.000053733199;
2015;09;18;9;1;0.000094454033;0.000060087775;0.000107166135;0.000056647977;
2015;09;18;10;1;0.000093966408;0.000052905703;0.000138291665;0.000050177403;
2015;09;18;11;1;0.000091295232;0.000043999464;0.000177660587;0.000047066929;
2015;09;18;12;1;0.000095714873;0.000043976540;0.000185467363;0.000048645098;
2015;09;18;13;1;0.000100347576;0.000043987827;0.000186454604;0.000050873776;
2015;09;18;14;1;0.000107604972;0.000054654642;0.000170022933;0.000054901837;
2015;09;18;15;1;0.000119421435;0.000058252915;0.000116683286;0.000060747974;
2015;09;18;16;1;0.000118988396;0.000059947621;0.000109587503;0.000060924804;
2015;09;18;17;1;0.000114071128;0.000052822527;0.000113656573;0.000061877586;
2015;09;18;18;1;0.000113840922;0.000049256534;0.000121693052;0.000068285352;
2015;09;18;19;1;0.000111636669;0.000049267543;0.000122810665;0.000073318085;
2015;09;18;20;1;0.000111734874;0.000049282441;0.000120687441;0.000079392184;
2015;09;18;21;1;0.000123670567;0.000056428857;0.000118897972;0.000089511264;
2015;09;18;22;1;0.000141995696;0.000068806996;0.000093278645;0.000094675784;
2015;09;18;23;1;0.000152732290;0.000077523432;0.000073541782;0.000091440940;
2015;09;18;24;1;0.000143342318;0.000111953166;0.000066559210;0.000088146776;
2015;09;19;1;1;0.000119027568;0.000160281759;0.000046564081;0.000071273284;
2015;09;19;2;1;0.000105120260;0.000146547275;0.000045217428;0.000467027887;
2015;09;19;3;1;0.000083835978;0.000133994816;0.000044169082;0.000414182406;
2015;09;19;4;1;0.000062522702;0.000123958331;0.000044503033;0.000253722213;
2015;09;19;5;1;0.000057909997;0.000123079406;0.000045052272;0.000119385151;
2015;09;19;6;1;0.000058050676;0.000117430960;0.000046356044;0.000061706568;
2015;09;19;7;1;0.000058226107;0.000098707862;0.000051381137;0.000053646029;
2015;09;19;8;1;0.000060718010;0.000074132652;0.000060580123;0.000047167409;
2015;09;19;9;1;0.000063161287;0.000040560140;0.000074126035;0.000039490504;
2015;09;19;10;1;0.000075455186;0.000040587631;0.000095757977;0.000039774240;
2015;09;19;11;1;0.000089567527;0.000042401917;0.000112774362;0.000045315836;
2015;09;19;12;1;0.000099220202;0.000046179245;0.000116804031;0.000049561568;
2015;09;19;13;1;0.000106489701;0.000046180665;0.000115495512;0.000053009625;
2015;09;19;14;1;0.000116768876;0.000050051406;0.000104696448;0.000058011724;
2015;09;19;15;1;0.000124455456;0.000055794817;0.000070244817;0.000061908748;
2015;09;19;16;1;0.000124169206;0.000057645136;0.000068446096;0.000062131430;
2015;09;19;17;1;0.000116666450;0.000048142456;0.000070393414;0.000061549846;
2015;09;19;18;1;0.000111727793;0.000044344318;0.000084583982;0.000065322637;
2015;09;19;19;1;0.000101908806;0.000046221370;0.000087923012;0.000066529472;
2015;09;19;20;1;0.000104056483;0.000049960425;0.000087051736;0.000073427294;
2015;09;19;21;1;0.000127824617;0.000053679829;0.000082970367;0.000088629704;
2015;09;19;22;1;0.000151263583;0.000076792258;0.000073720660;0.000096963695;
2015;09;19;23;1;0.000155459628;0.000085541190;0.000061469719;0.000091137351;
2015;09;19;24;1;0.000141144893;0.000139623341;0.000056529476;0.000086607100;
2015;09;20;1;1;0.000130752868;0.000158637536;0.000045833764;0.000074367243;
2015;09;20;2;1;0.000102656978;0.000150906326;0.000044993501;0.000374037955;
2015;09;20;3;1;0.000077584349;0.000142793967;0.000041123159;0.000325856559;
2015;09;20;4;1;0.000072071899;0.000130741169;0.000044016644;0.000209525790;
2015;09;20;5;1;0.000069889952;0.000111873120;0.000044520617;0.000104845611;
2015;09;20;6;1;0.000067612874;0.000097590929;0.000046507874;0.000058388828;
2015;09;20;7;1;0.000058156487;0.000063648670;0.000049858512;0.000046625353;
2015;09;20;8;1;0.000055839664;0.000048111962;0.000054463443;0.000039795636;
2015;09;20;9;1;0.000060863328;0.000038295067;0.000061194155;0.000036145047;
2015;09;20;10;1;0.000073431815;0.000038366888;0.000076692000;0.000037656204;
2015;09;20;11;1;0.000095450202;0.000040101122;0.000092313442;0.000046977113;
2015;09;20;12;1;0.000105089258;0.000043551037;0.000094662607;0.000051242845;
2015;09;20;13;1;0.000109702672;0.000043513331;0.000093049202;0.000053426185;
2015;09;20;14;1;0.000112431713;0.000047022439;0.000090129330;0.000054844451;
2015;09;20;15;1;0.000122286920;0.000050503668;0.000057856848;0.000059607116;
2015;09;20;16;1;0.000114671617;0.000053929090;0.000056710271;0.000056452590;
2015;09;20;17;1;0.000104968267;0.000045267877;0.000060833557;0.000054160385;
2015;09;20;18;1;0.000100040829;0.000041792863;0.000067172974;0.000056606604;
2015;09;20;19;1;0.000097633286;0.000043531847;0.000069296934;0.000060065792;
2015;09;20;20;1;0.000102102393;0.000045202865;0.000067865839;0.000066679702;
2015;09;20;21;1;0.000128542909;0.000048627101;0.000065447838;0.000082105318;
2015;09;20;22;1;0.000151999742;0.000060630232;0.000062284835;0.000090562667;
2015;09;20;23;1;0.000163140343;0.000069132363;0.000056105849;0.000089801897;
2015;09;20;24;1;0.000143755941;0.000116574575;0.000050851980;0.000082774840;
2015;09;21;1;1;0.000108269298;0.000115537280;0.000051717993;0.000063051411;
2015;09;21;2;1;0.000077454427;0.000110658791;0.000052472166;0.000486185887;
2015;09;21;3;1;0.000053465072;0.000105858366;0.000054020328;0.000429527000;
2015;09;21;4;1;0.000046230465;0.000086898634;0.000057009083;0.000261931464;
2015;09;21;5;1;0.000043859952;0.000068892542;0.000063585679;0.000116437827;
2015;09;21;6;1;0.000043854429;0.000056801547;0.000070107052;0.000053515290;
2015;09;21;7;1;0.000050894351;0.000043574690;0.000084032859;0.000048287489;
2015;09;21;8;1;0.000072873640;0.000043609542;0.000096951905;0.000051697906;
2015;09;21;9;1;0.000098249019;0.000058759480;0.000112170256;0.000056841165;
2015;09;21;10;1;0.000097664687;0.000058638990;0.000145043506;0.000050740386;
2015;09;21;11;1;0.000095079624;0.000060321635;0.000186220908;0.000048262188;
2015;09;21;12;1;0.000099625144;0.000062002752;0.000194045819;0.000049931301;
2015;09;21;13;1;0.000104478489;0.000065474854;0.000195083634;0.000052372871;
2015;09;21;14;1;0.000112193426;0.000069049896;0.000178466751;0.000056093795;
2015;09;21;15;1;0.000124581049;0.000070866627;0.000120556911;0.000061918693;
2015;09;21;16;1;0.000124216415;0.000072523608;0.000113941733;0.000062118001;
2015;09;21;17;1;0.000119147742;0.000069008718;0.000118524910;0.000063271554;
2015;09;21;18;1;0.000119097160;0.000062091522;0.000130845832;0.000069585955;
2015;09;21;19;1;0.000116955485;0.000062135418;0.000133022165;0.000074689686;
2015;09;21;20;1;0.000117286327;0.000063925547;0.000131422333;0.000080982000;
2015;09;21;21;1;0.000129846244;0.000069223648;0.000126782208;0.000091108938;
2015;09;21;22;1;0.000148977768;0.000072670792;0.000099519357;0.000095846037;
2015;09;21;23;1;0.000157219739;0.000075907691;0.000077237708;0.000090985670;
2015;09;21;24;1;0.000132973711;0.000109784156;0.000069139995;0.000080815640;
2015;09;22;1;1;0.000093012388;0.000122074230;0.000067174658;0.000057141246;
2015;09;22;2;1;0.000067790610;0.000118736651;0.000066236622;0.000480327073;
2015;09;22;3;1;0.000056239980;0.000111966331;0.000065006883;0.000429066043;
2015;09;22;4;1;0.000049224487;0.000099265735;0.000063562241;0.000262772973;
2015;09;22;5;1;0.000044632419;0.000073623962;0.000063883554;0.000116868663;
2015;09;22;6;1;0.000044729800;0.000063102198;0.000068938149;0.000054530437;
2015;09;22;7;1;0.000051756707;0.000054651382;0.000082446095;0.000049690416;
2015;09;22;8;1;0.000073220150;0.000054726737;0.000094426918;0.000053054058;
2015;09;22;9;1;0.000095989080;0.000057672462;0.000110201338;0.000056487378;
2015;09;22;10;1;0.000095603935;0.000059397537;0.000142583461;0.000050538069;
2015;09;22;11;1;0.000092868061;0.000057506604;0.000182155943;0.000047801282;
2015;09;22;12;1;0.000097381706;0.000059101648;0.000190371089;0.000049473515;
2015;09;22;13;1;0.000102378509;0.000062960808;0.000193259451;0.000052007127;
2015;09;22;14;1;0.000109902027;0.000066681841;0.000177004508;0.000055706233;
2015;09;22;15;1;0.000122008531;0.000070378063;0.000122469392;0.000061590011;
2015;09;22;16;1;0.000121452007;0.000072073047;0.000115100272;0.000061726413;
2015;09;22;17;1;0.000116674082;0.000068439462;0.000120543118;0.000062962900;
2015;09;22;18;1;0.000116545817;0.000064804022;0.000129595419;0.000069443566;
2015;09;22;19;1;0.000114009730;0.000064763934;0.000129449248;0.000074378542;
2015;09;22;20;1;0.000114285029;0.000066622862;0.000127732547;0.000080657917;
2015;09;22;21;1;0.000126908132;0.000072227707;0.000127172379;0.000090938513;
2015;09;22;22;1;0.000144944973;0.000075709721;0.000098064915;0.000095307046;
2015;09;22;23;1;0.000153232842;0.000079134287;0.000076669410;0.000090526350;
2015;09;22;24;1;0.000129566101;0.000112113206;0.000068765184;0.000080422706;
2015;09;23;1;1;0.000093067050;0.000121795220;0.000067918808;0.000057190982;
2015;09;23;2;1;0.000067879735;0.000118495656;0.000067136283;0.000480988768;
2015;09;23;3;1;0.000056317810;0.000111742065;0.000065898395;0.000429678777;
2015;09;23;4;1;0.000049285752;0.000099062163;0.000064399756;0.000263123000;
2015;09;23;5;1;0.000044660942;0.000073457723;0.000064574127;0.000116975633;
2015;09;23;6;1;0.000044729771;0.000062945861;0.000069513350;0.000054556303;
2015;09;23;7;1;0.000051763756;0.000054518542;0.000083178001;0.000049718667;
2015;09;23;8;1;0.000073259732;0.000054601588;0.000095391091;0.000053099265;
2015;09;23;9;1;0.000096158787;0.000057564534;0.000111877194;0.000056582987;
2015;09;23;10;1;0.000095537984;0.000059235803;0.000143451555;0.000050537612;
2015;09;23;11;1;0.000092524632;0.000057290437;0.000181180230;0.000047701571;
2015;09;23;12;1;0.000096938045;0.000058862087;0.000188719949;0.000049341066;
2015;09;23;13;1;0.000101803669;0.000062682629;0.000190806275;0.000051829863;
2015;09;23;14;1;0.000109411866;0.000066413652;0.000175547230;0.000055560702;
2015;09;23;15;1;0.000121339349;0.000070070026;0.000120995083;0.000061385418;
2015;09;23;16;1;0.000120783079;0.000071757151;0.000113694844;0.000061520491;
2015;09;23;17;1;0.000115698096;0.000068072132;0.000117761355;0.000062628640;
2015;09;23;18;1;0.000115222601;0.000064389591;0.000125122556;0.000068931710;
2015;09;23;19;1;0.000112893075;0.000064384692;0.000125734875;0.000073910545;
2015;09;23;20;1;0.000113308007;0.000066261095;0.000124692464;0.000080219513;
2015;09;23;21;1;0.000126090801;0.000071887631;0.000125192802;0.000090576227;
2015;09;23;22;1;0.000144162692;0.000075380747;0.000096910256;0.000094996352;
2015;09;23;23;1;0.000152520628;0.000078811003;0.000075978227;0.000090278229;
2015;09;23;24;1;0.000129240040;0.000111737160;0.000068712913;0.000080320390;
2015;09;24;1;1;0.000092686021;0.000121158330;0.000068049998;0.000057184514;
2015;09;24;2;1;0.000067530302;0.000117833280;0.000066989197;0.000480584462;
2015;09;24;3;1;0.000056156338;0.000111206026;0.000066305835;0.000429999076;
2015;09;24;4;1;0.000049112297;0.000098564541;0.000064642313;0.000263199922;
2015;09;24;5;1;0.000044481413;0.000073076046;0.000064694665;0.000116969277;
2015;09;24;6;1;0.000044520897;0.000062604648;0.000069474104;0.000054528736;
2015;09;24;7;1;0.000051365371;0.000054165627;0.000082208560;0.000049588877;
2015;09;24;8;1;0.000072585631;0.000054219459;0.000093760007;0.000052904967;
2015;09;24;9;1;0.000094985415;0.000057101921;0.000108706012;0.000056258137;
2015;09;24;10;1;0.000094331955;0.000058751565;0.000139111380;0.000050233055;
2015;09;24;11;1;0.000091709565;0.000056897737;0.000178281151;0.000047540381;
2015;09;24;12;1;0.000096104584;0.000058462928;0.000185847814;0.000049181579;
2015;09;24;13;1;0.000100760092;0.000062221888;0.000186696653;0.000051603020;
2015;09;24;14;1;0.000108228615;0.000065912291;0.000171426090;0.000055295604;
2015;09;24;15;1;0.000120007308;0.000069536978;0.000118090987;0.000061085471;
2015;09;24;16;1;0.000119569856;0.000071234626;0.000111349214;0.000061259874;
2015;09;24;17;1;0.000114595161;0.000067588579;0.000115550283;0.000062385644;
2015;09;24;18;1;0.000114423219;0.000063989638;0.000124023228;0.000068788006;
2015;09;24;19;1;0.000112313448;0.000064024585;0.000125512542;0.000073848559;
2015;09;24;20;1;0.000112821716;0.000065909804;0.000124865231;0.000080199129;
2015;09;24;21;1;0.000125680825;0.000071532863;0.000125814684;0.000090619167;
2015;09;24;22;1;0.000143369198;0.000074949864;0.000096581629;0.000094892748;
2015;09;24;23;1;0.000151727679;0.000078368577;0.000075819287;0.000090198608;
2015;09;24;24;1;0.000128508833;0.000111092225;0.000068449274;0.000080224027;
2015;09;25;1;1;0.000091838419;0.000139889594;0.000065897831;0.000058049258;
2015;09;25;2;1;0.000064638704;0.000135491021;0.000065122720;0.000479167810;
2015;09;25;3;1;0.000053294338;0.000127204979;0.000064189959;0.000428305400;
2015;09;25;4;1;0.000044032069;0.000117057996;0.000062578621;0.000261217809;
2015;09;25;5;1;0.000041750764;0.000101874150;0.000062604001;0.000117073762;
2015;09;25;6;1;0.000041848806;0.000080840867;0.000067457154;0.000054304098;
2015;09;25;7;1;0.000046514581;0.000068261413;0.000080825370;0.000048167020;
2015;09;25;8;1;0.000072365346;0.000068170755;0.000092233875;0.000053732582;
2015;09;25;9;1;0.000094970523;0.000060398026;0.000107886825;0.000056618829;
2015;09;25;10;1;0.000094325915;0.000053149026;0.000138346433;0.000050095187;
2015;09;25;11;1;0.000091727928;0.000044215775;0.000178329732;0.000047019381;
2015;09;25;12;1;0.000096167660;0.000044192638;0.000186152398;0.000048595695;
2015;09;25;13;1;0.000100836023;0.000044206033;0.000187245266;0.000050826860;
2015;09;25;14;1;0.000108182438;0.000054935049;0.000171082923;0.000054869880;
2015;09;25;15;1;0.000120079000;0.000058554523;0.000117478797;0.000060718368;
2015;09;25;16;1;0.000119672460;0.000060263089;0.000110429704;0.000060905317;
2015;09;25;17;1;0.000114787709;0.000053110219;0.000114758488;0.000061880416;
2015;09;25;18;1;0.000114663886;0.000049540831;0.000123317214;0.000068332743;
2015;09;25;19;1;0.000112480768;0.000049557521;0.000124607238;0.000073385628;
2015;09;25;20;1;0.000112970854;0.000049631770;0.000124081498;0.000079655536;
2015;09;25;21;1;0.000125411742;0.000056887715;0.000123586206;0.000089993610;
2015;09;25;22;1;0.000143011578;0.000069202378;0.000094495990;0.000094736660;
2015;09;25;23;1;0.000153613192;0.000077931974;0.000074108312;0.000091412955;
2015;09;25;24;1;0.000144366813;0.000112596187;0.000067426473;0.000088203013;
2015;09;26;1;1;0.000119945142;0.000161128071;0.000047388175;0.000071373371;
2015;09;26;2;1;0.000106101006;0.000147402494;0.000046302511;0.000468201659;
2015;09;26;3;1;0.000084605502;0.000134770133;0.000045198444;0.000415181442;
2015;09;26;4;1;0.000062967507;0.000124588067;0.000045178945;0.000253976223;
2015;09;26;5;1;0.000058198945;0.000123614808;0.000045368366;0.000119330912;
2015;09;26;6;1;0.000058390432;0.000117976672;0.000046834283;0.000061715043;
2015;09;26;7;1;0.000058583456;0.000099176265;0.000051966265;0.000053663877;
2015;09;26;8;1;0.000061221038;0.000074539458;0.000061758354;0.000047252673;
2015;09;26;9;1;0.000063635199;0.000040771765;0.000075349894;0.000039540698;
2015;09;26;10;1;0.000075902335;0.000040777275;0.000096772007;0.000039781705;
2015;09;26;11;1;0.000090214248;0.000042618961;0.000114522336;0.000045364587;
2015;09;26;12;1;0.000099579174;0.000046358262;0.000117018975;0.000049492384;
2015;09;26;13;1;0.000106696619;0.000046333017;0.000114974786;0.000052874711;
2015;09;26;14;1;0.000117019433;0.000050219810;0.000104325454;0.000057871912;
2015;09;26;15;1;0.000124833415;0.000055999637;0.000070236156;0.000061797341;
2015;09;26;16;1;0.000124624127;0.000057869340;0.000068593258;0.000062046476;
2015;09;26;17;1;0.000117064386;0.000048325532;0.000070475402;0.000061455045;
2015;09;26;18;1;0.000112223179;0.000044528645;0.000085005931;0.000065267947;
2015;09;26;19;1;0.000102339800;0.000046410248;0.000088292570;0.000066464443;
2015;09;26;20;1;0.000104870582;0.000050226543;0.000088600611;0.000073536664;
2015;09;26;21;1;0.000129311629;0.000054036028;0.000085662828;0.000088992997;
2015;09;26;22;1;0.000152211858;0.000077160082;0.000074600272;0.000097004634;
2015;09;26;23;1;0.000156156718;0.000085898649;0.000061773999;0.000091064597;
2015;09;26;24;1;0.000141968787;0.000140271437;0.000057109293;0.000086618072;
2015;09;27;1;1;0.000131522416;0.000159200971;0.000046419361;0.000074440186;
2015;09;27;2;1;0.000103394967;0.000151509644;0.000045796871;0.000374738645;
2015;09;27;3;1;0.000078196565;0.000143397287;0.000041999796;0.000326619508;
2015;09;27;4;1;0.000072677038;0.000131318490;0.000044999940;0.000210092403;
2015;09;27;5;1;0.000070410404;0.000112330979;0.000045345933;0.000105061171;
2015;09;27;6;1;0.000068080238;0.000097972545;0.000047271682;0.000058487545;
2015;09;27;7;1;0.000058488259;0.000063871209;0.000050444101;0.000046665605;
2015;09;27;8;1;0.000056322886;0.000048329156;0.000055707507;0.000039910662;
2015;09;27;9;1;0.000061343627;0.000038457959;0.000062409645;0.000036230663;
2015;09;27;10;1;0.000073844481;0.000038500025;0.000077557390;0.000037686620;
2015;09;27;11;1;0.000095978843;0.000040239144;0.000093327538;0.000047012425;
2015;09;27;12;1;0.000105371806;0.000043657914;0.000094704678;0.000051180786;
2015;09;27;13;1;0.000110262986;0.000043656564;0.000093926466;0.000053450451;
2015;09;27;14;1;0.000112760935;0.000047141736;0.000090249497;0.000054787075;
2015;09;27;15;1;0.000122647895;0.000050632201;0.000057939553;0.000059545719;
2015;09;27;16;1;0.000114902024;0.000054048787;0.000056590544;0.000056357858;
2015;09;27;17;1;0.000104970437;0.000045337171;0.000060256235;0.000053995346;
2015;09;27;18;1;0.000100152453;0.000041872697;0.000066807935;0.000056476800;
2015;09;27;19;1;0.000097616102;0.000043595524;0.000068588264;0.000059874632;
2015;09;27;20;1;0.000102511251;0.000045334417;0.000068225853;0.000066659383;
2015;09;27;21;1;0.000129670630;0.000048848573;0.000066975424;0.000082349291;
2015;09;27;22;1;0.000152155649;0.000060744660;0.000061901577;0.000090350091;
2015;09;27;23;1;0.000162969122;0.000069214012;0.000055294907;0.000089463863;
2015;09;27;24;1;0.000143826906;0.000116773969;0.000050420264;0.000082550804;
2015;09;28;1;1;0.000107813314;0.000115064566;0.000051342325;0.000063019003;
2015;09;28;2;1;0.000077100753;0.000110192492;0.000052020876;0.000485816592;
2015;09;28;3;1;0.000053275992;0.000105450262;0.000053757566;0.000429508338;
2015;09;28;4;1;0.000046067673;0.000086564113;0.000056734109;0.000261922934;
2015;09;28;5;1;0.000043643170;0.000068593218;0.000062951591;0.000116318920;
2015;09;28;6;1;0.000043713493;0.000056589000;0.000069845714;0.000053525021;
2015;09;28;7;1;0.000050750092;0.000043417299;0.000083842963;0.000048308907;
2015;09;28;8;1;0.000072694147;0.000043457706;0.000096859720;0.000051734234;
2015;09;28;9;1;0.000098398650;0.000058635273;0.000113788191;0.000057037580;
2015;09;28;10;1;0.000097707383;0.000058492664;0.000146589069;0.000050877240;
2015;09;28;11;1;0.000094992876;0.000060143027;0.000187256583;0.000048347266;
2015;09;28;12;1;0.000099300253;0.000061769154;0.000193369948;0.000049938303;
2015;09;28;13;1;0.000104160203;0.000065233018;0.000194563103;0.000052387995;
2015;09;28;14;1;0.000111939090;0.000068813516;0.000178504017;0.000056140337;
2015;09;28;15;1;0.000124198111;0.000070604452;0.000120202664;0.000061935604;
2015;09;28;16;1;0.000123484729;0.000072184905;0.000112389703;0.000062013894;
2015;09;28;17;1;0.000118384872;0.000068674322;0.000116673847;0.000063143151;
2015;09;28;18;1;0.000118056277;0.000061740796;0.000127626257;0.000069332373;
2015;09;28;19;1;0.000115635229;0.000061729843;0.000128465685;0.000074285747;
2015;09;28;20;1;0.000115907147;0.000063497653;0.000126712303;0.000080517339;
2015;09;28;21;1;0.000129168642;0.000068916321;0.000125384001;0.000090998524;
2015;09;28;22;1;0.000147648174;0.000072255092;0.000097038546;0.000095483756;
2015;09;28;23;1;0.000156055426;0.000075513717;0.000075733351;0.000090737979;
2015;09;28;24;1;0.000132170709;0.000109266018;0.000068153304;0.000080672036;
2015;09;29;1;1;0.000092279975;0.000121064931;0.000066612667;0.000057073991;
2015;09;29;2;1;0.000067286192;0.000117773027;0.000065782497;0.000479907618;
2015;09;29;3;1;0.000055848078;0.000111076110;0.000064671633;0.000428832913;
2015;09;29;4;1;0.000048970333;0.000098538512;0.000063661990;0.000262960184;
2015;09;29;5;1;0.000044378934;0.000073071597;0.000063854678;0.000116910198;
2015;09;29;6;1;0.000044456955;0.000062619702;0.000068793553;0.000054533958;
2015;09;29;7;1;0.000051540535;0.000054269921;0.000082861140;0.000049760139;
2015;09;29;8;1;0.000073050092;0.000054380319;0.000095520473;0.000053197346;
2015;09;29;9;1;0.000095843650;0.000057322611;0.000111885986;0.000056670829;
2015;09;29;10;1;0.000095025414;0.000058943861;0.000142365622;0.000050542633;
2015;09;29;11;1;0.000092312223;0.000057068453;0.000181957505;0.000047807609;
2015;09;29;12;1;0.000096485839;0.000058586014;0.000187820635;0.000049369773;
2015;09;29;13;1;0.000101082264;0.000062336500;0.000188115988;0.000051773168;
2015;09;29;14;1;0.000108491946;0.000066016545;0.000172205960;0.000055448930;
2015;09;29;15;1;0.000120179581;0.000069623107;0.000118177049;0.000061212846;
2015;09;29;16;1;0.000119689789;0.000071312240;0.000111247558;0.000061369332;
2015;09;29;17;1;0.000114514557;0.000067622652;0.000114681447;0.000062423818;
2015;09;29;18;1;0.000114259117;0.000064005906;0.000122734719;0.000068795541;
2015;09;29;19;1;0.000112035585;0.000064017964;0.000123708897;0.000073803715;
2015;09;29;20;1;0.000112737200;0.000065941876;0.000123915321;0.000080245539;
2015;09;29;21;1;0.000126135660;0.000071675650;0.000126920372;0.000090945077;
2015;09;29;22;1;0.000143528925;0.000075034398;0.000096533959;0.000095069577;
2015;09;29;23;1;0.000151412198;0.000078370925;0.000074853214;0.000090168173;
2015;09;29;24;1;0.000128052558;0.000111039568;0.000067184506;0.000080115756;
2015;09;30;1;1;0.000092022954;0.000120824420;0.000066282773;0.000057023689;
2015;09;30;2;1;0.000067202406;0.000117601680;0.000065839324;0.000479995442;
2015;09;30;3;1;0.000055691673;0.000110854734;0.000064350890;0.000428449972;
2015;09;30;4;1;0.000048905348;0.000098392464;0.000063694479;0.000262993688;
2015;09;30;5;1;0.000044242292;0.000072918864;0.000063473788;0.000116783188;
2015;09;30;6;1;0.000044349241;0.000062503078;0.000068549874;0.000054499505;
2015;09;30;7;1;0.000051371191;0.000054152553;0.000082306304;0.000049698920;
2015;09;30;8;1;0.000072928144;0.000054293334;0.000095442637;0.000053191575;
2015;09;30;9;1;0.000095665711;0.000057227133;0.000111722613;0.000056657274;
2015;09;30;10;1;0.000094733939;0.000058820983;0.000141513152;0.000050488202;
2015;09;30;11;1;0.000092003597;0.000056944104;0.000180669703;0.000047747051;
2015;09;30;12;1;0.000096256993;0.000058477977;0.000187185520;0.000049340357;
2015;09;30;13;1;0.000100793566;0.000062211177;0.000187128129;0.000051725034;
2015;09;30;14;1;0.000108188131;0.000065885046;0.000171343798;0.000055399477;
2015;09;30;15;1;0.000119823076;0.000069480426;0.000117511745;0.000061151220;
2015;09;30;16;1;0.000119143428;0.000071126942;0.000109934823;0.000061239919;
2015;09;30;17;1;0.000114175334;0.000067484268;0.000114029319;0.000062361242;
2015;09;30;18;1;0.000113966194;0.000063883680;0.000122226342;0.000068745476;
2015;09;30;19;1;0.000111828404;0.000063911374;0.000123542721;0.000073786302;
2015;09;30;20;1;0.000112504891;0.000065827326;0.000123644849;0.000080214948;
2015;09;30;21;1;0.000125791859;0.000071534629;0.000126328699;0.000090868543;
2015;09;30;22;1;0.000143363475;0.000074927590;0.000096653336;0.000095093006;
2015;09;30;23;1;0.000151533763;0.000078311792;0.000075521188;0.000090311727;
2015;09;30;24;1;0.000128287285;0.000110994714;0.000068062419;0.000080299955;
