AŃO;MES;DIA;HORA;VERANO(1)/INVIERNO(0);COEF. PERFIL A;COEF. PERFIL B;COEF. PERFIL C;COEF. PERFIL D;
2017;03;01;1;0;0.000091418509;0.000196270852;0.000083869079;0.000175066709;
2017;03;01;2;0;0.000073262178;0.000180554934;0.000080688348;0.000179448030;
2017;03;01;3;0;0.000064966719;0.000169011443;0.000079085986;0.000175633175;
2017;03;01;4;0;0.000061384655;0.000162481669;0.000078044931;0.000170836145;
2017;03;01;5;0;0.000060435452;0.000159728999;0.000078143140;0.000166494456;
2017;03;01;6;0;0.000062531371;0.000166994612;0.000080955621;0.000165910557;
2017;03;01;7;0;0.000073989607;0.000172190653;0.000092160076;0.000165569089;
2017;03;01;8;0;0.000101057589;0.000136736777;0.000107207721;0.000095178944;
2017;03;01;9;0;0.000123032958;0.000111196680;0.000141036132;0.000059781414;
2017;03;01;10;0;0.000137194124;0.000105895595;0.000164601377;0.000055297401;
2017;03;01;11;0;0.000146960204;0.000100015836;0.000172850825;0.000056721743;
2017;03;01;12;0;0.000148362930;0.000088253282;0.000173051932;0.000055220615;
2017;03;01;13;0;0.000150461432;0.000071661030;0.000171392431;0.000051725063;
2017;03;01;14;0;0.000152109197;0.000071292758;0.000160677237;0.000051646974;
2017;03;01;15;0;0.000143022903;0.000068953033;0.000140555945;0.000050698217;
2017;03;01;16;0;0.000133523602;0.000064745218;0.000134984866;0.000044120174;
2017;03;01;17;0;0.000132946402;0.000062498360;0.000136435626;0.000041754203;
2017;03;01;18;0;0.000138609873;0.000062734775;0.000138210768;0.000042700574;
2017;03;01;19;0;0.000145085380;0.000066090951;0.000135613958;0.000046248605;
2017;03;01;20;0;0.000162582265;0.000120132112;0.000142778662;0.000134489246;
2017;03;01;21;0;0.000175116336;0.000166739227;0.000137155689;0.000234344526;
2017;03;01;22;0;0.000171301873;0.000177045130;0.000119690399;0.000247678312;
2017;03;01;23;0;0.000149189019;0.000203223667;0.000102496002;0.000219764158;
2017;03;01;24;0;0.000120480754;0.000207874787;0.000091717301;0.000194858475;
2017;03;02;1;0;0.000091460217;0.000196456685;0.000083842358;0.000175312194;
2017;03;02;2;0;0.000073289946;0.000180711938;0.000080656415;0.000179685789;
2017;03;02;3;0;0.000064894335;0.000168905918;0.000078936688;0.000175603376;
2017;03;02;4;0;0.000061307594;0.000162357267;0.000077886586;0.000170783015;
2017;03;02;5;0;0.000060365608;0.000159622637;0.000077992381;0.000166459292;
2017;03;02;6;0;0.000062462812;0.000166893317;0.000080804231;0.000165885361;
2017;03;02;7;0;0.000073903238;0.000172073988;0.000091981202;0.000165532191;
2017;03;02;8;0;0.000100868936;0.000136548442;0.000106924711;0.000095091094;
2017;03;02;9;0;0.000122803848;0.000111044035;0.000140664470;0.000059726512;
2017;03;02;10;0;0.000136864052;0.000105692625;0.000164078192;0.000055216524;
2017;03;02;11;0;0.000146549377;0.000099785148;0.000172234124;0.000056616662;
2017;03;02;12;0;0.000147978868;0.000088067987;0.000172470279;0.000055129747;
2017;03;02;13;0;0.000149982950;0.000071468169;0.000170715068;0.000051609326;
2017;03;02;14;0;0.000151563141;0.000071071658;0.000159976428;0.000051510228;
2017;03;02;15;0;0.000142455997;0.000068713399;0.000139890390;0.000050545011;
2017;03;02;16;0;0.000133069000;0.000064556422;0.000134421101;0.000044011536;
2017;03;02;17;0;0.000132556827;0.000062345777;0.000135930469;0.000041671216;
2017;03;02;18;0;0.000138220941;0.000062589421;0.000137716214;0.000042621022;
2017;03;02;19;0;0.000144762906;0.000065976390;0.000135207738;0.000046189444;
2017;03;02;20;0;0.000162204463;0.000119911725;0.000142336556;0.000134303598;
2017;03;02;21;0;0.000174773802;0.000166494679;0.000136781390;0.000234107293;
2017;03;02;22;0;0.000170868408;0.000176683727;0.000119295068;0.000247285185;
2017;03;02;23;0;0.000148848103;0.000202858700;0.000102182586;0.000219469296;
2017;03;02;24;0;0.000120178534;0.000207455019;0.000091416377;0.000194553470;
2017;03;03;1;0;0.000094256802;0.000200219136;0.000085661161;0.000175502263;
2017;03;03;2;0;0.000075982894;0.000183543162;0.000082383357;0.000179941810;
2017;03;03;3;0;0.000066774727;0.000171614818;0.000080510735;0.000177172586;
2017;03;03;4;0;0.000062784664;0.000165307808;0.000079496266;0.000171956944;
2017;03;03;5;0;0.000061739523;0.000162797851;0.000079540645;0.000168073388;
2017;03;03;6;0;0.000063904689;0.000170526422;0.000082589919;0.000167535259;
2017;03;03;7;0;0.000076079171;0.000174743378;0.000094231488;0.000168994108;
2017;03;03;8;0;0.000103528704;0.000134383322;0.000108132788;0.000090136185;
2017;03;03;9;0;0.000126153438;0.000112383847;0.000144509349;0.000062028496;
2017;03;03;10;0;0.000140043939;0.000106788062;0.000168794103;0.000055113232;
2017;03;03;11;0;0.000149763663;0.000101009102;0.000177128594;0.000057082521;
2017;03;03;12;0;0.000150730576;0.000088310999;0.000176881919;0.000054326028;
2017;03;03;13;0;0.000152371307;0.000070527465;0.000175554875;0.000051750955;
2017;03;03;14;0;0.000154262848;0.000071615846;0.000164201683;0.000051897058;
2017;03;03;15;0;0.000145744818;0.000069378163;0.000142173150;0.000050698908;
2017;03;03;16;0;0.000137136421;0.000065466795;0.000132735939;0.000046411757;
2017;03;03;17;0;0.000135764784;0.000063149099;0.000131641031;0.000044359549;
2017;03;03;18;0;0.000141524937;0.000063573417;0.000133070357;0.000045520458;
2017;03;03;19;0;0.000146709946;0.000066681381;0.000133472523;0.000047665001;
2017;03;03;20;0;0.000161503252;0.000124375889;0.000145933667;0.000138937027;
2017;03;03;21;0;0.000171593213;0.000171630875;0.000143896993;0.000251816716;
2017;03;03;22;0;0.000167911850;0.000175669207;0.000125247804;0.000247160453;
2017;03;03;23;0;0.000149130310;0.000205441166;0.000108860870;0.000218583408;
2017;03;03;24;0;0.000125417875;0.000211219627;0.000098849150;0.000194317019;
2017;03;04;1;0;0.000102880581;0.000203822611;0.000090591881;0.000181250307;
2017;03;04;2;0;0.000083957943;0.000188695340;0.000085254504;0.000183269344;
2017;03;04;3;0;0.000072947856;0.000175783183;0.000082389400;0.000177912889;
2017;03;04;4;0;0.000066930726;0.000168210472;0.000080713722;0.000174543136;
2017;03;04;5;0;0.000064681738;0.000165123218;0.000080189953;0.000166898293;
2017;03;04;6;0;0.000064796384;0.000172568571;0.000081546903;0.000166667553;
2017;03;04;7;0;0.000068564281;0.000171665692;0.000085225141;0.000164263959;
2017;03;04;8;0;0.000078222123;0.000122062839;0.000081155276;0.000082080233;
2017;03;04;9;0;0.000098868925;0.000099503445;0.000089458478;0.000050451559;
2017;03;04;10;0;0.000126542945;0.000105504192;0.000102268515;0.000050733411;
2017;03;04;11;0;0.000146322874;0.000105595109;0.000115340821;0.000058311541;
2017;03;04;12;0;0.000151210474;0.000095376984;0.000120078169;0.000057245303;
2017;03;04;13;0;0.000151972974;0.000075282625;0.000121415414;0.000052854664;
2017;03;04;14;0;0.000155705565;0.000075308606;0.000116761558;0.000051234056;
2017;03;04;15;0;0.000149399590;0.000073159787;0.000106289265;0.000053950814;
2017;03;04;16;0;0.000134207777;0.000066572673;0.000101796224;0.000049025994;
2017;03;04;17;0;0.000125167765;0.000062764418;0.000100190796;0.000043002589;
2017;03;04;18;0;0.000123847910;0.000062159694;0.000102581839;0.000041818216;
2017;03;04;19;0;0.000127870199;0.000065460411;0.000104966303;0.000045671238;
2017;03;04;20;0;0.000142245551;0.000120534231;0.000121628470;0.000139278000;
2017;03;04;21;0;0.000158109238;0.000167801706;0.000129244708;0.000248581748;
2017;03;04;22;0;0.000160626117;0.000173211366;0.000119040612;0.000247303842;
2017;03;04;23;0;0.000146005533;0.000204133048;0.000108156412;0.000218159704;
2017;03;04;24;0;0.000124750830;0.000211172414;0.000099871529;0.000195663749;
2017;03;05;1;0;0.000102685312;0.000202119393;0.000091681090;0.000180061687;
2017;03;05;2;0;0.000084752184;0.000187576426;0.000085791672;0.000179596841;
2017;03;05;3;0;0.000074268626;0.000175462399;0.000082994680;0.000174211801;
2017;03;05;4;0;0.000068141203;0.000167823991;0.000081217681;0.000170716328;
2017;03;05;5;0;0.000064707917;0.000163827422;0.000080541631;0.000165357057;
2017;03;05;6;0;0.000063933124;0.000169131909;0.000081126809;0.000162919747;
2017;03;05;7;0;0.000065559506;0.000170414582;0.000083582528;0.000164859155;
2017;03;05;8;0;0.000071339967;0.000128805925;0.000077705311;0.000095960634;
2017;03;05;9;0;0.000084530844;0.000094583808;0.000076384401;0.000048214075;
2017;03;05;10;0;0.000106928696;0.000098430792;0.000080729047;0.000045812985;
2017;03;05;11;0;0.000125676522;0.000102002940;0.000086699232;0.000050385919;
2017;03;05;12;0;0.000135030293;0.000095155295;0.000091560671;0.000052976490;
2017;03;05;13;0;0.000137340243;0.000078336782;0.000094975378;0.000049827167;
2017;03;05;14;0;0.000141243819;0.000074795045;0.000094508401;0.000050165788;
2017;03;05;15;0;0.000140708582;0.000072204233;0.000091716403;0.000051041452;
2017;03;05;16;0;0.000127074303;0.000064903418;0.000088019081;0.000048933777;
2017;03;05;17;0;0.000119173475;0.000060460757;0.000085493674;0.000043696539;
2017;03;05;18;0;0.000117204777;0.000059760202;0.000082921299;0.000042711770;
2017;03;05;19;0;0.000123360512;0.000063355327;0.000084128950;0.000045514877;
2017;03;05;20;0;0.000142217389;0.000113672369;0.000097717297;0.000125188988;
2017;03;05;21;0;0.000161667831;0.000158670032;0.000106761810;0.000217866152;
2017;03;05;22;0;0.000164822625;0.000174899946;0.000105293516;0.000248563546;
2017;03;05;23;0;0.000145182381;0.000199323961;0.000097714216;0.000223183598;
2017;03;05;24;0;0.000119707816;0.000206640900;0.000090601594;0.000198485284;
2017;03;06;1;0;0.000089437173;0.000194007067;0.000080231249;0.000177434778;
2017;03;06;2;0;0.000072111876;0.000179579601;0.000077539478;0.000176094025;
2017;03;06;3;0;0.000063680341;0.000167849349;0.000075977795;0.000170354749;
2017;03;06;4;0;0.000059863329;0.000160770730;0.000075233957;0.000165477607;
2017;03;06;5;0;0.000058796952;0.000158278913;0.000075326651;0.000163029288;
2017;03;06;6;0;0.000060844146;0.000164405388;0.000077912846;0.000163208286;
2017;03;06;7;0;0.000071957786;0.000170025756;0.000088664514;0.000167227217;
2017;03;06;8;0;0.000097679007;0.000138996427;0.000103647220;0.000106097764;
2017;03;06;9;0;0.000119554006;0.000108698677;0.000136805606;0.000060054218;
2017;03;06;10;0;0.000135205380;0.000103400888;0.000160329185;0.000055034992;
2017;03;06;11;0;0.000146155044;0.000097919928;0.000168700450;0.000057499777;
2017;03;06;12;0;0.000148584287;0.000087964210;0.000168649036;0.000055075379;
2017;03;06;13;0;0.000150118838;0.000072266324;0.000166641090;0.000052656484;
2017;03;06;14;0;0.000152459941;0.000071133112;0.000156131016;0.000052693270;
2017;03;06;15;0;0.000142658444;0.000068357305;0.000136516050;0.000050367298;
2017;03;06;16;0;0.000132646256;0.000064183481;0.000131152851;0.000042909720;
2017;03;06;17;0;0.000132343967;0.000061714137;0.000132699173;0.000041169412;
2017;03;06;18;0;0.000138205022;0.000061862690;0.000133948408;0.000043375771;
2017;03;06;19;0;0.000144290232;0.000065138207;0.000131288857;0.000046155510;
2017;03;06;20;0;0.000159598940;0.000113279714;0.000136652323;0.000126839656;
2017;03;06;21;0;0.000171129530;0.000157920345;0.000131220212;0.000217852172;
2017;03;06;22;0;0.000169000098;0.000175358141;0.000115225613;0.000247241697;
2017;03;06;23;0;0.000146582205;0.000198356642;0.000098698740;0.000221987134;
2017;03;06;24;0;0.000117472196;0.000203027840;0.000088795787;0.000195558401;
2017;03;07;1;0;0.000089802030;0.000194471946;0.000081850345;0.000174227033;
2017;03;07;2;0;0.000071963147;0.000178891131;0.000078742239;0.000178578416;
2017;03;07;3;0;0.000063732230;0.000167237403;0.000077078690;0.000174555959;
2017;03;07;4;0;0.000060185229;0.000160688056;0.000076022372;0.000169695297;
2017;03;07;5;0;0.000059248232;0.000157948869;0.000076109891;0.000165364906;
2017;03;07;6;0;0.000061322763;0.000165186804;0.000078874639;0.000164838151;
2017;03;07;7;0;0.000072556335;0.000170319085;0.000089787123;0.000164491637;
2017;03;07;8;0;0.000099031883;0.000135157631;0.000104375552;0.000094494588;
2017;03;07;9;0;0.000120642121;0.000109981198;0.000137396131;0.000059388674;
2017;03;07;10;0;0.000134448775;0.000104676300;0.000160258627;0.000054901727;
2017;03;07;11;0;0.000144037452;0.000098876613;0.000168311487;0.000056322925;
2017;03;07;12;0;0.000145454983;0.000087273661;0.000168556798;0.000054848454;
2017;03;07;13;0;0.000147576570;0.000070896435;0.000167013077;0.000051398826;
2017;03;07;14;0;0.000149096014;0.000070486364;0.000156470163;0.000051287957;
2017;03;07;15;0;0.000140117350;0.000068137914;0.000136805060;0.000050319806;
2017;03;07;16;0;0.000130828550;0.000063988409;0.000131400249;0.000043796727;
2017;03;07;17;0;0.000130356732;0.000061812261;0.000132908048;0.000041477926;
2017;03;07;18;0;0.000135941288;0.000062060417;0.000134668405;0.000042427836;
2017;03;07;19;0;0.000142355790;0.000065409768;0.000132197271;0.000045973765;
2017;03;07;20;0;0.000159347426;0.000118762717;0.000139027850;0.000133542466;
2017;03;07;21;0;0.000171772625;0.000164973506;0.000133661932;0.000232885288;
2017;03;07;22;0;0.000167872327;0.000175004861;0.000116531391;0.000245903623;
2017;03;07;23;0;0.000146143443;0.000200801009;0.000099750716;0.000218101821;
2017;03;07;24;0;0.000117931310;0.000205240183;0.000089192704;0.000193237182;
2017;03;08;1;0;0.000088560578;0.000192920230;0.000080316276;0.000173393672;
2017;03;08;2;0;0.000071020082;0.000177593210;0.000077322796;0.000177853904;
2017;03;08;3;0;0.000062933853;0.000166121233;0.000075733547;0.000173949547;
2017;03;08;4;0;0.000059453323;0.000159674783;0.000074723360;0.000169168476;
2017;03;08;5;0;0.000058538038;0.000156980538;0.000074822572;0.000164880590;
2017;03;08;6;0;0.000060560349;0.000164099979;0.000077505550;0.000164281175;
2017;03;08;7;0;0.000071662998;0.000169219137;0.000088239381;0.000163955834;
2017;03;08;8;0;0.000097696975;0.000134126062;0.000102455111;0.000094075477;
2017;03;08;9;0;0.000118933075;0.000109065815;0.000134774258;0.000059084114;
2017;03;08;10;0;0.000132473807;0.000103749987;0.000157117062;0.000054591194;
2017;03;08;11;0;0.000141847439;0.000097950390;0.000164925795;0.000055975074;
2017;03;08;12;0;0.000143247874;0.000086458819;0.000165171311;0.000054511406;
2017;03;08;13;0;0.000145339780;0.000070235714;0.000163661424;0.000051083859;
2017;03;08;14;0;0.000146870153;0.000069845614;0.000153365548;0.000050985458;
2017;03;08;15;0;0.000138081204;0.000067545746;0.000134144717;0.000050043194;
2017;03;08;16;0;0.000128919279;0.000063428315;0.000128836907;0.000043553234;
2017;03;08;17;0;0.000128399505;0.000061245056;0.000130259657;0.000041229714;
2017;03;08;18;0;0.000133856780;0.000061470989;0.000131942123;0.000042160260;
2017;03;08;19;0;0.000140060543;0.000064736588;0.000129417178;0.000045647201;
2017;03;08;20;0;0.000156758866;0.000117525933;0.000136087310;0.000132577512;
2017;03;08;21;0;0.000169206359;0.000163472028;0.000131008424;0.000231509167;
2017;03;08;22;0;0.000165366806;0.000173414681;0.000114219675;0.000244454237;
2017;03;08;23;0;0.000143983875;0.000199006350;0.000097786591;0.000216848900;
2017;03;08;24;0;0.000116307976;0.000203614775;0.000087526279;0.000192324442;
2017;03;09;1;0;0.000088000419;0.000192318446;0.000079631742;0.000173105171;
2017;03;09;2;0;0.000070544546;0.000176973199;0.000076635179;0.000177491752;
2017;03;09;3;0;0.000062492447;0.000165488274;0.000075036032;0.000173539767;
2017;03;09;4;0;0.000059005292;0.000158982763;0.000073996228;0.000168681234;
2017;03;09;5;0;0.000058106911;0.000156327111;0.000074107234;0.000164434012;
2017;03;09;6;0;0.000060126322;0.000163449525;0.000076779879;0.000163868911;
2017;03;09;7;0;0.000071133285;0.000168510218;0.000087393413;0.000163507345;
2017;03;09;8;0;0.000096898364;0.000133458848;0.000101392845;0.000093744167;
2017;03;09;9;0;0.000117998862;0.000108558215;0.000133419858;0.000058894996;
2017;03;09;10;0;0.000131537704;0.000103349210;0.000155661761;0.000054459711;
2017;03;09;11;0;0.000140834706;0.000097564817;0.000163386109;0.000055836138;
2017;03;09;12;0;0.000142265754;0.000086143072;0.000163676056;0.000054391630;
2017;03;09;13;0;0.000144362143;0.000069988341;0.000162200990;0.000050978262;
2017;03;09;14;0;0.000145984474;0.000069648398;0.000152103527;0.000050915726;
2017;03;09;15;0;0.000137246975;0.000067354263;0.000133039359;0.000049974187;
2017;03;09;16;0;0.000128193031;0.000063274481;0.000127827764;0.000043511039;
2017;03;09;17;0;0.000127667822;0.000061092515;0.000129230903;0.000041187072;
2017;03;09;18;0;0.000133143846;0.000061340851;0.000130949109;0.000042132430;
2017;03;09;19;0;0.000139261145;0.000064574764;0.000128393912;0.000045599576;
2017;03;09;20;0;0.000155761711;0.000117155093;0.000134922562;0.000132352137;
2017;03;09;21;0;0.000168072807;0.000162900754;0.000129842942;0.000231036962;
2017;03;09;22;0;0.000164309440;0.000172861751;0.000113238328;0.000244030576;
2017;03;09;23;0;0.000143033590;0.000198330719;0.000096926346;0.000216428230;
2017;03;09;24;0;0.000115455062;0.000202773706;0.000086692255;0.000191809654;
2017;03;10;1;0;0.000088569305;0.000193370373;0.000078749442;0.000171973800;
2017;03;10;2;0;0.000071492807;0.000177500077;0.000075836625;0.000176558095;
2017;03;10;3;0;0.000062879115;0.000166097426;0.000074172187;0.000173980213;
2017;03;10;4;0;0.000059137494;0.000160035573;0.000073256990;0.000168903285;
2017;03;10;5;0;0.000058184538;0.000157690963;0.000073337554;0.000165178040;
2017;03;10;6;0;0.000060224776;0.000165176389;0.000076148702;0.000164648479;
2017;03;10;7;0;0.000071658719;0.000169167843;0.000086834501;0.000165990741;
2017;03;10;8;0;0.000097364593;0.000129897104;0.000099492575;0.000088399230;
2017;03;10;9;0;0.000118659207;0.000108647581;0.000132981519;0.000060841881;
2017;03;10;10;0;0.000131486561;0.000103051323;0.000155048409;0.000053961245;
2017;03;10;11;0;0.000140477459;0.000097381064;0.000162548085;0.000055835751;
2017;03;10;12;0;0.000141360088;0.000085124399;0.000162293783;0.000053130320;
2017;03;10;13;0;0.000142805971;0.000067938393;0.000160971527;0.000050579039;
2017;03;10;14;0;0.000144585539;0.000068990049;0.000150568496;0.000050724209;
2017;03;10;15;0;0.000136461729;0.000066765847;0.000130235184;0.000049502301;
2017;03;10;16;0;0.000128359054;0.000062980861;0.000121550071;0.000045301307;
2017;03;10;17;0;0.000127019988;0.000060724775;0.000120495049;0.000043279385;
2017;03;10;18;0;0.000132241677;0.000061055494;0.000121649323;0.000044355864;
2017;03;10;19;0;0.000136863921;0.000063936347;0.000121818791;0.000046370103;
2017;03;10;20;0;0.000150598345;0.000119203482;0.000133133521;0.000135103301;
2017;03;10;21;0;0.000160459659;0.000164958613;0.000131646850;0.000245560975;
2017;03;10;22;0;0.000157254311;0.000169094962;0.000114758358;0.000241384415;
2017;03;10;23;0;0.000139590105;0.000197646897;0.000099690439;0.000213360951;
2017;03;10;24;0;0.000117430508;0.000203268269;0.000090549787;0.000189732343;
2017;03;11;1;0;0.000095107298;0.000195046122;0.000081513053;0.000176583552;
2017;03;11;2;0;0.000077747653;0.000180880273;0.000076842288;0.000178857185;
2017;03;11;3;0;0.000067611708;0.000168651896;0.000074325556;0.000173783225;
2017;03;11;4;0;0.000062005480;0.000161310299;0.000072779550;0.000170411295;
2017;03;11;5;0;0.000059915388;0.000158332243;0.000072299302;0.000162929473;
2017;03;11;6;0;0.000060001885;0.000165417081;0.000073498597;0.000162650816;
2017;03;11;7;0;0.000063440687;0.000164421266;0.000076752960;0.000160178160;
2017;03;11;8;0;0.000072310947;0.000116805272;0.000073021149;0.000079965765;
2017;03;11;9;0;0.000091471756;0.000095294942;0.000080557534;0.000049191817;
2017;03;11;10;0;0.000116951041;0.000100934676;0.000091995282;0.000049414145;
2017;03;11;11;0;0.000134915471;0.000100785456;0.000103511839;0.000056662420;
2017;03;11;12;0;0.000139174985;0.000090871442;0.000107572389;0.000055527769;
2017;03;11;13;0;0.000139869199;0.000071722432;0.000108764459;0.000051266079;
2017;03;11;14;0;0.000143239718;0.000071714745;0.000104548224;0.000049671712;
2017;03;11;15;0;0.000137475900;0.000069687378;0.000095197166;0.000052319818;
2017;03;11;16;0;0.000123495593;0.000063412416;0.000091172298;0.000047543511;
2017;03;11;17;0;0.000115255280;0.000059825505;0.000089795302;0.000041730539;
2017;03;11;18;0;0.000114051937;0.000059255325;0.000091947922;0.000040585467;
2017;03;11;19;0;0.000117753791;0.000062400607;0.000094083380;0.000044324047;
2017;03;11;20;0;0.000131005853;0.000114912411;0.000109029671;0.000135184093;
2017;03;11;21;0;0.000145805634;0.000160183566;0.000116007824;0.000241589113;
2017;03;11;22;0;0.000148090839;0.000165307648;0.000106822967;0.000240289039;
2017;03;11;23;0;0.000134589689;0.000194787160;0.000097040316;0.000211937632;
2017;03;11;24;0;0.000114963093;0.000201445099;0.000089580637;0.000190027489;
2017;03;12;1;0;0.000094933219;0.000193278319;0.000082582821;0.000175176060;
2017;03;12;2;0;0.000078462876;0.000179620896;0.000077385310;0.000174966774;
2017;03;12;3;0;0.000068830027;0.000168198409;0.000074941584;0.000169900118;
2017;03;12;4;0;0.000063156335;0.000160889034;0.000073342849;0.000166504412;
2017;03;12;5;0;0.000060003723;0.000157134900;0.000072768139;0.000161356727;
2017;03;12;6;0;0.000059290028;0.000162235748;0.000073302737;0.000158991174;
2017;03;12;7;0;0.000060743623;0.000163319127;0.000075453709;0.000160739144;
2017;03;12;8;0;0.000066064036;0.000123376747;0.000070110485;0.000093512329;
2017;03;12;9;0;0.000078302031;0.000090623303;0.000068938616;0.000046997550;
2017;03;12;10;0;0.000098914241;0.000094180460;0.000072760294;0.000044596082;
2017;03;12;11;0;0.000116057616;0.000097431066;0.000078007222;0.000048963475;
2017;03;12;12;0;0.000124597909;0.000090819223;0.000082316820;0.000051440632;
2017;03;12;13;0;0.000126599262;0.000074690327;0.000085299103;0.000048332930;
2017;03;12;14;0;0.000130179227;0.000071303417;0.000084867757;0.000048654548;
2017;03;12;15;0;0.000129717770;0.000068850456;0.000082380793;0.000049515991;
2017;03;12;16;0;0.000117265476;0.000061950567;0.000079138778;0.000047518720;
2017;03;12;17;0;0.000110077045;0.000057763834;0.000076939827;0.000042472494;
2017;03;12;18;0;0.000108327762;0.000057130995;0.000074672488;0.000041541827;
2017;03;12;19;0;0.000114054692;0.000060587831;0.000075784874;0.000044282683;
2017;03;12;20;0;0.000131518019;0.000108730841;0.000088044873;0.000121826635;
2017;03;12;21;0;0.000149759224;0.000152030301;0.000096357598;0.000212374953;
2017;03;12;22;0;0.000152538343;0.000167423782;0.000094943207;0.000242071241;
2017;03;12;23;0;0.000134365542;0.000190808967;0.000088111342;0.000217360103;
2017;03;12;24;0;0.000110851139;0.000197924343;0.000081743562;0.000193414723;
2017;03;13;1;0;0.000088642233;0.000192822661;0.000079446530;0.000176487625;
2017;03;13;2;0;0.000071504852;0.000178567992;0.000076817530;0.000175237166;
2017;03;13;3;0;0.000063257424;0.000167202850;0.000075405245;0.000169829546;
2017;03;13;4;0;0.000059519111;0.000160295177;0.000074734001;0.000165115442;
2017;03;13;5;0;0.000058453217;0.000157795481;0.000074818848;0.000162656761;
2017;03;13;6;0;0.000060495976;0.000163923653;0.000077397245;0.000162855628;
2017;03;13;7;0;0.000071520559;0.000169467225;0.000088046419;0.000166806494;
2017;03;13;8;0;0.000097096416;0.000138555411;0.000102936256;0.000105842740;
2017;03;13;9;0;0.000118904442;0.000108411686;0.000135939789;0.000059941879;
2017;03;13;10;0;0.000134619060;0.000103241604;0.000159490168;0.000054992615;
2017;03;13;11;0;0.000145702022;0.000097890545;0.000168026106;0.000057526879;
2017;03;13;12;0;0.000148324128;0.000088056784;0.000168202145;0.000055175884;
2017;03;13;13;0;0.000150026098;0.000072424495;0.000166388178;0.000052812455;
2017;03;13;14;0;0.000152324052;0.000071269291;0.000155851387;0.000052834885;
2017;03;13;15;0;0.000142534237;0.000068489586;0.000136274368;0.000050503706;
2017;03;13;16;0;0.000132476514;0.000064281359;0.000130867069;0.000043008318;
2017;03;13;17;0;0.000132299140;0.000061866483;0.000132534774;0.000041302888;
2017;03;13;18;0;0.000138277179;0.000062068804;0.000133897662;0.000043553873;
2017;03;13;19;0;0.000144445864;0.000065391586;0.000131312114;0.000046370802;
2017;03;13;20;0;0.000159267803;0.000113362137;0.000136245999;0.000127029891;
2017;03;13;21;0;0.000170647509;0.000157917759;0.000130732775;0.000218016705;
2017;03;13;22;0;0.000168498781;0.000175328951;0.000114780361;0.000247391291;
2017;03;13;23;0;0.000145944121;0.000198047788;0.000098180607;0.000221812513;
2017;03;13;24;0;0.000116966878;0.000202722195;0.000088334209;0.000195414673;
2017;03;14;1;0;0.000090040869;0.000194671903;0.000082188541;0.000174241898;
2017;03;14;2;0;0.000072217030;0.000179230152;0.000079136068;0.000178748320;
2017;03;14;3;0;0.000063959566;0.000167560867;0.000077467217;0.000174728844;
2017;03;14;4;0;0.000060452167;0.000161138137;0.000076471675;0.000170010322;
2017;03;14;5;0;0.000059517723;0.000158409134;0.000076568342;0.000165690568;
2017;03;14;6;0;0.000061575216;0.000165596962;0.000079315642;0.000165091794;
2017;03;14;7;0;0.000072857767;0.000170748393;0.000090292527;0.000164750929;
2017;03;14;8;0;0.000099343300;0.000135362044;0.000104857515;0.000094548362;
2017;03;14;9;0;0.000121094007;0.000110213533;0.000138113276;0.000059458075;
2017;03;14;10;0;0.000135032596;0.000104959782;0.000161190862;0.000054998558;
2017;03;14;11;0;0.000144758566;0.000099209945;0.000169402506;0.000056459571;
2017;03;14;12;0;0.000146258035;0.000087612710;0.000169736263;0.000055009672;
2017;03;14;13;0;0.000148449921;0.000071199959;0.000168248139;0.000051570256;
2017;03;14;14;0;0.000149990400;0.000070793816;0.000157639916;0.000051463148;
2017;03;14;15;0;0.000140929389;0.000068421293;0.000137799946;0.000050481488;
2017;03;14;16;0;0.000131632260;0.000064276750;0.000132401598;0.000043952642;
2017;03;14;17;0;0.000131112877;0.000062069650;0.000133875281;0.000041611411;
2017;03;14;18;0;0.000136680238;0.000062296239;0.000135599252;0.000042548941;
2017;03;14;19;0;0.000142989276;0.000065593942;0.000132980529;0.000046059788;
2017;03;14;20;0;0.000159890344;0.000118973461;0.000139706375;0.000133653428;
2017;03;14;21;0;0.000172484220;0.000165387395;0.000134412724;0.000233249648;
2017;03;14;22;0;0.000168543717;0.000175418890;0.000117169242;0.000246253217;
2017;03;14;23;0;0.000146702604;0.000201241324;0.000100279403;0.000218374190;
2017;03;14;24;0;0.000118392537;0.000205707622;0.000089673014;0.000193494857;
2017;03;15;1;0;0.000088300140;0.000192613258;0.000080021296;0.000173202075;
2017;03;15;2;0;0.000070776921;0.000177224724;0.000077001487;0.000177571309;
2017;03;15;3;0;0.000062686704;0.000165692830;0.000075380755;0.000173585447;
2017;03;15;4;0;0.000059211831;0.000159241459;0.000074365212;0.000168791546;
2017;03;15;5;0;0.000058309808;0.000156580154;0.000074476138;0.000164540145;
2017;03;15;6;0;0.000060353576;0.000163761052;0.000077184218;0.000164021710;
2017;03;15;7;0;0.000071437016;0.000168913851;0.000087896555;0.000163739742;
2017;03;15;8;0;0.000097337771;0.000133813801;0.000102003477;0.000093902165;
2017;03;15;9;0;0.000118584923;0.000108893746;0.000134281087;0.000059019626;
2017;03;15;10;0;0.000132120644;0.000103613459;0.000156583170;0.000054545905;
2017;03;15;11;0;0.000141446253;0.000097805567;0.000164338608;0.000055919532;
2017;03;15;12;0;0.000142839743;0.000086329183;0.000164579811;0.000054456178;
2017;03;15;13;0;0.000144899740;0.000070117847;0.000163046133;0.000051022966;
2017;03;15;14;0;0.000146435293;0.000069733074;0.000152799203;0.000050928095;
2017;03;15;15;0;0.000137714221;0.000067457413;0.000133689983;0.000050002089;
2017;03;15;16;0;0.000128655935;0.000063384430;0.000128479346;0.000043544295;
2017;03;15;17;0;0.000128154278;0.000061210827;0.000129915436;0.000041226739;
2017;03;15;18;0;0.000133607881;0.000061439739;0.000131600107;0.000042159348;
2017;03;15;19;0;0.000139782973;0.000064695746;0.000129065884;0.000045640618;
2017;03;15;20;0;0.000156371906;0.000117394508;0.000135651723;0.000132493746;
2017;03;15;21;0;0.000168923625;0.000163419779;0.000130693505;0.000231547876;
2017;03;15;22;0;0.000165213724;0.000173488664;0.000114030170;0.000244677621;
2017;03;15;23;0;0.000143789000;0.000199006013;0.000097582554;0.000216954134;
2017;03;15;24;0;0.000116072834;0.000203478175;0.000087285202;0.000192289012;
2017;03;16;1;0;0.000088171974;0.000192461074;0.000079862481;0.000173119841;
2017;03;16;2;0;0.000070707673;0.000177168597;0.000076885074;0.000177571089;
2017;03;16;3;0;0.000062640608;0.000165680656;0.000075285105;0.000173627466;
2017;03;16;4;0;0.000059169124;0.000159232002;0.000074271896;0.000168834783;
2017;03;16;5;0;0.000058265506;0.000156564820;0.000074379817;0.000164575950;
2017;03;16;6;0;0.000060263624;0.000163625285;0.000077028030;0.000163937443;
2017;03;16;7;0;0.000071249628;0.000168582355;0.000087619182;0.000163469970;
2017;03;16;8;0;0.000097055800;0.000133514540;0.000101653683;0.000093721728;
2017;03;16;9;0;0.000118301189;0.000108705152;0.000133888270;0.000058936002;
2017;03;16;10;0;0.000131783116;0.000103417210;0.000156099753;0.000054459773;
2017;03;16;11;0;0.000141079458;0.000097616553;0.000163824927;0.000055829077;
2017;03;16;12;0;0.000142512934;0.000086188715;0.000164115585;0.000054384729;
2017;03;16;13;0;0.000144646806;0.000070041811;0.000162674616;0.000050983721;
2017;03;16;14;0;0.000146219798;0.000069676574;0.000152492876;0.000050902889;
2017;03;16;15;0;0.000137519094;0.000067406450;0.000133429275;0.000049980080;
2017;03;16;16;0;0.000128475486;0.000063337452;0.000128230639;0.000043525753;
2017;03;16;17;0;0.000128028064;0.000061191046;0.000129718188;0.000041226421;
2017;03;16;18;0;0.000133497010;0.000061429416;0.000131420692;0.000042165566;
2017;03;16;19;0;0.000139663847;0.000064683426;0.000128887035;0.000045646326;
2017;03;16;20;0;0.000156122746;0.000117285085;0.000135363262;0.000132412021;
2017;03;16;21;0;0.000168604791;0.000163219370;0.000130377176;0.000231336897;
2017;03;16;22;0;0.000164888195;0.000173261512;0.000113744724;0.000244434371;
2017;03;16;23;0;0.000143596361;0.000198871031;0.000097399785;0.000216875396;
2017;03;16;24;0;0.000115957640;0.000203410876;0.000087152018;0.000192286074;
2017;03;17;1;0;0.000089078763;0.000194055205;0.000079334799;0.000172381406;
2017;03;17;2;0;0.000071839115;0.000177967866;0.000076331346;0.000176816769;
2017;03;17;3;0;0.000063164390;0.000166484272;0.000074633236;0.000174181866;
2017;03;17;4;0;0.000059400030;0.000160392736;0.000073705198;0.000169082645;
2017;03;17;5;0;0.000058432018;0.000158013621;0.000073772588;0.000165322818;
2017;03;17;6;0;0.000060522896;0.000165629195;0.000076653557;0.000164907125;
2017;03;17;7;0;0.000071957939;0.000169500861;0.000087342836;0.000166123369;
2017;03;17;8;0;0.000097640227;0.000129978530;0.000099941003;0.000088351394;
2017;03;17;9;0;0.000119057230;0.000108772427;0.000133650604;0.000060840694;
2017;03;17;10;0;0.000132179831;0.000103366978;0.000156126435;0.000054063354;
2017;03;17;11;0;0.000141277501;0.000097720414;0.000163747064;0.000055964924;
2017;03;17;12;0;0.000142022655;0.000085335415;0.000163327008;0.000053199854;
2017;03;17;13;0;0.000143378770;0.000068060976;0.000161887325;0.000050611155;
2017;03;17;14;0;0.000145165006;0.000069114307;0.000151424620;0.000050756253;
2017;03;17;15;0;0.000137037789;0.000066900329;0.000131003561;0.000049544112;
2017;03;17;16;0;0.000128831449;0.000063073713;0.000122201321;0.000045315138;
2017;03;17;17;0;0.000127476351;0.000060809004;0.000121130095;0.000043288829;
2017;03;17;18;0;0.000132753917;0.000061157281;0.000122324653;0.000044377949;
2017;03;17;19;0;0.000137482217;0.000064084027;0.000122573655;0.000046422957;
2017;03;17;20;0;0.000151488376;0.000119644427;0.000134144178;0.000135444778;
2017;03;17;21;0;0.000161478909;0.000165641578;0.000132704520;0.000246289832;
2017;03;17;22;0;0.000158155256;0.000169689966;0.000115608747;0.000241951038;
2017;03;17;23;0;0.000140361113;0.000198301771;0.000100408616;0.000213818018;
2017;03;17;24;0;0.000117966592;0.000203747415;0.000091115199;0.000189957594;
2017;03;18;1;0;0.000094730794;0.000194571050;0.000081076835;0.000176297759;
2017;03;18;2;0;0.000077427335;0.000180410494;0.000076418692;0.000178538805;
2017;03;18;3;0;0.000067347351;0.000168249355;0.000073931424;0.000173510463;
2017;03;18;4;0;0.000061797731;0.000161015661;0.000072434274;0.000170239384;
2017;03;18;5;0;0.000059677619;0.000157945060;0.000071911693;0.000162664197;
2017;03;18;6;0;0.000059760285;0.000165002943;0.000073100291;0.000162376518;
2017;03;18;7;0;0.000063224969;0.000164112742;0.000076385015;0.000160008574;
2017;03;18;8;0;0.000072068586;0.000116591789;0.000072674642;0.000079885003;
2017;03;18;9;0;0.000091233683;0.000095192254;0.000080235515;0.000049179064;
2017;03;18;10;0;0.000116520801;0.000100717128;0.000091528683;0.000049348034;
2017;03;18;11;0;0.000134361887;0.000100525391;0.000102942961;0.000056562509;
2017;03;18;12;0;0.000138572852;0.000090616641;0.000106957213;0.000055417433;
2017;03;18;13;0;0.000139174485;0.000071475321;0.000108072906;0.000051131301;
2017;03;18;14;0;0.000142543373;0.000071475237;0.000103894491;0.000049546378;
2017;03;18;15;0;0.000136806074;0.000069453878;0.000094600867;0.000052187230;
2017;03;18;16;0;0.000122967588;0.000063237845;0.000090655547;0.000047451468;
2017;03;18;17;0;0.000114743801;0.000059651084;0.000089271803;0.000041642962;
2017;03;18;18;0;0.000113551307;0.000059085433;0.000091416308;0.000040502257;
2017;03;18;19;0;0.000117173870;0.000062188239;0.000093489121;0.000044209386;
2017;03;18;20;0;0.000130274543;0.000114445669;0.000108269430;0.000134745310;
2017;03;18;21;0;0.000145308839;0.000159881882;0.000115450894;0.000241331657;
2017;03;18;22;0;0.000147682901;0.000165104358;0.000106379746;0.000240190148;
2017;03;18;23;0;0.000134219354;0.000194548214;0.000096637981;0.000211851059;
2017;03;18;24;0;0.000114779116;0.000201430259;0.000089312217;0.000190169153;
2017;03;19;1;0;0.000094245611;0.000192572821;0.000081720165;0.000174896027;
2017;03;19;2;0;0.000077818754;0.000178791072;0.000076502418;0.000174517061;
2017;03;19;3;0;0.000068258800;0.000167406193;0.000074079863;0.000169448079;
2017;03;19;4;0;0.000062658320;0.000160198039;0.000072529752;0.000166130677;
2017;03;19;5;0;0.000059513066;0.000156414029;0.000071940257;0.000160947213;
2017;03;19;6;0;0.000058794325;0.000161461594;0.000072455363;0.000158558319;
2017;03;19;7;0;0.000060276806;0.000162650541;0.000074632282;0.000160410743;
2017;03;19;8;0;0.000065527328;0.000122817314;0.000069316546;0.000093279989;
2017;03;19;9;0;0.000077777698;0.000090342244;0.000068256060;0.000046948265;
2017;03;19;10;0;0.000098231791;0.000093869169;0.000072025167;0.000044540205;
2017;03;19;11;0;0.000115232898;0.000097088819;0.000077203011;0.000048891947;
2017;03;19;12;0;0.000123610720;0.000090425743;0.000081401152;0.000051323224;
2017;03;19;13;0;0.000125520881;0.000074322120;0.000084299666;0.000048193690;
2017;03;19;14;0;0.000129002948;0.000070914853;0.000083829574;0.000048489047;
2017;03;19;15;0;0.000128425371;0.000068411183;0.000081296886;0.000049301381;
2017;03;19;16;0;0.000116018627;0.000061513687;0.000078044711;0.000047280770;
2017;03;19;17;0;0.000108978052;0.000057394095;0.000075925922;0.000042287528;
2017;03;19;18;0;0.000107178839;0.000056729635;0.000073642155;0.000041334922;
2017;03;19;19;0;0.000112796369;0.000060136243;0.000074706963;0.000044043127;
2017;03;19;20;0;0.000129951294;0.000107824392;0.000086715355;0.000121059773;
2017;03;19;21;0;0.000148294126;0.000151087817;0.000095107096;0.000211492963;
2017;03;19;22;0;0.000151223411;0.000166581235;0.000093821093;0.000241348975;
2017;03;19;23;0;0.000133261430;0.000189925931;0.000087105377;0.000216799687;
2017;03;19;24;0;0.000109969196;0.000197060248;0.000080831574;0.000192966836;
2017;03;20;1;0;0.000084252927;0.000187681789;0.000074041079;0.000173918690;
2017;03;20;2;0;0.000067956934;0.000173788742;0.000071583365;0.000172668129;
2017;03;20;3;0;0.000060059525;0.000162567537;0.000070198116;0.000167175002;
2017;03;20;4;0;0.000056506556;0.000155841318;0.000069568740;0.000162524106;
2017;03;20;5;0;0.000055512296;0.000153459962;0.000069669916;0.000160155030;
2017;03;20;6;0;0.000057416024;0.000159319159;0.000072025392;0.000160249651;
2017;03;20;7;0;0.000067847018;0.000164628620;0.000081896447;0.000164059171;
2017;03;20;8;0;0.000091688531;0.000133984655;0.000095308950;0.000103624055;
2017;03;20;9;0;0.000112199444;0.000104758310;0.000125774535;0.000058642256;
2017;03;20;10;0;0.000127001067;0.000099741367;0.000147532680;0.000053788927;
2017;03;20;11;0;0.000137421247;0.000094547230;0.000155388391;0.000056253146;
2017;03;20;12;0;0.000139847626;0.000085020934;0.000155499259;0.000053936192;
2017;03;20;13;0;0.000141361796;0.000069882828;0.000153723835;0.000051592823;
2017;03;20;14;0;0.000143584260;0.000068795582;0.000144046439;0.000051635313;
2017;03;20;15;0;0.000134373062;0.000066120681;0.000125968135;0.000049363275;
2017;03;20;16;0;0.000124796335;0.000062010859;0.000120877876;0.000042005203;
2017;03;20;17;0;0.000124529842;0.000059633679;0.000122320644;0.000040307377;
2017;03;20;18;0;0.000130052009;0.000059780520;0.000123478985;0.000042469879;
2017;03;20;19;0;0.000135742813;0.000062929367;0.000120995726;0.000045179773;
2017;03;20;20;0;0.000149969532;0.000109310738;0.000125791792;0.000124013414;
2017;03;20;21;0;0.000161288641;0.000152846169;0.000121155131;0.000213639373;
2017;03;20;22;0;0.000159396805;0.000169846358;0.000106464284;0.000242635839;
2017;03;20;23;0;0.000138120530;0.000191938185;0.000091106811;0.000217643332;
2017;03;20;24;0;0.000110666633;0.000196415092;0.000081947597;0.000191689649;
2017;03;21;1;0;0.000087797731;0.000191880160;0.000079505658;0.000172636186;
2017;03;21;2;0;0.000070384695;0.000176576487;0.000076516700;0.000177017501;
2017;03;21;3;0;0.000062423339;0.000165309294;0.000075007138;0.000173277317;
2017;03;21;4;0;0.000058985863;0.000158934283;0.000074025239;0.000168557072;
2017;03;21;5;0;0.000058094833;0.000156298426;0.000074145295;0.000164332936;
2017;03;21;6;0;0.000060126612;0.000163454298;0.000076835654;0.000163803021;
2017;03;21;7;0;0.000071118818;0.000168480051;0.000087438688;0.000163407570;
2017;03;21;8;0;0.000096817164;0.000133350258;0.000101380981;0.000093627495;
2017;03;21;9;0;0.000118017076;0.000108577617;0.000133536743;0.000058880118;
2017;03;21;10;0;0.000131623129;0.000103418848;0.000155875251;0.000054472903;
2017;03;21;11;0;0.000141063545;0.000097725728;0.000163769681;0.000055904107;
2017;03;21;12;0;0.000142565279;0.000086326540;0.000164139015;0.000054483966;
2017;03;21;13;0;0.000144716064;0.000070161635;0.000162715975;0.000051082446;
2017;03;21;14;0;0.000146367765;0.000069832965;0.000152612928;0.000051028635;
2017;03;21;15;0;0.000137613958;0.000067536006;0.000133491347;0.000050087423;
2017;03;21;16;0;0.000128545321;0.000063449913;0.000128271543;0.000043612858;
2017;03;21;17;0;0.000128021523;0.000061263263;0.000129682446;0.000041284374;
2017;03;21;18;0;0.000133534437;0.000061522300;0.000131428030;0.000042238835;
2017;03;21;19;0;0.000139695987;0.000064777977;0.000128887759;0.000045723347;
2017;03;21;20;0;0.000156141452;0.000117443574;0.000135349094;0.000132620819;
2017;03;21;21;0;0.000168583292;0.000163399511;0.000130331291;0.000231644389;
2017;03;21;22;0;0.000164780202;0.000173361241;0.000113644713;0.000244630161;
2017;03;21;23;0;0.000143432217;0.000198888302;0.000097266611;0.000216943089;
2017;03;21;24;0;0.000115737818;0.000203275262;0.000086967278;0.000192201164;
2017;03;22;1;0;0.000089947877;0.000194550162;0.000082074619;0.000174154464;
2017;03;22;2;0;0.000072184260;0.000179221887;0.000079072182;0.000178762178;
2017;03;22;3;0;0.000063932695;0.000167558779;0.000077407284;0.000174748271;
2017;03;22;4;0;0.000060376324;0.000161001611;0.000076348721;0.000169887282;
2017;03;22;5;0;0.000059445623;0.000158281763;0.000076448538;0.000165577813;
2017;03;22;6;0;0.000061531933;0.000165548049;0.000079231856;0.000165063438;
2017;03;22;7;0;0.000072767719;0.000170606909;0.000090149035;0.000164634768;
2017;03;22;8;0;0.000099071705;0.000135047031;0.000104533859;0.000094339993;
2017;03;22;9;0;0.000120703049;0.000109902506;0.000137618679;0.000059297614;
2017;03;22;10;0;0.000134593625;0.000104661240;0.000160610029;0.000054848904;
2017;03;22;11;0;0.000144260382;0.000098908838;0.000168759801;0.000056295173;
2017;03;22;12;0;0.000145812897;0.000087381682;0.000169159817;0.000054871399;
2017;03;22;13;0;0.000148002664;0.000071014395;0.000167681904;0.000051442211;
2017;03;22;14;0;0.000149589792;0.000070633528;0.000157163270;0.000051352977;
2017;03;22;15;0;0.000140694781;0.000068335248;0.000137521890;0.000050424238;
2017;03;22;16;0;0.000131426969;0.000064202679;0.000132148352;0.000043907421;
2017;03;22;17;0;0.000130999767;0.000062041396;0.000133712479;0.000041597612;
2017;03;22;18;0;0.000136663841;0.000062314168;0.000135535029;0.000042566450;
2017;03;22;19;0;0.000142974859;0.000065614077;0.000132920092;0.000046079623;
2017;03;22;20;0;0.000159749777;0.000118917345;0.000139534183;0.000133606905;
2017;03;22;21;0;0.000172404844;0.000165378704;0.000134303350;0.000233266231;
2017;03;22;22;0;0.000168524494;0.000175470416;0.000117114442;0.000246356007;
2017;03;22;23;0;0.000146651781;0.000201253652;0.000100209208;0.000218414570;
2017;03;22;24;0;0.000118356942;0.000205729643;0.000089614346;0.000193539499;
2017;03;23;1;0;0.000091641681;0.000196568747;0.000084145392;0.000175213852;
2017;03;23;2;0;0.000073511062;0.000181001418;0.000081031381;0.000179770124;
2017;03;23;3;0;0.000065143667;0.000169315658;0.000079368898;0.000175830322;
2017;03;23;4;0;0.000061520421;0.000162691024;0.000078284129;0.000170940587;
2017;03;23;5;0;0.000060598730;0.000160012998;0.000078420960;0.000166677692;
2017;03;23;6;0;0.000062702420;0.000167297154;0.000081246171;0.000166098734;
2017;03;23;7;0;0.000074144198;0.000172391468;0.000092431249;0.000165650085;
2017;03;23;8;0;0.000100934551;0.000136444491;0.000107168347;0.000094911264;
2017;03;23;9;0;0.000123080500;0.000111137175;0.000141210739;0.000059709017;
2017;03;23;10;0;0.000137236201;0.000105830493;0.000164792025;0.000055226034;
2017;03;23;11;0;0.000147092223;0.000100013466;0.000173153378;0.000056682042;
2017;03;23;12;0;0.000148608674;0.000088318029;0.000173486130;0.000055223757;
2017;03;23;13;0;0.000150873416;0.000071791053;0.000172008029;0.000051783871;
2017;03;23;14;0;0.000152547018;0.000071432099;0.000161276896;0.000051712923;
2017;03;23;15;0;0.000143479266;0.000069109329;0.000141124470;0.000050778772;
2017;03;23;16;0;0.000134037095;0.000064934337;0.000135619331;0.000044219124;
2017;03;23;17;0;0.000133501621;0.000062701556;0.000137122047;0.000041861627;
2017;03;23;18;0;0.000139207688;0.000062947306;0.000138925026;0.000042816260;
2017;03;23;19;0;0.000145721836;0.000066319727;0.000136324817;0.000046377312;
2017;03;23;20;0;0.000162748511;0.000120144173;0.000143046327;0.000134411790;
2017;03;23;21;0;0.000175823009;0.000167257875;0.000137826403;0.000234914494;
2017;03;23;22;0;0.000171795917;0.000177392175;0.000120137777;0.000247995991;
2017;03;23;23;0;0.000149522019;0.000203489651;0.000102812228;0.000219902979;
2017;03;23;24;0;0.000120671728;0.000208012492;0.000091940883;0.000194855696;
2017;03;24;1;0;0.000094456009;0.000200370364;0.000085896333;0.000175551929;
2017;03;24;2;0;0.000076198804;0.000183815253;0.000082669551;0.000180123510;
2017;03;24;3;0;0.000067027075;0.000172029902;0.000080865953;0.000177517293;
2017;03;24;4;0;0.000062989085;0.000165621267;0.000079805391;0.000172201701;
2017;03;24;5;0;0.000061968742;0.000163180812;0.000079886297;0.000168389249;
2017;03;24;6;0;0.000064214172;0.000171120032;0.000083042225;0.000168039112;
2017;03;24;7;0;0.000076382565;0.000175202463;0.000094666930;0.000169358121;
2017;03;24;8;0;0.000103731883;0.000134464571;0.000108413324;0.000090148116;
2017;03;24;9;0;0.000126728085;0.000112742766;0.000145259150;0.000062197227;
2017;03;24;10;0;0.000140784829;0.000107207522;0.000169794095;0.000055303601;
2017;03;24;11;0;0.000150503415;0.000101370461;0.000178115760;0.000057259696;
2017;03;24;12;0;0.000151372877;0.000088567118;0.000177747672;0.000054457870;
2017;03;24;13;0;0.000152834744;0.000070646100;0.000176199863;0.000051813540;
2017;03;24;14;0;0.000154746030;0.000071742797;0.000164819862;0.000051964518;
2017;03;24;15;0;0.000146013767;0.000069411989;0.000142525325;0.000050699688;
2017;03;24;16;0;0.000137367469;0.000065488218;0.000133043416;0.000046405033;
2017;03;24;17;0;0.000135973535;0.000063160481;0.000131926579;0.000044346604;
2017;03;24;18;0;0.000141652066;0.000063544287;0.000133273879;0.000045478126;
2017;03;24;19;0;0.000146710515;0.000066591267;0.000133557206;0.000047578120;
2017;03;24;20;0;0.000161335187;0.000124078071;0.000145873732;0.000138538927;
2017;03;24;21;0;0.000171982718;0.000171787331;0.000144314575;0.000251927312;
2017;03;24;22;0;0.000168334822;0.000175873039;0.000125642482;0.000247330453;
2017;03;24;23;0;0.000149426841;0.000205570682;0.000109146112;0.000218617982;
2017;03;24;24;0;0.000125612026;0.000211259898;0.000099064601;0.000194262340;
2017;03;25;1;0;0.000102753839;0.000203626014;0.000090460306;0.000181112483;
2017;03;25;2;0;0.000083908651;0.000188635044;0.000085185644;0.000183248218;
2017;03;25;3;0;0.000072920568;0.000175764470;0.000082340401;0.000177930298;
2017;03;25;4;0;0.000066908136;0.000168198717;0.000080668671;0.000174566601;
2017;03;25;5;0;0.000064672149;0.000165142937;0.000080160367;0.000166952331;
2017;03;25;6;0;0.000064780112;0.000172571424;0.000081508430;0.000166704365;
2017;03;25;7;0;0.000068499901;0.000171550415;0.000085126322;0.000164187195;
2017;03;25;8;0;0.000078085138;0.000121881699;0.000080995271;0.000081975174;
2017;03;25;9;0;0.000098994030;0.000099656026;0.000089551904;0.000050539247;
2017;03;25;10;0;0.000126702979;0.000105665899;0.000102375248;0.000050821554;
2017;03;25;11;0;0.000146284532;0.000105595702;0.000115285145;0.000058323784;
2017;03;25;12;0;0.000151053060;0.000095303201;0.000119926687;0.000057212706;
2017;03;25;13;0;0.000151827880;0.000075230885;0.000121272720;0.000052829131;
2017;03;25;14;0;0.000155558932;0.000075257828;0.000116625852;0.000051209972;
2017;03;25;15;0;0.000149271794;0.000073116775;0.000106174904;0.000053930113;
2017;03;25;16;0;0.000134119978;0.000066546931;0.000101707174;0.000049017051;
2017;03;25;17;0;0.000125083254;0.000062738833;0.000100101049;0.000042993842;
2017;03;25;18;0;0.000123824548;0.000062164607;0.000102539850;0.000041830066;
2017;03;25;19;0;0.000127760161;0.000065421589;0.000104852825;0.000045653479;
2017;03;25;20;0;0.000141811949;0.000120198981;0.000121230949;0.000138918997;
2017;03;25;21;0;0.000158023235;0.000167755328;0.000129145893;0.000248563824;
2017;03;25;22;0;0.000160547818;0.000173173281;0.000118956322;0.000247299988;
2017;03;25;23;0;0.000145880058;0.000204012221;0.000108039611;0.000218075126;
2017;03;25;24;0;0.000124652495;0.000211062447;0.000099770778;0.000195601818;
2017;03;26;1;0;0.000100493521;0.000199589609;0.000089024386;0.000178721797;
2017;03;26;3;1;0.000082976586;0.000185303291;0.000083339191;0.000178332229;
2017;03;26;4;1;0.000066968068;0.000166422573;0.000079196875;0.000170160799;
2017;03;26;5;1;0.000063500514;0.000162220833;0.000078422328;0.000164576959;
2017;03;26;6;1;0.000062700578;0.000167367596;0.000078942249;0.000162048800;
2017;03;26;7;1;0.000064216986;0.000168430681;0.000081232390;0.000163777330;
2017;03;26;8;1;0.000069962452;0.000127458313;0.000075610534;0.000095444675;
2017;03;26;9;1;0.000082664370;0.000093329762;0.000074115205;0.000047819329;
2017;03;26;10;1;0.000104234641;0.000096816414;0.000078081314;0.000045293186;
2017;03;26;11;1;0.000122534513;0.000100349953;0.000083872388;0.000049824154;
2017;03;26;12;1;0.000131724883;0.000093663370;0.000088622718;0.000052413875;
2017;03;26;13;1;0.000134017728;0.000077131250;0.000091954917;0.000049312510;
2017;03;26;14;1;0.000137804870;0.000073632263;0.000091488186;0.000049639710;
2017;03;26;15;1;0.000137473813;0.000071180701;0.000088909033;0.000050576514;
2017;03;26;16;1;0.000124245031;0.000064030821;0.000085388151;0.000048523990;
2017;03;26;17;1;0.000116476394;0.000059625509;0.000082907110;0.000043314353;
2017;03;26;18;1;0.000114482644;0.000058898821;0.000080363699;0.000042312470;
2017;03;26;19;1;0.000120241643;0.000062310621;0.000081362389;0.000044994413;
2017;03;26;20;1;0.000137676174;0.000111035335;0.000093859237;0.000122913247;
2017;03;26;21;1;0.000157227532;0.000155704119;0.000103019728;0.000214892483;
2017;03;26;22;1;0.000161439648;0.000172855522;0.000102328000;0.000246920579;
2017;03;26;23;1;0.000142196480;0.000196985676;0.000094958132;0.000221698972;
2017;03;26;24;1;0.000117268209;0.000204255744;0.000088062925;0.000197202572;
2017;03;27;1;1;0.000090664288;0.000195487301;0.000081714746;0.000178252135;
2017;03;27;2;1;0.000073046176;0.000180813353;0.000078913672;0.000176771852;
2017;03;27;3;1;0.000064545954;0.000169108762;0.000077372926;0.000171117997;
2017;03;27;4;1;0.000060753993;0.000162182411;0.000076712575;0.000166429763;
2017;03;27;5;1;0.000059632507;0.000159563708;0.000076756578;0.000163859523;
2017;03;27;6;1;0.000061672635;0.000165642798;0.000079345347;0.000163943314;
2017;03;27;7;1;0.000072932205;0.000171292786;0.000090288010;0.000167967909;
2017;03;27;8;1;0.000099144573;0.000140234267;0.000105697339;0.000106721455;
2017;03;27;9;1;0.000121340232;0.000109659877;0.000139502913;0.000060403487;
2017;03;27;10;1;0.000137213938;0.000104306490;0.000163476574;0.000055350425;
2017;03;27;11;1;0.000148545660;0.000098923631;0.000172266603;0.000057914875;
2017;03;27;12;1;0.000151187766;0.000088967744;0.000172411534;0.000055536571;
2017;03;27;13;1;0.000152868326;0.000073147769;0.000170491645;0.000053138828;
2017;03;27;14;1;0.000155245894;0.000071997761;0.000159732118;0.000053173754;
2017;03;27;15;1;0.000145212432;0.000069163037;0.000139613919;0.000050808079;
2017;03;27;16;1;0.000134859823;0.000064862496;0.000133968907;0.000043233567;
2017;03;27;17;1;0.000134554789;0.000062368095;0.000135550748;0.000041480834;
2017;03;27;18;1;0.000140444688;0.000062487492;0.000136759574;0.000043682401;
2017;03;27;19;1;0.000146394498;0.000065691084;0.000133830277;0.000046407607;
2017;03;27;20;1;0.000160726829;0.000113394848;0.000138265581;0.000126587618;
2017;03;27;21;1;0.000172642104;0.000158358964;0.000133002923;0.000217801796;
2017;03;27;22;1;0.000171694965;0.000177084007;0.000117613810;0.000248925919;
2017;03;27;23;1;0.000148807107;0.000200157551;0.000100668298;0.000223330495;
2017;03;27;24;1;0.000119362010;0.000205054562;0.000090648806;0.000196917954;
2017;03;28;1;1;0.000089885763;0.000194665163;0.000081850248;0.000174528072;
2017;03;28;2;1;0.000071999387;0.000178992151;0.000078708411;0.000178810334;
2017;03;28;3;1;0.000063758520;0.000167316609;0.000077038563;0.000174766742;
2017;03;28;4;1;0.000060232682;0.000160824572;0.000076011347;0.000169964056;
2017;03;28;5;1;0.000059280764;0.000158045247;0.000076080652;0.000165587191;
2017;03;28;6;1;0.000061292191;0.000165114533;0.000078761784;0.000164886902;
2017;03;28;7;1;0.000072500571;0.000170198580;0.000089634434;0.000164495837;
2017;03;28;8;1;0.000099061909;0.000135206867;0.000104309814;0.000094598355;
2017;03;28;9;1;0.000120642677;0.000109988422;0.000137268611;0.000059436144;
2017;03;28;10;1;0.000134460298;0.000104691664;0.000160122871;0.000054950067;
2017;03;28;11;1;0.000143967243;0.000098834452;0.000168072533;0.000056340209;
2017;03;28;12;1;0.000145270423;0.000087168248;0.000168185907;0.000054822393;
2017;03;28;13;1;0.000147244318;0.000070741140;0.000166481639;0.000051323862;
2017;03;28;14;1;0.000148780572;0.000070341531;0.000155993483;0.000051220119;
2017;03;28;15;1;0.000139844389;0.000068009328;0.000136411198;0.000050261690;
2017;03;28;16;1;0.000130558230;0.000063860095;0.000131006440;0.000043740966;
2017;03;28;17;1;0.000129989266;0.000061641781;0.000132409773;0.000041393872;
2017;03;28;18;1;0.000135523071;0.000061873269;0.000134128880;0.000042330922;
2017;03;28;19;1;0.000141633519;0.000065081873;0.000131403863;0.000045776858;
2017;03;28;20;1;0.000157429619;0.000117340528;0.000137226483;0.000132040080;
2017;03;28;21;1;0.000170157976;0.000163432748;0.000132282022;0.000230879518;
2017;03;28;22;1;0.000167785315;0.000174924834;0.000116362354;0.000245971483;
2017;03;28;23;1;0.000146120946;0.000200782360;0.000099642335;0.000218241545;
2017;03;28;24;1;0.000118054442;0.000205467019;0.000089202550;0.000193592664;
2017;03;29;1;1;0.000088922912;0.000193524986;0.000080662491;0.000173943233;
2017;03;29;2;1;0.000071246544;0.000177989766;0.000077586295;0.000178257207;
2017;03;29;3;1;0.000063093495;0.000166383957;0.000075942238;0.000174230677;
2017;03;29;4;1;0.000059573465;0.000159845017;0.000074890710;0.000169354688;
2017;03;29;5;1;0.000058659098;0.000157155314;0.000074993683;0.000165069871;
2017;03;29;6;1;0.000060668631;0.000164236769;0.000077661086;0.000164423803;
2017;03;29;7;1;0.000071736044;0.000169230238;0.000088348613;0.000163972260;
2017;03;29;8;1;0.000098026505;0.000134450250;0.000102823140;0.000094306123;
2017;03;29;9;1;0.000119295108;0.000109293587;0.000135214034;0.000059209552;
2017;03;29;10;1;0.000132905077;0.000103988580;0.000157662981;0.000054718629;
2017;03;29;11;1;0.000142142563;0.000098060669;0.000165305027;0.000056040033;
2017;03;29;12;1;0.000143452366;0.000086499753;0.000165443221;0.000054539101;
2017;03;29;13;1;0.000145541245;0.000070266065;0.000163924076;0.000051107701;
2017;03;29;14;1;0.000147093706;0.000069885282;0.000153632531;0.000051016179;
2017;03;29;15;1;0.000138301103;0.000067588860;0.000134387688;0.000050076869;
2017;03;29;16;1;0.000129112634;0.000063462925;0.000129058316;0.000043578506;
2017;03;29;17;1;0.000128611879;0.000061287910;0.000130503601;0.000041259990;
2017;03;29;18;1;0.000134026980;0.000061490511;0.000132138739;0.000042175108;
2017;03;29;19;1;0.000140026959;0.000064659404;0.000129414402;0.000045594354;
2017;03;29;20;1;0.000155675279;0.000116602345;0.000135176128;0.000131540190;
2017;03;29;21;1;0.000168179198;0.000162324879;0.000130241579;0.000229892525;
2017;03;29;22;1;0.000165836308;0.000173741347;0.000114568977;0.000244923192;
2017;03;29;23;1;0.000144378021;0.000199360999;0.000098075688;0.000217242860;
2017;03;29;24;1;0.000116634352;0.000203991613;0.000087791058;0.000192687050;
2017;03;30;1;1;0.000087600640;0.000191930404;0.000079061194;0.000173066690;
2017;03;30;2;1;0.000070209592;0.000176579714;0.000076070417;0.000177415718;
2017;03;30;3;1;0.000062176216;0.000165068529;0.000074459691;0.000173411013;
2017;03;30;4;1;0.000058697491;0.000158554623;0.000073416346;0.000168529623;
2017;03;30;5;1;0.000057777030;0.000155833934;0.000073492437;0.000164210148;
2017;03;30;6;1;0.000059743025;0.000162819546;0.000076089480;0.000163530985;
2017;03;30;7;1;0.000070665331;0.000167826320;0.000086589822;0.000163136713;
2017;03;30;8;1;0.000096522429;0.000133278308;0.000100733453;0.000093785773;
2017;03;30;9;1;0.000117376378;0.000108259467;0.000132366468;0.000058838582;
2017;03;30;10;1;0.000130693118;0.000102946106;0.000154254918;0.000054344888;
2017;03;30;11;1;0.000139889912;0.000097156138;0.000161862579;0.000055702282;
2017;03;30;12;1;0.000141262373;0.000085752499;0.000162093611;0.000054242427;
2017;03;30;13;1;0.000143358166;0.000069677910;0.000160648706;0.000050843454;
2017;03;30;14;1;0.000144844429;0.000069279790;0.000150518204;0.000050737373;
2017;03;30;15;1;0.000136159242;0.000066989963;0.000131637342;0.000049793310;
2017;03;30;16;1;0.000127171167;0.000062929334;0.000126474814;0.000043351547;
2017;03;30;17;1;0.000126711379;0.000060788647;0.000127924924;0.000041055940;
2017;03;30;18;1;0.000132098625;0.000061013692;0.000129578922;0.000041983111;
2017;03;30;19;1;0.000138011260;0.000064157538;0.000126906425;0.000045386457;
2017;03;30;20;1;0.000153563089;0.000115794413;0.000132667739;0.000131050294;
2017;03;30;21;1;0.000165896007;0.000161198827;0.000127823718;0.000229034473;
2017;03;30;22;1;0.000163350940;0.000172289311;0.000112281238;0.000243660021;
2017;03;30;23;1;0.000142260663;0.000197759374;0.000096148662;0.000216192989;
2017;03;30;24;1;0.000114933119;0.000202369078;0.000086073037;0.000191771288;
2017;03;31;1;1;0.000089003222;0.000193980203;0.000079211560;0.000172436596;
2017;03;31;2;1;0.000071831216;0.000178030493;0.000076269070;0.000177004033;
2017;03;31;3;1;0.000063127140;0.000166462947;0.000074536564;0.000174282673;
2017;03;31;4;1;0.000059370968;0.000160388314;0.000073617128;0.000169197510;
2017;03;31;5;1;0.000058359704;0.000157890966;0.000073629272;0.000165311271;
2017;03;31;6;1;0.000060417371;0.000165416787;0.000076465887;0.000164812072;
2017;03;31;7;1;0.000071887184;0.000169412414;0.000087195352;0.000166154061;
2017;03;31;8;1;0.000097830384;0.000130291822;0.000100064947;0.000088626960;
2017;03;31;9;1;0.000119137814;0.000108896327;0.000133646647;0.000060953056;
2017;03;31;10;1;0.000132162856;0.000103401444;0.000155996176;0.000054119612;
2017;03;31;11;1;0.000141180223;0.000097698235;0.000163518792;0.000055991777;
2017;03;31;12;1;0.000141904023;0.000085303518;0.000163075371;0.000053217564;
2017;03;31;13;1;0.000143334668;0.000068071470;0.000161723275;0.000050654743;
2017;03;31;14;1;0.000144941211;0.000069039632;0.000151084436;0.000050737256;
2017;03;31;15;1;0.000136773139;0.000066801973;0.000130658257;0.000049506246;
2017;03;31;16;1;0.000128600963;0.000062989953;0.000121896580;0.000045286954;
2017;03;31;17;1;0.000127339527;0.000060771794;0.000120914660;0.000043292923;
2017;03;31;18;1;0.000132574074;0.000061102642;0.000122072697;0.000044369645;
2017;03;31;19;1;0.000137151783;0.000063959533;0.000122192726;0.000046365527;
2017;03;31;20;1;0.000150290739;0.000118753371;0.000132989706;0.000134531085;
2017;03;31;21;1;0.000160168666;0.000164373450;0.000131534826;0.000244577050;
2017;03;31;22;1;0.000157949798;0.000169547804;0.000115377050;0.000241919238;
2017;03;31;23;1;0.000140247710;0.000198233080;0.000100256663;0.000213895056;
2017;03;31;24;1;0.000118004084;0.000203906312;0.000091079811;0.000190240129;
