AŃO;MES;DIA;HORA;VERANO(1)/INVIERNO(0);COEF. PERFIL A;COEF. PERFIL B;COEF. PERFIL C;COEF. PERFIL D;
2021;02;01;1;0;0.000092475464;0.000133539311;0.000078253260;0.000131639863;
2021;02;01;2;0;0.000073900480;0.000114819321;0.000075354914;0.000147105064;
2021;02;01;3;0;0.000064253696;0.000102777661;0.000074254383;0.000143265119;
2021;02;01;4;0;0.000059782017;0.000095958326;0.000073707103;0.000137123790;
2021;02;01;5;0;0.000058480479;0.000094088893;0.000074442660;0.000131695820;
2021;02;01;6;0;0.000060287147;0.000097821668;0.000077419191;0.000128129178;
2021;02;01;7;0;0.000072322719;0.000108379346;0.000089107794;0.000129944847;
2021;02;01;8;0;0.000100439757;0.000128493428;0.000114594261;0.000135591648;
2021;02;01;9;0;0.000117815217;0.000125908862;0.000152010924;0.000104859849;
2021;02;01;10;0;0.000125139161;0.000122359970;0.000178095262;0.000100243467;
2021;02;01;11;0;0.000132543507;0.000122603814;0.000184738502;0.000101066523;
2021;02;01;12;0;0.000133439245;0.000116726186;0.000182936057;0.000097816050;
2021;02;01;13;0;0.000136028604;0.000105863184;0.000179521141;0.000093801532;
2021;02;01;14;0;0.000144258898;0.000110753597;0.000168837477;0.000090306925;
2021;02;01;15;0;0.000144505962;0.000111543378;0.000147673136;0.000085609221;
2021;02;01;16;0;0.000136188747;0.000104448357;0.000140621656;0.000080496943;
2021;02;01;17;0;0.000130219736;0.000098721299;0.000140807728;0.000078634692;
2021;02;01;18;0;0.000131230598;0.000099091934;0.000140662023;0.000080592296;
2021;02;01;19;0;0.000141154136;0.000110822239;0.000140043843;0.000089712445;
2021;02;01;20;0;0.000165043202;0.000147616554;0.000144343006;0.000147726706;
2021;02;01;21;0;0.000182623313;0.000168470811;0.000129434489;0.000161614918;
2021;02;01;22;0;0.000184318680;0.000175115921;0.000110748423;0.000159314584;
2021;02;01;23;0;0.000159310784;0.000181098639;0.000095432909;0.000152089671;
2021;02;01;24;0;0.000125236218;0.000160687048;0.000086083505;0.000142754476;
2021;02;02;1;0;0.000094927958;0.000136023928;0.000081542536;0.000135853881;
2021;02;02;2;0;0.000074745165;0.000115884209;0.000078194770;0.000157362606;
2021;02;02;3;0;0.000065087531;0.000103902449;0.000077152754;0.000155635030;
2021;02;02;4;0;0.000061041180;0.000097746603;0.000076878418;0.000149159911;
2021;02;02;5;0;0.000059452486;0.000095294213;0.000076932643;0.000140672092;
2021;02;02;6;0;0.000061362690;0.000099124735;0.000079839620;0.000133965829;
2021;02;02;7;0;0.000073512041;0.000109487323;0.000091563909;0.000133116889;
2021;02;02;8;0;0.000102538535;0.000130296092;0.000116825280;0.000137414295;
2021;02;02;9;0;0.000119866290;0.000127714636;0.000152101035;0.000105689542;
2021;02;02;10;0;0.000125980635;0.000123488216;0.000176117820;0.000100883986;
2021;02;02;11;0;0.000132517987;0.000123061669;0.000182294579;0.000101150922;
2021;02;02;12;0;0.000133093014;0.000116948351;0.000180529891;0.000097587221;
2021;02;02;13;0;0.000135895607;0.000106269464;0.000178160710;0.000093855779;
2021;02;02;14;0;0.000144421021;0.000111351591;0.000167410981;0.000090398219;
2021;02;02;15;0;0.000144180692;0.000111614648;0.000146806665;0.000085548698;
2021;02;02;16;0;0.000135985238;0.000104549928;0.000140077516;0.000080949465;
2021;02;02;17;0;0.000130543644;0.000099297856;0.000140260950;0.000079518495;
2021;02;02;18;0;0.000131681150;0.000099777679;0.000139709544;0.000081974533;
2021;02;02;19;0;0.000141768141;0.000111554717;0.000139932158;0.000090525069;
2021;02;02;20;0;0.000164839516;0.000147644616;0.000145447371;0.000147047177;
2021;02;02;21;0;0.000182237592;0.000168373957;0.000131622754;0.000161498935;
2021;02;02;22;0;0.000183466732;0.000174477829;0.000113234401;0.000159314391;
2021;02;02;23;0;0.000159053574;0.000180556923;0.000097894799;0.000152057357;
2021;02;02;24;0;0.000125642254;0.000160656086;0.000087864057;0.000143105951;
2021;02;03;1;0;0.000094499974;0.000135442813;0.000081188676;0.000135454569;
2021;02;03;2;0;0.000074500240;0.000115546387;0.000077897666;0.000157054701;
2021;02;03;3;0;0.000064847879;0.000103553157;0.000076845928;0.000155280229;
2021;02;03;4;0;0.000060690041;0.000097194992;0.000076502975;0.000148573600;
2021;02;03;5;0;0.000059292059;0.000095077195;0.000076659743;0.000140461631;
2021;02;03;6;0;0.000061211894;0.000098925421;0.000079564642;0.000133790927;
2021;02;03;7;0;0.000073246140;0.000109126975;0.000091202573;0.000132820504;
2021;02;03;8;0;0.000102220379;0.000129941284;0.000116390216;0.000137164423;
2021;02;03;9;0;0.000119474557;0.000127343549;0.000151523708;0.000105483481;
2021;02;03;10;0;0.000125541088;0.000123099302;0.000175432443;0.000100669578;
2021;02;03;11;0;0.000131830743;0.000122443668;0.000181450660;0.000100799422;
2021;02;03;12;0;0.000132632767;0.000116584039;0.000179829715;0.000097382200;
2021;02;03;13;0;0.000135498288;0.000106001053;0.000177511199;0.000093698515;
2021;02;03;14;0;0.000143721170;0.000110834468;0.000166659798;0.000090108208;
2021;02;03;15;0;0.000143555174;0.000111158719;0.000146180558;0.000085308864;
2021;02;03;16;0;0.000135818183;0.000104481278;0.000139670498;0.000080923127;
2021;02;03;17;0;0.000129796522;0.000098740470;0.000139578489;0.000079208056;
2021;02;03;18;0;0.000131264213;0.000099498974;0.000139185442;0.000081821349;
2021;02;03;19;0;0.000141414580;0.000111325870;0.000139448126;0.000090404313;
2021;02;03;20;0;0.000164139330;0.000147056051;0.000144833323;0.000146645897;
2021;02;03;21;0;0.000181703810;0.000167947702;0.000131142587;0.000161227634;
2021;02;03;22;0;0.000183111317;0.000174226910;0.000112870360;0.000159172634;
2021;02;03;23;0;0.000159132700;0.000180782115;0.000097683926;0.000152216733;
2021;02;03;24;0;0.000125602389;0.000160712196;0.000087643467;0.000143162995;
2021;02;04;1;0;0.000094465292;0.000135476910;0.000081050343;0.000135495448;
2021;02;04;2;0;0.000074573502;0.000115747453;0.000077810972;0.000157271111;
2021;02;04;3;0;0.000064840321;0.000103607860;0.000076723339;0.000155357980;
2021;02;04;4;0;0.000060530582;0.000096977343;0.000076296885;0.000148350715;
2021;02;04;5;0;0.000059038578;0.000094691503;0.000076398161;0.000140066727;
2021;02;04;6;0;0.000060838009;0.000098323723;0.000079230278;0.000133220412;
2021;02;04;7;0;0.000072888903;0.000108611158;0.000090868622;0.000132384602;
2021;02;04;8;0;0.000101621810;0.000129186998;0.000115914106;0.000136607231;
2021;02;04;9;0;0.000118799651;0.000126633532;0.000150917144;0.000105072156;
2021;02;04;10;0;0.000125046133;0.000122644852;0.000174859983;0.000100413468;
2021;02;04;11;0;0.000131921093;0.000122617089;0.000181223205;0.000100913694;
2021;02;04;12;0;0.000132461359;0.000116494625;0.000179450015;0.000097339605;
2021;02;04;13;0;0.000135289623;0.000105890789;0.000177117280;0.000093639084;
2021;02;04;14;0;0.000143473576;0.000110696799;0.000166276805;0.000090037993;
2021;02;04;15;0;0.000143365970;0.000111070222;0.000145870561;0.000085269921;
2021;02;04;16;0;0.000135442538;0.000104231365;0.000139285825;0.000080792821;
2021;02;04;17;0;0.000130041773;0.000099011373;0.000139477060;0.000079373856;
2021;02;04;18;0;0.000131247087;0.000099550205;0.000138961954;0.000081861176;
2021;02;04;19;0;0.000141258901;0.000111264026;0.000139165259;0.000090378516;
2021;02;04;20;0;0.000164202368;0.000147215343;0.000144632998;0.000146777151;
2021;02;04;21;0;0.000181116123;0.000167459112;0.000130754755;0.000160908019;
2021;02;04;22;0;0.000182386686;0.000173581272;0.000112500768;0.000158765300;
2021;02;04;23;0;0.000158730567;0.000180397284;0.000097425082;0.000152000575;
2021;02;04;24;0;0.000125451268;0.000160604698;0.000087461877;0.000143110597;
2021;02;05;1;0;0.000095917204;0.000137498469;0.000082478089;0.000136370139;
2021;02;05;2;0;0.000075762295;0.000117432091;0.000078764951;0.000158081876;
2021;02;05;3;0;0.000065795743;0.000105454193;0.000077766265;0.000156561917;
2021;02;05;4;0;0.000061230441;0.000098578653;0.000077073905;0.000149950333;
2021;02;05;5;0;0.000059641127;0.000096117289;0.000077247891;0.000141987186;
2021;02;05;6;0;0.000061594938;0.000100057741;0.000080442534;0.000135513596;
2021;02;05;7;0;0.000073651438;0.000110473212;0.000091425817;0.000134548026;
2021;02;05;8;0;0.000102262975;0.000131467841;0.000117210663;0.000139423333;
2021;02;05;9;0;0.000120020339;0.000129236539;0.000152267105;0.000109052210;
2021;02;05;10;0;0.000127290649;0.000125639791;0.000176400946;0.000102926545;
2021;02;05;11;0;0.000134239021;0.000125640574;0.000183076843;0.000103601623;
2021;02;05;12;0;0.000134617030;0.000119284524;0.000181092107;0.000100756668;
2021;02;05;13;0;0.000136994664;0.000107979660;0.000178250616;0.000097103871;
2021;02;05;14;0;0.000144197684;0.000111912880;0.000167033295;0.000092576720;
2021;02;05;15;0;0.000145077370;0.000113029781;0.000143851438;0.000087844151;
2021;02;05;16;0;0.000138233822;0.000107224868;0.000132917832;0.000083789680;
2021;02;05;17;0;0.000133084792;0.000102405566;0.000130482505;0.000081983362;
2021;02;05;18;0;0.000133235150;0.000102273971;0.000129473145;0.000083447089;
2021;02;05;19;0;0.000140861665;0.000112681407;0.000134320967;0.000092107681;
2021;02;05;20;0;0.000158016343;0.000143412151;0.000142383608;0.000147114888;
2021;02;05;21;0;0.000169314059;0.000157882885;0.000133520434;0.000158271774;
2021;02;05;22;0;0.000173134733;0.000165569966;0.000118281856;0.000157816835;
2021;02;05;23;0;0.000155166192;0.000177091776;0.000103609929;0.000152755322;
2021;02;05;24;0;0.000129340854;0.000163701624;0.000093771407;0.000145472371;
2021;02;06;1;0;0.000103070552;0.000140622860;0.000086280361;0.000136900574;
2021;02;06;2;0;0.000083125982;0.000121827161;0.000080795988;0.000156784897;
2021;02;06;3;0;0.000070826605;0.000108095121;0.000078623277;0.000154285268;
2021;02;06;4;0;0.000064875040;0.000100413868;0.000077439580;0.000147655563;
2021;02;06;5;0;0.000062184945;0.000097294628;0.000077228484;0.000139857917;
2021;02;06;6;0;0.000061874620;0.000099354704;0.000078237588;0.000133040021;
2021;02;06;7;0;0.000065626905;0.000103173703;0.000082050518;0.000128057112;
2021;02;06;8;0;0.000075556450;0.000107301360;0.000087728634;0.000121510537;
2021;02;06;9;0;0.000096849898;0.000108211545;0.000089394273;0.000092038517;
2021;02;06;10;0;0.000125648964;0.000125727393;0.000100831648;0.000096115628;
2021;02;06;11;0;0.000143863214;0.000136814932;0.000112711689;0.000102651624;
2021;02;06;12;0;0.000147439578;0.000133330693;0.000117005093;0.000102019415;
2021;02;06;13;0;0.000147938349;0.000119663237;0.000117985785;0.000097165746;
2021;02;06;14;0;0.000156331777;0.000123833134;0.000112693166;0.000094689338;
2021;02;06;15;0;0.000156803977;0.000123752382;0.000102529516;0.000090301342;
2021;02;06;16;0;0.000141809707;0.000111121669;0.000097494698;0.000081343635;
2021;02;06;17;0;0.000131210609;0.000102273201;0.000095600085;0.000077022272;
2021;02;06;18;0;0.000127520360;0.000099368483;0.000096903895;0.000076426136;
2021;02;06;19;0;0.000134150105;0.000108725353;0.000103485697;0.000084816176;
2021;02;06;20;0;0.000148745805;0.000136529410;0.000118879501;0.000138867685;
2021;02;06;21;0;0.000159331970;0.000149052808;0.000119130685;0.000151146952;
2021;02;06;22;0;0.000164370621;0.000156495749;0.000110746237;0.000151983564;
2021;02;06;23;0;0.000149175341;0.000168953754;0.000101389052;0.000148272990;
2021;02;06;24;0;0.000126815936;0.000157998299;0.000093495090;0.000141353071;
2021;02;07;1;0;0.000105406268;0.000144140729;0.000087300661;0.000138533334;
2021;02;07;2;0;0.000086073981;0.000125643215;0.000081057052;0.000151641102;
2021;02;07;3;0;0.000073331524;0.000111584780;0.000078814597;0.000148020017;
2021;02;07;4;0;0.000066207686;0.000102946786;0.000077535807;0.000141552450;
2021;02;07;5;0;0.000062943242;0.000099264055;0.000077096294;0.000135101343;
2021;02;07;6;0;0.000061983492;0.000100975783;0.000077801054;0.000129956172;
2021;02;07;7;0;0.000064249524;0.000103680629;0.000079772807;0.000125616456;
2021;02;07;8;0;0.000070988363;0.000105186489;0.000081686586;0.000119609711;
2021;02;07;9;0;0.000087206150;0.000100723470;0.000075899189;0.000084952991;
2021;02;07;10;0;0.000115937318;0.000117918107;0.000080105248;0.000088146615;
2021;02;07;11;0;0.000140421388;0.000134906174;0.000086108650;0.000096387602;
2021;02;07;12;0;0.000149846158;0.000136748622;0.000090587898;0.000097422221;
2021;02;07;13;0;0.000151320689;0.000123400686;0.000093837568;0.000093907785;
2021;02;07;14;0;0.000158466888;0.000126420994;0.000093385766;0.000091264253;
2021;02;07;15;0;0.000158239660;0.000125277424;0.000089853234;0.000087933952;
2021;02;07;16;0;0.000141154802;0.000110769125;0.000085875102;0.000078538180;
2021;02;07;17;0;0.000131122646;0.000102350058;0.000083101404;0.000074361592;
2021;02;07;18;0;0.000128385131;0.000100321499;0.000081510794;0.000074155556;
2021;02;07;19;0;0.000139122533;0.000113302466;0.000086586504;0.000084199710;
2021;02;07;20;0;0.000161535248;0.000149024238;0.000101053678;0.000143433063;
2021;02;07;21;0;0.000178402867;0.000167683989;0.000101188909;0.000157798371;
2021;02;07;22;0;0.000179423427;0.000171877314;0.000097375738;0.000156749570;
2021;02;07;23;0;0.000155209637;0.000178277336;0.000090482234;0.000150446117;
2021;02;07;24;0;0.000123852621;0.000160157485;0.000084136409;0.000141661964;
2021;02;08;1;0;0.000094607819;0.000136084298;0.000081088121;0.000133424388;
2021;02;08;2;0;0.000075466869;0.000116772730;0.000078022705;0.000148883330;
2021;02;08;3;0;0.000065711312;0.000104693905;0.000076932707;0.000145165832;
2021;02;08;4;0;0.000061347791;0.000098116682;0.000076480185;0.000139322110;
2021;02;08;5;0;0.000059992520;0.000096170326;0.000077232659;0.000133772610;
2021;02;08;6;0;0.000061698565;0.000099721859;0.000080239400;0.000129905497;
2021;02;08;7;0;0.000073933891;0.000110348747;0.000092310766;0.000131631810;
2021;02;08;8;0;0.000102895240;0.000131136008;0.000118820242;0.000137581372;
2021;02;08;9;0;0.000120899034;0.000128737731;0.000157731281;0.000106540631;
2021;02;08;10;0;0.000129180802;0.000125933323;0.000185273756;0.000102331769;
2021;02;08;11;0;0.000137185333;0.000126551569;0.000192405291;0.000103388182;
2021;02;08;12;0;0.000138592776;0.000120946574;0.000190817283;0.000100339799;
2021;02;08;13;0;0.000141275924;0.000109685473;0.000187251708;0.000096218358;
2021;02;08;14;0;0.000149921626;0.000114834490;0.000176160381;0.000092682609;
2021;02;08;15;0;0.000149968720;0.000115475468;0.000153983962;0.000087763684;
2021;02;08;16;0;0.000141582118;0.000108337221;0.000146741347;0.000082636246;
2021;02;08;17;0;0.000135828821;0.000102773997;0.000147149320;0.000080938756;
2021;02;08;18;0;0.000136451579;0.000102801605;0.000146793671;0.000082745297;
2021;02;08;19;0;0.000145885975;0.000114208004;0.000145763746;0.000091667673;
2021;02;08;20;0;0.000170604896;0.000152154899;0.000150249829;0.000150966860;
2021;02;08;21;0;0.000189092907;0.000173970148;0.000134829567;0.000165379242;
2021;02;08;22;0;0.000190740802;0.000180719705;0.000115336476;0.000162952483;
2021;02;08;23;0;0.000164847057;0.000186875701;0.000099382700;0.000155551745;
2021;02;08;24;0;0.000129463272;0.000165636686;0.000089608427;0.000145891820;
2021;02;09;1;0;0.000099230395;0.000141221825;0.000086821242;0.000139510466;
2021;02;09;2;0;0.000078359760;0.000120697483;0.000083362543;0.000161971647;
2021;02;09;3;0;0.000068138232;0.000108048586;0.000082200932;0.000160012929;
2021;02;09;4;0;0.000063737085;0.000101357558;0.000081816226;0.000153040466;
2021;02;09;5;0;0.000062380170;0.000099344066;0.000082048290;0.000144890743;
2021;02;09;6;0;0.000064355983;0.000103286064;0.000085133858;0.000137936717;
2021;02;09;7;0;0.000077070963;0.000114038585;0.000097622522;0.000137026166;
2021;02;09;8;0;0.000107639442;0.000135903911;0.000124622016;0.000141590930;
2021;02;09;9;0;0.000125817403;0.000133197843;0.000162244749;0.000108893522;
2021;02;09;10;0;0.000133038248;0.000129653510;0.000188356322;0.000104442434;
2021;02;09;11;0;0.000140645136;0.000129922018;0.000195388092;0.000105136644;
2021;02;09;12;0;0.000141606088;0.000123805534;0.000193707071;0.000101633030;
2021;02;09;13;0;0.000144819796;0.000112699196;0.000191299326;0.000097871729;
2021;02;09;14;0;0.000154155677;0.000118299378;0.000179889271;0.000094389906;
2021;02;09;15;0;0.000153925115;0.000118600800;0.000157761091;0.000089338344;
2021;02;09;16;0;0.000145590794;0.000111444538;0.000150715940;0.000084726926;
2021;02;09;17;0;0.000139560475;0.000105676065;0.000150815312;0.000083131795;
2021;02;09;18;0;0.000140370608;0.000105849715;0.000150031697;0.000085502291;
2021;02;09;19;0;0.000150292736;0.000117626974;0.000149909201;0.000094007688;
2021;02;09;20;0;0.000174350677;0.000155287717;0.000155661945;0.000152425970;
2021;02;09;21;0;0.000192266533;0.000176597728;0.000140711663;0.000167070840;
2021;02;09;22;0;0.000193385624;0.000182814678;0.000121004852;0.000164690439;
2021;02;09;23;0;0.000167718148;0.000189265700;0.000104630548;0.000157237480;
2021;02;09;24;0;0.000132502955;0.000168427664;0.000093914744;0.000147995643;
2021;02;10;1;0;0.000098304142;0.000140322552;0.000084701380;0.000138809805;
2021;02;10;2;0;0.000077428083;0.000119588282;0.000081235007;0.000160826863;
2021;02;10;3;0;0.000067073701;0.000106610591;0.000079969574;0.000158402807;
2021;02;10;4;0;0.000062762656;0.000100046279;0.000079606840;0.000151541124;
2021;02;10;5;0;0.000061320894;0.000097873352;0.000079772171;0.000143274437;
2021;02;10;6;0;0.000063274941;0.000101778952;0.000082777007;0.000136416146;
2021;02;10;7;0;0.000075895401;0.000112570613;0.000094982500;0.000135682544;
2021;02;10;8;0;0.000105822828;0.000133909098;0.000121167512;0.000140020964;
2021;02;10;9;0;0.000123412245;0.000130912622;0.000157592050;0.000107491735;
2021;02;10;10;0;0.000130043726;0.000126942446;0.000182681242;0.000102815358;
2021;02;10;11;0;0.000137009938;0.000126726245;0.000189219634;0.000103218029;
2021;02;10;12;0;0.000137471037;0.000120302014;0.000187309131;0.000099504903;
2021;02;10;13;0;0.000140517877;0.000109447397;0.000184938507;0.000095782620;
2021;02;10;14;0;0.000148655918;0.000114108314;0.000173435113;0.000091921070;
2021;02;10;15;0;0.000148505295;0.000114460021;0.000152132812;0.000087035017;
2021;02;10;16;0;0.000140238664;0.000107362536;0.000145238598;0.000082437565;
2021;02;10;17;0;0.000134100687;0.000101529862;0.000145180710;0.000080728591;
2021;02;10;18;0;0.000135013427;0.000101807627;0.000144491279;0.000083097121;
2021;02;10;19;0;0.000144676651;0.000113237403;0.000144428470;0.000091424703;
2021;02;10;20;0;0.000169099385;0.000150735335;0.000150459917;0.000149122994;
2021;02;10;21;0;0.000187155017;0.000172109704;0.000136224414;0.000163923196;
2021;02;10;22;0;0.000188582036;0.000178521149;0.000117237497;0.000161817907;
2021;02;10;23;0;0.000164022988;0.000185407390;0.000101500136;0.000154848421;
2021;02;10;24;0;0.000129690800;0.000165144671;0.000091137647;0.000145842662;
2021;02;11;1;0;0.000096788204;0.000138322805;0.000083420643;0.000137432718;
2021;02;11;2;0;0.000076229196;0.000117875611;0.000080004600;0.000159223448;
2021;02;11;3;0;0.000066285440;0.000105522453;0.000078889263;0.000157297108;
2021;02;11;4;0;0.000062011614;0.000099001482;0.000078523990;0.000150457367;
2021;02;11;5;0;0.000060661918;0.000096983045;0.000078729530;0.000142389544;
2021;02;11;6;0;0.000062584638;0.000100834832;0.000081689111;0.000135555715;
2021;02;11;7;0;0.000074963996;0.000111356778;0.000093678273;0.000134679450;
2021;02;11;8;0;0.000104346430;0.000132216705;0.000119415446;0.000138798177;
2021;02;11;9;0;0.000121878342;0.000129478398;0.000155417181;0.000106683503;
2021;02;11;10;0;0.000128291536;0.000125405251;0.000180077120;0.000101956507;
2021;02;11;11;0;0.000135104944;0.000125131580;0.000186486515;0.000102320213;
2021;02;11;12;0;0.000135521741;0.000118751660;0.000184580843;0.000098617372;
2021;02;11;13;0;0.000138376773;0.000107909224;0.000182159234;0.000094847243;
2021;02;11;14;0;0.000146652388;0.000112726425;0.000170961289;0.000091152515;
2021;02;11;15;0;0.000146655347;0.000113202762;0.000150030686;0.000086378368;
2021;02;11;16;0;0.000138472179;0.000106166660;0.000143223173;0.000081806527;
2021;02;11;17;0;0.000133047803;0.000100930993;0.000143465651;0.000080416511;
2021;02;11;18;0;0.000134099875;0.000101329352;0.000142851838;0.000082847614;
2021;02;11;19;0;0.000143767679;0.000112766377;0.000142818845;0.000091184957;
2021;02;11;20;0;0.000167609485;0.000149686706;0.000148619329;0.000148432013;
2021;02;11;21;0;0.000185407821;0.000170812447;0.000134527204;0.000163095204;
2021;02;11;22;0;0.000186756598;0.000177107510;0.000115759552;0.000160956305;
2021;02;11;23;0;0.000162788801;0.000184380376;0.000100315935;0.000154290662;
2021;02;11;24;0;0.000128815678;0.000164371592;0.000090105090;0.000145407759;
2021;02;12;1;0;0.000097919683;0.000140148677;0.000083636495;0.000138075315;
2021;02;12;2;0;0.000077520661;0.000119996839;0.000079950921;0.000160349391;
2021;02;12;3;0;0.000067140758;0.000107436406;0.000078843646;0.000158465625;
2021;02;12;4;0;0.000062531118;0.000100518724;0.000078167920;0.000151867619;
2021;02;12;5;0;0.000060848009;0.000097903310;0.000078309139;0.000143688078;
2021;02;12;6;0;0.000062787596;0.000101821996;0.000081515272;0.000137041462;
2021;02;12;7;0;0.000074837261;0.000112024976;0.000092514782;0.000135717884;
2021;02;12;8;0;0.000103549819;0.000132804669;0.000118429918;0.000140250344;
2021;02;12;9;0;0.000121344978;0.000130330486;0.000153749338;0.000109566225;
2021;02;12;10;0;0.000128881326;0.000126904915;0.000178230378;0.000103530427;
2021;02;12;11;0;0.000135421550;0.000126395961;0.000184682442;0.000103908019;
2021;02;12;12;0;0.000135212031;0.000119426157;0.000182333451;0.000100705023;
2021;02;12;13;0;0.000137198572;0.000107760207;0.000179243347;0.000096828651;
2021;02;12;14;0;0.000144504000;0.000111764033;0.000168008656;0.000092360417;
2021;02;12;15;0;0.000145236395;0.000112752064;0.000144625870;0.000087567095;
2021;02;12;16;0;0.000137990048;0.000106624193;0.000133467975;0.000083336159;
2021;02;12;17;0;0.000132753085;0.000101749533;0.000130981889;0.000081492712;
2021;02;12;18;0;0.000132681500;0.000101431677;0.000129875093;0.000082838130;
2021;02;12;19;0;0.000139920558;0.000111439753;0.000134592012;0.000091252548;
2021;02;12;20;0;0.000158550082;0.000143417823;0.000143295518;0.000146918713;
2021;02;12;21;0;0.000170530933;0.000158550525;0.000134597056;0.000158537005;
2021;02;12;22;0;0.000173886229;0.000165752393;0.000119088090;0.000157725629;
2021;02;12;23;0;0.000156126424;0.000177646325;0.000104400099;0.000152890586;
2021;02;12;24;0;0.000130198361;0.000164293547;0.000094504769;0.000145652117;
2021;02;13;1;0;0.000103214943;0.000140777622;0.000085956250;0.000136922651;
2021;02;13;2;0;0.000082981172;0.000121539234;0.000080382304;0.000156418908;
2021;02;13;3;0;0.000070887746;0.000108149902;0.000078309794;0.000154244548;
2021;02;13;4;0;0.000064896301;0.000100405439;0.000077112909;0.000147553914;
2021;02;13;5;0;0.000062208975;0.000097292803;0.000076904590;0.000139768058;
2021;02;13;6;0;0.000062188479;0.000099866432;0.000078067754;0.000133448691;
2021;02;13;7;0;0.000065927935;0.000103650103;0.000081854763;0.000128400733;
2021;02;13;8;0;0.000076048494;0.000108025039;0.000087591678;0.000122021482;
2021;02;13;9;0;0.000097266129;0.000108677817;0.000089167820;0.000092262993;
2021;02;13;10;0;0.000125969560;0.000126026440;0.000100501087;0.000096217587;
2021;02;13;11;0;0.000143528005;0.000136403132;0.000112105463;0.000102363846;
2021;02;13;12;0;0.000146545383;0.000132380746;0.000116185826;0.000101430663;
2021;02;13;13;0;0.000146513608;0.000118340969;0.000116975875;0.000096329214;
2021;02;13;14;0;0.000153712296;0.000121495311;0.000111374218;0.000093335096;
2021;02;13;15;0;0.000153806569;0.000121096229;0.000101220890;0.000088838541;
2021;02;13;16;0;0.000139784646;0.000109325808;0.000096460724;0.000080341474;
2021;02;13;17;0;0.000129763537;0.000100985485;0.000094723859;0.000076273693;
2021;02;13;18;0;0.000126068738;0.000098078058;0.000096001694;0.000075662287;
2021;02;13;19;0;0.000131769353;0.000106551130;0.000102235995;0.000083539636;
2021;02;13;20;0;0.000147769595;0.000135481575;0.000118021690;0.000138011569;
2021;02;13;21;0;0.000159256714;0.000148909066;0.000118586450;0.000150946593;
2021;02;13;22;0;0.000164024191;0.000156062702;0.000110161846;0.000151584855;
2021;02;13;23;0;0.000149253204;0.000168975556;0.000100970139;0.000148194019;
2021;02;13;24;0;0.000127144833;0.000158379823;0.000093192300;0.000141509767;
2021;02;14;1;0;0.000105885969;0.000144557472;0.000087270506;0.000138644930;
2021;02;14;2;0;0.000086780392;0.000126512275;0.000081157373;0.000152202012;
2021;02;14;3;0;0.000074222359;0.000112840971;0.000079046405;0.000149028903;
2021;02;14;4;0;0.000066990889;0.000104069518;0.000077753329;0.000142481774;
2021;02;14;5;0;0.000063725573;0.000100412289;0.000077332396;0.000136052189;
2021;02;14;6;0;0.000063111723;0.000102786873;0.000078231826;0.000131462341;
2021;02;14;7;0;0.000065464969;0.000105621888;0.000080239246;0.000127143492;
2021;02;14;8;0;0.000072387908;0.000107248351;0.000082192370;0.000121139170;
2021;02;14;9;0;0.000088752780;0.000102480150;0.000076301080;0.000085903934;
2021;02;14;10;0;0.000117809033;0.000119766994;0.000080475783;0.000089023468;
2021;02;14;11;0;0.000141313090;0.000135563289;0.000086146256;0.000096602690;
2021;02;14;12;0;0.000149807461;0.000136419902;0.000090367893;0.000097129858;
2021;02;14;13;0;0.000150855099;0.000122721618;0.000093494243;0.000093415896;
2021;02;14;14;0;0.000157129948;0.000124981531;0.000092823589;0.000090396655;
2021;02;14;15;0;0.000156231729;0.000123267582;0.000089141799;0.000086798823;
2021;02;14;16;0;0.000139303093;0.000108938478;0.000085181340;0.000077498939;
2021;02;14;17;0;0.000129368743;0.000100628572;0.000082422449;0.000073363429;
2021;02;14;18;0;0.000126841298;0.000098781992;0.000080894977;0.000073240922;
2021;02;14;19;0;0.000136900673;0.000111071957;0.000085783702;0.000082897822;
2021;02;14;20;0;0.000159730198;0.000146876711;0.000100327771;0.000141760839;
2021;02;14;21;0;0.000176887259;0.000165761957;0.000100579711;0.000156293530;
2021;02;14;22;0;0.000178414370;0.000170449895;0.000096911521;0.000155611961;
2021;02;14;23;0;0.000154643109;0.000177183843;0.000090128632;0.000149589724;
2021;02;14;24;0;0.000123524607;0.000159351530;0.000083844379;0.000140968184;
2021;02;15;1;0;0.000093644902;0.000134963026;0.000079684668;0.000132625090;
2021;02;15;2;0;0.000074631429;0.000115695616;0.000076641964;0.000147885103;
2021;02;15;3;0;0.000064993917;0.000103746005;0.000075576169;0.000144210025;
2021;02;15;4;0;0.000060681560;0.000097234650;0.000075133380;0.000138410990;
2021;02;15;5;0;0.000059360137;0.000095339790;0.000075883050;0.000132931586;
2021;02;15;6;0;0.000061324856;0.000099356062;0.000078990517;0.000129551090;
2021;02;15;7;0;0.000073313998;0.000109660392;0.000090780774;0.000131027898;
2021;02;15;8;0;0.000101660610;0.000129792825;0.000116667941;0.000136555512;
2021;02;15;9;0;0.000119475596;0.000127451021;0.000154889799;0.000105765499;
2021;02;15;10;0;0.000127446398;0.000124444270;0.000181805148;0.000101452853;
2021;02;15;11;0;0.000135237412;0.000124947009;0.000188739212;0.000102436544;
2021;02;15;12;0;0.000136080940;0.000118889117;0.000186855935;0.000099101369;
2021;02;15;13;0;0.000138692937;0.000107800290;0.000183351367;0.000095018519;
2021;02;15;14;0;0.000147493266;0.000113125186;0.000172650816;0.000091681432;
2021;02;15;15;0;0.000147800837;0.000113978418;0.000151033516;0.000086938144;
2021;02;15;16;0;0.000139111305;0.000106574757;0.000143737665;0.000081660657;
2021;02;15;17;0;0.000133102122;0.000100804670;0.000143968855;0.000079813222;
2021;02;15;18;0;0.000133530110;0.000100679992;0.000143536215;0.000081506480;
2021;02;15;19;0;0.000142532307;0.000111651300;0.000142431249;0.000090180502;
2021;02;15;20;0;0.000167082891;0.000149143117;0.000146966326;0.000148799547;
2021;02;15;21;0;0.000185611898;0.000170955957;0.000132013775;0.000163300344;
2021;02;15;22;0;0.000187211060;0.000177569544;0.000112922649;0.000160891247;
2021;02;15;23;0;0.000161683544;0.000183477060;0.000097272977;0.000153498717;
2021;02;15;24;0;0.000126859970;0.000162456541;0.000087670396;0.000143859177;
2021;02;16;1;0;0.000095489797;0.000136567502;0.000082313833;0.000136197909;
2021;02;16;2;0;0.000075514663;0.000116904969;0.000079084735;0.000158307516;
2021;02;16;3;0;0.000065841344;0.000104964714;0.000078074380;0.000156728326;
2021;02;16;4;0;0.000061598434;0.000098482275;0.000077714063;0.000149917641;
2021;02;16;5;0;0.000060184641;0.000096345575;0.000077875980;0.000141741601;
2021;02;16;6;0;0.000061861353;0.000099761337;0.000080672557;0.000134540099;
2021;02;16;7;0;0.000074193091;0.000110327788;0.000092564375;0.000133807174;
2021;02;16;8;0;0.000103204348;0.000130898379;0.000117961255;0.000137826059;
2021;02;16;9;0;0.000120786517;0.000128471630;0.000153658104;0.000106105046;
2021;02;16;10;0;0.000127649779;0.000124978105;0.000178347746;0.000101725060;
2021;02;16;11;0;0.000134394969;0.000124670234;0.000184675844;0.000102067591;
2021;02;16;12;0;0.000134667960;0.000118176732;0.000182705215;0.000098291835;
2021;02;16;13;0;0.000137304246;0.000107213946;0.000180193368;0.000094424409;
2021;02;16;14;0;0.000145445765;0.000111940644;0.000169081169;0.000090711596;
2021;02;16;15;0;0.000144849683;0.000111903729;0.000148112881;0.000085678570;
2021;02;16;16;0;0.000136720007;0.000104908157;0.000141371753;0.000081121732;
2021;02;16;17;0;0.000131404570;0.000099768244;0.000141630175;0.000079762850;
2021;02;16;18;0;0.000132267051;0.000100014600;0.000140942746;0.000082087290;
2021;02;16;19;0;0.000141560472;0.000111093000;0.000140806855;0.000090226114;
2021;02;16;20;0;0.000165847441;0.000148265809;0.000146837039;0.000147443337;
2021;02;16;21;0;0.000183860558;0.000169599840;0.000133040527;0.000162290716;
2021;02;16;22;0;0.000185454873;0.000176118861;0.000114549748;0.000160339148;
2021;02;16;23;0;0.000161586677;0.000183266651;0.000099249614;0.000153648223;
2021;02;16;24;0;0.000127562324;0.000162953476;0.000089055070;0.000144529905;
2021;02;17;1;0;0.000095524440;0.000136631733;0.000082365137;0.000136283633;
2021;02;17;2;0;0.000075209420;0.000116392731;0.000078981220;0.000157851503;
2021;02;17;3;0;0.000065422912;0.000104237403;0.000077892923;0.000155987934;
2021;02;17;4;0;0.000061123267;0.000097652375;0.000077487318;0.000149047352;
2021;02;17;5;0;0.000059844898;0.000095753021;0.000077719833;0.000141152923;
2021;02;17;6;0;0.000061899547;0.000099836396;0.000080731567;0.000134651764;
2021;02;17;7;0;0.000074365510;0.000110618820;0.000092700208;0.000134099060;
2021;02;17;8;0;0.000103362544;0.000131129198;0.000118094232;0.000138040461;
2021;02;17;9;0;0.000121079263;0.000128824380;0.000153890970;0.000106345240;
2021;02;17;10;0;0.000127627792;0.000124963218;0.000178417089;0.000101745732;
2021;02;17;11;0;0.000134181663;0.000124460910;0.000184633597;0.000101973465;
2021;02;17;12;0;0.000134379627;0.000117906172;0.000182619153;0.000098157853;
2021;02;17;13;0;0.000136974469;0.000106937652;0.000180088035;0.000094276135;
2021;02;17;14;0;0.000145033563;0.000111599048;0.000168949688;0.000090537700;
2021;02;17;15;0;0.000144384696;0.000111515808;0.000147973513;0.000085488740;
2021;02;17;16;0;0.000136595958;0.000104810627;0.000141381409;0.000081090805;
2021;02;17;17;0;0.000131194104;0.000099599088;0.000141597026;0.000079688428;
2021;02;17;18;0;0.000132147746;0.000099922162;0.000140952833;0.000082056395;
2021;02;17;19;0;0.000141634989;0.000111165468;0.000140904176;0.000090294432;
2021;02;17;20;0;0.000166474466;0.000148894754;0.000147146497;0.000147936231;
2021;02;17;21;0;0.000185027887;0.000170799240;0.000133470477;0.000163165116;
2021;02;17;22;0;0.000186538834;0.000177265774;0.000114895737;0.000161139671;
2021;02;17;23;0;0.000162136854;0.000183967051;0.000099443761;0.000154117217;
2021;02;17;24;0;0.000127887472;0.000163422707;0.000089195732;0.000144872379;
2021;02;18;1;0;0.000096481982;0.000137926725;0.000082954271;0.000137121758;
2021;02;18;2;0;0.000076071926;0.000117681051;0.000079595807;0.000159002867;
2021;02;18;3;0;0.000066197545;0.000105434064;0.000078511459;0.000157171447;
2021;02;18;4;0;0.000061975685;0.000099000069;0.000078173442;0.000150426560;
2021;02;18;5;0;0.000060451510;0.000096672945;0.000078278601;0.000142032432;
2021;02;18;6;0;0.000062399041;0.000100568568;0.000081238722;0.000135269572;
2021;02;18;7;0;0.000074814478;0.000111182388;0.000093200614;0.000134498505;
2021;02;18;8;0;0.000104190544;0.000132082494;0.000118832839;0.000138667204;
2021;02;18;9;0;0.000121554907;0.000129181128;0.000154581093;0.000106484644;
2021;02;18;10;0;0.000128136080;0.000125316777;0.000179221284;0.000101883428;
2021;02;18;11;0;0.000134781641;0.000124880070;0.000185505102;0.000102150961;
2021;02;18;12;0;0.000135172247;0.000118488555;0.000183594783;0.000098439747;
2021;02;18;13;0;0.000137698075;0.000107393366;0.000181001774;0.000094500864;
2021;02;18;14;0;0.000145810801;0.000112083941;0.000169812713;0.000090759055;
2021;02;18;15;0;0.000144988805;0.000111856098;0.000148653380;0.000085618048;
2021;02;18;16;0;0.000136965814;0.000104959984;0.000141940126;0.000081118612;
2021;02;18;17;0;0.000131217147;0.000099463140;0.000142000683;0.000079555958;
2021;02;18;18;0;0.000132477094;0.000100040716;0.000141497025;0.000082070679;
2021;02;18;19;0;0.000142357326;0.000111616889;0.000141607678;0.000090496504;
2021;02;18;20;0;0.000166777182;0.000148961068;0.000147671025;0.000147882729;
2021;02;18;21;0;0.000184874126;0.000170377606;0.000133790919;0.000162762492;
2021;02;18;22;0;0.000186362494;0.000176806450;0.000115165015;0.000160726666;
2021;02;18;23;0;0.000161755579;0.000183205875;0.000099615339;0.000153549886;
2021;02;18;24;0;0.000127895465;0.000163180245;0.000089444456;0.000144617326;
2021;02;19;1;0;0.000097165813;0.000138910677;0.000083580782;0.000137232597;
2021;02;19;2;0;0.000077019134;0.000119099267;0.000079940860;0.000159527731;
2021;02;19;3;0;0.000066868019;0.000106917351;0.000078917495;0.000157957930;
2021;02;19;4;0;0.000062324962;0.000100117630;0.000078267717;0.000151474006;
2021;02;19;5;0;0.000060874180;0.000097914194;0.000078537774;0.000143742667;
2021;02;19;6;0;0.000062870658;0.000101933296;0.000081785449;0.000137191195;
2021;02;19;7;0;0.000075158319;0.000112514131;0.000092940781;0.000136185675;
2021;02;19;8;0;0.000104258644;0.000133758911;0.000119106845;0.000141018097;
2021;02;19;9;0;0.000122037067;0.000131102713;0.000154551993;0.000110066838;
2021;02;19;10;0;0.000129782430;0.000127836953;0.000179261433;0.000104109574;
2021;02;19;11;0;0.000135918819;0.000126861537;0.000185483665;0.000104215385;
2021;02;19;12;0;0.000135618167;0.000119778050;0.000183071359;0.000100949465;
2021;02;19;13;0;0.000137764483;0.000108210923;0.000180056396;0.000097149906;
2021;02;19;14;0;0.000145009494;0.000112154235;0.000168724965;0.000092620929;
2021;02;19;15;0;0.000145144016;0.000112632173;0.000144980534;0.000087526072;
2021;02;19;16;0;0.000138183706;0.000106750231;0.000133914965;0.000083432515;
2021;02;19;17;0;0.000133238119;0.000102122288;0.000131549026;0.000081732557;
2021;02;19;18;0;0.000133249165;0.000101873215;0.000130472613;0.000083122952;
2021;02;19;19;0;0.000140229159;0.000111669902;0.000135090221;0.000091416360;
2021;02;19;20;0;0.000159214749;0.000144028460;0.000143949459;0.000147413844;
2021;02;19;21;0;0.000171600099;0.000159588649;0.000135333481;0.000159333067;
2021;02;19;22;0;0.000175467586;0.000167353427;0.000119887084;0.000158872101;
2021;02;19;23;0;0.000157398510;0.000179177085;0.000105057176;0.000153886714;
2021;02;19;24;0;0.000131005759;0.000165357002;0.000095018885;0.000146375437;
2021;02;20;1;0;0.000104342327;0.000142197239;0.000086948676;0.000137881577;
2021;02;20;2;0;0.000083988462;0.000122927602;0.000081353116;0.000157665124;
2021;02;20;3;0;0.000071640281;0.000109203921;0.000079203490;0.000155287359;
2021;02;20;4;0;0.000065505065;0.000101247434;0.000077951244;0.000148406976;
2021;02;20;5;0;0.000062824725;0.000098164133;0.000077758079;0.000140633451;
2021;02;20;6;0;0.000062766563;0.000100694594;0.000078913535;0.000134211186;
2021;02;20;7;0;0.000066379140;0.000104229761;0.000082653906;0.000128884985;
2021;02;20;8;0;0.000076482692;0.000108494135;0.000088403532;0.000122372112;
2021;02;20;9;0;0.000098126712;0.000109525455;0.000090116369;0.000092757391;
2021;02;20;10;0;0.000127141709;0.000127072921;0.000101590168;0.000096767967;
2021;02;20;11;0;0.000144770401;0.000137438211;0.000113288672;0.000102896855;
2021;02;20;12;0;0.000147716718;0.000133288627;0.000117378428;0.000101905516;
2021;02;20;13;0;0.000147841714;0.000119292250;0.000118231348;0.000096861973;
2021;02;20;14;0;0.000155465215;0.000122784818;0.000112683635;0.000094024403;
2021;02;20;15;0;0.000155387728;0.000122231607;0.000102361294;0.000089415579;
2021;02;20;16;0;0.000141209689;0.000110340629;0.000097543677;0.000080857755;
2021;02;20;17;0;0.000131139938;0.000101968873;0.000095804142;0.000076788630;
2021;02;20;18;0;0.000127623300;0.000099219682;0.000097168179;0.000076276089;
2021;02;20;19;0;0.000133146528;0.000107570693;0.000103394515;0.000084093065;
2021;02;20;20;0;0.000148774316;0.000136232423;0.000119171930;0.000138527419;
2021;02;20;21;0;0.000160211906;0.000149603214;0.000119700125;0.000151414488;
2021;02;20;22;0;0.000165051556;0.000156836018;0.000111208946;0.000152086415;
2021;02;20;23;0;0.000150028377;0.000169613954;0.000101882435;0.000148558518;
2021;02;20;24;0;0.000127622464;0.000158727370;0.000093976009;0.000141696906;
2021;02;21;1;0;0.000106001761;0.000144789833;0.000088151962;0.000139005716;
2021;02;21;2;0;0.000086499478;0.000126111218;0.000081822548;0.000152073418;
2021;02;21;3;0;0.000073888417;0.000112326535;0.000079649802;0.000148752512;
2021;02;21;4;0;0.000066639119;0.000103508791;0.000078321097;0.000142132194;
2021;02;21;5;0;0.000063383331;0.000099857973;0.000077893108;0.000135705533;
2021;02;21;6;0;0.000062556582;0.000101830926;0.000078681365;0.000130769074;
2021;02;21;7;0;0.000064801894;0.000104484487;0.000080653003;0.000126337824;
2021;02;21;8;0;0.000071691291;0.000106153437;0.000082634096;0.000120419921;
2021;02;21;9;0;0.000088104646;0.000101694099;0.000076792550;0.000085555212;
2021;02;21;10;0;0.000117414997;0.000119372334;0.000081132681;0.000088941443;
2021;02;21;11;0;0.000141886679;0.000136225491;0.000087127557;0.000097081266;
2021;02;21;12;0;0.000151771242;0.000138449023;0.000091755738;0.000098309913;
2021;02;21;13;0;0.000153895559;0.000125501411;0.000095218967;0.000095074240;
2021;02;21;14;0;0.000161571106;0.000128929740;0.000094868367;0.000092585833;
2021;02;21;15;0;0.000160832591;0.000127321174;0.000091154436;0.000088984337;
2021;02;21;16;0;0.000142950817;0.000112130817;0.000086978614;0.000079246759;
2021;02;21;17;0;0.000132862803;0.000103670178;0.000084188804;0.000075064554;
2021;02;21;18;0;0.000129989405;0.000101530147;0.000082549063;0.000074810576;
2021;02;21;19;0;0.000139353788;0.000113315639;0.000087278943;0.000084220047;
2021;02;21;20;0;0.000161157284;0.000148384742;0.000101684797;0.000143012436;
2021;02;21;21;0;0.000178741418;0.000167747238;0.000102008187;0.000157865575;
2021;02;21;22;0;0.000180363191;0.000172574223;0.000098306680;0.000157231751;
2021;02;21;23;0;0.000156324004;0.000179381506;0.000091424172;0.000151140621;
2021;02;21;24;0;0.000125009599;0.000161530671;0.000085091971;0.000142558888;
2021;02;22;1;0;0.000094072625;0.000135563925;0.000079868311;0.000133022447;
2021;02;22;2;0;0.000074946301;0.000116166449;0.000076806742;0.000148286981;
2021;02;22;3;0;0.000065194832;0.000104039393;0.000075701319;0.000144472508;
2021;02;22;4;0;0.000060942106;0.000097638508;0.000075297093;0.000138795002;
2021;02;22;5;0;0.000059527048;0.000095580149;0.000075999285;0.000133143825;
2021;02;22;6;0;0.000061298890;0.000099252209;0.000079000309;0.000129425236;
2021;02;22;7;0;0.000073405756;0.000109748487;0.000090857764;0.000131074407;
2021;02;22;8;0;0.000101664276;0.000129722933;0.000116705664;0.000136472608;
2021;02;22;9;0;0.000119015818;0.000126836254;0.000154679144;0.000105375664;
2021;02;22;10;0;0.000127052768;0.000123948601;0.000181616790;0.000101139647;
2021;02;22;11;0;0.000134898711;0.000124529965;0.000188591065;0.000102167589;
2021;02;22;12;0;0.000135995418;0.000118738082;0.000186862059;0.000098988837;
2021;02;22;13;0;0.000138816221;0.000107843553;0.000183478809;0.000095025196;
2021;02;22;14;0;0.000147183487;0.000112798334;0.000172544557;0.000091469743;
2021;02;22;15;0;0.000147209523;0.000113410820;0.000150814222;0.000086605712;
2021;02;22;16;0;0.000138748136;0.000106206804;0.000143617498;0.000081439106;
2021;02;22;17;0;0.000132870613;0.000100553296;0.000143903585;0.000079652069;
2021;02;22;18;0;0.000133546640;0.000100635530;0.000143588053;0.000081462653;
2021;02;22;19;0;0.000142370461;0.000111446872;0.000142404997;0.000090042017;
2021;02;22;20;0;0.000166437025;0.000148421396;0.000146764249;0.000148248320;
2021;02;22;21;0;0.000185808868;0.000171057020;0.000132115457;0.000163334172;
2021;02;22;22;0;0.000187966944;0.000178256533;0.000113156697;0.000161305470;
2021;02;22;23;0;0.000162435533;0.000184310823;0.000097500717;0.000153968819;
2021;02;22;24;0;0.000127631189;0.000163450528;0.000087930183;0.000144462900;
2021;02;23;1;0;0.000095248909;0.000136278049;0.000082115314;0.000136038789;
2021;02;23;2;0;0.000075045188;0.000116181306;0.000078765908;0.000157656096;
2021;02;23;3;0;0.000065349645;0.000104170299;0.000077716776;0.000155926989;
2021;02;23;4;0;0.000061149421;0.000097756215;0.000077364343;0.000149172670;
2021;02;23;5;0;0.000059734093;0.000095614133;0.000077519258;0.000141015550;
2021;02;23;6;0;0.000061712493;0.000099562586;0.000080482272;0.000134395574;
2021;02;23;7;0;0.000074194941;0.000110404327;0.000092443297;0.000133921554;
2021;02;23;8;0;0.000103522379;0.000131430983;0.000117963227;0.000138278483;
2021;02;23;9;0;0.000121275773;0.000129131536;0.000153725940;0.000106535347;
2021;02;23;10;0;0.000127762143;0.000125182347;0.000178182092;0.000101881701;
2021;02;23;11;0;0.000133852995;0.000124198303;0.000184109026;0.000101825720;
2021;02;23;12;0;0.000134189300;0.000117791749;0.000182182481;0.000098096311;
2021;02;23;13;0;0.000137081231;0.000107092892;0.000179829588;0.000094381692;
2021;02;23;14;0;0.000145117478;0.000111736149;0.000168693047;0.000090624819;
2021;02;23;15;0;0.000144863871;0.000111989806;0.000147925482;0.000085757416;
2021;02;23;16;0;0.000136768547;0.000105018770;0.000141208231;0.000081212794;
2021;02;23;17;0;0.000131064310;0.000099549370;0.000141284695;0.000079665505;
2021;02;23;18;0;0.000131943084;0.000099810616;0.000140607617;0.000081996286;
2021;02;23;19;0;0.000141147012;0.000110808521;0.000140443487;0.000090092394;
2021;02;23;20;0;0.000165483977;0.000148005602;0.000146504333;0.000147310089;
2021;02;23;21;0;0.000183906085;0.000169758580;0.000132880395;0.000162459006;
2021;02;23;22;0;0.000185280258;0.000176052550;0.000114352691;0.000160353839;
2021;02;23;23;0;0.000161363777;0.000183109132;0.000099059927;0.000153608743;
2021;02;23;24;0;0.000127180670;0.000162523770;0.000088822056;0.000144307047;
2021;02;24;1;0;0.000094956958;0.000135899896;0.000081862377;0.000135775182;
2021;02;24;2;0;0.000074883978;0.000115976333;0.000078554889;0.000157465798;
2021;02;24;3;0;0.000065189804;0.000103952327;0.000077498453;0.000155701795;
2021;02;24;4;0;0.000061004995;0.000097560725;0.000077149854;0.000148967222;
2021;02;24;5;0;0.000059626050;0.000095481259;0.000077323020;0.000140883394;
2021;02;24;6;0;0.000061531706;0.000099301081;0.000080239346;0.000134149904;
2021;02;24;7;0;0.000073939958;0.000110052458;0.000092144075;0.000133622938;
2021;02;24;8;0;0.000103287690;0.000131181899;0.000117641041;0.000138098462;
2021;02;24;9;0;0.000120883343;0.000128748783;0.000153241297;0.000106314582;
2021;02;24;10;0;0.000127183646;0.000124632961;0.000177519845;0.000101565768;
2021;02;24;11;0;0.000133632186;0.000124047503;0.000183655705;0.000101743175;
2021;02;24;12;0;0.000134036635;0.000117715223;0.000181774606;0.000098056771;
2021;02;24;13;0;0.000136898448;0.000107000185;0.000179411695;0.000094328970;
2021;02;24;14;0;0.000144995635;0.000111700151;0.000168337741;0.000090609947;
2021;02;24;15;0;0.000144651057;0.000111876037;0.000147573176;0.000085700327;
2021;02;24;16;0;0.000136355239;0.000104732308;0.000140776085;0.000081058276;
2021;02;24;17;0;0.000130651499;0.000099263767;0.000140844561;0.000079505874;
2021;02;24;18;0;0.000131702169;0.000099670053;0.000140250516;0.000081918281;
2021;02;24;19;0;0.000140518249;0.000110330755;0.000139927123;0.000089818757;
2021;02;24;20;0;0.000165207756;0.000147822762;0.000146142238;0.000147188304;
2021;02;24;21;0;0.000183633535;0.000169583816;0.000132562971;0.000162349021;
2021;02;24;22;0;0.000185141160;0.000176013142;0.000114116190;0.000160338792;
2021;02;24;23;0;0.000160947776;0.000182699336;0.000098775907;0.000153370713;
2021;02;24;24;0;0.000126809126;0.000162098506;0.000088554089;0.000144043994;
2021;02;25;1;0;0.000095091748;0.000136211678;0.000081721304;0.000136000455;
2021;02;25;2;0;0.000074910217;0.000116105781;0.000078382728;0.000157592825;
2021;02;25;3;0;0.000065179622;0.000104010349;0.000077311369;0.000155764448;
2021;02;25;4;0;0.000060922301;0.000097486211;0.000076923138;0.000148884777;
2021;02;25;5;0;0.000059415788;0.000095179796;0.000077022519;0.000140561859;
2021;02;25;6;0;0.000061341447;0.000099035152;0.000079942650;0.000133890053;
2021;02;25;7;0;0.000073586941;0.000109553211;0.000091736382;0.000133185751;
2021;02;25;8;0;0.000102338125;0.000129947100;0.000116894619;0.000137161419;
2021;02;25;9;0;0.000119552683;0.000127279446;0.000152147285;0.000105439425;
2021;02;25;10;0;0.000126067279;0.000123517467;0.000176424117;0.000100909633;
2021;02;25;11;0;0.000132596388;0.000123077794;0.000182603933;0.000101168897;
2021;02;25;12;0;0.000133260281;0.000117049440;0.000180888518;0.000097656089;
2021;02;25;13;0;0.000136241909;0.000106512584;0.000178615019;0.000094018318;
2021;02;25;14;0;0.000144703382;0.000111533455;0.000167794850;0.000090512274;
2021;02;25;15;0;0.000144278056;0.000111639670;0.000147060849;0.000085569469;
2021;02;25;16;0;0.000136401277;0.000104847954;0.000140466119;0.000081122590;
2021;02;25;17;0;0.000130475641;0.000099189151;0.000140430778;0.000079462297;
2021;02;25;18;0;0.000131664179;0.000099711525;0.000139902702;0.000081942171;
2021;02;25;19;0;0.000140797049;0.000110654113;0.000139716218;0.000090006346;
2021;02;25;20;0;0.000164563776;0.000147295394;0.000145550728;0.000146808916;
2021;02;25;21;0;0.000182670438;0.000168727058;0.000131948410;0.000161756373;
2021;02;25;22;0;0.000184708348;0.000175688027;0.000113732004;0.000160124715;
2021;02;25;23;0;0.000160631533;0.000182436924;0.000098459512;0.000153211554;
2021;02;25;24;0;0.000126919813;0.000162372952;0.000088380044;0.000144219949;
2021;02;26;1;0;0.000096592250;0.000138333617;0.000082848986;0.000136888726;
2021;02;26;2;0;0.000076329297;0.000118203140;0.000079134324;0.000158738770;
2021;02;26;3;0;0.000066153857;0.000105909597;0.000078061784;0.000156959092;
2021;02;26;4;0;0.000061766702;0.000099364266;0.000077478044;0.000150724811;
2021;02;26;5;0;0.000060293735;0.000097114930;0.000077725613;0.000142965412;
2021;02;26;6;0;0.000062136710;0.000100860271;0.000080863951;0.000136215646;
2021;02;26;7;0;0.000074252219;0.000111281935;0.000091878738;0.000135176353;
2021;02;26;8;0;0.000102667251;0.000131820384;0.000117579195;0.000139611722;
2021;02;26;9;0;0.000120502023;0.000129591600;0.000152749961;0.000109204810;
2021;02;26;10;0;0.000128341589;0.000126572242;0.000177285495;0.000103416480;
2021;02;26;11;0;0.000135004678;0.000126219487;0.000183792582;0.000103885583;
2021;02;26;12;0;0.000135098225;0.000119554387;0.000181632475;0.000100862871;
2021;02;26;13;0;0.000137122601;0.000107910145;0.000178576844;0.000097002699;
2021;02;26;14;0;0.000144314444;0.000111825667;0.000167329512;0.000092470988;
2021;02;26;15;0;0.000144698863;0.000112516917;0.000143890309;0.000087504911;
2021;02;26;16;0;0.000137616788;0.000106519260;0.000132846643;0.000083343000;
2021;02;26;17;0;0.000132570665;0.000101799099;0.000130447572;0.000081585685;
2021;02;26;18;0;0.000132305819;0.000101317888;0.000129262783;0.000082836341;
2021;02;26;19;0;0.000139066629;0.000110911776;0.000133766683;0.000091012971;
2021;02;26;20;0;0.000157503806;0.000142659846;0.000142385719;0.000146474776;
2021;02;26;21;0;0.000169759919;0.000158076497;0.000133864001;0.000158320409;
2021;02;26;22;0;0.000173882444;0.000166080015;0.000118673442;0.000158076556;
2021;02;26;23;0;0.000156247158;0.000178153530;0.000104072606;0.000153327554;
2021;02;26;24;0;0.000130103446;0.000164490521;0.000094145931;0.000145893346;
2021;02;27;1;0;0.000103210610;0.000140779245;0.000085969515;0.000136937250;
2021;02;27;2;0;0.000083068874;0.000121687856;0.000080433278;0.000156572308;
2021;02;27;3;0;0.000070801603;0.000108011314;0.000078281712;0.000154116986;
2021;02;27;4;0;0.000064899057;0.000100415944;0.000077127653;0.000147579560;
2021;02;27;5;0;0.000062172221;0.000097235080;0.000076898003;0.000139721915;
2021;02;27;6;0;0.000062193357;0.000099880840;0.000078083907;0.000133475703;
2021;02;27;7;0;0.000065842356;0.000103507741;0.000081822575;0.000128286213;
2021;02;27;8;0;0.000075748875;0.000107561930;0.000087456475;0.000121656500;
2021;02;27;9;0;0.000097336813;0.000108771274;0.000089211301;0.000092329100;
2021;02;27;10;0;0.000126180103;0.000126266190;0.000100591309;0.000096358674;
2021;02;27;11;0;0.000143660802;0.000136550223;0.000112169952;0.000102453419;
2021;02;27;12;0;0.000146404161;0.000132247742;0.000116157059;0.000101367151;
2021;02;27;13;0;0.000146435259;0.000118278031;0.000116968801;0.000096301751;
2021;02;27;14;0;0.000153693644;0.000121486086;0.000111387541;0.000093339153;
2021;02;27;15;0;0.000153874723;0.000121162350;0.000101258006;0.000088882324;
2021;02;27;16;0;0.000139934926;0.000109461695;0.000096522645;0.000080421420;
2021;02;27;17;0;0.000130304274;0.000101455503;0.000094911943;0.000076536859;
2021;02;27;18;0;0.000126458613;0.000098418498;0.000096147009;0.000075858534;
2021;02;27;19;0;0.000131216017;0.000106063119;0.000102068154;0.000083273363;
2021;02;27;20;0;0.000147202481;0.000134915774;0.000117845193;0.000137610284;
2021;02;27;21;0;0.000159022379;0.000148676157;0.000118530714;0.000150791041;
2021;02;27;22;0;0.000164503393;0.000156574102;0.000110321731;0.000151958647;
2021;02;27;23;0;0.000149683524;0.000169522076;0.000101115050;0.000148554982;
2021;02;27;24;0;0.000127086166;0.000158308435;0.000093189598;0.000141477629;
2021;02;28;1;0;0.000104474624;0.000143067872;0.000085636348;0.000137733073;
2021;02;28;2;0;0.000085237693;0.000124586291;0.000079481147;0.000150659119;
2021;02;28;3;0;0.000072772603;0.000110904202;0.000077353357;0.000147308460;
2021;02;28;4;0;0.000065594472;0.000102132392;0.000076043533;0.000140687016;
2021;02;28;5;0;0.000062404867;0.000098556540;0.000075635913;0.000134351525;
2021;02;28;6;0;0.000061721447;0.000100739151;0.000076471173;0.000129681621;
2021;02;28;7;0;0.000063898340;0.000103295770;0.000078366827;0.000125227283;
2021;02;28;8;0;0.000070360560;0.000104403520;0.000080128220;0.000118917385;
2021;02;28;9;0;0.000086874067;0.000100535608;0.000074613157;0.000084800115;
2021;02;28;10;0;0.000115776969;0.000118013653;0.000078832081;0.000088158674;
2021;02;28;11;0;0.000139418223;0.000134154100;0.000084530521;0.000095961423;
2021;02;28;12;0;0.000147550222;0.000134751567;0.000088608008;0.000096356167;
2021;02;28;13;0;0.000148763157;0.000121383626;0.000091722284;0.000092761637;
2021;02;28;14;0;0.000154822585;0.000123505819;0.000091031662;0.000089704554;
2021;02;28;15;0;0.000153448905;0.000121386258;0.000087299223;0.000085916439;
2021;02;28;16;0;0.000136990240;0.000107421365;0.000083465545;0.000076786253;
2021;02;28;17;0;0.000127260667;0.000099261520;0.000080773113;0.000072706785;
2021;02;28;18;0;0.000124633165;0.000097318409;0.000079237098;0.000072520069;
2021;02;28;19;0;0.000133629672;0.000108628964;0.000083785721;0.000081652516;
2021;02;28;20;0;0.000156414688;0.000144156418;0.000098126345;0.000139986047;
2021;02;28;21;0;0.000174140261;0.000163650413;0.000098600370;0.000154990317;
2021;02;28;22;0;0.000176146902;0.000168810128;0.000095123142;0.000154666003;
2021;02;28;23;0;0.000152772552;0.000175599067;0.000088489766;0.000148754202;
2021;02;28;24;0;0.000121906965;0.000157750106;0.000082283393;0.000140067968;
