AŃO;MES;DIA;HORA;VERANO(1)/INVIERNO(0);COEF. PERFIL A;COEF. PERFIL B;COEF. PERFIL C;COEF. PERFIL D;
2017;10;01;1;1;0.000087898520;0.000144560126;0.000091123513;0.000176855721;
2017;10;01;2;1;0.000073239019;0.000134606696;0.000084202816;0.000173669085;
2017;10;01;3;1;0.000064698649;0.000128644213;0.000081135867;0.000169531764;
2017;10;01;4;1;0.000060697425;0.000126095251;0.000079939463;0.000167925700;
2017;10;01;5;1;0.000059080764;0.000126069982;0.000079288639;0.000166001895;
2017;10;01;6;1;0.000058613703;0.000125134658;0.000079723337;0.000164320713;
2017;10;01;7;1;0.000060503751;0.000126236044;0.000081945971;0.000157965363;
2017;10;01;8;1;0.000065505890;0.000113339905;0.000082019432;0.000142375721;
2017;10;01;9;1;0.000077213974;0.000068616775;0.000075816597;0.000049372074;
2017;10;01;10;1;0.000096150015;0.000062090241;0.000078470717;0.000037944300;
2017;10;01;11;1;0.000111101039;0.000069444561;0.000084235970;0.000043114630;
2017;10;01;12;1;0.000116972341;0.000070283281;0.000088824972;0.000046880736;
2017;10;01;13;1;0.000120358821;0.000067824453;0.000092250411;0.000046591610;
2017;10;01;14;1;0.000125612193;0.000066962452;0.000092312463;0.000044332074;
2017;10;01;15;1;0.000122452636;0.000064116826;0.000090535151;0.000045851322;
2017;10;01;16;1;0.000107225001;0.000056450973;0.000088217182;0.000041738487;
2017;10;01;17;1;0.000099901935;0.000052706615;0.000085592812;0.000039164137;
2017;10;01;18;1;0.000099601147;0.000052517825;0.000083796485;0.000045267414;
2017;10;01;19;1;0.000106342020;0.000065976624;0.000086379252;0.000068384833;
2017;10;01;20;1;0.000119085215;0.000097647374;0.000095490396;0.000105309563;
2017;10;01;21;1;0.000136313776;0.000156363779;0.000107501996;0.000241186164;
2017;10;01;22;1;0.000137496448;0.000160721105;0.000103951482;0.000251572903;
2017;10;01;23;1;0.000119766842;0.000155992395;0.000097137671;0.000243067148;
2017;10;01;24;1;0.000097657714;0.000150892246;0.000089281641;0.000221721836;
2017;10;02;1;1;0.000078550800;0.000137352399;0.000082911781;0.000172596966;
2017;10;02;2;1;0.000066136229;0.000127903417;0.000079962320;0.000175143625;
2017;10;02;3;1;0.000060074925;0.000123266614;0.000078546470;0.000171913049;
2017;10;02;4;1;0.000057736923;0.000121838248;0.000077594171;0.000167509833;
2017;10;02;5;1;0.000057018817;0.000121182958;0.000077787707;0.000164827732;
2017;10;02;6;1;0.000058939360;0.000122108617;0.000080288537;0.000166516741;
2017;10;02;7;1;0.000068665639;0.000127728893;0.000090369920;0.000161690249;
2017;10;02;8;1;0.000093548993;0.000122291714;0.000107202421;0.000149496246;
2017;10;02;9;1;0.000110599869;0.000085246076;0.000133083697;0.000065802438;
2017;10;02;10;1;0.000119043573;0.000070773227;0.000154942478;0.000046064447;
2017;10;02;11;1;0.000126662870;0.000069634009;0.000163846257;0.000047876747;
2017;10;02;12;1;0.000129085054;0.000066860120;0.000166225644;0.000047613149;
2017;10;02;13;1;0.000131906418;0.000064986181;0.000168043236;0.000048584389;
2017;10;02;14;1;0.000135550424;0.000065097313;0.000160048913;0.000051214601;
2017;10;02;15;1;0.000127505185;0.000063592516;0.000141487160;0.000051841175;
2017;10;02;16;1;0.000116902313;0.000058313677;0.000137759464;0.000045235017;
2017;10;02;17;1;0.000115238011;0.000055949401;0.000141852550;0.000044164401;
2017;10;02;18;1;0.000121893296;0.000057626179;0.000144579631;0.000051670055;
2017;10;02;19;1;0.000129921936;0.000075178683;0.000144514385;0.000078545864;
2017;10;02;20;1;0.000141225425;0.000107843565;0.000145045255;0.000123246925;
2017;10;02;21;1;0.000153804534;0.000157893675;0.000141154812;0.000244146671;
2017;10;02;22;1;0.000148591357;0.000161058934;0.000120919572;0.000252585395;
2017;10;02;23;1;0.000125914080;0.000155760900;0.000104278475;0.000244452072;
2017;10;02;24;1;0.000100748376;0.000149737102;0.000093121711;0.000223317590;
2017;10;03;1;1;0.000079247583;0.000137282578;0.000083474433;0.000171513562;
2017;10;03;2;1;0.000066055385;0.000127967592;0.000080018733;0.000176250369;
2017;10;03;3;1;0.000059972173;0.000123285982;0.000078487094;0.000172986215;
2017;10;03;4;1;0.000057503225;0.000121959009;0.000077733677;0.000167166722;
2017;10;03;5;1;0.000056650121;0.000121288486;0.000077565878;0.000163569674;
2017;10;03;6;1;0.000058477457;0.000121992253;0.000079808205;0.000161961601;
2017;10;03;7;1;0.000068125267;0.000127619447;0.000089582627;0.000159150808;
2017;10;03;8;1;0.000093071228;0.000125596674;0.000106952822;0.000150374094;
2017;10;03;9;1;0.000110958826;0.000085872660;0.000132938320;0.000065329826;
2017;10;03;10;1;0.000118954377;0.000070248391;0.000153792528;0.000045621003;
2017;10;03;11;1;0.000125395077;0.000069069555;0.000162773665;0.000045827591;
2017;10;03;12;1;0.000127511744;0.000066560660;0.000164688654;0.000046401325;
2017;10;03;13;1;0.000130990689;0.000064499912;0.000166578004;0.000048381598;
2017;10;03;14;1;0.000134417578;0.000064911644;0.000158264912;0.000048175539;
2017;10;03;15;1;0.000126176485;0.000062231191;0.000139952453;0.000047158605;
2017;10;03;16;1;0.000115858776;0.000057507374;0.000135856643;0.000040684560;
2017;10;03;17;1;0.000115058673;0.000055472962;0.000138822147;0.000038850271;
2017;10;03;18;1;0.000121333226;0.000056889592;0.000142137496;0.000046996989;
2017;10;03;19;1;0.000127960760;0.000071222134;0.000142295381;0.000069579651;
2017;10;03;20;1;0.000138458314;0.000102161643;0.000143562808;0.000111889053;
2017;10;03;21;1;0.000152240688;0.000157590859;0.000141172207;0.000240699736;
2017;10;03;22;1;0.000147352839;0.000161138114;0.000121003037;0.000249486993;
2017;10;03;23;1;0.000125836893;0.000155668068;0.000103832063;0.000244590404;
2017;10;03;24;1;0.000100740145;0.000150209751;0.000092361926;0.000225723207;
2017;10;04;1;1;0.000080811728;0.000138723389;0.000085742197;0.000172492809;
2017;10;04;2;1;0.000067324832;0.000129244761;0.000082150741;0.000177166354;
2017;10;04;3;1;0.000061133019;0.000124533345;0.000080589241;0.000173908863;
2017;10;04;4;1;0.000058633400;0.000123228924;0.000079838955;0.000168107411;
2017;10;04;5;1;0.000057793910;0.000122615875;0.000079708513;0.000164576636;
2017;10;04;6;1;0.000059702267;0.000123418563;0.000082073440;0.000163079194;
2017;10;04;7;1;0.000069540170;0.000129089311;0.000092109426;0.000160221404;
2017;10;04;8;1;0.000095032153;0.000127080571;0.000110001886;0.000151430134;
2017;10;04;9;1;0.000113438208;0.000086995806;0.000136899054;0.000065870834;
2017;10;04;10;1;0.000121707706;0.000071222944;0.000158498677;0.000046034839;
2017;10;04;11;1;0.000128318114;0.000070039015;0.000167781618;0.000046250738;
2017;10;04;12;1;0.000130419838;0.000067461654;0.000169671894;0.000046806699;
2017;10;04;13;1;0.000134017615;0.000065392280;0.000171668998;0.000048818657;
2017;10;04;14;1;0.000137453041;0.000065775899;0.000163018046;0.000048585763;
2017;10;04;15;1;0.000129020257;0.000063057026;0.000144149370;0.000047558110;
2017;10;04;16;1;0.000118538309;0.000058304117;0.000140011409;0.000041052875;
2017;10;04;17;1;0.000117728130;0.000056245546;0.000143077847;0.000039204786;
2017;10;04;18;1;0.000124184363;0.000057698681;0.000146537435;0.000047439637;
2017;10;04;19;1;0.000130999579;0.000072252681;0.000146735990;0.000070252129;
2017;10;04;20;1;0.000141759846;0.000103649678;0.000148056982;0.000112981139;
2017;10;04;21;1;0.000155741296;0.000159753347;0.000145470525;0.000242847042;
2017;10;04;22;1;0.000150718791;0.000163325150;0.000124668841;0.000251675512;
2017;10;04;23;1;0.000128580647;0.000157620628;0.000106869028;0.000246485396;
2017;10;04;24;1;0.000102933261;0.000152088783;0.000095060238;0.000227464450;
2017;10;05;1;1;0.000081354845;0.000139280805;0.000086463407;0.000172966355;
2017;10;05;2;1;0.000067787202;0.000129783035;0.000082853836;0.000177678667;
2017;10;05;3;1;0.000061520154;0.000124985541;0.000081235778;0.000174319068;
2017;10;05;4;1;0.000059029744;0.000123728864;0.000080513623;0.000168575435;
2017;10;05;5;1;0.000058159087;0.000123059391;0.000080346863;0.000164962527;
2017;10;05;6;1;0.000060077677;0.000123861218;0.000082728216;0.000163456607;
2017;10;05;7;1;0.000070032861;0.000129654907;0.000092917798;0.000160719388;
2017;10;05;8;1;0.000095682897;0.000127607281;0.000110941130;0.000151864989;
2017;10;05;9;1;0.000114070494;0.000087245862;0.000137893288;0.000065976419;
2017;10;05;10;1;0.000122288100;0.000071370477;0.000159521960;0.000046071714;
2017;10;05;11;1;0.000128820516;0.000070124480;0.000168721396;0.000046248467;
2017;10;05;12;1;0.000131018927;0.000067589607;0.000170737532;0.000046836023;
2017;10;05;13;1;0.000134626080;0.000065512828;0.000172738004;0.000048846647;
2017;10;05;14;1;0.000138095045;0.000065905717;0.000164054497;0.000048619936;
2017;10;05;15;1;0.000129597163;0.000063168946;0.000145037081;0.000047582120;
2017;10;05;16;1;0.000119094563;0.000058420461;0.000140904656;0.000041082645;
2017;10;05;17;1;0.000118338465;0.000056385362;0.000144061123;0.000039252416;
2017;10;05;18;1;0.000124819957;0.000057838304;0.000147534779;0.000047494146;
2017;10;05;19;1;0.000131684484;0.000072435460;0.000147750876;0.000070340558;
2017;10;05;20;1;0.000142525314;0.000103929607;0.000149106432;0.000113142648;
2017;10;05;21;1;0.000156537132;0.000160138629;0.000146459419;0.000243124105;
2017;10;05;22;1;0.000151475238;0.000163704214;0.000125504956;0.000251939821;
2017;10;05;23;1;0.000129224655;0.000157984827;0.000107584659;0.000246741717;
2017;10;05;24;1;0.000103479185;0.000152484957;0.000095724890;0.000227767843;
2017;10;06;1;1;0.000082602129;0.000141943967;0.000087779550;0.000175173564;
2017;10;06;2;1;0.000068758163;0.000132156869;0.000083859868;0.000180937187;
2017;10;06;3;1;0.000062174178;0.000127263118;0.000081860213;0.000177544192;
2017;10;06;4;1;0.000059477911;0.000125555254;0.000080664727;0.000172892158;
2017;10;06;5;1;0.000058462107;0.000124411515;0.000080520527;0.000170242997;
2017;10;06;6;1;0.000060439907;0.000125154689;0.000083170962;0.000168286890;
2017;10;06;7;1;0.000070150021;0.000131068962;0.000093466145;0.000165127695;
2017;10;06;8;1;0.000094972837;0.000129496214;0.000111366950;0.000154451267;
2017;10;06;9;1;0.000113788038;0.000088113960;0.000136949339;0.000066230250;
2017;10;06;10;1;0.000122265200;0.000072276448;0.000158130276;0.000047055516;
2017;10;06;11;1;0.000129683296;0.000070851950;0.000167198530;0.000048512351;
2017;10;06;12;1;0.000131593347;0.000068138629;0.000169358684;0.000048044851;
2017;10;06;13;1;0.000134705962;0.000066049471;0.000171351928;0.000049371402;
2017;10;06;14;1;0.000137848183;0.000066308163;0.000162842305;0.000049594489;
2017;10;06;15;1;0.000131325033;0.000064667411;0.000143751783;0.000049156228;
2017;10;06;16;1;0.000120987853;0.000059564960;0.000135116053;0.000046078344;
2017;10;06;17;1;0.000118577960;0.000057394061;0.000134545794;0.000042166688;
2017;10;06;18;1;0.000123537855;0.000058638537;0.000137374501;0.000049716212;
2017;10;06;19;1;0.000128426298;0.000072077056;0.000139567911;0.000070359930;
2017;10;06;20;1;0.000135870960;0.000101956688;0.000144668781;0.000112050264;
2017;10;06;21;1;0.000146490513;0.000157673956;0.000147576091;0.000241183370;
2017;10;06;22;1;0.000143219814;0.000161735441;0.000129759484;0.000248022636;
2017;10;06;23;1;0.000126691763;0.000158430004;0.000113785615;0.000244130563;
2017;10;06;24;1;0.000107098952;0.000155526799;0.000102781945;0.000228276349;
2017;10;07;1;1;0.000088151843;0.000144235229;0.000090886331;0.000173634531;
2017;10;07;2;1;0.000074144773;0.000134910359;0.000084754083;0.000179131091;
2017;10;07;3;1;0.000065428909;0.000128837755;0.000081728844;0.000179322654;
2017;10;07;4;1;0.000061127912;0.000127461846;0.000080167738;0.000173534981;
2017;10;07;5;1;0.000058945814;0.000126757152;0.000079451502;0.000167478529;
2017;10;07;6;1;0.000059196918;0.000126604148;0.000080502882;0.000165979507;
2017;10;07;7;1;0.000062032488;0.000129310551;0.000084422571;0.000167287102;
2017;10;07;8;1;0.000069882571;0.000124405853;0.000088725667;0.000158183723;
2017;10;07;9;1;0.000085781806;0.000079258489;0.000088782460;0.000061310294;
2017;10;07;10;1;0.000108234289;0.000069848417;0.000097412483;0.000040929583;
2017;10;07;11;1;0.000123649223;0.000074060542;0.000109353518;0.000046213286;
2017;10;07;12;1;0.000127680396;0.000072193462;0.000114479229;0.000045284740;
2017;10;07;13;1;0.000129990011;0.000068916957;0.000117414916;0.000045483065;
2017;10;07;14;1;0.000135019642;0.000067690830;0.000114081990;0.000046255330;
2017;10;07;15;1;0.000129728445;0.000066295268;0.000104539186;0.000049859529;
2017;10;07;16;1;0.000114159131;0.000059803411;0.000100649135;0.000044735559;
2017;10;07;17;1;0.000106160602;0.000055871437;0.000099581909;0.000039441964;
2017;10;07;18;1;0.000105248013;0.000055086215;0.000102737175;0.000036221427;
2017;10;07;19;1;0.000108037876;0.000063240817;0.000105844773;0.000050380747;
2017;10;07;20;1;0.000116280563;0.000093408869;0.000116803960;0.000094564890;
2017;10;07;21;1;0.000131024807;0.000152202505;0.000128614504;0.000236082829;
2017;10;07;22;1;0.000134173465;0.000157618401;0.000118329145;0.000248886022;
2017;10;07;23;1;0.000120724332;0.000155499514;0.000107875477;0.000249681377;
2017;10;07;24;1;0.000104437407;0.000154170920;0.000099540686;0.000234833119;
2017;10;08;1;1;0.000087792128;0.000144449447;0.000091015990;0.000176749144;
2017;10;08;2;1;0.000073130255;0.000134466650;0.000084080332;0.000173516699;
2017;10;08;3;1;0.000064605002;0.000128515212;0.000081020896;0.000169389390;
2017;10;08;4;1;0.000060596875;0.000125942422;0.000079809468;0.000167749533;
2017;10;08;5;1;0.000059016450;0.000125988824;0.000079204740;0.000165922093;
2017;10;08;6;1;0.000058521561;0.000124993580;0.000079600435;0.000164162232;
2017;10;08;7;1;0.000060406757;0.000126089798;0.000081817095;0.000157808098;
2017;10;08;8;1;0.000065491597;0.000113365636;0.000082004035;0.000142431275;
2017;10;08;9;1;0.000077205902;0.000068640155;0.000075810981;0.000049396953;
2017;10;08;10;1;0.000096205439;0.000062153697;0.000078518342;0.000037989275;
2017;10;08;11;1;0.000111115246;0.000069484369;0.000084249307;0.000043146382;
2017;10;08;12;1;0.000117018560;0.000070342362;0.000088862776;0.000046927798;
2017;10;08;13;1;0.000120441129;0.000067901059;0.000092316309;0.000046651842;
2017;10;08;14;1;0.000125581147;0.000066975713;0.000092292458;0.000044348087;
2017;10;08;15;1;0.000122425843;0.000064131342;0.000090518099;0.000045869184;
2017;10;08;16;1;0.000107214117;0.000056470379;0.000088210915;0.000041759646;
2017;10;08;17;1;0.000099825367;0.000052689672;0.000085529816;0.000039157934;
2017;10;08;18;1;0.000099588186;0.000052534375;0.000083788132;0.000045289065;
2017;10;08;19;1;0.000106447993;0.000066071781;0.000086467965;0.000068494635;
2017;10;08;20;1;0.000119193119;0.000097779376;0.000095579832;0.000105469124;
2017;10;08;21;1;0.000136394186;0.000156525687;0.000107568687;0.000241475287;
2017;10;08;22;1;0.000137441885;0.000160728868;0.000103913396;0.000251626094;
2017;10;08;23;1;0.000119643154;0.000155900688;0.000097040309;0.000242963878;
2017;10;08;24;1;0.000097535456;0.000150770453;0.000089172586;0.000221579013;
2017;10;09;1;1;0.000076479463;0.000135371095;0.000079945446;0.000171170577;
2017;10;09;2;1;0.000064387525;0.000126049151;0.000077095842;0.000173683425;
2017;10;09;3;1;0.000058498243;0.000121503988;0.000075745969;0.000170514049;
2017;10;09;4;1;0.000056250631;0.000120158056;0.000074866259;0.000166232454;
2017;10;09;5;1;0.000055525858;0.000119457688;0.000075019008;0.000163496741;
2017;10;09;6;1;0.000057366705;0.000120308492;0.000077391151;0.000165087479;
2017;10;09;7;1;0.000066743816;0.000125677113;0.000086991884;0.000160087396;
2017;10;09;8;1;0.000090766999;0.000120110609;0.000103009368;0.000147747754;
2017;10;09;9;1;0.000107248246;0.000083676877;0.000127803784;0.000064994905;
2017;10;09;10;1;0.000115448537;0.000069477944;0.000148811415;0.000045504053;
2017;10;09;11;1;0.000122779686;0.000068327270;0.000157288505;0.000047271956;
2017;10;09;12;1;0.000125161417;0.000065623160;0.000159615772;0.000047024388;
2017;10;09;13;1;0.000127885467;0.000063778127;0.000161346508;0.000047979283;
2017;10;09;14;1;0.000131359392;0.000063858511;0.000153601779;0.000050554030;
2017;10;09;15;1;0.000123591422;0.000062396749;0.000135819078;0.000051184334;
2017;10;09;16;1;0.000113302930;0.000057211580;0.000132227794;0.000044657513;
2017;10;09;17;1;0.000111630093;0.000054862608;0.000136083649;0.000043577230;
2017;10;09;18;1;0.000118132025;0.000056533142;0.000138764446;0.000051006848;
2017;10;09;19;1;0.000125957469;0.000073778808;0.000138750894;0.000077565126;
2017;10;09;20;1;0.000137209527;0.000106062313;0.000139559104;0.000121968929;
2017;10;09;21;1;0.000149565593;0.000155425677;0.000135938200;0.000241832745;
2017;10;09;22;1;0.000144431890;0.000158471016;0.000116399045;0.000250080322;
2017;10;09;23;1;0.000122391746;0.000153261036;0.000100381983;0.000242032282;
2017;10;09;24;1;0.000097979732;0.000147408693;0.000089687601;0.000221219225;
2017;10;10;1;1;0.000079279268;0.000137271174;0.000083554561;0.000171450809;
2017;10;10;2;1;0.000066003957;0.000127806242;0.000080001198;0.000175978354;
2017;10;10;3;1;0.000059930502;0.000123140851;0.000078476469;0.000172733708;
2017;10;10;4;1;0.000057478136;0.000121846953;0.000077743261;0.000166965892;
2017;10;10;5;1;0.000056655516;0.000121241486;0.000077616695;0.000163460045;
2017;10;10;6;1;0.000058556836;0.000122098882;0.000079961279;0.000162057317;
2017;10;10;7;1;0.000068290969;0.000127868106;0.000089850795;0.000159415803;
2017;10;10;8;1;0.000093327236;0.000125881356;0.000107307056;0.000150672310;
2017;10;10;9;1;0.000111328614;0.000086117257;0.000133456033;0.000065497378;
2017;10;10;10;1;0.000119313256;0.000070426315;0.000154342872;0.000045723615;
2017;10;10;11;1;0.000125693828;0.000069200692;0.000163252816;0.000045901614;
2017;10;10;12;1;0.000127722862;0.000066638681;0.000165053678;0.000046442576;
2017;10;10;13;1;0.000131147462;0.000064545936;0.000166870739;0.000048402427;
2017;10;10;14;1;0.000134502751;0.000064921422;0.000158453857;0.000048169169;
2017;10;10;15;1;0.000126238169;0.000062231560;0.000140099262;0.000047145547;
2017;10;10;16;1;0.000115969777;0.000057534684;0.000136062936;0.000040692369;
2017;10;10;17;1;0.000115153334;0.000055491802;0.000139014142;0.000038852473;
2017;10;10;18;1;0.000121515849;0.000056947717;0.000142431128;0.000047031700;
2017;10;10;19;1;0.000128256030;0.000071352021;0.000142703576;0.000069686827;
2017;10;10;20;1;0.000138892874;0.000102432816;0.000144094014;0.000112154316;
2017;10;10;21;1;0.000152680389;0.000157969723;0.000141659203;0.000241210161;
2017;10;10;22;1;0.000147690081;0.000161428946;0.000121347871;0.000249866593;
2017;10;10;23;1;0.000125978931;0.000155768553;0.000104007459;0.000244679065;
2017;10;10;24;1;0.000100828251;0.000150268554;0.000092494459;0.000225747703;
2017;10;11;1;1;0.000078960934;0.000137059029;0.000083037658;0.000171432496;
2017;10;11;2;1;0.000065724342;0.000127580409;0.000079488637;0.000175920514;
2017;10;11;3;1;0.000059684138;0.000122938757;0.000077983505;0.000172698701;
2017;10;11;4;1;0.000057221213;0.000121603119;0.000077227046;0.000166871861;
2017;10;11;5;1;0.000056404091;0.000121002768;0.000077103809;0.000163373262;
2017;10;11;6;1;0.000058259043;0.000121779193;0.000079381220;0.000161865896;
2017;10;11;7;1;0.000067948524;0.000127542416;0.000089205362;0.000159238869;
2017;10;11;8;1;0.000092866835;0.000125570988;0.000106544935;0.000150517381;
2017;10;11;9;1;0.000110744714;0.000085878024;0.000132466695;0.000065409538;
2017;10;11;10;1;0.000118626625;0.000070194664;0.000153120150;0.000045638883;
2017;10;11;11;1;0.000124967167;0.000068971245;0.000161955216;0.000045815338;
2017;10;11;12;1;0.000126931048;0.000066389786;0.000163672877;0.000046335781;
2017;10;11;13;1;0.000130409989;0.000064342144;0.000165570685;0.000048319126;
2017;10;11;14;1;0.000133686243;0.000064687331;0.000157148650;0.000048064637;
2017;10;11;15;1;0.000125503839;0.000062022986;0.000138980689;0.000047055237;
2017;10;11;16;1;0.000115241817;0.000057315313;0.000134914118;0.000040595623;
2017;10;11;17;1;0.000114484506;0.000055306310;0.000137905463;0.000038778395;
2017;10;11;18;1;0.000120707661;0.000056709247;0.000141175426;0.000046902236;
2017;10;11;19;1;0.000127273433;0.000070980966;0.000141301610;0.000069424318;
2017;10;11;20;1;0.000137944070;0.000101985361;0.000142797729;0.000111825288;
2017;10;11;21;1;0.000151428339;0.000157062829;0.000140191274;0.000240170943;
2017;10;11;22;1;0.000146478547;0.000160501747;0.000120090083;0.000248789390;
2017;10;11;23;1;0.000125008928;0.000154952488;0.000102981660;0.000243747903;
2017;10;11;24;1;0.000100140600;0.000149613823;0.000091663399;0.000225087958;
2017;10;12;1;1;0.000090987425;0.000147532152;0.000095231306;0.000179275619;
2017;10;12;2;1;0.000075825563;0.000137397281;0.000088013485;0.000176075101;
2017;10;12;3;1;0.000066992313;0.000131328311;0.000084818798;0.000171902877;
2017;10;12;4;1;0.000062863248;0.000128754857;0.000083586712;0.000170312301;
2017;10;12;5;1;0.000061212495;0.000128778693;0.000082938163;0.000168426075;
2017;10;12;6;1;0.000060679221;0.000127719378;0.000083325088;0.000166584832;
2017;10;12;7;1;0.000062594159;0.000128757705;0.000085591095;0.000160035261;
2017;10;12;8;1;0.000067807622;0.000115669632;0.000085716493;0.000144323285;
2017;10;12;9;1;0.000079901516;0.000070004791;0.000079208698;0.000050031415;
2017;10;12;10;1;0.000099403942;0.000063287209;0.000081905175;0.000038415200;
2017;10;12;11;1;0.000114762487;0.000070722632;0.000087847393;0.000043612281;
2017;10;12;12;1;0.000120690292;0.000071495635;0.000092528114;0.000047368091;
2017;10;12;13;1;0.000124147174;0.000068973706;0.000096067546;0.000047061843;
2017;10;12;14;1;0.000129448757;0.000068035531;0.000096045251;0.000044739017;
2017;10;12;15;1;0.000126155754;0.000065125232;0.000094168495;0.000046258665;
2017;10;12;16;1;0.000110455440;0.000057332493;0.000091747387;0.000042104650;
2017;10;12;17;1;0.000102952282;0.000053550749;0.000089053060;0.000039523277;
2017;10;12;18;1;0.000102622766;0.000053348775;0.000087167511;0.000045673823;
2017;10;12;19;1;0.000109623752;0.000067054540;0.000089899788;0.000069033811;
2017;10;12;20;1;0.000122798111;0.000099273368;0.000099412960;0.000106341787;
2017;10;12;21;1;0.000140305532;0.000158675381;0.000111712314;0.000243102677;
2017;10;12;22;1;0.000141292834;0.000162832058;0.000107847185;0.000253159846;
2017;10;12;23;1;0.000123014863;0.000157965687;0.000100729841;0.000244483503;
2017;10;12;24;1;0.000100290828;0.000152777688;0.000092569155;0.000222979756;
2017;10;13;1;1;0.000074927414;0.000134459288;0.000077060636;0.000169470942;
2017;10;13;2;1;0.000062331563;0.000125111680;0.000073574558;0.000174939853;
2017;10;13;3;1;0.000056341317;0.000120432547;0.000071792578;0.000171593403;
2017;10;13;4;1;0.000053907730;0.000118837799;0.000070756892;0.000167127460;
2017;10;13;5;1;0.000053002796;0.000117790228;0.000070651382;0.000164615508;
2017;10;13;6;1;0.000054796877;0.000118495951;0.000072978255;0.000162726947;
2017;10;13;7;1;0.000063540648;0.000123978980;0.000081934706;0.000159522125;
2017;10;13;8;1;0.000085891201;0.000122301196;0.000097475468;0.000148976551;
2017;10;13;9;1;0.000102954839;0.000083256709;0.000119922267;0.000063912194;
2017;10;13;10;1;0.000110743455;0.000068365402;0.000138618109;0.000045457225;
2017;10;13;11;1;0.000117688748;0.000067147071;0.000146849709;0.000046954843;
2017;10;13;12;1;0.000119443911;0.000064587405;0.000148774084;0.000046510832;
2017;10;13;13;1;0.000122253083;0.000062598902;0.000150505279;0.000047788746;
2017;10;13;14;1;0.000125162331;0.000062872968;0.000143096686;0.000048026749;
2017;10;13;15;1;0.000119290407;0.000061343400;0.000126374944;0.000047622669;
2017;10;13;16;1;0.000109836961;0.000056470542;0.000118714406;0.000044614987;
2017;10;13;17;1;0.000107627542;0.000054401487;0.000118189613;0.000040819352;
2017;10;13;18;1;0.000112182182;0.000055607237;0.000120731248;0.000048150304;
2017;10;13;19;1;0.000116657395;0.000068372225;0.000122696910;0.000068164913;
2017;10;13;20;1;0.000123680855;0.000096920561;0.000127450162;0.000108784217;
2017;10;13;21;1;0.000133428897;0.000149977022;0.000130090665;0.000234296029;
2017;10;13;22;1;0.000130574544;0.000153987326;0.000114494403;0.000241170347;
2017;10;13;23;1;0.000115521596;0.000150860866;0.000100413451;0.000237418265;
2017;10;13;24;1;0.000097709541;0.000148177188;0.000090752441;0.000222121114;
2017;10;14;1;1;0.000085949600;0.000142124953;0.000087973707;0.000171955759;
2017;10;14;2;1;0.000072237692;0.000132835801;0.000081975829;0.000177264780;
2017;10;14;3;1;0.000063760662;0.000126885738;0.000079067928;0.000177495138;
2017;10;14;4;1;0.000059540096;0.000125469075;0.000077519589;0.000171682159;
2017;10;14;5;1;0.000057446003;0.000124843473;0.000076868927;0.000165780769;
2017;10;14;6;1;0.000057761415;0.000124845582;0.000077981577;0.000164498279;
2017;10;14;7;1;0.000060577144;0.000127617454;0.000081844600;0.000165928205;
2017;10;14;8;1;0.000068226562;0.000122747300;0.000085995504;0.000156860851;
2017;10;14;9;1;0.000083826373;0.000078274050;0.000086130016;0.000060853709;
2017;10;14;10;1;0.000105671794;0.000068918735;0.000094417106;0.000040588191;
2017;10;14;11;1;0.000120822421;0.000073135722;0.000106079328;0.000045866030;
2017;10;14;12;1;0.000124800201;0.000071314107;0.000111086074;0.000044958427;
2017;10;14;13;1;0.000127126240;0.000068114227;0.000113996194;0.000045179676;
2017;10;14;14;1;0.000132072007;0.000066916033;0.000110782911;0.000045956164;
2017;10;14;15;1;0.000126985782;0.000065582647;0.000101587638;0.000049571975;
2017;10;14;16;1;0.000111746053;0.000059160796;0.000097807790;0.000044477726;
2017;10;14;17;1;0.000103970877;0.000055299945;0.000096821241;0.000039235124;
2017;10;14;18;1;0.000103050831;0.000054508853;0.000099863567;0.000036022290;
2017;10;14;19;1;0.000105840343;0.000062612233;0.000102940549;0.000050131185;
2017;10;14;20;1;0.000114037310;0.000092579423;0.000113720632;0.000094197185;
2017;10;14;21;1;0.000128375489;0.000150708207;0.000125100887;0.000234942263;
2017;10;14;22;1;0.000131352339;0.000155942542;0.000115001833;0.000247479849;
2017;10;14;23;1;0.000118229920;0.000153903374;0.000104881085;0.000248363000;
2017;10;14;24;1;0.000102281918;0.000152592001;0.000096779923;0.000233598631;
2017;10;15;1;1;0.000086677142;0.000143433226;0.000089464540;0.000176002095;
2017;10;15;2;1;0.000072218311;0.000133551786;0.000082666372;0.000172823592;
2017;10;15;3;1;0.000063764359;0.000127570796;0.000079614674;0.000168620188;
2017;10;15;4;1;0.000059790782;0.000124980115;0.000078401188;0.000166938626;
2017;10;15;5;1;0.000058221644;0.000125005256;0.000077794120;0.000165092410;
2017;10;15;6;1;0.000057770643;0.000124097742;0.000078233177;0.000163446662;
2017;10;15;7;1;0.000059616878;0.000125155094;0.000080391844;0.000157081306;
2017;10;15;8;1;0.000064562973;0.000112399465;0.000080485452;0.000141616812;
2017;10;15;9;1;0.000076180754;0.000068117373;0.000074475102;0.000049159384;
2017;10;15;10;1;0.000094817943;0.000061608799;0.000077045318;0.000037762733;
2017;10;15;11;1;0.000109549611;0.000068898407;0.000082696619;0.000042903536;
2017;10;15;12;1;0.000115363404;0.000069745330;0.000087220268;0.000046661104;
2017;10;15;13;1;0.000118663084;0.000067282518;0.000090553131;0.000046357619;
2017;10;15;14;1;0.000123825005;0.000066418051;0.000090601283;0.000044103221;
2017;10;15;15;1;0.000120799784;0.000063642650;0.000088922713;0.000045648402;
2017;10;15;16;1;0.000105748101;0.000056017816;0.000086621789;0.000041542146;
2017;10;15;17;1;0.000098523659;0.000052300999;0.000084042968;0.000038979018;
2017;10;15;18;1;0.000098255265;0.000052128647;0.000082302826;0.000045066401;
2017;10;15;19;1;0.000105032413;0.000065567217;0.000084942557;0.000068163821;
2017;10;15;20;1;0.000117844823;0.000097228024;0.000094082709;0.000105171042;
2017;10;15;21;1;0.000134794123;0.000155577072;0.000105838869;0.000240690696;
2017;10;15;22;1;0.000135662638;0.000159558489;0.000102116734;0.000250500354;
2017;10;15;23;1;0.000118144632;0.000154831403;0.000095403111;0.000241979941;
2017;10;15;24;1;0.000096334731;0.000149768847;0.000087687150;0.000220729564;
2017;10;16;1;1;0.000077432512;0.000136233905;0.000081346680;0.000171735053;
2017;10;16;2;1;0.000065227998;0.000126926701;0.000078492989;0.000174358055;
2017;10;16;3;1;0.000059250200;0.000122325861;0.000077103505;0.000171142744;
2017;10;16;4;1;0.000056938074;0.000120895187;0.000076160379;0.000166741041;
2017;10;16;5;1;0.000056223274;0.000120230791;0.000076341337;0.000164051903;
2017;10;16;6;1;0.000058119489;0.000121154322;0.000078799013;0.000165740001;
2017;10;16;7;1;0.000067728527;0.000126764469;0.000088717016;0.000160978938;
2017;10;16;8;1;0.000092230561;0.000121313459;0.000105194052;0.000148771274;
2017;10;16;9;1;0.000109210655;0.000084695634;0.000130793485;0.000065585139;
2017;10;16;10;1;0.000117377634;0.000070214146;0.000152055017;0.000045845669;
2017;10;16;11;1;0.000124846024;0.000069059434;0.000160735858;0.000047632468;
2017;10;16;12;1;0.000127236701;0.000066310121;0.000163074224;0.000047371420;
2017;10;16;13;1;0.000130006111;0.000064445869;0.000164842706;0.000048333433;
2017;10;16;14;1;0.000133475583;0.000064497106;0.000156857227;0.000050903518;
2017;10;16;15;1;0.000125558028;0.000063008460;0.000138670642;0.000051528148;
2017;10;16;16;1;0.000115084673;0.000057761842;0.000134979150;0.000044949224;
2017;10;16;17;1;0.000113397010;0.000055395886;0.000138929303;0.000043866325;
2017;10;16;18;1;0.000119989365;0.000057076716;0.000141651411;0.000051339888;
2017;10;16;19;1;0.000127883517;0.000074456570;0.000141577431;0.000078038420;
2017;10;16;20;1;0.000139514347;0.000107195472;0.000142613410;0.000122895260;
2017;10;16;21;1;0.000151774907;0.000156773189;0.000138636435;0.000243183836;
2017;10;16;22;1;0.000146423671;0.000159690391;0.000118594678;0.000251234359;
2017;10;16;23;1;0.000124072608;0.000154431640;0.000102269738;0.000243135512;
2017;10;16;24;1;0.000099287245;0.000148477639;0.000091339201;0.000222142368;
2017;10;17;1;1;0.000078903042;0.000136885502;0.000083031269;0.000171145412;
2017;10;17;2;1;0.000065720570;0.000127505054;0.000079536273;0.000175744687;
2017;10;17;3;1;0.000059681971;0.000122868732;0.000078031884;0.000172529730;
2017;10;17;4;1;0.000057245963;0.000121590839;0.000077311188;0.000166786757;
2017;10;17;5;1;0.000056413839;0.000120959141;0.000077167778;0.000163247551;
2017;10;17;6;1;0.000058278347;0.000121754578;0.000079459670;0.000161766980;
2017;10;17;7;1;0.000068003579;0.000127577685;0.000089336270;0.000159217746;
2017;10;17;8;1;0.000092991432;0.000125672407;0.000106757946;0.000150577328;
2017;10;17;9;1;0.000110976830;0.000086012127;0.000132831513;0.000065484880;
2017;10;17;10;1;0.000118896995;0.000070317130;0.000153569920;0.000045699805;
2017;10;17;11;1;0.000125228729;0.000069078747;0.000162400776;0.000045867977;
2017;10;17;12;1;0.000127263533;0.000066528191;0.000164209372;0.000046413385;
2017;10;17;13;1;0.000130652499;0.000064427418;0.000165987514;0.000048363373;
2017;10;17;14;1;0.000133894931;0.000064753759;0.000157497325;0.000048094313;
2017;10;17;15;1;0.000125573238;0.000062024188;0.000139148860;0.000047036900;
2017;10;17;16;1;0.000115273371;0.000057300432;0.000135039682;0.000040568482;
2017;10;17;17;1;0.000114490162;0.000055279546;0.000138002844;0.000038743775;
2017;10;17;18;1;0.000120789697;0.000056717525;0.000141364147;0.000046889894;
2017;10;17;19;1;0.000127537820;0.000071090483;0.000141688124;0.000069502991;
2017;10;17;20;1;0.000138521046;0.000102357318;0.000143489175;0.000112187223;
2017;10;17;21;1;0.000152067210;0.000157641358;0.000140875190;0.000240956988;
2017;10;17;22;1;0.000146933124;0.000160913984;0.000120541876;0.000249326354;
2017;10;17;23;1;0.000125315614;0.000155249797;0.000103302101;0.000244115686;
2017;10;17;24;1;0.000100316189;0.000149796231;0.000091884426;0.000225270197;
2017;10;18;1;1;0.000078950655;0.000136940184;0.000083095130;0.000171209875;
2017;10;18;2;1;0.000065771889;0.000127578608;0.000079611561;0.000175842057;
2017;10;18;3;1;0.000059705146;0.000122891388;0.000078075110;0.000172557606;
2017;10;18;4;1;0.000057272733;0.000121622901;0.000077360148;0.000166826930;
2017;10;18;5;1;0.000056482917;0.000121082566;0.000077275062;0.000163410400;
2017;10;18;6;1;0.000058364496;0.000121909704;0.000079590306;0.000161969391;
2017;10;18;7;1;0.000068071517;0.000127679107;0.000089440326;0.000159340687;
2017;10;18;8;1;0.000093077408;0.000125762958;0.000106874344;0.000150682387;
2017;10;18;9;1;0.000111146843;0.000086126335;0.000133057035;0.000065570336;
2017;10;18;10;1;0.000119103685;0.000070425010;0.000153862358;0.000045768874;
2017;10;18;11;1;0.000125509179;0.000069219336;0.000162791423;0.000045960279;
2017;10;18;12;1;0.000127510132;0.000066643515;0.000164554803;0.000046492780;
2017;10;18;13;1;0.000130889704;0.000064531231;0.000166316405;0.000048440197;
2017;10;18;14;1;0.000134134638;0.000064856462;0.000157805412;0.000048169495;
2017;10;18;15;1;0.000125717947;0.000062083006;0.000139332281;0.000047080432;
2017;10;18;16;1;0.000115432169;0.000057367671;0.000135248101;0.000040615161;
2017;10;18;17;1;0.000114569630;0.000055306640;0.000138121498;0.000038761880;
2017;10;18;18;1;0.000120837253;0.000056728289;0.000141443220;0.000046897723;
2017;10;18;19;1;0.000127557326;0.000071086862;0.000141733258;0.000069497866;
2017;10;18;20;1;0.000138455042;0.000102287691;0.000143444551;0.000112108352;
2017;10;18;21;1;0.000151915596;0.000157452085;0.000140758037;0.000240662191;
2017;10;18;22;1;0.000146920132;0.000160866957;0.000120551175;0.000249247805;
2017;10;18;23;1;0.000125284806;0.000155179992;0.000103293805;0.000244000358;
2017;10;18;24;1;0.000100307657;0.000149752959;0.000091891824;0.000225199985;
2017;10;19;1;1;0.000077577278;0.000135641490;0.000081163788;0.000170243470;
2017;10;19;2;1;0.000064556115;0.000126228603;0.000077674980;0.000174655668;
2017;10;19;3;1;0.000058624179;0.000121638009;0.000076205366;0.000171459665;
2017;10;19;4;1;0.000056227463;0.000120364602;0.000075496325;0.000165740862;
2017;10;19;5;1;0.000055362581;0.000119636493;0.000075291598;0.000162084603;
2017;10;19;6;1;0.000057229110;0.000120500646;0.000077577605;0.000160717829;
2017;10;19;7;1;0.000066769635;0.000126245602;0.000087207711;0.000158162352;
2017;10;19;8;1;0.000091373624;0.000124454946;0.000104293675;0.000149693146;
2017;10;19;9;1;0.000109152482;0.000085261957;0.000129891959;0.000065163852;
2017;10;19;10;1;0.000116928375;0.000069695459;0.000150153355;0.000045470298;
2017;10;19;11;1;0.000123124941;0.000068451161;0.000158748638;0.000045626385;
2017;10;19;12;1;0.000125120787;0.000065921262;0.000160510436;0.000046167159;
2017;10;19;13;1;0.000128396991;0.000063811971;0.000162178168;0.000048085941;
2017;10;19;14;1;0.000131564464;0.000064125942;0.000153860625;0.000047811526;
2017;10;19;15;1;0.000123377552;0.000061417828;0.000135924754;0.000046756518;
2017;10;19;16;1;0.000113299988;0.000056761397;0.000131959943;0.000040341685;
2017;10;19;17;1;0.000112447404;0.000054719238;0.000134756321;0.000038498837;
2017;10;19;18;1;0.000118668164;0.000056158553;0.000138077671;0.000046606662;
2017;10;19;19;1;0.000125327272;0.000070406438;0.000138426709;0.000069099436;
2017;10;19;20;1;0.000136103937;0.000101360357;0.000140169624;0.000111522561;
2017;10;19;21;1;0.000149449275;0.000156143069;0.000137648852;0.000239586407;
2017;10;19;22;1;0.000144513555;0.000159505979;0.000117870917;0.000248096976;
2017;10;19;23;1;0.000123223261;0.000153855443;0.000100989567;0.000242855315;
2017;10;19;24;1;0.000098712813;0.000148558566;0.000089892664;0.000224269726;
2017;10;20;1;1;0.000079493065;0.000138835275;0.000083470886;0.000172734554;
2017;10;20;2;1;0.000066146034;0.000129215368;0.000079714512;0.000178352842;
2017;10;20;3;1;0.000059795530;0.000124395914;0.000077792050;0.000174959608;
2017;10;20;4;1;0.000057257889;0.000122845541;0.000076730312;0.000170540517;
2017;10;20;5;1;0.000056308149;0.000121787371;0.000076631455;0.000168011382;
2017;10;20;6;1;0.000058217970;0.000122525159;0.000079160524;0.000166094865;
2017;10;20;7;1;0.000067577324;0.000128326966;0.000088967459;0.000162991800;
2017;10;20;8;1;0.000091676022;0.000127045213;0.000106222458;0.000152763809;
2017;10;20;9;1;0.000110057639;0.000086619004;0.000130884191;0.000065637591;
2017;10;20;10;1;0.000118067143;0.000070936192;0.000150884590;0.000046559616;
2017;10;20;11;1;0.000125271682;0.000069560959;0.000159589750;0.000048016870;
2017;10;20;12;1;0.000127053257;0.000066863660;0.000161570850;0.000047530390;
2017;10;20;13;1;0.000129895853;0.000064732547;0.000163268022;0.000048781661;
2017;10;20;14;1;0.000132812571;0.000064930690;0.000155027610;0.000048960316;
2017;10;20;15;1;0.000126310041;0.000063215084;0.000136617794;0.000048444175;
2017;10;20;16;1;0.000116441446;0.000058264169;0.000128492103;0.000045439687;
2017;10;20;17;1;0.000114098125;0.000056128880;0.000127922910;0.000041573508;
2017;10;20;18;1;0.000118849003;0.000057335486;0.000130588606;0.000049007909;
2017;10;20;19;1;0.000123552135;0.000070475508;0.000132673913;0.000069357646;
2017;10;20;20;1;0.000131267323;0.000100113025;0.000138104706;0.000110921446;
2017;10;20;21;1;0.000141415112;0.000154700306;0.000140768666;0.000238564786;
2017;10;20;22;1;0.000138259555;0.000158687286;0.000123775540;0.000245333031;
2017;10;20;23;1;0.000122314720;0.000155457852;0.000108547887;0.000241504459;
2017;10;20;24;1;0.000103429328;0.000152654144;0.000098079667;0.000225887425;
2017;10;21;1;1;0.000086447019;0.000142695496;0.000088554289;0.000172533958;
2017;10;21;2;1;0.000072605069;0.000133276013;0.000082459262;0.000177736751;
2017;10;21;3;1;0.000064101820;0.000127339788;0.000079555178;0.000178014633;
2017;10;21;4;1;0.000059848618;0.000125896906;0.000077984197;0.000172155721;
2017;10;21;5;1;0.000057731649;0.000125243084;0.000077313532;0.000166203433;
2017;10;21;6;1;0.000058021056;0.000125185709;0.000078395361;0.000164839337;
2017;10;21;7;1;0.000060764234;0.000127785942;0.000082163666;0.000166039396;
2017;10;21;8;1;0.000068519183;0.000123056456;0.000086434073;0.000157153823;
2017;10;21;9;1;0.000084278039;0.000078557077;0.000086664018;0.000061034093;
2017;10;21;10;1;0.000106234626;0.000069163678;0.000094996640;0.000040705998;
2017;10;21;11;1;0.000121427058;0.000073372152;0.000106696272;0.000045984428;
2017;10;21;12;1;0.000125330002;0.000071490606;0.000111647737;0.000045040434;
2017;10;21;13;1;0.000127529877;0.000068210046;0.000114450485;0.000045213856;
2017;10;21;14;1;0.000132395906;0.000066961895;0.000111144275;0.000045957801;
2017;10;21;15;1;0.000127101580;0.000065526739;0.000101762380;0.000049497557;
2017;10;21;16;1;0.000111819258;0.000059095198;0.000097950894;0.000044399561;
2017;10;21;17;1;0.000103917333;0.000055174036;0.000096849520;0.000039120375;
2017;10;21;18;1;0.000102966959;0.000054368481;0.000099862861;0.000035906196;
2017;10;21;19;1;0.000105781549;0.000062467143;0.000102966443;0.000049982543;
2017;10;21;20;1;0.000114328610;0.000092652298;0.000114103185;0.000094210124;
2017;10;21;21;1;0.000128663668;0.000150780260;0.000125482960;0.000234901971;
2017;10;21;22;1;0.000131565171;0.000155919884;0.000115281185;0.000247283229;
2017;10;21;23;1;0.000118455402;0.000153925079;0.000105165961;0.000248236747;
2017;10;21;24;1;0.000102452696;0.000152577349;0.000097019793;0.000233424543;
2017;10;22;1;1;0.000085615556;0.000142422789;0.000088020220;0.000175221254;
2017;10;22;2;1;0.000071326095;0.000132596615;0.000081323005;0.000172038240;
2017;10;22;3;1;0.000062990366;0.000126686117;0.000078338036;0.000167890667;
2017;10;22;4;1;0.000059070496;0.000124124904;0.000077151158;0.000166231785;
2017;10;22;5;1;0.000057527619;0.000124165755;0.000076563562;0.000164414415;
2017;10;22;6;1;0.000057078443;0.000123256666;0.000076990883;0.000162765298;
2017;10;22;7;1;0.000058924448;0.000124353051;0.000079144675;0.000156484614;
2017;10;22;8;1;0.000063836218;0.000111719630;0.000079265541;0.000141129981;
2017;10;22;9;1;0.000075338433;0.000067719046;0.000073361101;0.000049000284;
2017;10;22;10;1;0.000093817527;0.000061279867;0.000075931699;0.000037659774;
2017;10;22;11;1;0.000108400137;0.000068534586;0.000081506109;0.000042789078;
2017;10;22;12;1;0.000114105862;0.000069348433;0.000085929192;0.000046517434;
2017;10;22;13;1;0.000117378466;0.000066904704;0.000089219480;0.000046218385;
2017;10;22;14;1;0.000122320401;0.000065956604;0.000089147323;0.000043911846;
2017;10;22;15;1;0.000119301740;0.000063184492;0.000087473548;0.000045438820;
2017;10;22;16;1;0.000104437685;0.000055615066;0.000085210915;0.000041351801;
2017;10;22;17;1;0.000097227540;0.000051884827;0.000082610180;0.000038770421;
2017;10;22;18;1;0.000096911422;0.000051686510;0.000080856939;0.000044801532;
2017;10;22;19;1;0.000103593166;0.000065009397;0.000083448111;0.000067761426;
2017;10;22;20;1;0.000116540352;0.000096658243;0.000092674243;0.000104829337;
2017;10;22;21;1;0.000133278949;0.000154638567;0.000104236354;0.000239867137;
2017;10;22;22;1;0.000134178078;0.000158643706;0.000100600849;0.000249718375;
2017;10;22;23;1;0.000116783484;0.000153853756;0.000093931961;0.000241083587;
2017;10;22;24;1;0.000095202191;0.000148787746;0.000086314435;0.000219859587;
2017;10;23;1;1;0.000076194593;0.000134975675;0.000079628197;0.000170730678;
2017;10;23;2;1;0.000064170500;0.000125725644;0.000076817202;0.000173298660;
2017;10;23;3;1;0.000058267100;0.000121121534;0.000075428236;0.000170037177;
2017;10;23;4;1;0.000056035163;0.000119794362;0.000074561255;0.000165787655;
2017;10;23;5;1;0.000055334175;0.000119141348;0.000074741758;0.000163121195;
2017;10;23;6;1;0.000057179737;0.000120013134;0.000077120066;0.000164740172;
2017;10;23;7;1;0.000066671489;0.000125642208;0.000086876375;0.000160099284;
2017;10;23;8;1;0.000090830546;0.000120291671;0.000103056290;0.000148022579;
2017;10;23;9;1;0.000107687739;0.000084087564;0.000128296145;0.000065336897;
2017;10;23;10;1;0.000115755769;0.000069719042;0.000149170963;0.000045678036;
2017;10;23;11;1;0.000122988024;0.000068498430;0.000157516889;0.000047407058;
2017;10;23;12;1;0.000125226956;0.000065710495;0.000159660317;0.000047103550;
2017;10;23;13;1;0.000127872327;0.000063823024;0.000161290497;0.000048029964;
2017;10;23;14;1;0.000131196227;0.000063830647;0.000153373489;0.000050549764;
2017;10;23;15;1;0.000123340819;0.000062320468;0.000135510551;0.000051139761;
2017;10;23;16;1;0.000113073665;0.000057141878;0.000131927980;0.000044618811;
2017;10;23;17;1;0.000111356055;0.000054772082;0.000135716401;0.000043520643;
2017;10;23;18;1;0.000117781229;0.000056410741;0.000138318565;0.000050914333;
2017;10;23;19;1;0.000125626130;0.000073644095;0.000138352076;0.000077450761;
2017;10;23;20;1;0.000137380357;0.000106280040;0.000139698704;0.000122262343;
2017;10;23;21;1;0.000149515496;0.000155498972;0.000135859452;0.000242031976;
2017;10;23;22;1;0.000144403240;0.000158567410;0.000116347510;0.000250320545;
2017;10;23;23;1;0.000122356339;0.000153340313;0.000100328415;0.000242242741;
2017;10;23;24;1;0.000097881436;0.000147379618;0.000089575724;0.000221253467;
2017;10;24;1;1;0.000078492765;0.000136430664;0.000082489828;0.000170723248;
2017;10;24;2;1;0.000065396177;0.000127115087;0.000079038579;0.000175357670;
2017;10;24;3;1;0.000059366485;0.000122449839;0.000077516315;0.000172089212;
2017;10;24;4;1;0.000056937159;0.000121163118;0.000076792024;0.000166342801;
2017;10;24;5;1;0.000056119569;0.000120555221;0.000076663301;0.000162842166;
2017;10;24;6;1;0.000057992843;0.000121386709;0.000078965389;0.000161416743;
2017;10;24;7;1;0.000067657845;0.000127168564;0.000088764038;0.000158843478;
2017;10;24;8;1;0.000092629611;0.000125419626;0.000106201331;0.000150403525;
2017;10;24;9;1;0.000110636542;0.000085910179;0.000132248344;0.000065463442;
2017;10;24;10;1;0.000118452702;0.000070186549;0.000152792873;0.000045654119;
2017;10;24;11;1;0.000124730953;0.000068933983;0.000161540421;0.000045811169;
2017;10;24;12;1;0.000126611081;0.000066311998;0.000163150543;0.000046302294;
2017;10;24;13;1;0.000129946967;0.000064200411;0.000164871919;0.000048234361;
2017;10;24;14;1;0.000133170143;0.000064524756;0.000156436740;0.000047965390;
2017;10;24;15;1;0.000124974541;0.000061844944;0.000138301521;0.000046941252;
2017;10;24;16;1;0.000114741301;0.000057143565;0.000134237862;0.000040492170;
2017;10;24;17;1;0.000113958857;0.000055126833;0.000137179999;0.000038669928;
2017;10;24;18;1;0.000120189924;0.000056542382;0.000140475405;0.000046785249;
2017;10;24;19;1;0.000126919259;0.000070879177;0.000140813675;0.000069355923;
2017;10;24;20;1;0.000138045058;0.000102198062;0.000142806206;0.000112108882;
2017;10;24;21;1;0.000151568072;0.000157420386;0.000140226310;0.000240825902;
2017;10;24;22;1;0.000146516888;0.000160760896;0.000120040767;0.000249303103;
2017;10;24;23;1;0.000124996509;0.000155146649;0.000102902209;0.000244163031;
2017;10;24;24;1;0.000100041034;0.000149667220;0.000091510704;0.000225269506;
2017;10;25;1;1;0.000079227710;0.000137200939;0.000083481844;0.000171384504;
2017;10;25;2;1;0.000065975388;0.000127768650;0.000079948971;0.000175948582;
2017;10;25;3;1;0.000059865302;0.000123023952;0.000078373839;0.000172591299;
2017;10;25;4;1;0.000057434261;0.000121770840;0.000077666820;0.000166882450;
2017;10;25;5;1;0.000056624557;0.000121192049;0.000077557207;0.000163413816;
2017;10;25;6;1;0.000058509457;0.000122017021;0.000079878997;0.000161968908;
2017;10;25;7;1;0.000068253921;0.000127816472;0.000089782285;0.000159371347;
2017;10;25;8;1;0.000093428052;0.000126034826;0.000107399329;0.000150874859;
2017;10;25;9;1;0.000111550923;0.000086301196;0.000133693095;0.000065645479;
2017;10;25;10;1;0.000119409992;0.000070493196;0.000154434012;0.000045772757;
2017;10;25;11;1;0.000125672405;0.000069198499;0.000163189066;0.000045905896;
2017;10;25;12;1;0.000127602392;0.000066585065;0.000164861703;0.000046411010;
2017;10;25;13;1;0.000130999822;0.000064482220;0.000166646197;0.000048360691;
2017;10;25;14;1;0.000134266382;0.000064816326;0.000158140584;0.000048097202;
2017;10;25;15;1;0.000125981372;0.000062113585;0.000139783496;0.000047062053;
2017;10;25;16;1;0.000115703618;0.000057410604;0.000135720782;0.000040609686;
2017;10;25;17;1;0.000114884889;0.000055370122;0.000138659548;0.000038772125;
2017;10;25;18;1;0.000121207364;0.000056811029;0.000142038277;0.000046924678;
2017;10;25;19;1;0.000127935791;0.000071183741;0.000142315933;0.000069531163;
2017;10;25;20;1;0.000139112262;0.000102608850;0.000144289853;0.000112361099;
2017;10;25;21;1;0.000152662430;0.000157973061;0.000141611366;0.000241245407;
2017;10;25;22;1;0.000147615540;0.000161369862;0.000121259931;0.000249806358;
2017;10;25;23;1;0.000125915710;0.000155711987;0.000103932384;0.000244620783;
2017;10;25;24;1;0.000100769146;0.000150201308;0.000092419893;0.000225674883;
2017;10;26;1;1;0.000078601500;0.000136626244;0.000082591887;0.000170978472;
2017;10;26;2;1;0.000065426179;0.000127179533;0.000079063148;0.000175457334;
2017;10;26;3;1;0.000059365119;0.000122452922;0.000077503070;0.000172104099;
2017;10;26;4;1;0.000056931039;0.000121155933;0.000076772417;0.000166343138;
2017;10;26;5;1;0.000056129484;0.000120582330;0.000076665508;0.000162888773;
2017;10;26;6;1;0.000057990494;0.000121387641;0.000078950515;0.000161427880;
2017;10;26;7;1;0.000067664716;0.000127187607;0.000088759927;0.000158877007;
2017;10;26;8;1;0.000092585041;0.000125365319;0.000106134536;0.000150347621;
2017;10;26;9;1;0.000110537277;0.000085837236;0.000132110153;0.000065411870;
2017;10;26;10;1;0.000118281510;0.000070088491;0.000152549493;0.000045593131;
2017;10;26;11;1;0.000124495152;0.000068806981;0.000161211194;0.000045729572;
2017;10;26;12;1;0.000126378980;0.000066193626;0.000162827380;0.000046222475;
2017;10;26;13;1;0.000129791348;0.000064126618;0.000164650127;0.000048181874;
2017;10;26;14;1;0.000133101593;0.000064494650;0.000156333096;0.000047945950;
2017;10;26;15;1;0.000124962165;0.000061841800;0.000138267378;0.000046941744;
2017;10;26;16;1;0.000114754733;0.000057153009;0.000134233726;0.000040501346;
2017;10;26;17;1;0.000113948736;0.000055124594;0.000137147536;0.000038670729;
2017;10;26;18;1;0.000120243891;0.000056570497;0.000140517701;0.000046811382;
2017;10;26;19;1;0.000126929130;0.000070888106;0.000140803806;0.000069368914;
2017;10;26;20;1;0.000138050690;0.000102207156;0.000142790917;0.000112125734;
2017;10;26;21;1;0.000151451612;0.000157307011;0.000140097848;0.000240667216;
2017;10;26;22;1;0.000146373927;0.000160611777;0.000119905909;0.000249087127;
2017;10;26;23;1;0.000124896212;0.000155029631;0.000102804438;0.000243993836;
2017;10;26;24;1;0.000100013077;0.000149632606;0.000091471605;0.000225231219;
2017;10;27;1;1;0.000079803853;0.000139231962;0.000083849692;0.000173155178;
2017;10;27;2;1;0.000066385420;0.000129547063;0.000080053095;0.000178735402;
2017;10;27;3;1;0.000060006171;0.000124703262;0.000078114966;0.000175318053;
2017;10;27;4;1;0.000057435091;0.000123096550;0.000077015968;0.000170817044;
2017;10;27;5;1;0.000056448901;0.000121963814;0.000076871109;0.000168183966;
2017;10;27;6;1;0.000058351761;0.000122678000;0.000079392121;0.000166232050;
2017;10;27;7;1;0.000067732760;0.000128487303;0.000089227928;0.000163126752;
2017;10;27;8;1;0.000091914763;0.000127242538;0.000106565763;0.000152936674;
2017;10;27;9;1;0.000110364708;0.000086769624;0.000131331546;0.000065724048;
2017;10;27;10;1;0.000118333449;0.000071021665;0.000151319605;0.000046596093;
2017;10;27;11;1;0.000125400086;0.000069559265;0.000159853355;0.000047995488;
2017;10;27;12;1;0.000127089040;0.000066812380;0.000161717547;0.000047473945;
2017;10;27;13;1;0.000130023983;0.000064728475;0.000163531398;0.000048758059;
2017;10;27;14;1;0.000133055778;0.000064981402;0.000155408742;0.000048977929;
2017;10;27;15;1;0.000126689038;0.000063338297;0.000137113516;0.000048518166;
2017;10;27;16;1;0.000116627569;0.000058296126;0.000128778070;0.000045445472;
2017;10;27;17;1;0.000114290642;0.000056164649;0.000128218985;0.000041582490;
2017;10;27;18;1;0.000119079643;0.000057386532;0.000130923951;0.000049030892;
2017;10;27;19;1;0.000123841535;0.000070566535;0.000133067946;0.000069417995;
2017;10;27;20;1;0.000131696717;0.000100335220;0.000138643220;0.000111120833;
2017;10;27;21;1;0.000141649133;0.000154793875;0.000141089902;0.000238608594;
2017;10;27;22;1;0.000138395052;0.000158676293;0.000123974418;0.000245212769;
2017;10;27;23;1;0.000122383484;0.000155382195;0.000108676915;0.000241285313;
2017;10;27;24;1;0.000103465117;0.000152546887;0.000098175036;0.000225633692;
2017;10;28;1;1;0.000085345365;0.000141688681;0.000087039228;0.000171806303;
2017;10;28;2;1;0.000071714844;0.000132400334;0.000081088089;0.000177073649;
2017;10;28;3;1;0.000063279546;0.000126430569;0.000078187432;0.000177248792;
2017;10;28;4;1;0.000059115832;0.000125071891;0.000076688774;0.000171516431;
2017;10;28;5;1;0.000056987629;0.000124341285;0.000075979712;0.000165478357;
2017;10;28;6;1;0.000057251516;0.000124237039;0.000077013567;0.000164057773;
2017;10;28;7;1;0.000059985725;0.000126875550;0.000080752356;0.000165327697;
2017;10;28;8;1;0.000067610376;0.000122123870;0.000084910553;0.000156408633;
2017;10;28;9;1;0.000083245344;0.000078041538;0.000085223597;0.000060806865;
2017;10;28;10;1;0.000104904473;0.000068691178;0.000093392428;0.000040543469;
2017;10;28;11;1;0.000119806846;0.000072810229;0.000104807151;0.000045762689;
2017;10;28;12;1;0.000123511297;0.000070859093;0.000109541093;0.000044770175;
2017;10;28;13;1;0.000125786182;0.000067665035;0.000112386498;0.000044980795;
2017;10;28;14;1;0.000130557138;0.000066412339;0.000109116058;0.000045710913;
2017;10;28;15;1;0.000125460570;0.000065053376;0.000100004391;0.000049280449;
2017;10;28;16;1;0.000110378988;0.000058670119;0.000096261742;0.000044206189;
2017;10;28;17;1;0.000102652440;0.000054816463;0.000095247649;0.000038977940;
2017;10;28;18;1;0.000101668234;0.000053992019;0.000098167314;0.000035759495;
2017;10;28;19;1;0.000104477495;0.000062052524;0.000101247439;0.000049792710;
2017;10;28;20;1;0.000113027774;0.000092125832;0.000112306147;0.000093942566;
2017;10;28;21;1;0.000127000086;0.000149688194;0.000123312853;0.000233867210;
2017;10;28;22;1;0.000129857759;0.000154783067;0.000113282000;0.000246181957;
2017;10;28;23;1;0.000116925062;0.000152811873;0.000103348325;0.000247145893;
2017;10;28;24;1;0.000101158235;0.000151517534;0.000095370422;0.000232465741;
2017;10;29;1;1;0.000084881860;0.000141836414;0.000087033870;0.000174884164;
2017;10;29;2;1;0.000070710815;0.000132043154;0.000080407111;0.000171697467;
2017;10;29;2;0;0.000066332839;0.000128621047;0.000078638327;0.000168997435;
2017;10;29;3;0;0.000062271196;0.000125802176;0.000077237711;0.000167086410;
2017;10;29;4;0;0.000058434389;0.000123339694;0.000076117406;0.000165544003;
2017;10;29;5;0;0.000056952308;0.000123476075;0.000075596329;0.000163861271;
2017;10;29;6;0;0.000056530364;0.000122621362;0.000076048843;0.000162282983;
2017;10;29;7;0;0.000058403178;0.000123806502;0.000078235939;0.000156139972;
2017;10;29;8;0;0.000063236871;0.000111167738;0.000078312538;0.000140742095;
2017;10;29;9;0;0.000074861306;0.000067592374;0.000072702660;0.000049016343;
2017;10;29;10;0;0.000093399395;0.000061280733;0.000075392274;0.000037743250;
2017;10;29;11;0;0.000107591840;0.000068329045;0.000080683236;0.000042754706;
2017;10;29;12;0;0.000113089980;0.000069039696;0.000084937709;0.000046412335;
2017;10;29;13;0;0.000116191816;0.000066525755;0.000088082664;0.000046057820;
2017;10;29;14;0;0.000121211563;0.000065652232;0.000088104300;0.000043805471;
2017;10;29;15;0;0.000118126975;0.000062843282;0.000086381888;0.000045292975;
2017;10;29;16;0;0.000103464515;0.000055344275;0.000084192434;0.000041241089;
2017;10;29;17;0;0.000096550318;0.000051754824;0.000081816636;0.000038758452;
2017;10;29;18;0;0.000096509940;0.000051703547;0.000080307854;0.000044915004;
2017;10;29;19;0;0.000103591671;0.000065300412;0.000083225016;0.000068214668;
2017;10;29;20;0;0.000116347140;0.000096931366;0.000092274580;0.000105357079;
2017;10;29;21;0;0.000131998354;0.000153840551;0.000102960304;0.000239154858;
2017;10;29;22;0;0.000132696950;0.000157597119;0.000099225813;0.000248617315;
2017;10;29;23;0;0.000115527792;0.000152883001;0.000092674890;0.000240090064;
2017;10;29;24;0;0.000094077840;0.000147690857;0.000085068244;0.000218719398;
2017;10;30;1;0;0.000075615001;0.000134298541;0.000078905316;0.000170066073;
2017;10;30;2;0;0.000063730214;0.000125188891;0.000076177024;0.000172753741;
2017;10;30;3;0;0.000057877958;0.000120626613;0.000074813386;0.000169533679;
2017;10;30;4;0;0.000055694538;0.000119376907;0.000073998130;0.000165396556;
2017;10;30;5;0;0.000055003669;0.000118738814;0.000074185171;0.000162753718;
2017;10;30;6;0;0.000056889070;0.000119714687;0.000076614265;0.000164516137;
2017;10;30;7;0;0.000066334506;0.000125333418;0.000086309104;0.000159886224;
2017;10;30;8;0;0.000090260439;0.000119848624;0.000102257598;0.000147643996;
2017;10;30;9;0;0.000106941434;0.000083722750;0.000127218104;0.000065126922;
2017;10;30;10;0;0.000115099780;0.000069504871;0.000148105678;0.000045589159;
2017;10;30;11;0;0.000122306198;0.000068296467;0.000156411375;0.000047320678;
2017;10;30;12;0;0.000124595996;0.000065550043;0.000158620320;0.000047041613;
2017;10;30;13;0;0.000127209827;0.000063658068;0.000160216944;0.000047959943;
2017;10;30;14;0;0.000130630373;0.000063721215;0.000152485549;0.000050520107;
2017;10;30;15;0;0.000122856996;0.000062238018;0.000134778850;0.000051129796;
2017;10;30;16;0;0.000112571779;0.000057036721;0.000131147659;0.000044587011;
2017;10;30;17;0;0.000110927852;0.000054703862;0.000134994063;0.000043515540;
2017;10;30;18;0;0.000117498963;0.000056422423;0.000137782480;0.000050982404;
2017;10;30;19;0;0.000126048763;0.000074084698;0.000138611689;0.000078002155;
2017;10;30;20;0;0.000137508752;0.000106657005;0.000139621933;0.000122834601;
2017;10;30;21;0;0.000148823774;0.000155183522;0.000135030393;0.000241813843;
2017;10;30;22;0;0.000143554178;0.000158046472;0.000115491909;0.000249780022;
2017;10;30;23;0;0.000121644995;0.000152846709;0.000099597237;0.000241735730;
2017;10;30;24;0;0.000097320500;0.000146917457;0.000088930328;0.000220808806;
2017;10;31;1;0;0.000077955483;0.000135941351;0.000081727881;0.000170415545;
2017;10;31;2;0;0.000064943690;0.000126649724;0.000078302661;0.000175028540;
2017;10;31;3;0;0.000058976977;0.000122045545;0.000076822261;0.000171828151;
2017;10;31;4;0;0.000056565266;0.000120766652;0.000076106711;0.000166095380;
2017;10;31;5;0;0.000055791622;0.000120243948;0.000076031747;0.000162712542;
2017;10;31;6;0;0.000057687681;0.000121144127;0.000078360691;0.000161382619;
2017;10;31;7;0;0.000067310642;0.000126931054;0.000088095844;0.000158830704;
2017;10;31;8;0;0.000092034314;0.000125022445;0.000105264686;0.000150195686;
2017;10;31;9;0;0.000109838501;0.000085570324;0.000130978209;0.000065321228;
2017;10;31;10;0;0.000117761066;0.000070005666;0.000151534895;0.000045617998;
2017;10;31;11;0;0.000123933365;0.000068717907;0.000160120896;0.000045749345;
2017;10;31;12;0;0.000125847873;0.000066128524;0.000161776520;0.000046256863;
2017;10;31;13;0;0.000129121621;0.000064001946;0.000163430200;0.000048171354;
2017;10;31;14;0;0.000132343059;0.000064334395;0.000155090736;0.000047909516;
2017;10;31;15;0;0.000124181490;0.000061654115;0.000137092934;0.000046880204;
2017;10;31;16;0;0.000114035884;0.000056978583;0.000133091277;0.000040447559;
2017;10;31;17;0;0.000113167979;0.000054923862;0.000135899879;0.000038596537;
2017;10;31;18;0;0.000119464581;0.000056385541;0.000139291365;0.000046739014;
2017;10;31;19;0;0.000126883727;0.000071091816;0.000140435218;0.000069688555;
2017;10;31;20;0;0.000137626105;0.000102222186;0.000142029919;0.000112336136;
2017;10;31;21;0;0.000150036144;0.000156340570;0.000138474713;0.000239602236;
2017;10;31;22;0;0.000144932375;0.000159544079;0.000118456606;0.000247859124;
2017;10;31;23;0;0.000123718056;0.000154063638;0.000101604443;0.000242892784;
2017;10;31;24;0;0.000099133853;0.000148796617;0.000090462485;0.000224360153;
