AŃO;MES;DIA;HORA;VERANO(1)/INVIERNO(0);COEF. PERFIL A;COEF. PERFIL B;COEF. PERFIL C;COEF. PERFIL D;
2018;01;01;1;0;0.000097637745;0.000207177652;0.000073265126;0.000169082935;
2018;01;01;2;0;0.000081101200;0.000193285525;0.000069003891;0.000177924360;
2018;01;01;3;0;0.000069284258;0.000178326820;0.000066857923;0.000168366265;
2018;01;01;4;0;0.000061924258;0.000166968897;0.000065568315;0.000161724688;
2018;01;01;5;0;0.000058079764;0.000161518902;0.000064910452;0.000153800867;
2018;01;01;6;0;0.000056880656;0.000169063331;0.000065470758;0.000149571085;
2018;01;01;7;0;0.000058561146;0.000172508843;0.000067582791;0.000147683441;
2018;01;01;8;0;0.000062845810;0.000169949258;0.000069847613;0.000146894075;
2018;01;01;9;0;0.000073077735;0.000133072549;0.000065303104;0.000080493614;
2018;01;01;10;0;0.000092995179;0.000110960998;0.000064471869;0.000049962631;
2018;01;01;11;0;0.000112762282;0.000114890509;0.000069052344;0.000055753025;
2018;01;01;12;0;0.000123600448;0.000108494728;0.000073182777;0.000059197981;
2018;01;01;13;0;0.000127888930;0.000082571233;0.000075735789;0.000058673756;
2018;01;01;14;0;0.000132334879;0.000081746037;0.000075349897;0.000059300064;
2018;01;01;15;0;0.000131442003;0.000080710848;0.000072549593;0.000061381377;
2018;01;01;16;0;0.000118974876;0.000072522747;0.000069572699;0.000055908788;
2018;01;01;17;0;0.000112930960;0.000068161534;0.000067743210;0.000051464340;
2018;01;01;18;0;0.000115187131;0.000070290848;0.000068789921;0.000052372613;
2018;01;01;19;0;0.000130836054;0.000122260185;0.000081222350;0.000139666685;
2018;01;01;20;0;0.000142811072;0.000151964177;0.000087393242;0.000212346912;
2018;01;01;21;0;0.000151851466;0.000157347668;0.000086695737;0.000218657060;
2018;01;01;22;0;0.000153126668;0.000162397950;0.000082949066;0.000220657485;
2018;01;01;23;0;0.000135413921;0.000206450558;0.000077129036;0.000209197759;
2018;01;01;24;0;0.000111101339;0.000214051427;0.000071522709;0.000182429597;
2018;01;02;1;0;0.000087898632;0.000201050459;0.000071948195;0.000161492572;
2018;01;02;2;0;0.000068976693;0.000184055008;0.000069360829;0.000170055005;
2018;01;02;3;0;0.000060551501;0.000170176073;0.000067848432;0.000163926301;
2018;01;02;4;0;0.000056709108;0.000160791716;0.000067179412;0.000156869936;
2018;01;02;5;0;0.000055687907;0.000157270622;0.000067372630;0.000150033498;
2018;01;02;6;0;0.000057764194;0.000166297076;0.000069802122;0.000146804206;
2018;01;02;7;0;0.000068393920;0.000175016368;0.000080024736;0.000148732934;
2018;01;02;8;0;0.000094792685;0.000184999248;0.000102467932;0.000154697544;
2018;01;02;9;0;0.000117442879;0.000156492140;0.000136667190;0.000098763981;
2018;01;02;10;0;0.000130441892;0.000130030855;0.000158173200;0.000069808462;
2018;01;02;11;0;0.000142098721;0.000124747499;0.000166185294;0.000069624314;
2018;01;02;12;0;0.000143119209;0.000110556674;0.000164905437;0.000066018527;
2018;01;02;13;0;0.000143699267;0.000082606718;0.000162188910;0.000064383481;
2018;01;02;14;0;0.000145928901;0.000082699268;0.000150767454;0.000065300721;
2018;01;02;15;0;0.000139907218;0.000081139116;0.000129273366;0.000061871178;
2018;01;02;16;0;0.000133911071;0.000076631769;0.000122712662;0.000057656130;
2018;01;02;17;0;0.000133939803;0.000074536404;0.000124906999;0.000055806802;
2018;01;02;18;0;0.000141600016;0.000076944629;0.000130139938;0.000059114144;
2018;01;02;19;0;0.000156380939;0.000123973431;0.000139914517;0.000129862516;
2018;01;02;20;0;0.000167202519;0.000159627597;0.000137454280;0.000215747944;
2018;01;02;21;0;0.000171763981;0.000165459770;0.000121654628;0.000224033291;
2018;01;02;22;0;0.000167534131;0.000169428266;0.000102978481;0.000228085461;
2018;01;02;23;0;0.000146565207;0.000212177667;0.000088124988;0.000213483749;
2018;01;02;24;0;0.000118137076;0.000217702574;0.000078979365;0.000186024763;
2018;01;03;1;0;0.000092368388;0.000209117557;0.000075859077;0.000173389970;
2018;01;03;2;0;0.000072490926;0.000191548762;0.000073144622;0.000183077358;
2018;01;03;3;0;0.000063626775;0.000176946540;0.000071527989;0.000175865009;
2018;01;03;4;0;0.000059585375;0.000167125656;0.000070813561;0.000168051742;
2018;01;03;5;0;0.000058508381;0.000163401187;0.000071007594;0.000160494017;
2018;01;03;6;0;0.000060670168;0.000172446345;0.000073520576;0.000155771433;
2018;01;03;7;0;0.000071771554;0.000180528716;0.000084139608;0.000154158229;
2018;01;03;8;0;0.000099430296;0.000190319033;0.000107641978;0.000158438623;
2018;01;03;9;0;0.000123138165;0.000160593588;0.000143450322;0.000100033781;
2018;01;03;10;0;0.000136735503;0.000133250660;0.000165945876;0.000070269221;
2018;01;03;11;0;0.000148906203;0.000127587316;0.000174238100;0.000069500008;
2018;01;03;12;0;0.000149956978;0.000112989995;0.000172853410;0.000065696792;
2018;01;03;13;0;0.000150557096;0.000084399239;0.000169988687;0.000063986943;
2018;01;03;14;0;0.000152903859;0.000084529792;0.000158040185;0.000065023997;
2018;01;03;15;0;0.000146585532;0.000082905236;0.000135492956;0.000061513962;
2018;01;03;16;0;0.000140293518;0.000078267055;0.000128598871;0.000057214295;
2018;01;03;17;0;0.000140305026;0.000076066147;0.000130863740;0.000055183606;
2018;01;03;18;0;0.000148317491;0.000078485647;0.000136324485;0.000058321768;
2018;01;03;19;0;0.000163798127;0.000126449910;0.000146560945;0.000128102248;
2018;01;03;20;0;0.000175145889;0.000162887609;0.000144005028;0.000213211259;
2018;01;03;21;0;0.000179930325;0.000168875177;0.000127461335;0.000221627677;
2018;01;03;22;0;0.000175481162;0.000172820951;0.000107871490;0.000225111340;
2018;01;03;23;0;0.000153537592;0.000216597743;0.000092336372;0.000211455175;
2018;01;03;24;0;0.000123763787;0.000222310289;0.000082762667;0.000184521445;
2018;01;04;1;0;0.000092490898;0.000209545041;0.000075984105;0.000174543299;
2018;01;04;2;0;0.000072586538;0.000191932172;0.000073264107;0.000184266047;
2018;01;04;3;0;0.000063716130;0.000177391669;0.000071657059;0.000177403862;
2018;01;04;4;0;0.000059678723;0.000167708722;0.000070964325;0.000170231013;
2018;01;04;5;0;0.000058598695;0.000163949470;0.000071155525;0.000162495288;
2018;01;04;6;0;0.000060755781;0.000172889275;0.000073654298;0.000157203147;
2018;01;04;7;0;0.000071872478;0.000180988575;0.000084291860;0.000155584245;
2018;01;04;8;0;0.000099561496;0.000190704682;0.000107818090;0.000159543278;
2018;01;04;9;0;0.000123273301;0.000160703632;0.000143621209;0.000100133370;
2018;01;04;10;0;0.000136859523;0.000133189284;0.000166080313;0.000069985523;
2018;01;04;11;0;0.000149023776;0.000127438928;0.000174338352;0.000069010034;
2018;01;04;12;0;0.000150079667;0.000112878101;0.000172962763;0.000065284265;
2018;01;04;13;0;0.000150689892;0.000084347944;0.000170117938;0.000063690662;
2018;01;04;14;0;0.000153024355;0.000084431075;0.000158130680;0.000064569037;
2018;01;04;15;0;0.000146710847;0.000082841514;0.000135588642;0.000061188246;
2018;01;04;16;0;0.000140438715;0.000078291164;0.000128735974;0.000057175189;
2018;01;04;17;0;0.000140457681;0.000076113806;0.000131017151;0.000055222296;
2018;01;04;18;0;0.000148468756;0.000078502731;0.000136465714;0.000058259118;
2018;01;04;19;0;0.000163952134;0.000126416928;0.000146689421;0.000127697191;
2018;01;04;20;0;0.000175298097;0.000162775369;0.000144110747;0.000212136391;
2018;01;04;21;0;0.000180066418;0.000168644754;0.000127526185;0.000219863198;
2018;01;04;22;0;0.000175615014;0.000172592551;0.000107927789;0.000223378045;
2018;01;04;23;0;0.000153641790;0.000216203646;0.000092369067;0.000209394481;
2018;01;04;24;0;0.000123856844;0.000222003322;0.000082804093;0.000183072134;
2018;01;05;1;0;0.000092292640;0.000217995571;0.000074416559;0.000180188591;
2018;01;05;2;0;0.000072769182;0.000199058007;0.000071354133;0.000190188329;
2018;01;05;3;0;0.000063454707;0.000184892852;0.000069866062;0.000184057415;
2018;01;05;4;0;0.000059104864;0.000174726845;0.000069111975;0.000176992290;
2018;01;05;5;0;0.000057979737;0.000170444600;0.000069257918;0.000170249710;
2018;01;05;6;0;0.000059916200;0.000180165659;0.000071939832;0.000165753444;
2018;01;05;7;0;0.000070784122;0.000188323844;0.000081798787;0.000164256301;
2018;01;05;8;0;0.000097258801;0.000196226281;0.000103420914;0.000168292802;
2018;01;05;9;0;0.000120676899;0.000162492651;0.000135921079;0.000100284770;
2018;01;05;10;0;0.000134039790;0.000134484498;0.000157371743;0.000066840557;
2018;01;05;11;0;0.000146659859;0.000128078701;0.000165120602;0.000067510210;
2018;01;05;12;0;0.000148408432;0.000113323696;0.000164187208;0.000068051551;
2018;01;05;13;0;0.000148721627;0.000084548030;0.000161812231;0.000065472122;
2018;01;05;14;0;0.000150334179;0.000084211640;0.000151109619;0.000063370243;
2018;01;05;15;0;0.000144639021;0.000082844603;0.000128500946;0.000063743258;
2018;01;05;16;0;0.000139261388;0.000077791760;0.000118425303;0.000057979260;
2018;01;05;17;0;0.000139034070;0.000075359380;0.000118225172;0.000055470419;
2018;01;05;18;0;0.000145344976;0.000077494290;0.000123052831;0.000058957333;
2018;01;05;19;0;0.000158037932;0.000125373517;0.000135052330;0.000133136370;
2018;01;05;20;0;0.000166246222;0.000161417618;0.000136080377;0.000220540348;
2018;01;05;21;0;0.000167561309;0.000165342334;0.000124493995;0.000227310918;
2018;01;05;22;0;0.000165325655;0.000169957752;0.000107585955;0.000228880368;
2018;01;05;23;0;0.000148676178;0.000218350968;0.000093273640;0.000213478598;
2018;01;05;24;0;0.000125262231;0.000228300308;0.000084579682;0.000185386951;
2018;01;06;1;0;0.000110962661;0.000223519004;0.000083479944;0.000179781996;
2018;01;06;2;0;0.000092088094;0.000207436580;0.000078486216;0.000185003562;
2018;01;06;3;0;0.000078678003;0.000191494248;0.000076060233;0.000175492478;
2018;01;06;4;0;0.000070337026;0.000179554757;0.000074628958;0.000169591108;
2018;01;06;5;0;0.000065996377;0.000174105614;0.000073938700;0.000162917651;
2018;01;06;6;0;0.000064643500;0.000182401203;0.000074599255;0.000159045616;
2018;01;06;7;0;0.000066552340;0.000186101792;0.000077003460;0.000156976604;
2018;01;06;8;0;0.000071436804;0.000183573464;0.000079617683;0.000156998110;
2018;01;06;9;0;0.000083128882;0.000144381947;0.000074547757;0.000087730533;
2018;01;06;10;0;0.000105884121;0.000121069081;0.000073735943;0.000055835674;
2018;01;06;11;0;0.000128435261;0.000125615467;0.000079029124;0.000062855886;
2018;01;06;12;0;0.000140721613;0.000118324561;0.000083686871;0.000065975899;
2018;01;06;13;0;0.000145540851;0.000089816889;0.000086530998;0.000064642839;
2018;01;06;14;0;0.000150472914;0.000088468349;0.000085944344;0.000063908237;
2018;01;06;15;0;0.000149372133;0.000087048481;0.000082655624;0.000065172843;
2018;01;06;16;0;0.000135205368;0.000078220882;0.000079265239;0.000059372721;
2018;01;06;17;0;0.000128338854;0.000073523556;0.000077183171;0.000054673760;
2018;01;06;18;0;0.000130888024;0.000075768653;0.000078357974;0.000055471601;
2018;01;06;19;0;0.000148581120;0.000131315101;0.000092408995;0.000145629167;
2018;01;06;20;0;0.000162155577;0.000163069198;0.000099399469;0.000220516290;
2018;01;06;21;0;0.000172390831;0.000168671524;0.000098572159;0.000226051311;
2018;01;06;22;0;0.000173853272;0.000174175634;0.000094328304;0.000228672297;
2018;01;06;23;0;0.000153754971;0.000221530319;0.000087723622;0.000217315015;
2018;01;06;24;0;0.000126204132;0.000230284901;0.000081417815;0.000191654517;
2018;01;07;1;0;0.000117698029;0.000230570461;0.000088558174;0.000179436000;
2018;01;07;2;0;0.000097683260;0.000214053026;0.000083270010;0.000184924181;
2018;01;07;3;0;0.000083449491;0.000197475136;0.000080678939;0.000174917998;
2018;01;07;4;0;0.000074603776;0.000185178792;0.000079163086;0.000169092593;
2018;01;07;5;0;0.000070004417;0.000179630181;0.000078441212;0.000162724465;
2018;01;07;6;0;0.000068572738;0.000188243739;0.000079149732;0.000159048483;
2018;01;07;7;0;0.000070614659;0.000192340790;0.000081740054;0.000157956963;
2018;01;07;8;0;0.000075807718;0.000189885584;0.000084538412;0.000158562156;
2018;01;07;9;0;0.000088223850;0.000149434080;0.000079170679;0.000088825330;
2018;01;07;10;0;0.000112358592;0.000125203720;0.000078287374;0.000056331311;
2018;01;07;11;0;0.000136284335;0.000129882011;0.000083902015;0.000063376241;
2018;01;07;12;0;0.000149322024;0.000122346625;0.000088847567;0.000066536964;
2018;01;07;13;0;0.000154489857;0.000093065057;0.000091931402;0.000065787094;
2018;01;07;14;0;0.000159861126;0.000092136002;0.000091463571;0.000066480809;
2018;01;07;15;0;0.000158781203;0.000090963304;0.000088062860;0.000068776921;
2018;01;07;16;0;0.000143763313;0.000081879692;0.000084499172;0.000063127375;
2018;01;07;17;0;0.000136452664;0.000076931057;0.000082268195;0.000058035586;
2018;01;07;18;0;0.000139141876;0.000079209293;0.000083495135;0.000058670671;
2018;01;07;19;0;0.000157964212;0.000137348705;0.000098484193;0.000154374512;
2018;01;07;20;0;0.000172393861;0.000170550554;0.000105931753;0.000233713953;
2018;01;07;21;0;0.000183321735;0.000176677760;0.000105103242;0.000241156632;
2018;01;07;22;0;0.000184829470;0.000182160827;0.000100526537;0.000242283343;
2018;01;07;23;0;0.000163374635;0.000230940492;0.000093387609;0.000227023731;
2018;01;07;24;0;0.000134027096;0.000239285040;0.000086580362;0.000197420153;
2018;01;08;1;0;0.000103729773;0.000222987311;0.000082829311;0.000171398145;
2018;01;08;2;0;0.000082116190;0.000204645429;0.000080077841;0.000179271899;
2018;01;08;3;0;0.000071650357;0.000189019716;0.000078691284;0.000170692805;
2018;01;08;4;0;0.000067060519;0.000178950212;0.000078106466;0.000165539434;
2018;01;08;5;0;0.000065631385;0.000174240108;0.000078601316;0.000159544185;
2018;01;08;6;0;0.000068002119;0.000184289954;0.000081596888;0.000157110518;
2018;01;08;7;0;0.000079946697;0.000193146177;0.000093640279;0.000159189016;
2018;01;08;8;0;0.000109609840;0.000203530754;0.000119631592;0.000167944388;
2018;01;08;9;0;0.000136293284;0.000172276995;0.000160681779;0.000109170257;
2018;01;08;10;0;0.000153075338;0.000142398324;0.000186995062;0.000075627107;
2018;01;08;11;0;0.000168018995;0.000137218992;0.000197180868;0.000075395373;
2018;01;08;12;0;0.000170470426;0.000121838989;0.000196069821;0.000071957510;
2018;01;08;13;0;0.000171195720;0.000091252892;0.000192919136;0.000068915533;
2018;01;08;14;0;0.000174293813;0.000091280745;0.000179484970;0.000069588699;
2018;01;08;15;0;0.000166685379;0.000089847361;0.000154260521;0.000066121447;
2018;01;08;16;0;0.000159128152;0.000084386362;0.000145739222;0.000060857715;
2018;01;08;17;0;0.000158810751;0.000082022160;0.000148215121;0.000060988770;
2018;01;08;18;0;0.000167281225;0.000084362362;0.000154609148;0.000064521891;
2018;01;08;19;0;0.000183686356;0.000137392664;0.000165020261;0.000143072022;
2018;01;08;20;0;0.000195302010;0.000174089578;0.000161125704;0.000224446803;
2018;01;08;21;0;0.000200668639;0.000179970841;0.000142788725;0.000231509271;
2018;01;08;22;0;0.000196892007;0.000184930394;0.000121057109;0.000235713467;
2018;01;08;23;0;0.000172408145;0.000232222432;0.000103963707;0.000222099995;
2018;01;08;24;0;0.000138486494;0.000237300639;0.000093748795;0.000193318458;
2018;01;09;1;0;0.000106528934;0.000226962008;0.000087627624;0.000180527139;
2018;01;09;2;0;0.000083608648;0.000207960102;0.000084501112;0.000190860945;
2018;01;09;3;0;0.000073398876;0.000192322320;0.000082664605;0.000184201224;
2018;01;09;4;0;0.000068751011;0.000181873244;0.000081872821;0.000176955174;
2018;01;09;5;0;0.000067508502;0.000177821628;0.000082097501;0.000168988311;
2018;01;09;6;0;0.000070007103;0.000187732149;0.000085013291;0.000164244395;
2018;01;09;7;0;0.000082844165;0.000196919337;0.000097356249;0.000163949174;
2018;01;09;8;0;0.000114853132;0.000208507892;0.000124731118;0.000171800988;
2018;01;09;9;0;0.000142274280;0.000176208270;0.000166308292;0.000109185130;
2018;01;09;10;0;0.000157904378;0.000145759240;0.000192192634;0.000075666018;
2018;01;09;11;0;0.000171927355;0.000139408421;0.000201721393;0.000074472940;
2018;01;09;12;0;0.000173131482;0.000123419713;0.000200097254;0.000070301450;
2018;01;09;13;0;0.000173799951;0.000092112311;0.000196725802;0.000068223329;
2018;01;09;14;0;0.000176526137;0.000092308537;0.000182933453;0.000069504280;
2018;01;09;15;0;0.000169250643;0.000090595175;0.000156869880;0.000065941392;
2018;01;09;16;0;0.000162058331;0.000085756479;0.000149021496;0.000062043403;
2018;01;09;17;0;0.000162101520;0.000083437450;0.000151702021;0.000060132078;
2018;01;09;18;0;0.000171334135;0.000086018066;0.000157987051;0.000063327014;
2018;01;09;19;0;0.000189189407;0.000138463490;0.000169800335;0.000138561399;
2018;01;09;20;0;0.000202305042;0.000178409847;0.000166853662;0.000230889008;
2018;01;09;21;0;0.000207817945;0.000184895673;0.000147665929;0.000239583660;
2018;01;09;22;0;0.000202613608;0.000188848315;0.000124889901;0.000241300930;
2018;01;09;23;0;0.000177189626;0.000235986468;0.000106798367;0.000223810730;
2018;01;09;24;0;0.000142775684;0.000241667459;0.000095653455;0.000193435211;
2018;01;10;1;0;0.000104146222;0.000224319796;0.000085681621;0.000180751679;
2018;01;10;2;0;0.000081729448;0.000205401903;0.000082606079;0.000190557141;
2018;01;10;3;0;0.000071750232;0.000189974194;0.000080813206;0.000183991491;
2018;01;10;4;0;0.000067206365;0.000179646297;0.000080038203;0.000176726702;
2018;01;10;5;0;0.000065993812;0.000175677537;0.000080262830;0.000168919854;
2018;01;10;6;0;0.000068433004;0.000185415424;0.000083105367;0.000163994397;
2018;01;10;7;0;0.000080964475;0.000194244858;0.000095131471;0.000162806838;
2018;01;10;8;0;0.000112247301;0.000205676619;0.000121881013;0.000170594190;
2018;01;10;9;0;0.000139040835;0.000173773907;0.000162495316;0.000108298632;
2018;01;10;10;0;0.000154303531;0.000143677328;0.000187756548;0.000074896077;
2018;01;10;11;0;0.000167990338;0.000137336718;0.000197026913;0.000073527409;
2018;01;10;12;0;0.000169145007;0.000121491344;0.000195390017;0.000069176668;
2018;01;10;13;0;0.000169822306;0.000090750681;0.000192152679;0.000067380300;
2018;01;10;14;0;0.000172446271;0.000090818344;0.000178598476;0.000068238756;
2018;01;10;15;0;0.000165321254;0.000089075625;0.000153119807;0.000064563126;
2018;01;10;16;0;0.000158268306;0.000084230055;0.000145408316;0.000060474589;
2018;01;10;17;0;0.000158294945;0.000081903899;0.000147994772;0.000058459903;
2018;01;10;18;0;0.000167340978;0.000084528071;0.000154181831;0.000061846719;
2018;01;10;19;0;0.000184778329;0.000136057135;0.000165707386;0.000135287783;
2018;01;10;20;0;0.000197621030;0.000175484460;0.000162885925;0.000226415636;
2018;01;10;21;0;0.000203023725;0.000181957948;0.000144179246;0.000235474883;
2018;01;10;22;0;0.000197961171;0.000185970250;0.000121967774;0.000237841809;
2018;01;10;23;0;0.000173126676;0.000232435845;0.000104306403;0.000220789840;
2018;01;10;24;0;0.000139513347;0.000238148986;0.000093436941;0.000191231102;
2018;01;11;1;0;0.000103751994;0.000223692059;0.000085350313;0.000179980554;
2018;01;11;2;0;0.000081425057;0.000204902068;0.000082296726;0.000190041484;
2018;01;11;3;0;0.000071475969;0.000189400124;0.000080494720;0.000183027317;
2018;01;11;4;0;0.000066944782;0.000179028222;0.000079711605;0.000175481688;
2018;01;11;5;0;0.000065744362;0.000175191463;0.000079953342;0.000168219111;
2018;01;11;6;0;0.000068176818;0.000184942793;0.000082790950;0.000163468096;
2018;01;11;7;0;0.000080672818;0.000193915534;0.000094798469;0.000162899966;
2018;01;11;8;0;0.000111827929;0.000205161570;0.000121421711;0.000170080193;
2018;01;11;9;0;0.000138517866;0.000173312522;0.000161874799;0.000107901434;
2018;01;11;10;0;0.000153713783;0.000143243410;0.000187016758;0.000074502820;
2018;01;11;11;0;0.000167337031;0.000136866790;0.000196224220;0.000073014222;
2018;01;11;12;0;0.000168497849;0.000121121538;0.000194618572;0.000068807030;
2018;01;11;13;0;0.000169168082;0.000090460092;0.000191383892;0.000066974224;
2018;01;11;14;0;0.000171776860;0.000090511590;0.000177873415;0.000067777111;
2018;01;11;15;0;0.000164676089;0.000088763707;0.000152491862;0.000064091596;
2018;01;11;16;0;0.000157655892;0.000083951755;0.000144821592;0.000060083924;
2018;01;11;17;0;0.000157694247;0.000081669942;0.000147419700;0.000058194639;
2018;01;11;18;0;0.000166714483;0.000084312496;0.000153598437;0.000061647965;
2018;01;11;19;0;0.000184103078;0.000135783393;0.000165110034;0.000135171007;
2018;01;11;20;0;0.000196911023;0.000175196420;0.000162318820;0.000226585234;
2018;01;11;21;0;0.000202295838;0.000181667323;0.000143679434;0.000235691829;
2018;01;11;22;0;0.000197266848;0.000185759800;0.000121563935;0.000238531643;
2018;01;11;23;0;0.000172539579;0.000232334619;0.000103985272;0.000222088068;
2018;01;11;24;0;0.000139039660;0.000238039652;0.000093148509;0.000192340006;
2018;01;12;1;0;0.000108529262;0.000238862340;0.000087671233;0.000187494631;
2018;01;12;2;0;0.000085562374;0.000217978829;0.000084046157;0.000197386685;
2018;01;12;3;0;0.000074619234;0.000202610209;0.000082312916;0.000191586229;
2018;01;12;4;0;0.000069511227;0.000191587815;0.000081441264;0.000184711373;
2018;01;12;5;0;0.000068197707;0.000187050389;0.000081636425;0.000178301491;
2018;01;12;6;0;0.000070492208;0.000197997667;0.000084837944;0.000174607377;
2018;01;12;7;0;0.000083323345;0.000207632196;0.000096568478;0.000175448311;
2018;01;12;8;0;0.000114586098;0.000217462359;0.000122304249;0.000183851519;
2018;01;12;9;0;0.000142239497;0.000180559281;0.000160881510;0.000110834721;
2018;01;12;10;0;0.000157909407;0.000148978672;0.000186081091;0.000072885207;
2018;01;12;11;0;0.000172721907;0.000141611793;0.000195119420;0.000073006538;
2018;01;12;12;0;0.000174721595;0.000125041778;0.000193884149;0.000072945045;
2018;01;12;13;0;0.000175043783;0.000093142021;0.000190978053;0.000069698315;
2018;01;12;14;0;0.000176908025;0.000092665755;0.000178278436;0.000067132420;
2018;01;12;15;0;0.000170228181;0.000091232019;0.000151644029;0.000067751171;
2018;01;12;16;0;0.000163952933;0.000085836166;0.000139845464;0.000062148761;
2018;01;12;17;0;0.000163715425;0.000083244137;0.000139660514;0.000059745394;
2018;01;12;18;0;0.000171164707;0.000085656811;0.000145394176;0.000063678312;
2018;01;12;19;0;0.000186195941;0.000138953526;0.000159715500;0.000145508701;
2018;01;12;20;0;0.000195952177;0.000179373120;0.000161071894;0.000243859405;
2018;01;12;21;0;0.000197482378;0.000183622212;0.000147327919;0.000250649893;
2018;01;12;22;0;0.000194819734;0.000188584527;0.000127282325;0.000251388066;
2018;01;12;23;0;0.000175155357;0.000241909963;0.000110293512;0.000232894057;
2018;01;12;24;0;0.000147534000;0.000252548079;0.000099962455;0.000200912519;
2018;01;13;1;0;0.000118687409;0.000239799875;0.000091587567;0.000188820750;
2018;01;13;2;0;0.000095048206;0.000220839523;0.000086165175;0.000196922067;
2018;01;13;3;0;0.000081117370;0.000203672314;0.000083726816;0.000190543815;
2018;01;13;4;0;0.000073935615;0.000191564525;0.000082248844;0.000184743534;
2018;01;13;5;0;0.000071004326;0.000186697524;0.000081682159;0.000175170146;
2018;01;13;6;0;0.000070948514;0.000196593217;0.000083076913;0.000172375368;
2018;01;13;7;0;0.000075478830;0.000201387672;0.000087604294;0.000169793950;
2018;01;13;8;0;0.000085035101;0.000200552215;0.000094730653;0.000169896160;
2018;01;13;9;0;0.000107196296;0.000161131065;0.000097809568;0.000095047756;
2018;01;13;10;0;0.000139355667;0.000140717446;0.000107186751;0.000065833160;
2018;01;13;11;0;0.000165421714;0.000142489943;0.000121916063;0.000074802978;
2018;01;13;12;0;0.000171554671;0.000128584520;0.000126873154;0.000073137002;
2018;01;13;13;0;0.000171990814;0.000095711217;0.000127692825;0.000069514492;
2018;01;13;14;0;0.000176113384;0.000094611343;0.000121978596;0.000068265121;
2018;01;13;15;0;0.000172812719;0.000094173148;0.000109269007;0.000071030498;
2018;01;13;16;0;0.000157999655;0.000086360081;0.000103834289;0.000063735616;
2018;01;13;17;0;0.000149385491;0.000080958779;0.000102845113;0.000057628291;
2018;01;13;18;0;0.000149892971;0.000081413283;0.000109008095;0.000056780206;
2018;01;13;19;0;0.000166030977;0.000135455527;0.000125348199;0.000139831469;
2018;01;13;20;0;0.000176283257;0.000174750584;0.000135332433;0.000234374811;
2018;01;13;21;0;0.000183848341;0.000178439290;0.000132562933;0.000240130403;
2018;01;13;22;0;0.000186753806;0.000183929137;0.000120696871;0.000244979940;
2018;01;13;23;0;0.000170576800;0.000237640985;0.000109292992;0.000226879572;
2018;01;13;24;0;0.000146358596;0.000249488654;0.000101017841;0.000199452097;
2018;01;14;1;0;0.000124738473;0.000240024459;0.000094017392;0.000188095694;
2018;01;14;2;0;0.000103494851;0.000222421540;0.000088349248;0.000192310253;
2018;01;14;3;0;0.000088411762;0.000205161230;0.000085595314;0.000181778970;
2018;01;14;4;0;0.000079041383;0.000192406043;0.000083989943;0.000175806168;
2018;01;14;5;0;0.000074148463;0.000186338662;0.000083179200;0.000167989295;
2018;01;14;6;0;0.000072631029;0.000195257741;0.000083928195;0.000164136160;
2018;01;14;7;0;0.000074796372;0.000199548877;0.000086680877;0.000163159285;
2018;01;14;8;0;0.000080291342;0.000196918558;0.000089635831;0.000163478602;
2018;01;14;9;0;0.000093444955;0.000155000186;0.000083950076;0.000091661857;
2018;01;14;10;0;0.000119025321;0.000129981188;0.000083037638;0.000058354672;
2018;01;14;11;0;0.000144389959;0.000134945458;0.000089016698;0.000065874654;
2018;01;14;12;0;0.000158221194;0.000127203037;0.000094285293;0.000069358608;
2018;01;14;13;0;0.000163655731;0.000096612790;0.000097508663;0.000068127800;
2018;01;14;14;0;0.000169329873;0.000095594631;0.000096994333;0.000068677219;
2018;01;14;15;0;0.000168138624;0.000094219143;0.000093335432;0.000070540108;
2018;01;14;16;0;0.000152215000;0.000084741603;0.000089534061;0.000064522617;
2018;01;14;17;0;0.000144436858;0.000079495626;0.000087124670;0.000058920766;
2018;01;14;18;0;0.000147243905;0.000081717338;0.000088376538;0.000059139088;
2018;01;14;19;0;0.000167142792;0.000141598624;0.000104217648;0.000155133405;
2018;01;14;20;0;0.000182473816;0.000176192302;0.000112176155;0.000236984287;
2018;01;14;21;0;0.000194024153;0.000182429636;0.000111279903;0.000244006436;
2018;01;14;22;0;0.000195647930;0.000188253191;0.000106464741;0.000246068697;
2018;01;14;23;0;0.000172961473;0.000238864641;0.000098931765;0.000231412371;
2018;01;14;24;0;0.000141885805;0.000247432681;0.000091712621;0.000201016363;
2018;01;15;1;0;0.000105831148;0.000226109294;0.000084560166;0.000174207864;
2018;01;15;2;0;0.000083762496;0.000207254967;0.000081717605;0.000181241382;
2018;01;15;3;0;0.000073092971;0.000191526599;0.000080316136;0.000172948915;
2018;01;15;4;0;0.000068410448;0.000181319256;0.000079718610;0.000167710842;
2018;01;15;5;0;0.000066963042;0.000176713590;0.000080248847;0.000162310616;
2018;01;15;6;0;0.000069368682;0.000186692851;0.000083275522;0.000159045122;
2018;01;15;7;0;0.000081547151;0.000195575657;0.000095552255;0.000160826019;
2018;01;15;8;0;0.000111816981;0.000206233254;0.000122102356;0.000170181595;
2018;01;15;9;0;0.000139052183;0.000174672892;0.000164034418;0.000110916892;
2018;01;15;10;0;0.000156158840;0.000144294799;0.000190859792;0.000076642656;
2018;01;15;11;0;0.000171394100;0.000139000567;0.000201233991;0.000076297656;
2018;01;15;12;0;0.000173885293;0.000123380536;0.000200078289;0.000072715859;
2018;01;15;13;0;0.000174605487;0.000092345245;0.000196818950;0.000069440136;
2018;01;15;14;0;0.000177744036;0.000092307358;0.000183069461;0.000069903466;
2018;01;15;15;0;0.000169986085;0.000090861311;0.000157343277;0.000066430784;
2018;01;15;16;0;0.000162282938;0.000085350402;0.000148658511;0.000061178292;
2018;01;15;17;0;0.000161948804;0.000082927079;0.000151164510;0.000061206854;
2018;01;15;18;0;0.000170581061;0.000085276136;0.000157675415;0.000064694292;
2018;01;15;19;0;0.000187299200;0.000138833632;0.000168273947;0.000143242494;
2018;01;15;20;0;0.000199185820;0.000176141136;0.000164372763;0.000225973427;
2018;01;15;21;0;0.000204661105;0.000182102132;0.000145669010;0.000233143996;
2018;01;15;22;0;0.000200798648;0.000187060962;0.000123485901;0.000237057200;
2018;01;15;23;0;0.000175808958;0.000234737989;0.000106025410;0.000222718662;
2018;01;15;24;0;0.000141221686;0.000239906400;0.000095612648;0.000193974207;
2018;01;16;1;0;0.000103671626;0.000223759723;0.000085297780;0.000180661676;
2018;01;16;2;0;0.000081368992;0.000205069795;0.000082260238;0.000191184165;
2018;01;16;3;0;0.000071425110;0.000189529523;0.000080455341;0.000184028950;
2018;01;16;4;0;0.000066897023;0.000179148661;0.000079672317;0.000176435951;
2018;01;16;5;0;0.000065687910;0.000175156787;0.000079890715;0.000168502018;
2018;01;16;6;0;0.000068116344;0.000184874953;0.000082721411;0.000163627239;
2018;01;16;7;0;0.000080607256;0.000193931563;0.000094732958;0.000163385910;
2018;01;16;8;0;0.000111752239;0.000205345901;0.000121370796;0.000171190235;
2018;01;16;9;0;0.000138420393;0.000173439651;0.000161798188;0.000108521219;
2018;01;16;10;0;0.000153603004;0.000143333841;0.000186921888;0.000074897499;
2018;01;16;11;0;0.000167209650;0.000136919777;0.000196108759;0.000073322623;
2018;01;16;12;0;0.000168342053;0.000121049607;0.000194440452;0.000068804589;
2018;01;16;13;0;0.000168994328;0.000090350734;0.000191169501;0.000066793428;
2018;01;16;14;0;0.000171592150;0.000090376069;0.000177657030;0.000067510321;
2018;01;16;15;0;0.000164487352;0.000088593087;0.000152284755;0.000063721434;
2018;01;16;16;0;0.000157477328;0.000083797146;0.000144628806;0.000059757462;
2018;01;16;17;0;0.000157507913;0.000081495456;0.000147209004;0.000057803226;
2018;01;16;18;0;0.000166491668;0.000084053686;0.000153331292;0.000060980090;
2018;01;16;19;0;0.000183856431;0.000135364057;0.000164821811;0.000133697409;
2018;01;16;20;0;0.000196689911;0.000174883782;0.000162105885;0.000225405480;
2018;01;16;21;0;0.000202085748;0.000181435296;0.000143515204;0.000234986694;
2018;01;16;22;0;0.000197064586;0.000185537385;0.000121428199;0.000237903150;
2018;01;16;23;0;0.000172349574;0.000231951096;0.000103853395;0.000221074391;
2018;01;16;24;0;0.000138870565;0.000237482927;0.000093008973;0.000190894302;
2018;01;17;1;0;0.000101967988;0.000221547181;0.000083880080;0.000179563615;
2018;01;17;2;0;0.000080027223;0.000202971920;0.000080883672;0.000189743129;
2018;01;17;3;0;0.000070260083;0.000187794780;0.000079137723;0.000183496318;
2018;01;17;4;0;0.000065807305;0.000177532449;0.000078370980;0.000176026768;
2018;01;17;5;0;0.000064628078;0.000173740907;0.000078610598;0.000168802300;
2018;01;17;6;0;0.000067015174;0.000183346353;0.000081390735;0.000163805770;
2018;01;17;7;0;0.000079291806;0.000192148762;0.000093180040;0.000162909564;
2018;01;17;8;0;0.000109918691;0.000203348160;0.000119359823;0.000170279465;
2018;01;17;9;0;0.000136130349;0.000171608797;0.000159073091;0.000107551627;
2018;01;17;10;0;0.000151054522;0.000141779928;0.000183755991;0.000074135739;
2018;01;17;11;0;0.000164427089;0.000135394283;0.000192767743;0.000072481667;
2018;01;17;12;0;0.000165546873;0.000119727923;0.000191142232;0.000068081736;
2018;01;17;13;0;0.000166191135;0.000089373310;0.000187933135;0.000066120568;
2018;01;17;14;0;0.000168736715;0.000089369321;0.000174630483;0.000066736602;
2018;01;17;15;0;0.000161757394;0.000087629723;0.000149703858;0.000063064109;
2018;01;17;16;0;0.000154858247;0.000082868358;0.000142167621;0.000059086421;
2018;01;17;17;0;0.000154882530;0.000080574009;0.000144693076;0.000057097249;
2018;01;17;18;0;0.000163714510;0.000083096944;0.000150706967;0.000060212932;
2018;01;17;19;0;0.000180784274;0.000133799468;0.000161991235;0.000131912613;
2018;01;17;20;0;0.000193419857;0.000172951685;0.000159349242;0.000222906821;
2018;01;17;21;0;0.000198728117;0.000179442546;0.000141077735;0.000232451719;
2018;01;17;22;0;0.000193791796;0.000183507796;0.000119367608;0.000235386245;
2018;01;17;23;0;0.000169486162;0.000229405098;0.000102089741;0.000218701177;
2018;01;17;24;0;0.000136582596;0.000235074163;0.000091455210;0.000189528915;
2018;01;18;1;0;0.000101629432;0.000220951232;0.000083586817;0.000178701970;
2018;01;18;2;0;0.000079772553;0.000202593353;0.000080623175;0.000189498864;
2018;01;18;3;0;0.000070030656;0.000187351081;0.000078869706;0.000182869521;
2018;01;18;4;0;0.000065591988;0.000177106005;0.000078104533;0.000175395381;
2018;01;18;5;0;0.000064414962;0.000173296818;0.000078339306;0.000168084362;
2018;01;18;6;0;0.000066785825;0.000182739855;0.000081089527;0.000162568474;
2018;01;18;7;0;0.000079028956;0.000191636744;0.000092855200;0.000162128172;
2018;01;18;8;0;0.000109560176;0.000202871877;0.000118956464;0.000169707023;
2018;01;18;9;0;0.000135689313;0.000171229456;0.000158542478;0.000107252462;
2018;01;18;10;0;0.000150569733;0.000141492442;0.000183154231;0.000073988175;
2018;01;18;11;0;0.000163902159;0.000135133483;0.000192142982;0.000072369285;
2018;01;18;12;0;0.000165011602;0.000119467897;0.000190507114;0.000067903669;
2018;01;18;13;0;0.000165649175;0.000089164305;0.000187298261;0.000065899548;
2018;01;18;14;0;0.000168169019;0.000089104880;0.000174004467;0.000066334415;
2018;01;18;15;0;0.000161219834;0.000087392051;0.000149179512;0.000062751028;
2018;01;18;16;0;0.000154368320;0.000082723067;0.000141715036;0.000059039237;
2018;01;18;17;0;0.000154415726;0.000080505416;0.000144275816;0.000057277012;
2018;01;18;18;0;0.000163221226;0.000083026831;0.000150272642;0.000060407179;
2018;01;18;19;0;0.000180249793;0.000133732264;0.000161542749;0.000132536466;
2018;01;18;20;0;0.000192828337;0.000172758325;0.000158875595;0.000223348622;
2018;01;18;21;0;0.000198112535;0.000179199193;0.000140647269;0.000232666339;
2018;01;18;22;0;0.000193184286;0.000183217728;0.000118994487;0.000235371447;
2018;01;18;23;0;0.000168975251;0.000229207915;0.000101795193;0.000219363217;
2018;01;18;24;0;0.000136165496;0.000234816762;0.000091184153;0.000189912456;
2018;01;19;1;0;0.000104983790;0.000234287092;0.000084776006;0.000185886009;
2018;01;19;2;0;0.000082768863;0.000213829488;0.000081273924;0.000195796086;
2018;01;19;3;0;0.000072183912;0.000198768480;0.000079599861;0.000190105340;
2018;01;19;4;0;0.000067232640;0.000187788197;0.000078733585;0.000182584997;
2018;01;19;5;0;0.000065963282;0.000183359233;0.000078924902;0.000176326769;
2018;01;19;6;0;0.000068187489;0.000194174327;0.000082031844;0.000173003671;
2018;01;19;7;0;0.000080604324;0.000203702373;0.000093386464;0.000174140485;
2018;01;19;8;0;0.000110836363;0.000213223789;0.000118251686;0.000182012222;
2018;01;19;9;0;0.000137577197;0.000176980878;0.000155533421;0.000109564986;
2018;01;19;10;0;0.000152723176;0.000145967157;0.000179871041;0.000071925194;
2018;01;19;11;0;0.000167036430;0.000138685713;0.000188578937;0.000071902941;
2018;01;19;12;0;0.000168984636;0.000122520382;0.000187416874;0.000072000191;
2018;01;19;13;0;0.000169314248;0.000091322132;0.000184646984;0.000068986282;
2018;01;19;14;0;0.000171128391;0.000090889898;0.000172390363;0.000066555803;
2018;01;19;15;0;0.000164637860;0.000089389490;0.000146584131;0.000066864879;
2018;01;19;16;0;0.000158539260;0.000084008957;0.000135129067;0.000061039890;
2018;01;19;17;0;0.000158296309;0.000081430992;0.000134927694;0.000058549957;
2018;01;19;18;0;0.000165464367;0.000083685468;0.000140408197;0.000062057999;
2018;01;19;19;0;0.000179952727;0.000135563847;0.000154165906;0.000140931041;
2018;01;19;20;0;0.000189456065;0.000175410846;0.000155597161;0.000238649920;
2018;01;19;21;0;0.000190950812;0.000179652566;0.000142343121;0.000245814577;
2018;01;19;22;0;0.000188368424;0.000184461930;0.000122965578;0.000246279007;
2018;01;19;23;0;0.000169350105;0.000236578894;0.000106546506;0.000227984458;
2018;01;19;24;0;0.000142641069;0.000246949885;0.000096562169;0.000196564036;
2018;01;20;1;0;0.000111636545;0.000231124814;0.000086081143;0.000184745087;
2018;01;20;2;0;0.000089421093;0.000213127568;0.000081019929;0.000193756025;
2018;01;20;3;0;0.000076314875;0.000196558187;0.000078726921;0.000187477759;
2018;01;20;4;0;0.000069547392;0.000184699651;0.000077312943;0.000181038407;
2018;01;20;5;0;0.000066787628;0.000179967859;0.000076774639;0.000171502575;
2018;01;20;6;0;0.000066742006;0.000189624483;0.000078101698;0.000169227829;
2018;01;20;7;0;0.000071004491;0.000194262438;0.000082359758;0.000166755697;
2018;01;20;8;0;0.000079999404;0.000193530732;0.000089070906;0.000167129433;
2018;01;20;9;0;0.000100843079;0.000155442388;0.000091956481;0.000093379966;
2018;01;20;10;0;0.000131080593;0.000135650782;0.000100748123;0.000064473206;
2018;01;20;11;0;0.000155559707;0.000137151980;0.000114535037;0.000072775023;
2018;01;20;12;0;0.000161292221;0.000123607315;0.000119140581;0.000070755977;
2018;01;20;13;0;0.000161649311;0.000091825986;0.000119831776;0.000066683949;
2018;01;20;14;0;0.000165502200;0.000090699452;0.000114439213;0.000065267642;
2018;01;20;15;0;0.000162367512;0.000090170289;0.000102473710;0.000067564041;
2018;01;20;16;0;0.000148451573;0.000082695197;0.000097379308;0.000060642617;
2018;01;20;17;0;0.000140346020;0.000077483085;0.000096435165;0.000054703963;
2018;01;20;18;0;0.000140844043;0.000077987766;0.000102244805;0.000054097513;
2018;01;20;19;0;0.000156022794;0.000129830339;0.000117593656;0.000133544141;
2018;01;20;20;0;0.000165739770;0.000167997354;0.000127087085;0.000226804750;
2018;01;20;21;0;0.000172855493;0.000171562056;0.000124490798;0.000232484533;
2018;01;20;22;0;0.000175588872;0.000176850273;0.000113349415;0.000237238391;
2018;01;20;23;0;0.000160379283;0.000228497389;0.000102640118;0.000219720634;
2018;01;20;24;0;0.000137608610;0.000239886124;0.000094868285;0.000193148020;
2018;01;21;1;0;0.000115240317;0.000228504659;0.000086744405;0.000181806299;
2018;01;21;2;0;0.000095625098;0.000211890518;0.000081533185;0.000186430765;
2018;01;21;3;0;0.000081698930;0.000195591307;0.000079011065;0.000176788181;
2018;01;21;4;0;0.000073048948;0.000183565713;0.000077548150;0.000171523043;
2018;01;21;5;0;0.000068537008;0.000177933683;0.000076822080;0.000164530009;
2018;01;21;6;0;0.000067142293;0.000186582073;0.000077532041;0.000161251922;
2018;01;21;7;0;0.000069141613;0.000190643209;0.000080069416;0.000160151445;
2018;01;21;8;0;0.000074226226;0.000188206681;0.000082810284;0.000160735939;
2018;01;21;9;0;0.000086371501;0.000147991910;0.000077531058;0.000089733023;
2018;01;21;10;0;0.000110010777;0.000124071919;0.000076681766;0.000057061727;
2018;01;21;11;0;0.000133412890;0.000128569562;0.000082152026;0.000063887784;
2018;01;21;12;0;0.000146143070;0.000120946961;0.000086955360;0.000066679555;
2018;01;21;13;0;0.000151107926;0.000091661789;0.000089862939;0.000064886187;
2018;01;21;14;0;0.000156278305;0.000090457419;0.000089310416;0.000064674056;
2018;01;21;15;0;0.000155180212;0.000089161084;0.000085942896;0.000066453089;
2018;01;21;16;0;0.000140479136;0.000080175964;0.000082437090;0.000060726226;
2018;01;21;17;0;0.000133330113;0.000075311528;0.000080254040;0.000055761191;
2018;01;21;18;0;0.000135914425;0.000077391524;0.000081398854;0.000055874102;
2018;01;21;19;0;0.000154270279;0.000134040037;0.000095974357;0.000146259065;
2018;01;21;20;0;0.000168496070;0.000167238653;0.000103396098;0.000226121786;
2018;01;21;21;0;0.000179191901;0.000173335157;0.000102604675;0.000233863011;
2018;01;21;22;0;0.000180686536;0.000178838733;0.000098159454;0.000235672572;
2018;01;21;23;0;0.000159737871;0.000226944355;0.000091217482;0.000221745622;
2018;01;21;24;0;0.000131051838;0.000235232986;0.000084579032;0.000193143997;
2018;01;22;1;0;0.000097735003;0.000215285802;0.000077994864;0.000168226636;
2018;01;22;2;0;0.000077382669;0.000197763314;0.000075427668;0.000176667610;
2018;01;22;3;0;0.000067539722;0.000182981316;0.000074164650;0.000169486533;
2018;01;22;4;0;0.000063211197;0.000173200735;0.000073608800;0.000164239771;
2018;01;22;5;0;0.000061872786;0.000168785412;0.000074096002;0.000158896814;
2018;01;22;6;0;0.000064099731;0.000178389431;0.000076900705;0.000156018100;
2018;01;22;7;0;0.000075347914;0.000186799802;0.000088225352;0.000157496129;
2018;01;22;8;0;0.000103294260;0.000196720155;0.000112690676;0.000165660244;
2018;01;22;9;0;0.000128410843;0.000166282421;0.000151289818;0.000107028613;
2018;01;22;10;0;0.000144184888;0.000137229523;0.000175973697;0.000073644693;
2018;01;22;11;0;0.000158219621;0.000132032802;0.000185463006;0.000072927014;
2018;01;22;12;0;0.000160497645;0.000117100909;0.000184348081;0.000069260825;
2018;01;22;13;0;0.000161176437;0.000087690939;0.000181376590;0.000066289045;
2018;01;22;14;0;0.000164073502;0.000087654743;0.000168705697;0.000066731777;
2018;01;22;15;0;0.000156918383;0.000086301816;0.000145009378;0.000063480095;
2018;01;22;16;0;0.000149803181;0.000081053659;0.000136997646;0.000058417333;
2018;01;22;17;0;0.000149479946;0.000078705393;0.000139279478;0.000058291447;
2018;01;22;18;0;0.000157430577;0.000080881905;0.000145247031;0.000061431249;
2018;01;22;19;0;0.000172842597;0.000131600291;0.000154979141;0.000135656330;
2018;01;22;20;0;0.000183858643;0.000167221180;0.000151463509;0.000215470069;
2018;01;22;21;0;0.000188935821;0.000173008346;0.000134261698;0.000223034089;
2018;01;22;22;0;0.000185377577;0.000177762577;0.000113824889;0.000227020906;
2018;01;22;23;0;0.000162332478;0.000223278862;0.000097761027;0.000214149556;
2018;01;22;24;0;0.000130399135;0.000228222995;0.000088163524;0.000186609819;
2018;01;23;1;0;0.000097859773;0.000215873137;0.000080426716;0.000175584693;
2018;01;23;2;0;0.000076826777;0.000198139884;0.000077601686;0.000187006537;
2018;01;23;3;0;0.000067451055;0.000183337363;0.000075928410;0.000180907891;
2018;01;23;4;0;0.000063175684;0.000173308535;0.000075191293;0.000173501528;
2018;01;23;5;0;0.000062041629;0.000169574848;0.000075416369;0.000166246557;
2018;01;23;6;0;0.000064329668;0.000178891578;0.000078074997;0.000161104086;
2018;01;23;7;0;0.000076113765;0.000187471872;0.000089382687;0.000160195316;
2018;01;23;8;0;0.000105511450;0.000198379698;0.000114491948;0.000167370078;
2018;01;23;9;0;0.000130666434;0.000167371929;0.000152572255;0.000105593401;
2018;01;23;10;0;0.000144986560;0.000138250732;0.000176234213;0.000072720319;
2018;01;23;11;0;0.000157826921;0.000132049035;0.000184888748;0.000071156185;
2018;01;23;12;0;0.000158904319;0.000116781048;0.000183335589;0.000066864743;
2018;01;23;13;0;0.000159525940;0.000087184094;0.000180264815;0.000064972792;
2018;01;23;14;0;0.000161967729;0.000087174698;0.000167501439;0.000065560021;
2018;01;23;15;0;0.000155261317;0.000085454469;0.000143579332;0.000061878964;
2018;01;23;16;0;0.000148626361;0.000080769254;0.000136327784;0.000057844781;
2018;01;23;17;0;0.000148651083;0.000078537463;0.000138752137;0.000055910524;
2018;01;23;18;0;0.000157126387;0.000080992372;0.000144516632;0.000058946370;
2018;01;23;19;0;0.000173494820;0.000130345451;0.000155311557;0.000128852295;
2018;01;23;20;0;0.000185647682;0.000168633563;0.000152822612;0.000218576119;
2018;01;23;21;0;0.000190761301;0.000175065186;0.000135325949;0.000228518769;
2018;01;23;22;0;0.000186000461;0.000178902006;0.000114473369;0.000230683006;
2018;01;23;23;0;0.000162680141;0.000223714178;0.000097913682;0.000214607186;
2018;01;23;24;0;0.000131094470;0.000229206938;0.000087709608;0.000185856565;
2018;01;24;1;0;0.000098319952;0.000216681424;0.000080826819;0.000176632625;
2018;01;24;2;0;0.000077173221;0.000198653632;0.000077957798;0.000187205289;
2018;01;24;3;0;0.000067746083;0.000183664565;0.000076256286;0.000180477231;
2018;01;24;4;0;0.000063456278;0.000173687627;0.000075526136;0.000173385401;
2018;01;24;5;0;0.000062306769;0.000169775683;0.000075726898;0.000165420919;
2018;01;24;6;0;0.000064608639;0.000179170032;0.000078406285;0.000160549503;
2018;01;24;7;0;0.000076456160;0.000187945340;0.000089790894;0.000160314216;
2018;01;24;8;0;0.000105986182;0.000198881863;0.000115015032;0.000167500184;
2018;01;24;9;0;0.000131256435;0.000167811668;0.000153274199;0.000105719789;
2018;01;24;10;0;0.000145645490;0.000138638337;0.000177055398;0.000072862816;
2018;01;24;11;0;0.000158517580;0.000132285825;0.000185687866;0.000070984472;
2018;01;24;12;0;0.000159599327;0.000116988845;0.000184127149;0.000066699328;
2018;01;24;13;0;0.000160226328;0.000087347903;0.000181049127;0.000064839604;
2018;01;24;14;0;0.000162679243;0.000087339845;0.000168231065;0.000065430662;
2018;01;24;15;0;0.000155962919;0.000085680776;0.000144240911;0.000061958516;
2018;01;24;16;0;0.000149315369;0.000081039823;0.000136987861;0.000058095726;
2018;01;24;17;0;0.000149343810;0.000078812044;0.000139430693;0.000056189510;
2018;01;24;18;0;0.000157866642;0.000081300597;0.000145238186;0.000059322914;
2018;01;24;19;0;0.000174322906;0.000130890001;0.000156106219;0.000129888033;
2018;01;24;20;0;0.000186525245;0.000169290877;0.000153590449;0.000220049683;
2018;01;24;21;0;0.000191645697;0.000175651803;0.000135981249;0.000229507834;
2018;01;24;22;0;0.000186865490;0.000179516875;0.000115031014;0.000231763200;
2018;01;24;23;0;0.000163425556;0.000224391260;0.000098377228;0.000215232512;
2018;01;24;24;0;0.000131709559;0.000230051196;0.000088144113;0.000186922945;
2018;01;25;1;0;0.000099865465;0.000218583365;0.000082097218;0.000177269336;
2018;01;25;2;0;0.000078385154;0.000200379448;0.000079180741;0.000187808465;
2018;01;25;3;0;0.000068817411;0.000185379693;0.000077469268;0.000181554055;
2018;01;25;4;0;0.000064457730;0.000175276413;0.000076722654;0.000174278265;
2018;01;25;5;0;0.000063288163;0.000171297237;0.000076921929;0.000166135287;
2018;01;25;6;0;0.000065626744;0.000180782537;0.000079644677;0.000161257474;
2018;01;25;7;0;0.000077658334;0.000189597681;0.000091202914;0.000160866735;
2018;01;25;8;0;0.000107642611;0.000200518248;0.000116801890;0.000167677213;
2018;01;25;9;0;0.000133304251;0.000169165688;0.000155647163;0.000105763048;
2018;01;25;10;0;0.000147927384;0.000139811325;0.000179819843;0.000073015665;
2018;01;25;11;0;0.000161032858;0.000133562935;0.000188661404;0.000071500124;
2018;01;25;12;0;0.000162154601;0.000118218213;0.000187128398;0.000067431502;
2018;01;25;13;0;0.000162835255;0.000088407826;0.000184098817;0.000066010398;
2018;01;25;14;0;0.000165369104;0.000088530972;0.000171149646;0.000067038079;
2018;01;25;15;0;0.000158539301;0.000086841350;0.000146738809;0.000063456141;
2018;01;25;16;0;0.000151788134;0.000082157695;0.000139371536;0.000059563831;
2018;01;25;17;0;0.000151838240;0.000079966340;0.000141896508;0.000057822146;
2018;01;25;18;0;0.000160523229;0.000082553200;0.000147843275;0.000061255263;
2018;01;25;19;0;0.000177146340;0.000132411370;0.000158708874;0.000131952633;
2018;01;25;20;0;0.000189456633;0.000170771670;0.000156003351;0.000220776357;
2018;01;25;21;0;0.000194668418;0.000177248162;0.000138132956;0.000230616939;
2018;01;25;22;0;0.000189811092;0.000181138901;0.000116849109;0.000232839566;
2018;01;25;23;0;0.000166009330;0.000226481519;0.000099941331;0.000216493184;
2018;01;25;24;0;0.000133777833;0.000232047953;0.000089526696;0.000187508201;
2018;01;26;1;0;0.000105874166;0.000234701056;0.000085447386;0.000183361110;
2018;01;26;2;0;0.000083499633;0.000214651185;0.000081974110;0.000194877404;
2018;01;26;3;0;0.000072824585;0.000199587401;0.000080293024;0.000189438304;
2018;01;26;4;0;0.000067840811;0.000188752499;0.000079445996;0.000182736975;
2018;01;26;5;0;0.000066559040;0.000184285259;0.000079636816;0.000176407806;
2018;01;26;6;0;0.000068800085;0.000195099163;0.000082763947;0.000172861405;
2018;01;26;7;0;0.000081316529;0.000204491330;0.000094192201;0.000173315848;
2018;01;26;8;0;0.000111811985;0.000214008199;0.000119264094;0.000181015563;
2018;01;26;9;0;0.000138775733;0.000177536773;0.000156836862;0.000108718037;
2018;01;26;10;0;0.000154084979;0.000146604226;0.000181452191;0.000071746170;
2018;01;26;11;0;0.000168547271;0.000139397148;0.000190284965;0.000071960605;
2018;01;26;12;0;0.000170532105;0.000123231229;0.000189154546;0.000072266437;
2018;01;26;13;0;0.000170889479;0.000091931721;0.000186412942;0.000069501137;
2018;01;26;14;0;0.000172738369;0.000091553277;0.000174075094;0.000067230989;
2018;01;26;15;0;0.000166210025;0.000090117510;0.000148058080;0.000067789066;
2018;01;26;16;0;0.000160083431;0.000084789343;0.000136539430;0.000062190225;
2018;01;26;17;0;0.000159847353;0.000082216152;0.000136351741;0.000059746453;
2018;01;26;18;0;0.000167092127;0.000084512621;0.000141901160;0.000063399741;
2018;01;26;19;0;0.000181662305;0.000136629149;0.000155701034;0.000142723221;
2018;01;26;20;0;0.000191265319;0.000176840870;0.000157161947;0.000241978047;
2018;01;26;21;0;0.000192776030;0.000181126370;0.000143777119;0.000249289656;
2018;01;26;22;0;0.000190143084;0.000185823180;0.000124170556;0.000248871524;
2018;01;26;23;0;0.000170938496;0.000238265381;0.000107581659;0.000230135246;
2018;01;26;24;0;0.000143978037;0.000248700896;0.000097499086;0.000198386405;
2018;01;27;1;0;0.000114210490;0.000234276320;0.000088093767;0.000186196786;
2018;01;27;2;0;0.000091474776;0.000215919948;0.000082899634;0.000194838613;
2018;01;27;3;0;0.000078067744;0.000199136277;0.000080553815;0.000188535238;
2018;01;27;4;0;0.000071148760;0.000187184156;0.000079115781;0.000182316987;
2018;01;27;5;0;0.000068337089;0.000182574726;0.000078591677;0.000173470907;
2018;01;27;6;0;0.000068289841;0.000192361694;0.000079948818;0.000171133873;
2018;01;27;7;0;0.000072646189;0.000196985422;0.000084296002;0.000168333442;
2018;01;27;8;0;0.000081837086;0.000196071119;0.000091138225;0.000168070313;
2018;01;27;9;0;0.000103160845;0.000157494378;0.000094093101;0.000093934099;
2018;01;27;10;0;0.000134118388;0.000137595757;0.000103127550;0.000065172635;
2018;01;27;11;0;0.000159189685;0.000139248943;0.000117276728;0.000073863364;
2018;01;27;12;0;0.000165040683;0.000125427474;0.000121969925;0.000071641389;
2018;01;27;13;0;0.000165406057;0.000093178135;0.000122677515;0.000067518739;
2018;01;27;14;0;0.000169330658;0.000091976917;0.000117132225;0.000065904443;
2018;01;27;15;0;0.000166127086;0.000091452279;0.000104889729;0.000068261897;
2018;01;27;16;0;0.000151893243;0.000083885192;0.000099680879;0.000061313997;
2018;01;27;17;0;0.000143607464;0.000078623361;0.000098724998;0.000055387009;
2018;01;27;18;0;0.000144121179;0.000079149148;0.000104678579;0.000054815340;
2018;01;27;19;0;0.000159626355;0.000131630882;0.000120352415;0.000134717579;
2018;01;27;20;0;0.000169573948;0.000170364750;0.000130078069;0.000229021601;
2018;01;27;21;0;0.000176866806;0.000174053820;0.000127438733;0.000235195727;
2018;01;27;22;0;0.000179683512;0.000179538261;0.000116059229;0.000240702188;
2018;01;27;23;0;0.000164126427;0.000232031144;0.000105103104;0.000223179123;
2018;01;27;24;0;0.000140816178;0.000243517411;0.000097134346;0.000195911439;
2018;01;28;1;0;0.000120117312;0.000234364859;0.000090475641;0.000184892770;
2018;01;28;2;0;0.000099673048;0.000217338600;0.000085042097;0.000189646958;
2018;01;28;3;0;0.000085164133;0.000200715899;0.000082424531;0.000180208208;
2018;01;28;4;0;0.000076141033;0.000188282803;0.000080885170;0.000174471520;
2018;01;28;5;0;0.000071440817;0.000182547543;0.000080133934;0.000167522407;
2018;01;28;6;0;0.000069977455;0.000191263525;0.000080852421;0.000163604727;
2018;01;28;7;0;0.000072050437;0.000195251360;0.000083473521;0.000161855639;
2018;01;28;8;0;0.000077327139;0.000192430133;0.000086282213;0.000161263921;
2018;01;28;9;0;0.000089999437;0.000151510738;0.000080816897;0.000090534581;
2018;01;28;10;0;0.000114671683;0.000127288536;0.000079987452;0.000058098101;
2018;01;28;11;0;0.000139071647;0.000131938997;0.000085701367;0.000065125812;
2018;01;28;12;0;0.000152359076;0.000124200998;0.000090732813;0.000068170366;
2018;01;28;13;0;0.000157540108;0.000094145896;0.000093772659;0.000066392344;
2018;01;28;14;0;0.000162958513;0.000093004484;0.000093228060;0.000066470360;
2018;01;28;15;0;0.000161805984;0.000091646001;0.000089704498;0.000068213981;
2018;01;28;16;0;0.000146490932;0.000082456833;0.000086061370;0.000062488006;
2018;01;28;17;0;0.000139033965;0.000077447526;0.000083779947;0.000057360729;
2018;01;28;18;0;0.000141737681;0.000079617084;0.000084985721;0.000057582282;
2018;01;28;19;0;0.000160838059;0.000137678312;0.000100151228;0.000149692739;
2018;01;28;20;0;0.000175660030;0.000171722068;0.000107884331;0.000231091625;
2018;01;28;21;0;0.000186808847;0.000177971787;0.000107056521;0.000238941015;
2018;01;28;22;0;0.000188361067;0.000183587737;0.000102411960;0.000240590500;
2018;01;28;23;0;0.000166526838;0.000233006121;0.000095174062;0.000226520836;
2018;01;28;24;0;0.000136614793;0.000241443704;0.000088238838;0.000197047790;
2018;01;29;1;0;0.000100258092;0.000218927539;0.000080059611;0.000171108342;
2018;01;29;2;0;0.000079369623;0.000200945964;0.000077403537;0.000179070032;
2018;01;29;3;0;0.000069260623;0.000185712312;0.000076078194;0.000170945853;
2018;01;29;4;0;0.000064816756;0.000175703665;0.000075496237;0.000165320303;
2018;01;29;5;0;0.000063438107;0.000171123309;0.000075980973;0.000159530154;
2018;01;29;6;0;0.000065721111;0.000180854576;0.000078856319;0.000156601053;
2018;01;29;7;0;0.000077259842;0.000189469665;0.000090483070;0.000158401942;
2018;01;29;8;0;0.000105933185;0.000199734953;0.000115613512;0.000167365545;
2018;01;29;9;0;0.000131696363;0.000168868719;0.000155225409;0.000108236566;
2018;01;29;10;0;0.000147889883;0.000139453679;0.000180590178;0.000074683090;
2018;01;29;11;0;0.000162301964;0.000134255554;0.000190367614;0.000074152536;
2018;01;29;12;0;0.000164648430;0.000119114241;0.000189245425;0.000070532383;
2018;01;29;13;0;0.000165319502;0.000089116922;0.000186138084;0.000067239579;
2018;01;29;14;0;0.000168295229;0.000089093415;0.000173143176;0.000067731878;
2018;01;29;15;0;0.000160945072;0.000087682581;0.000148803361;0.000064318384;
2018;01;29;16;0;0.000153650302;0.000082360166;0.000140587533;0.000059219126;
2018;01;29;17;0;0.000153320512;0.000079979558;0.000142932418;0.000059109740;
2018;01;29;18;0;0.000161464428;0.000082157691;0.000149036189;0.000062182542;
2018;01;29;19;0;0.000177252378;0.000133589832;0.000158988117;0.000136924049;
2018;01;29;20;0;0.000188592008;0.000169979878;0.000155451692;0.000218784833;
2018;01;29;21;0;0.000193796275;0.000175842538;0.000137791778;0.000226347796;
2018;01;29;22;0;0.000190138183;0.000180627189;0.000116807418;0.000230129811;
2018;01;29;23;0;0.000166471049;0.000226630595;0.000100286240;0.000216072531;
2018;01;29;24;0;0.000133729485;0.000231710023;0.000090448803;0.000188497071;
2018;01;30;1;0;0.000100352390;0.000219016428;0.000082496082;0.000176830423;
2018;01;30;2;0;0.000078767112;0.000200772888;0.000079564966;0.000187329091;
2018;01;30;3;0;0.000069155583;0.000185789199;0.000077851567;0.000181279773;
2018;01;30;4;0;0.000064770007;0.000175590959;0.000077090626;0.000173705324;
2018;01;30;5;0;0.000063612726;0.000171895083;0.000077334488;0.000166799968;
2018;01;30;6;0;0.000065963665;0.000181419968;0.000080072741;0.000161934568;
2018;01;30;7;0;0.000078058225;0.000190284169;0.000091695933;0.000161614636;
2018;01;30;8;0;0.000108226525;0.000201575177;0.000117497606;0.000169661494;
2018;01;30;9;0;0.000134019450;0.000169996673;0.000156555731;0.000106844693;
2018;01;30;10;0;0.000148720199;0.000140493343;0.000180867472;0.000073751434;
2018;01;30;11;0;0.000161891191;0.000134190892;0.000189749470;0.000072164675;
2018;01;30;12;0;0.000163005136;0.000118713699;0.000188175799;0.000067907501;
2018;01;30;13;0;0.000163624485;0.000088567453;0.000184982543;0.000065794551;
2018;01;30;14;0;0.000166143289;0.000088603579;0.000171914687;0.000066537498;
2018;01;30;15;0;0.000159279913;0.000086907311;0.000147391773;0.000062965433;
2018;01;30;16;0;0.000152481759;0.000082170114;0.000139963349;0.000058947494;
2018;01;30;17;0;0.000152504094;0.000079890217;0.000142446713;0.000056948804;
2018;01;30;18;0;0.000161195661;0.000082377150;0.000148358438;0.000060011434;
2018;01;30;19;0;0.000177961917;0.000132456997;0.000159393559;0.000130670438;
2018;01;30;20;0;0.000190451250;0.000171492707;0.000156878016;0.000222376861;
2018;01;30;21;0;0.000195683539;0.000177958551;0.000138897662;0.000232060854;
2018;01;30;22;0;0.000190818969;0.000181967686;0.000117518235;0.000234857484;
2018;01;30;23;0;0.000166876884;0.000227403795;0.000100496848;0.000217896049;
2018;01;30;24;0;0.000134463653;0.000232855229;0.000090006539;0.000188247424;
2018;01;31;1;0;0.000100125181;0.000218858890;0.000082320947;0.000177222725;
2018;01;31;2;0;0.000078593790;0.000200705032;0.000079406179;0.000188051010;
2018;01;31;3;0;0.000069008788;0.000185813120;0.000077708306;0.000182344433;
2018;01;31;4;0;0.000064634908;0.000175652543;0.000076954453;0.000174894327;
2018;01;31;5;0;0.000063472286;0.000171829836;0.000077179037;0.000167418831;
2018;01;31;6;0;0.000065814853;0.000181299198;0.000079904078;0.000162344783;
2018;01;31;7;0;0.000077871464;0.000190001299;0.000091477731;0.000161447623;
2018;01;31;8;0;0.000107955832;0.000201143837;0.000117192478;0.000169002215;
2018;01;31;9;0;0.000133691405;0.000169687485;0.000156165908;0.000106578439;
2018;01;31;10;0;0.000148360219;0.000140260775;0.000180426960;0.000073619822;
2018;01;31;11;0;0.000161497869;0.000133961479;0.000189283897;0.000072018928;
2018;01;31;12;0;0.000162590897;0.000118431164;0.000187672049;0.000067573634;
2018;01;31;13;0;0.000163224248;0.000088407254;0.000184522555;0.000065633437;
2018;01;31;14;0;0.000165717645;0.000088381733;0.000171447373;0.000066174802;
2018;01;31;15;0;0.000158863104;0.000086661045;0.000146974925;0.000062532205;
2018;01;31;16;0;0.000152077319;0.000081919681;0.000139557556;0.000058486561;
2018;01;31;17;0;0.000152108913;0.000079675953;0.000142051115;0.000056592663;
2018;01;31;18;0;0.000160786981;0.000082183829;0.000147963022;0.000059722294;
2018;01;31;19;0;0.000177511908;0.000132151372;0.000158970839;0.000130062353;
2018;01;31;20;0;0.000189963448;0.000171063698;0.000156451752;0.000221161104;
2018;01;31;21;0;0.000195190971;0.000177560743;0.000138532524;0.000231064825;
2018;01;31;22;0;0.000190338970;0.000181562935;0.000117209705;0.000233864356;
2018;01;31;23;0;0.000166477769;0.000227066523;0.000100257873;0.000217666241;
2018;01;31;24;0;0.000134142240;0.000232511817;0.000089792752;0.000188056721;
