AŃO;MES;DIA;HORA;VERANO(1)/INVIERNO(0);COEF. PERFIL A;COEF. PERFIL B;COEF. PERFIL C;COEF. PERFIL D;
2020;11;01;1;0;0.000086991492;0.000133112583;0.000077426895;0.000146407972;
2020;11;01;2;0;0.000071780850;0.000119478535;0.000071839503;0.000156850254;
2020;11;01;3;0;0.000062042073;0.000109315120;0.000069453054;0.000153415609;
2020;11;01;4;0;0.000056584007;0.000102879162;0.000068248320;0.000147298558;
2020;11;01;5;0;0.000054035753;0.000100488654;0.000067954535;0.000140776854;
2020;11;01;6;0;0.000053620429;0.000103421825;0.000068640984;0.000135534612;
2020;11;01;7;0;0.000055751012;0.000105732536;0.000070619222;0.000131992266;
2020;11;01;8;0;0.000061602913;0.000098696524;0.000068900871;0.000117621995;
2020;11;01;9;0;0.000075952331;0.000080914642;0.000065524443;0.000069483221;
2020;11;01;10;0;0.000098823245;0.000090797223;0.000069790899;0.000074221972;
2020;11;01;11;0;0.000116792342;0.000100244544;0.000074959887;0.000081213099;
2020;11;01;12;0;0.000123820502;0.000100037878;0.000078720387;0.000082142873;
2020;11;01;13;0;0.000125910436;0.000089189453;0.000080790326;0.000080060280;
2020;11;01;14;0;0.000132729012;0.000090806428;0.000080992429;0.000078440468;
2020;11;01;15;0;0.000132365273;0.000089710266;0.000078533146;0.000076976415;
2020;11;01;16;0;0.000117355990;0.000079653006;0.000075364798;0.000069324259;
2020;11;01;17;0;0.000109085139;0.000073854614;0.000072992049;0.000066150150;
2020;11;01;18;0;0.000109493810;0.000076221881;0.000073475356;0.000067847108;
2020;11;01;19;0;0.000124825175;0.000115090526;0.000086542223;0.000122107884;
2020;11;01;20;0;0.000136532167;0.000132180607;0.000090658552;0.000155000363;
2020;11;01;21;0;0.000145915095;0.000139810512;0.000089994822;0.000158526301;
2020;11;01;22;0;0.000145875729;0.000142879092;0.000086100115;0.000158378512;
2020;11;01;23;0;0.000125729988;0.000153250233;0.000079793329;0.000153263342;
2020;11;01;24;0;0.000101071235;0.000143931355;0.000074039285;0.000145809911;
2020;11;02;1;0;0.000074565643;0.000126858886;0.000065866984;0.000140125240;
2020;11;02;2;0;0.000060171764;0.000112808953;0.000063262776;0.000151527930;
2020;11;02;3;0;0.000052962805;0.000103452670;0.000062098938;0.000148195621;
2020;11;02;4;0;0.000049787600;0.000098243911;0.000061710195;0.000142923739;
2020;11;02;5;0;0.000048764175;0.000096884399;0.000061881944;0.000136897419;
2020;11;02;6;0;0.000050141301;0.000100725003;0.000064096940;0.000130811810;
2020;11;02;7;0;0.000059606738;0.000107617226;0.000072950833;0.000131012716;
2020;11;02;8;0;0.000082584035;0.000115592061;0.000089341067;0.000128994493;
2020;11;02;9;0;0.000097376491;0.000100686164;0.000116501721;0.000085647900;
2020;11;02;10;0;0.000103489499;0.000096783591;0.000137341584;0.000081818179;
2020;11;02;11;0;0.000110228084;0.000095755595;0.000143519946;0.000082560359;
2020;11;02;12;0;0.000112013725;0.000090480883;0.000143473361;0.000080822171;
2020;11;02;13;0;0.000115513762;0.000080439501;0.000142837627;0.000078500214;
2020;11;02;14;0;0.000122369347;0.000082789108;0.000135401787;0.000076664680;
2020;11;02;15;0;0.000121256410;0.000082176919;0.000118768283;0.000074085487;
2020;11;02;16;0;0.000113983978;0.000076683751;0.000113581718;0.000069974674;
2020;11;02;17;0;0.000110175601;0.000073049639;0.000115242781;0.000069062600;
2020;11;02;18;0;0.000114531909;0.000077739259;0.000119376721;0.000073012479;
2020;11;02;19;0;0.000129463186;0.000115413121;0.000129276990;0.000128369891;
2020;11;02;20;0;0.000141492155;0.000131359598;0.000123025345;0.000157584380;
2020;11;02;21;0;0.000151162196;0.000140759193;0.000110417790;0.000161403664;
2020;11;02;22;0;0.000150615009;0.000144884558;0.000094206730;0.000159889378;
2020;11;02;23;0;0.000129544180;0.000157996776;0.000081004310;0.000155405439;
2020;11;02;24;0;0.000101193892;0.000147200911;0.000072698673;0.000147128049;
2020;11;03;1;0;0.000080521936;0.000134311114;0.000072467200;0.000144967544;
2020;11;03;2;0;0.000064179787;0.000119312805;0.000069263211;0.000160941269;
2020;11;03;3;0;0.000056403472;0.000109566228;0.000067863408;0.000158366646;
2020;11;03;4;0;0.000053096210;0.000104206059;0.000067358511;0.000152335279;
2020;11;03;5;0;0.000052028936;0.000102776167;0.000067447224;0.000144240654;
2020;11;03;6;0;0.000053704917;0.000107024672;0.000069808210;0.000137188923;
2020;11;03;7;0;0.000064320410;0.000115105984;0.000079303673;0.000136396878;
2020;11;03;8;0;0.000090173247;0.000124697183;0.000097306372;0.000135660136;
2020;11;03;9;0;0.000106309797;0.000109089159;0.000125598811;0.000090699292;
2020;11;03;10;0;0.000111985052;0.000104202603;0.000146857224;0.000085130467;
2020;11;03;11;0;0.000118098153;0.000102171142;0.000153357712;0.000085693346;
2020;11;03;12;0;0.000119158884;0.000096060239;0.000152745086;0.000083460650;
2020;11;03;13;0;0.000122799478;0.000085429263;0.000152300807;0.000081150345;
2020;11;03;14;0;0.000129673591;0.000087711969;0.000144221843;0.000079156497;
2020;11;03;15;0;0.000127990534;0.000086674899;0.000126157436;0.000076230814;
2020;11;03;16;0;0.000120811333;0.000081194705;0.000120769555;0.000072246055;
2020;11;03;17;0;0.000117212810;0.000077688420;0.000121931585;0.000071093890;
2020;11;03;18;0;0.000122444133;0.000083087147;0.000127368417;0.000075794740;
2020;11;03;19;0;0.000138193538;0.000123149728;0.000138629026;0.000133037102;
2020;11;03;20;0;0.000150427893;0.000139770832;0.000132734927;0.000161935510;
2020;11;03;21;0;0.000160267505;0.000149396427;0.000119826829;0.000165864448;
2020;11;03;22;0;0.000159419437;0.000153441792;0.000102835189;0.000164604971;
2020;11;03;23;0;0.000137562115;0.000166662033;0.000088431791;0.000158920648;
2020;11;03;24;0;0.000108360000;0.000155385807;0.000078716977;0.000150045967;
2020;11;04;1;0;0.000083764130;0.000138678845;0.000075765321;0.000147695828;
2020;11;04;2;0;0.000066716944;0.000123096402;0.000072389989;0.000163809868;
2020;11;04;3;0;0.000058710452;0.000113206156;0.000070973764;0.000161483994;
2020;11;04;4;0;0.000055264938;0.000107661458;0.000070443837;0.000155322224;
2020;11;04;5;0;0.000054206794;0.000106299049;0.000070570905;0.000147267950;
2020;11;04;6;0;0.000055932844;0.000110649035;0.000073028122;0.000139998403;
2020;11;04;7;0;0.000066807300;0.000118645316;0.000082850080;0.000138663463;
2020;11;04;8;0;0.000093578777;0.000128408133;0.000101613743;0.000137749501;
2020;11;04;9;0;0.000110452888;0.000112480888;0.000131234051;0.000092245828;
2020;11;04;10;0;0.000116531695;0.000107629729;0.000153565955;0.000086771246;
2020;11;04;11;0;0.000123049907;0.000105681208;0.000160465678;0.000087499992;
2020;11;04;12;0;0.000124319230;0.000099506262;0.000159930421;0.000085376534;
2020;11;04;13;0;0.000128068144;0.000088456001;0.000159434705;0.000082968601;
2020;11;04;14;0;0.000135221743;0.000090807988;0.000150968928;0.000080916975;
2020;11;04;15;0;0.000133414675;0.000089695529;0.000132033505;0.000077884293;
2020;11;04;16;0;0.000125956544;0.000084043155;0.000126407269;0.000073833847;
2020;11;04;17;0;0.000122373720;0.000080537478;0.000127711495;0.000072796213;
2020;11;04;18;0;0.000127671676;0.000086011738;0.000133320310;0.000077471995;
2020;11;04;19;0;0.000144000186;0.000127392664;0.000145060412;0.000135858262;
2020;11;04;20;0;0.000156661432;0.000144497026;0.000138854347;0.000165241491;
2020;11;04;21;0;0.000166889824;0.000154428602;0.000125344039;0.000169223918;
2020;11;04;22;0;0.000165885272;0.000158481431;0.000107530527;0.000167768886;
2020;11;04;23;0;0.000143153278;0.000172151677;0.000092473320;0.000161993858;
2020;11;04;24;0;0.000112758153;0.000160494352;0.000082312316;0.000152935962;
2020;11;05;1;0;0.000084433215;0.000139723669;0.000076120329;0.000148888821;
2020;11;05;2;0;0.000067244392;0.000124012742;0.000072726080;0.000165115073;
2020;11;05;3;0;0.000059140777;0.000113976554;0.000071282750;0.000162642181;
2020;11;05;4;0;0.000055693624;0.000108445280;0.000070765431;0.000156528816;
2020;11;05;5;0;0.000054584345;0.000106979693;0.000070864917;0.000148251380;
2020;11;05;6;0;0.000056343624;0.000111404774;0.000073345312;0.000141010622;
2020;11;05;7;0;0.000067165117;0.000119193719;0.000083127797;0.000139283255;
2020;11;05;8;0;0.000093979728;0.000128848476;0.000101900740;0.000138158320;
2020;11;05;9;0;0.000110905722;0.000112843393;0.000131592916;0.000092495454;
2020;11;05;10;0;0.000117005407;0.000107972329;0.000153983583;0.000087001443;
2020;11;05;11;0;0.000123530738;0.000105999050;0.000160889697;0.000087712720;
2020;11;05;12;0;0.000124683659;0.000099697701;0.000160275048;0.000085468527;
2020;11;05;13;0;0.000128254579;0.000088481382;0.000159660392;0.000082888637;
2020;11;05;14;0;0.000135303577;0.000090748465;0.000151117951;0.000080744173;
2020;11;05;15;0;0.000133619521;0.000089729215;0.000132225605;0.000077817896;
2020;11;05;16;0;0.000126027712;0.000083984223;0.000126529807;0.000073671694;
2020;11;05;17;0;0.000122315583;0.000080387958;0.000127769145;0.000072531114;
2020;11;05;18;0;0.000127681625;0.000085904659;0.000133417926;0.000077248505;
2020;11;05;19;0;0.000143931510;0.000127155679;0.000145126259;0.000135362153;
2020;11;05;20;0;0.000156497340;0.000144136847;0.000138877544;0.000164508047;
2020;11;05;21;0;0.000166548898;0.000153873443;0.000125301983;0.000168241199;
2020;11;05;22;0;0.000165488466;0.000157850718;0.000107475066;0.000166715464;
2020;11;05;23;0;0.000142735951;0.000171366725;0.000092401297;0.000160859780;
2020;11;05;24;0;0.000112446156;0.000159788699;0.000082254592;0.000151895603;
2020;11;06;1;0;0.000083515162;0.000131411582;0.000076180400;0.000150150207;
2020;11;06;2;0;0.000067229507;0.000116561509;0.000072492339;0.000165745041;
2020;11;06;3;0;0.000058788973;0.000106944890;0.000070994185;0.000163153338;
2020;11;06;4;0;0.000055011345;0.000101526650;0.000070411735;0.000156761966;
2020;11;06;5;0;0.000053809293;0.000100088390;0.000070378318;0.000148249438;
2020;11;06;6;0;0.000055478195;0.000104156042;0.000072752636;0.000141863605;
2020;11;06;7;0;0.000065720847;0.000111631097;0.000081961879;0.000140062171;
2020;11;06;8;0;0.000090863565;0.000120053971;0.000099050918;0.000137098908;
2020;11;06;9;0;0.000107680722;0.000105945477;0.000126429655;0.000091323559;
2020;11;06;10;0;0.000114771695;0.000102963557;0.000147339704;0.000087026896;
2020;11;06;11;0;0.000121048022;0.000101625784;0.000154041648;0.000088036813;
2020;11;06;12;0;0.000121830040;0.000095897139;0.000154035778;0.000086154032;
2020;11;06;13;0;0.000124929436;0.000085873490;0.000153650004;0.000083839109;
2020;11;06;14;0;0.000131649616;0.000088076975;0.000145556592;0.000081512777;
2020;11;06;15;0;0.000131073979;0.000087656770;0.000126982856;0.000079250552;
2020;11;06;16;0;0.000124176329;0.000082564722;0.000118695252;0.000075255302;
2020;11;06;17;0;0.000120224136;0.000078999327;0.000117797837;0.000074410233;
2020;11;06;18;0;0.000124173139;0.000083548830;0.000122014796;0.000078589849;
2020;11;06;19;0;0.000137190196;0.000120900397;0.000136104071;0.000135099989;
2020;11;06;20;0;0.000144336977;0.000134357487;0.000133549042;0.000164966408;
2020;11;06;21;0;0.000149242001;0.000140202914;0.000124735092;0.000167007659;
2020;11;06;22;0;0.000150160997;0.000144566561;0.000110075468;0.000166490350;
2020;11;06;23;0;0.000134067943;0.000158886534;0.000096408141;0.000161901898;
2020;11;06;24;0;0.000111766271;0.000151501638;0.000086968632;0.000154458416;
2020;11;07;1;0;0.000089706947;0.000140319778;0.000080133644;0.000150476253;
2020;11;07;2;0;0.000072963078;0.000125502659;0.000074620705;0.000164537820;
2020;11;07;3;0;0.000062795791;0.000114479028;0.000072281975;0.000161801188;
2020;11;07;4;0;0.000057539259;0.000107693134;0.000071132800;0.000154909840;
2020;11;07;5;0;0.000055261315;0.000105335272;0.000070549049;0.000146585559;
2020;11;07;6;0;0.000055410008;0.000109015670;0.000071393126;0.000140738215;
2020;11;07;7;0;0.000058775797;0.000112042617;0.000074534778;0.000135068909;
2020;11;07;8;0;0.000067794627;0.000108315326;0.000076648320;0.000123508273;
2020;11;07;9;0;0.000086934019;0.000092723376;0.000078951703;0.000076752605;
2020;11;07;10;0;0.000111752268;0.000103090857;0.000089170263;0.000082007784;
2020;11;07;11;0;0.000127316026;0.000109403507;0.000099500123;0.000088881774;
2020;11;07;12;0;0.000130740033;0.000105541990;0.000103154802;0.000088494148;
2020;11;07;13;0;0.000132442195;0.000092911201;0.000104679232;0.000085188469;
2020;11;07;14;0;0.000140149566;0.000095074888;0.000100734656;0.000083986671;
2020;11;07;15;0;0.000139567458;0.000094413134;0.000092406242;0.000081706355;
2020;11;07;16;0;0.000125578343;0.000085175398;0.000088554434;0.000074230989;
2020;11;07;17;0;0.000116670593;0.000079051677;0.000087482317;0.000070276492;
2020;11;07;18;0;0.000116551785;0.000081642181;0.000092035378;0.000071901102;
2020;11;07;19;0;0.000128638122;0.000119888157;0.000106700883;0.000127298597;
2020;11;07;20;0;0.000134715867;0.000132448694;0.000111232495;0.000156065452;
2020;11;07;21;0;0.000140005858;0.000137482493;0.000109876250;0.000158419813;
2020;11;07;22;0;0.000142480622;0.000142250887;0.000101439119;0.000159371180;
2020;11;07;23;0;0.000128713391;0.000158923299;0.000092529819;0.000156886745;
2020;11;07;24;0;0.000109751382;0.000153813732;0.000085064848;0.000149983469;
2020;11;08;1;0;0.000087975512;0.000134302134;0.000078585185;0.000146991541;
2020;11;08;2;0;0.000072513094;0.000120399178;0.000072874149;0.000157235370;
2020;11;08;3;0;0.000062639873;0.000110088872;0.000070433650;0.000153672458;
2020;11;08;4;0;0.000057033869;0.000103415161;0.000069154238;0.000147202744;
2020;11;08;5;0;0.000054499932;0.000101083397;0.000068878484;0.000140808999;
2020;11;08;6;0;0.000054102267;0.000104079197;0.000069588057;0.000135638887;
2020;11;08;7;0;0.000056333161;0.000106575231;0.000071645173;0.000132358794;
2020;11;08;8;0;0.000062389900;0.000099738472;0.000069982439;0.000118327350;
2020;11;08;9;0;0.000076794413;0.000081617175;0.000066497943;0.000069737150;
2020;11;08;10;0;0.000100244265;0.000091917360;0.000070942438;0.000074831659;
2020;11;08;11;0;0.000118524631;0.000101531546;0.000076213745;0.000081930920;
2020;11;08;12;0;0.000125860710;0.000101504633;0.000080102131;0.000083055206;
2020;11;08;13;0;0.000128148549;0.000090625573;0.000082260914;0.000081093060;
2020;11;08;14;0;0.000134996517;0.000092198773;0.000082438916;0.000079376851;
2020;11;08;15;0;0.000134397238;0.000090913492;0.000079867479;0.000077711349;
2020;11;08;16;0;0.000118970462;0.000080580693;0.000076584797;0.000069834169;
2020;11;08;17;0;0.000110669205;0.000074777354;0.000074201615;0.000066706465;
2020;11;08;18;0;0.000111150144;0.000077225526;0.000074714990;0.000068474924;
2020;11;08;19;0;0.000127004558;0.000116903867;0.000088103070;0.000123632075;
2020;11;08;20;0;0.000138633820;0.000133959919;0.000092200360;0.000156490825;
2020;11;08;21;0;0.000148268770;0.000141806801;0.000091558647;0.000160211809;
2020;11;08;22;0;0.000148241820;0.000144933231;0.000087600292;0.000160081339;
2020;11;08;23;0;0.000127971080;0.000155725979;0.000081247986;0.000155249829;
2020;11;08;24;0;0.000102907515;0.000146311248;0.000075401933;0.000147768338;
2020;11;09;1;0;0.000079132653;0.000132872926;0.000070712871;0.000143386061;
2020;11;09;2;0;0.000063864966;0.000118172796;0.000067921384;0.000155079545;
2020;11;09;3;0;0.000056175745;0.000108290530;0.000066649627;0.000151526567;
2020;11;09;4;0;0.000052885495;0.000103005745;0.000066281439;0.000146432494;
2020;11;09;5;0;0.000051821814;0.000101631053;0.000066481374;0.000140344357;
2020;11;09;6;0;0.000053405340;0.000105923612;0.000068939503;0.000134521221;
2020;11;09;7;0;0.000063665884;0.000113526231;0.000078572520;0.000135256589;
2020;11;09;8;0;0.000088883106;0.000122978092;0.000096590870;0.000134598597;
2020;11;09;9;0;0.000105048952;0.000107398274;0.000126102410;0.000089659752;
2020;11;09;10;0;0.000111288276;0.000102869685;0.000148425297;0.000085269216;
2020;11;09;11;0;0.000118324613;0.000101576329;0.000154965811;0.000085829754;
2020;11;09;12;0;0.000120084721;0.000095841942;0.000154814776;0.000083870416;
2020;11;09;13;0;0.000123838273;0.000085206566;0.000154129787;0.000081461897;
2020;11;09;14;0;0.000130900577;0.000087482042;0.000145945971;0.000079315252;
2020;11;09;15;0;0.000129451840;0.000086643248;0.000127889253;0.000076435600;
2020;11;09;16;0;0.000121836482;0.000080961134;0.000122379346;0.000072316462;
2020;11;09;17;0;0.000117785701;0.000077138824;0.000124179631;0.000071390616;
2020;11;09;18;0;0.000122611925;0.000082217042;0.000128722376;0.000075619047;
2020;11;09;19;0;0.000138618002;0.000122081791;0.000139408698;0.000132980832;
2020;11;09;20;0;0.000151285568;0.000138733466;0.000132574542;0.000162926650;
2020;11;09;21;0;0.000161541310;0.000148575289;0.000118957558;0.000166755673;
2020;11;09;22;0;0.000161084491;0.000153064730;0.000101533149;0.000165373244;
2020;11;09;23;0;0.000138366092;0.000166672733;0.000087246027;0.000160442094;
2020;11;09;24;0;0.000107995293;0.000155140752;0.000078267687;0.000151721729;
2020;11;10;1;0;0.000082623534;0.000137227744;0.000074315577;0.000147259043;
2020;11;10;2;0;0.000065782957;0.000121756041;0.000070990862;0.000163238459;
2020;11;10;3;0;0.000057832528;0.000111853245;0.000069568128;0.000160705416;
2020;11;10;4;0;0.000054437945;0.000106373617;0.000069048198;0.000154571605;
2020;11;10;5;0;0.000053388961;0.000105013109;0.000069168173;0.000146531968;
2020;11;10;6;0;0.000055059465;0.000109245989;0.000071556634;0.000139198306;
2020;11;10;7;0;0.000065713785;0.000117041442;0.000081149368;0.000137725383;
2020;11;10;8;0;0.000092002592;0.000126603890;0.000099504438;0.000136723917;
2020;11;10;9;0;0.000108450820;0.000110739414;0.000128426690;0.000091392156;
2020;11;10;10;0;0.000114227400;0.000105765606;0.000150155169;0.000085767318;
2020;11;10;11;0;0.000120495915;0.000103735264;0.000156823063;0.000086367331;
2020;11;10;12;0;0.000121549739;0.000097505466;0.000156178299;0.000084089771;
2020;11;10;13;0;0.000124953500;0.000086476330;0.000155530924;0.000081481683;
2020;11;10;14;0;0.000131806584;0.000088681380;0.000147200771;0.000079362163;
2020;11;10;15;0;0.000130046009;0.000087595511;0.000128738700;0.000076388065;
2020;11;10;16;0;0.000122851093;0.000082130881;0.000123291155;0.000072475913;
2020;11;10;17;0;0.000119215773;0.000078601514;0.000124490620;0.000071339176;
2020;11;10;18;0;0.000124568440;0.000084087447;0.000130058887;0.000076082516;
2020;11;10;19;0;0.000140865786;0.000124903355;0.000141694675;0.000133906630;
2020;11;10;20;0;0.000153537821;0.000141967863;0.000135758927;0.000163291537;
2020;11;10;21;0;0.000163664049;0.000151830468;0.000122587987;0.000167371312;
2020;11;10;22;0;0.000162783294;0.000155926037;0.000105200117;0.000166079338;
2020;11;10;23;0;0.000140512229;0.000169423827;0.000090480842;0.000160419052;
2020;11;10;24;0;0.000110745957;0.000158059172;0.000080563567;0.000151578541;
2020;11;11;1;0;0.000083632235;0.000138625266;0.000075265546;0.000148255026;
2020;11;11;2;0;0.000066601725;0.000123028137;0.000071906800;0.000164396155;
2020;11;11;3;0;0.000058515157;0.000112942213;0.000070443222;0.000161702940;
2020;11;11;4;0;0.000055116852;0.000107487956;0.000069939867;0.000155673383;
2020;11;11;5;0;0.000054031921;0.000106063381;0.000070046499;0.000147490081;
2020;11;11;6;0;0.000055751961;0.000110403464;0.000072484224;0.000140212010;
2020;11;11;7;0;0.000066514922;0.000118231450;0.000082185603;0.000138655081;
2020;11;11;8;0;0.000093198955;0.000128005196;0.000100815431;0.000137800450;
2020;11;11;9;0;0.000109899115;0.000112008164;0.000130141374;0.000092155903;
2020;11;11;10;0;0.000115753802;0.000106978277;0.000152160838;0.000086484758;
2020;11;11;11;0;0.000121873110;0.000104702197;0.000158766270;0.000086858919;
2020;11;11;12;0;0.000122869374;0.000098352424;0.000158068741;0.000084501912;
2020;11;11;13;0;0.000126437997;0.000087325623;0.000157493264;0.000081996169;
2020;11;11;14;0;0.000133323863;0.000089516048;0.000149030818;0.000079822833;
2020;11;11;15;0;0.000131610545;0.000088470370;0.000130372736;0.000076886170;
2020;11;11;16;0;0.000124391185;0.000082997226;0.000124887183;0.000072999193;
2020;11;11;17;0;0.000120597139;0.000079347926;0.000126042984;0.000071760806;
2020;11;11;18;0;0.000126021774;0.000084893423;0.000131685809;0.000076540664;
2020;11;11;19;0;0.000142499075;0.000126090506;0.000143462096;0.000134699460;
2020;11;11;20;0;0.000155016216;0.000143007691;0.000137318885;0.000163814687;
2020;11;11;21;0;0.000165215628;0.000152917717;0.000123987158;0.000167874145;
2020;11;11;22;0;0.000164275548;0.000156988724;0.000106383999;0.000166507618;
2020;11;11;23;0;0.000141642407;0.000170367649;0.000091447897;0.000160584853;
2020;11;11;24;0;0.000111512873;0.000158743758;0.000081379478;0.000151501355;
2020;11;12;1;0;0.000083407595;0.000138254141;0.000075160322;0.000147790440;
2020;11;12;2;0;0.000066448348;0.000122751055;0.000071820173;0.000163967905;
2020;11;12;3;0;0.000058477168;0.000112895211;0.000070416882;0.000161651938;
2020;11;12;4;0;0.000055061783;0.000107401441;0.000069901450;0.000155548715;
2020;11;12;5;0;0.000053925519;0.000105863641;0.000069974061;0.000147173070;
2020;11;12;6;0;0.000055668841;0.000110254063;0.000072426850;0.000140002808;
2020;11;12;7;0;0.000066479674;0.000118197799;0.000082159946;0.000138633699;
2020;11;12;8;0;0.000093175040;0.000128007719;0.000100797625;0.000137831872;
2020;11;12;9;0;0.000109848670;0.000111985167;0.000130105233;0.000092150971;
2020;11;12;10;0;0.000115697494;0.000106953063;0.000152116457;0.000086476879;
2020;11;12;11;0;0.000121983860;0.000104839884;0.000158830694;0.000087019435;
2020;11;12;12;0;0.000123014664;0.000098511677;0.000158154542;0.000084690189;
2020;11;12;13;0;0.000126455335;0.000087365559;0.000157496447;0.000082059736;
2020;11;12;14;0;0.000133407070;0.000089605394;0.000149070261;0.000079938568;
2020;11;12;15;0;0.000131668370;0.000088540526;0.000130395140;0.000076977983;
2020;11;12;16;0;0.000124356483;0.000082996809;0.000124863696;0.000073013611;
2020;11;12;17;0;0.000120673441;0.000079427966;0.000126076615;0.000071866043;
2020;11;12;18;0;0.000126337712;0.000085156186;0.000131843478;0.000076853384;
2020;11;12;19;0;0.000142629481;0.000126257314;0.000143520546;0.000134950041;
2020;11;12;20;0;0.000154985949;0.000143020274;0.000137298822;0.000163866067;
2020;11;12;21;0;0.000165015474;0.000152758505;0.000123905963;0.000167689963;
2020;11;12;22;0;0.000164135726;0.000156888196;0.000106333426;0.000166408552;
2020;11;12;23;0;0.000141642428;0.000170419620;0.000091443489;0.000160678751;
2020;11;12;24;0;0.000111650163;0.000159009292;0.000081425732;0.000151848763;
2020;11;13;1;0;0.000084328541;0.000132400427;0.000077021331;0.000150745340;
2020;11;13;2;0;0.000067902396;0.000117473424;0.000073302368;0.000166463551;
2020;11;13;3;0;0.000059412688;0.000107852754;0.000071808847;0.000163995781;
2020;11;13;4;0;0.000055609399;0.000102418019;0.000071228949;0.000157628155;
2020;11;13;5;0;0.000054372737;0.000100922723;0.000071181015;0.000148986736;
2020;11;13;6;0;0.000056069886;0.000105046756;0.000073589410;0.000142607492;
2020;11;13;7;0;0.000066455806;0.000112649952;0.000082925618;0.000140897511;
2020;11;13;8;0;0.000092018092;0.000121352570;0.000100290893;0.000138205634;
2020;11;13;9;0;0.000108953484;0.000106987174;0.000127956700;0.000091948306;
2020;11;13;10;0;0.000116019453;0.000103867597;0.000149049676;0.000087507911;
2020;11;13;11;0;0.000122308501;0.000102466385;0.000155794103;0.000088467570;
2020;11;13;12;0;0.000123030143;0.000096630566;0.000155744772;0.000086508691;
2020;11;13;13;0;0.000126013651;0.000086418728;0.000155264364;0.000084048778;
2020;11;13;14;0;0.000132793769;0.000088637459;0.000147086616;0.000081718240;
2020;11;13;15;0;0.000132122534;0.000088147448;0.000128273592;0.000079374817;
2020;11;13;16;0;0.000125109884;0.000082982745;0.000119873280;0.000075323024;
2020;11;13;17;0;0.000121168564;0.000079428732;0.000118987271;0.000074511336;
2020;11;13;18;0;0.000125222843;0.000084058263;0.000123283606;0.000078761155;
2020;11;13;19;0;0.000138565907;0.000121848778;0.000137626223;0.000135689106;
2020;11;13;20;0;0.000145930641;0.000135562429;0.000135110320;0.000165916810;
2020;11;13;21;0;0.000151036711;0.000141613196;0.000126254923;0.000168196437;
2020;11;13;22;0;0.000151936543;0.000145988370;0.000111405768;0.000167628608;
2020;11;13;23;0;0.000135542057;0.000160303267;0.000097533106;0.000162823968;
2020;11;13;24;0;0.000112886082;0.000152688642;0.000087940877;0.000155130188;
2020;11;14;1;0;0.000091038774;0.000141973295;0.000081483745;0.000151443043;
2020;11;14;2;0;0.000074076185;0.000127038458;0.000075893253;0.000165687592;
2020;11;14;3;0;0.000063777263;0.000115927314;0.000073528203;0.000163015018;
2020;11;14;4;0;0.000058456476;0.000109092689;0.000072370304;0.000156138356;
2020;11;14;5;0;0.000056238667;0.000106907895;0.000071838002;0.000148100796;
2020;11;14;6;0;0.000056341673;0.000110537954;0.000072666289;0.000142024073;
2020;11;14;7;0;0.000059690876;0.000113452559;0.000075817582;0.000136070926;
2020;11;14;8;0;0.000068896321;0.000109760212;0.000077993555;0.000124540854;
2020;11;14;9;0;0.000088246067;0.000093841182;0.000080291811;0.000077271346;
2020;11;14;10;0;0.000113407059;0.000104301127;0.000090671094;0.000082529881;
2020;11;14;11;0;0.000129023627;0.000110518807;0.000101105206;0.000089276914;
2020;11;14;12;0;0.000132531529;0.000106651991;0.000104833627;0.000088923373;
2020;11;14;13;0;0.000134209077;0.000093851171;0.000106363742;0.000085559436;
2020;11;14;14;0;0.000142096740;0.000096095046;0.000102383408;0.000084416660;
2020;11;14;15;0;0.000141803021;0.000095648111;0.000094017522;0.000082362793;
2020;11;14;16;0;0.000127629165;0.000086319112;0.000090112407;0.000074859463;
2020;11;14;17;0;0.000118617221;0.000080144201;0.000089036811;0.000070905945;
2020;11;14;18;0;0.000118694707;0.000082924696;0.000093748453;0.000072714868;
2020;11;14;19;0;0.000130857269;0.000121620391;0.000108626909;0.000128538679;
2020;11;14;20;0;0.000136749759;0.000134046251;0.000113120670;0.000157121804;
2020;11;14;21;0;0.000142351320;0.000139392852;0.000111832436;0.000159853421;
2020;11;14;22;0;0.000144791778;0.000144143638;0.000103218174;0.000160696320;
2020;11;14;23;0;0.000130597987;0.000160760048;0.000094079248;0.000157850645;
2020;11;14;24;0;0.000111415808;0.000155680573;0.000086511672;0.000151012815;
2020;11;15;1;0;0.000088364766;0.000134848893;0.000078879464;0.000147511746;
2020;11;15;2;0;0.000072780305;0.000120790490;0.000073120044;0.000157630778;
2020;11;15;3;0;0.000062776492;0.000110262804;0.000070618335;0.000153738398;
2020;11;15;4;0;0.000057242818;0.000103748855;0.000069386784;0.000147568811;
2020;11;15;5;0;0.000054711898;0.000101434919;0.000069117855;0.000141203334;
2020;11;15;6;0;0.000054322514;0.000104462165;0.000069836171;0.000136053099;
2020;11;15;7;0;0.000056609397;0.000107065975;0.000071930400;0.000132916052;
2020;11;15;8;0;0.000062662252;0.000100138085;0.000070242246;0.000118737060;
2020;11;15;9;0;0.000077031064;0.000081827798;0.000066702185;0.000069854338;
2020;11;15;10;0;0.000100180483;0.000091774802;0.000071028830;0.000074570677;
2020;11;15;11;0;0.000118583879;0.000101502418;0.000076349497;0.000081775107;
2020;11;15;12;0;0.000126043767;0.000101583175;0.000080282947;0.000083007421;
2020;11;15;13;0;0.000128389577;0.000090738590;0.000082464182;0.000081094275;
2020;11;15;14;0;0.000135450223;0.000092465189;0.000082703820;0.000079540581;
2020;11;15;15;0;0.000134884733;0.000091203026;0.000080134875;0.000077900117;
2020;11;15;16;0;0.000119499563;0.000080910734;0.000076872553;0.000070083330;
2020;11;15;17;0;0.000110981088;0.000074948410;0.000074419813;0.000066794046;
2020;11;15;18;0;0.000111720963;0.000077601220;0.000075020710;0.000068786035;
2020;11;15;19;0;0.000127505964;0.000117318070;0.000088411759;0.000123988595;
2020;11;15;20;0;0.000139002350;0.000134242572;0.000092464123;0.000156661565;
2020;11;15;21;0;0.000148653425;0.000142095939;0.000091817638;0.000160372420;
2020;11;15;22;0;0.000148502328;0.000145094102;0.000087811331;0.000160056361;
2020;11;15;23;0;0.000128077535;0.000155738983;0.000081405910;0.000155027217;
2020;11;15;24;0;0.000102769731;0.000145971189;0.000075466185;0.000147113524;
2020;11;16;1;0;0.000079285217;0.000133048794;0.000070960465;0.000143336776;
2020;11;16;2;0;0.000063928180;0.000118206146;0.000068127241;0.000154824896;
2020;11;16;3;0;0.000056291292;0.000108449241;0.000066887454;0.000151500796;
2020;11;16;4;0;0.000052982586;0.000103131414;0.000066510642;0.000146362629;
2020;11;16;5;0;0.000051894478;0.000101705988;0.000066696977;0.000140192383;
2020;11;16;6;0;0.000053542498;0.000106138644;0.000069203625;0.000134591684;
2020;11;16;7;0;0.000063948778;0.000113993425;0.000078946862;0.000135680655;
2020;11;16;8;0;0.000089389220;0.000123655208;0.000097111204;0.000135254953;
2020;11;16;9;0;0.000105750794;0.000108107357;0.000126843931;0.000090219767;
2020;11;16;10;0;0.000112022528;0.000103539230;0.000149292234;0.000085791529;
2020;11;16;11;0;0.000119005524;0.000102142235;0.000155805885;0.000086254779;
2020;11;16;12;0;0.000120739486;0.000096343732;0.000155630676;0.000084250557;
2020;11;16;13;0;0.000124381021;0.000085551434;0.000154859565;0.000081710285;
2020;11;16;14;0;0.000131510496;0.000087862980;0.000146657286;0.000079587433;
2020;11;16;15;0;0.000129986466;0.000086969614;0.000128478581;0.000076641906;
2020;11;16;16;0;0.000122399816;0.000081310489;0.000122973539;0.000072561137;
2020;11;16;17;0;0.000118463204;0.000077568441;0.000124852388;0.000071744210;
2020;11;16;18;0;0.000123381876;0.000082723291;0.000129453178;0.000076049606;
2020;11;16;19;0;0.000139390839;0.000122737753;0.000140151639;0.000133606886;
2020;11;16;20;0;0.000151929505;0.000139275530;0.000133193870;0.000163394939;
2020;11;16;21;0;0.000162299429;0.000149227835;0.000119539290;0.000167335837;
2020;11;16;22;0;0.000161497900;0.000153375748;0.000101921250;0.000165462265;
2020;11;16;23;0;0.000138739681;0.000167036155;0.000087585323;0.000160558281;
2020;11;16;24;0;0.000108134975;0.000155236877;0.000078516759;0.000151536593;
2020;11;17;1;0;0.000082849100;0.000137482866;0.000074620625;0.000147269463;
2020;11;17;2;0;0.000066057095;0.000122176497;0.000071333554;0.000163573997;
2020;11;17;3;0;0.000058023877;0.000112132917;0.000069873999;0.000160844821;
2020;11;17;4;0;0.000054611750;0.000106625877;0.000069347803;0.000154680737;
2020;11;17;5;0;0.000053529799;0.000105197410;0.000069449166;0.000146522459;
2020;11;17;6;0;0.000055285384;0.000109615353;0.000071899910;0.000139471429;
2020;11;17;7;0;0.000066057203;0.000117583268;0.000081583976;0.000138210947;
2020;11;17;8;0;0.000092572557;0.000127326313;0.000100085441;0.000137390057;
2020;11;17;9;0;0.000109180136;0.000111436434;0.000129210642;0.000091904484;
2020;11;17;10;0;0.000115039472;0.000106476390;0.000151100845;0.000086293550;
2020;11;17;11;0;0.000121209033;0.000104295124;0.000157717565;0.000086754332;
2020;11;17;12;0;0.000122200221;0.000097970345;0.000157024895;0.000084400473;
2020;11;17;13;0;0.000125633222;0.000086897087;0.000156380912;0.000081792672;
2020;11;17;14;0;0.000132553985;0.000089135529;0.000148022377;0.000079690251;
2020;11;17;15;0;0.000130770204;0.000088034233;0.000129450642;0.000076693179;
2020;11;17;16;0;0.000123388915;0.000082433663;0.000123899407;0.000072645900;
2020;11;17;17;0;0.000119743483;0.000078895520;0.000125107862;0.000071511258;
2020;11;17;18;0;0.000125160173;0.000084432227;0.000130724721;0.000076300284;
2020;11;17;19;0;0.000141606717;0.000125486205;0.000142456101;0.000134384692;
2020;11;17;20;0;0.000154092044;0.000142370118;0.000136376587;0.000163500487;
2020;11;17;21;0;0.000164177814;0.000152181488;0.000123116627;0.000167477024;
2020;11;17;22;0;0.000163326525;0.000156320924;0.000105664032;0.000166230361;
2020;11;17;23;0;0.000141034778;0.000169924650;0.000090897193;0.000160649561;
2020;11;17;24;0;0.000111116424;0.000158460841;0.000080919197;0.000151717933;
2020;11;18;1;0;0.000083448494;0.000138296699;0.000075177553;0.000147840296;
2020;11;18;2;0;0.000066530521;0.000122890537;0.000071863517;0.000164192729;
2020;11;18;3;0;0.000058494429;0.000112905513;0.000070426120;0.000161662831;
2020;11;18;4;0;0.000055078597;0.000107412461;0.000069910974;0.000155561418;
2020;11;18;5;0;0.000053973830;0.000105943959;0.000070004238;0.000147305823;
2020;11;18;6;0;0.000055713483;0.000110326293;0.000072454563;0.000140111331;
2020;11;18;7;0;0.000066499630;0.000118209310;0.000082170836;0.000138644354;
2020;11;18;8;0;0.000093296753;0.000128163350;0.000100861533;0.000138035469;
2020;11;18;9;0;0.000110027388;0.000112161175;0.000130208658;0.000092327999;
2020;11;18;10;0;0.000115837599;0.000107071664;0.000152205957;0.000086592795;
2020;11;18;11;0;0.000122032548;0.000104861572;0.000158859745;0.000087037909;
2020;11;18;12;0;0.000123034652;0.000098506160;0.000158164752;0.000084680346;
2020;11;18;13;0;0.000126480955;0.000087364558;0.000157509783;0.000082054762;
2020;11;18;14;0;0.000133310858;0.000089512475;0.000149013823;0.000079831428;
2020;11;18;15;0;0.000131518888;0.000088407994;0.000130318739;0.000076830597;
2020;11;18;16;0;0.000124177742;0.000082844687;0.000124771807;0.000072843038;
2020;11;18;17;0;0.000120555037;0.000079322564;0.000126012804;0.000071743396;
2020;11;18;18;0;0.000126012292;0.000084892138;0.000131672261;0.000076551276;
2020;11;18;19;0;0.000142460987;0.000126061670;0.000143433606;0.000134682110;
2020;11;18;20;0;0.000154962546;0.000142962448;0.000137286186;0.000163775645;
2020;11;18;21;0;0.000165116720;0.000152826484;0.000123941921;0.000167775453;
2020;11;18;22;0;0.000164093596;0.000156806401;0.000106317946;0.000166292565;
2020;11;18;23;0;0.000141779461;0.000170562339;0.000091486335;0.000160839137;
2020;11;18;24;0;0.000111685715;0.000159027908;0.000081437361;0.000151863898;
2020;11;19;1;0;0.000082844790;0.000137556200;0.000074428762;0.000147630476;
2020;11;19;2;0;0.000065990315;0.000122111585;0.000071115827;0.000163757570;
2020;11;19;3;0;0.000057991733;0.000112130356;0.000069676593;0.000161127963;
2020;11;19;4;0;0.000054592846;0.000106648120;0.000069159012;0.000154998064;
2020;11;19;5;0;0.000053500842;0.000105196733;0.000069253137;0.000146784287;
2020;11;19;6;0;0.000055227537;0.000109553384;0.000071678412;0.000139624325;
2020;11;19;7;0;0.000065945915;0.000117433432;0.000081306542;0.000138240086;
2020;11;19;8;0;0.000092467192;0.000127241265;0.000099772630;0.000137522798;
2020;11;19;9;0;0.000108820774;0.000111095091;0.000128668360;0.000091717232;
2020;11;19;10;0;0.000114574434;0.000106061356;0.000150410065;0.000086027543;
2020;11;19;11;0;0.000120630034;0.000103803482;0.000156938612;0.000086398369;
2020;11;19;12;0;0.000121598848;0.000097492812;0.000156238007;0.000084037264;
2020;11;19;13;0;0.000124975708;0.000086443385;0.000155572752;0.000081405263;
2020;11;19;14;0;0.000131888168;0.000088691056;0.000147272807;0.000079336346;
2020;11;19;15;0;0.000130112667;0.000087594717;0.000128794859;0.000076351931;
2020;11;19;16;0;0.000122852673;0.000082084543;0.000123314183;0.000072391318;
2020;11;19;17;0;0.000119198891;0.000078543620;0.000124504459;0.000071240365;
2020;11;19;18;0;0.000124590864;0.000084055514;0.000130094359;0.000076010957;
2020;11;19;19;0;0.000141059689;0.000125022079;0.000141817644;0.000134003899;
2020;11;19;20;0;0.000153328199;0.000141670402;0.000135690907;0.000162788266;
2020;11;19;21;0;0.000163236632;0.000151302541;0.000122449634;0.000166567661;
2020;11;19;22;0;0.000162270024;0.000155290552;0.000105052278;0.000165159210;
2020;11;19;23;0;0.000140238095;0.000168959326;0.000090408271;0.000159797092;
2020;11;19;24;0;0.000110655947;0.000157825339;0.000080545084;0.000151229081;
2020;11;20;1;0;0.000083758929;0.000131686812;0.000076372804;0.000150369158;
2020;11;20;2;0;0.000067483928;0.000116917604;0.000072706840;0.000166185442;
2020;11;20;3;0;0.000059014646;0.000107278075;0.000071206153;0.000163599278;
2020;11;20;4;0;0.000055150651;0.000101695779;0.000070575890;0.000156906900;
2020;11;20;5;0;0.000053973268;0.000100312369;0.000070560484;0.000148492511;
2020;11;20;6;0;0.000055621328;0.000104335144;0.000072923863;0.000142004636;
2020;11;20;7;0;0.000065973091;0.000111979245;0.000082205925;0.000140447280;
2020;11;20;8;0;0.000091458093;0.000120789101;0.000099479451;0.000137991109;
2020;11;20;9;0;0.000108251507;0.000106447816;0.000126898790;0.000091759485;
2020;11;20;10;0;0.000115247626;0.000103319677;0.000147801947;0.000087302399;
2020;11;20;11;0;0.000121326459;0.000101768904;0.000154382865;0.000088089917;
2020;11;20;12;0;0.000121870663;0.000095822863;0.000154225351;0.000085971257;
2020;11;20;13;0;0.000124808064;0.000085682676;0.000153738494;0.000083509975;
2020;11;20;14;0;0.000131548007;0.000087900888;0.000145654627;0.000081215737;
2020;11;20;15;0;0.000130751141;0.000087317065;0.000126960680;0.000078776364;
2020;11;20;16;0;0.000123843382;0.000082224614;0.000118661970;0.000074781713;
2020;11;20;17;0;0.000119948082;0.000078707438;0.000117788212;0.000073980706;
2020;11;20;18;0;0.000124079060;0.000083382684;0.000122099101;0.000078303252;
2020;11;20;19;0;0.000137510441;0.000121075263;0.000136407816;0.000135187994;
2020;11;20;20;0;0.000144758423;0.000134639143;0.000133886204;0.000165207745;
2020;11;20;21;0;0.000149757098;0.000140579482;0.000125083283;0.000167374686;
2020;11;20;22;0;0.000150589061;0.000144858400;0.000110349742;0.000166717359;
2020;11;20;23;0;0.000134554756;0.000159344890;0.000096686024;0.000162297659;
2020;11;20;24;0;0.000111988490;0.000151662532;0.000087147706;0.000154484791;
2020;11;21;1;0;0.000091406593;0.000142317569;0.000082000617;0.000151385152;
2020;11;21;2;0;0.000074253869;0.000127115257;0.000076312127;0.000165248624;
2020;11;21;3;0;0.000063931464;0.000115999782;0.000073934827;0.000162586984;
2020;11;21;4;0;0.000058621421;0.000109209659;0.000072785309;0.000155814941;
2020;11;21;5;0;0.000056448276;0.000107129886;0.000072282580;0.000147979337;
2020;11;21;6;0;0.000056610385;0.000110895214;0.000073154030;0.000142111912;
2020;11;21;7;0;0.000060123309;0.000114130971;0.000076420236;0.000136621919;
2020;11;21;8;0;0.000069444376;0.000110503128;0.000078641117;0.000125167981;
2020;11;21;9;0;0.000089018587;0.000094559805;0.000080990207;0.000077746726;
2020;11;21;10;0;0.000114451887;0.000105152885;0.000091480732;0.000083089765;
2020;11;21;11;0;0.000130070681;0.000111286474;0.000101952879;0.000089746095;
2020;11;21;12;0;0.000133295843;0.000107114853;0.000105589455;0.000089101487;
2020;11;21;13;0;0.000134791710;0.000094110057;0.000107054553;0.000085562211;
2020;11;21;14;0;0.000142484758;0.000096188728;0.000102965091;0.000084232519;
2020;11;21;15;0;0.000142085106;0.000095662946;0.000094516232;0.000082099645;
2020;11;21;16;0;0.000128281225;0.000086630793;0.000090732233;0.000074941561;
2020;11;21;17;0;0.000119314182;0.000080501671;0.000089683622;0.000071058582;
2020;11;21;18;0;0.000119514320;0.000083389318;0.000094477756;0.000072975087;
2020;11;21;19;0;0.000132048852;0.000122598963;0.000109591358;0.000129390860;
2020;11;21;20;0;0.000138137945;0.000135280270;0.000114184228;0.000158390736;
2020;11;21;21;0;0.000143837519;0.000140720585;0.000112900418;0.000161207274;
2020;11;21;22;0;0.000146239986;0.000145446222;0.000104181665;0.000161958416;
2020;11;21;23;0;0.000132209879;0.000162630176;0.000095067761;0.000159601283;
2020;11;21;24;0;0.000112899583;0.000157660325;0.000087462579;0.000152892588;
2020;11;22;1;0;0.000092559814;0.000139993181;0.000083029058;0.000150838753;
2020;11;22;2;0;0.000076187331;0.000125310462;0.000076942325;0.000161044658;
2020;11;22;3;0;0.000065788834;0.000114531222;0.000074351458;0.000157312402;
2020;11;22;4;0;0.000059997038;0.000107779911;0.000073059305;0.000151025348;
2020;11;22;5;0;0.000057327604;0.000105341887;0.000072765527;0.000144452155;
2020;11;22;6;0;0.000056907853;0.000108460843;0.000073514168;0.000139143488;
2020;11;22;7;0;0.000059190005;0.000110927724;0.000075646273;0.000135573299;
2020;11;22;8;0;0.000065691602;0.000104054163;0.000073968119;0.000121555279;
2020;11;22;9;0;0.000080925650;0.000085227703;0.000070313955;0.000071723289;
2020;11;22;10;0;0.000105120144;0.000095461350;0.000074830573;0.000076438563;
2020;11;22;11;0;0.000124425067;0.000105574001;0.000080434353;0.000083817392;
2020;11;22;12;0;0.000131954815;0.000105393852;0.000084483047;0.000084814673;
2020;11;22;13;0;0.000133961065;0.000093792693;0.000086633068;0.000082475363;
2020;11;22;14;0;0.000141004351;0.000095334533;0.000086784552;0.000080639323;
2020;11;22;15;0;0.000140633186;0.000094195225;0.000084153662;0.000079146749;
2020;11;22;16;0;0.000124792519;0.000083714084;0.000080793292;0.000071362431;
2020;11;22;17;0;0.000116163454;0.000077743338;0.000078305717;0.000068230012;
2020;11;22;18;0;0.000117011927;0.000080551711;0.000078962982;0.000070326625;
2020;11;22;19;0;0.000133782237;0.000122019687;0.000093140324;0.000127079681;
2020;11;22;20;0;0.000145847965;0.000139626075;0.000097410643;0.000160572234;
2020;11;22;21;0;0.000155984926;0.000147805423;0.000096733000;0.000164390689;
2020;11;22;22;0;0.000156007721;0.000151119002;0.000092566305;0.000164330921;
2020;11;22;23;0;0.000134493568;0.000162129376;0.000085795906;0.000159073386;
2020;11;22;24;0;0.000107914832;0.000151955886;0.000079534692;0.000150947121;
2020;11;23;1;0;0.000083874173;0.000139249596;0.000075621694;0.000147184703;
2020;11;23;2;0;0.000067605846;0.000123669550;0.000072590364;0.000158907742;
2020;11;23;3;0;0.000059434877;0.000113261014;0.000071212675;0.000155152102;
2020;11;23;4;0;0.000055938547;0.000107701089;0.000070809770;0.000149879148;
2020;11;23;5;0;0.000054866476;0.000106377713;0.000071058005;0.000143839394;
2020;11;23;6;0;0.000056591451;0.000110975621;0.000073717711;0.000138031864;
2020;11;23;7;0;0.000067649584;0.000119304582;0.000084133242;0.000139318586;
2020;11;23;8;0;0.000094861057;0.000129871555;0.000103653199;0.000139494308;
2020;11;23;9;0;0.000112281666;0.000113606646;0.000135423730;0.000093113529;
2020;11;23;10;0;0.000118915807;0.000108780730;0.000159374005;0.000088517190;
2020;11;23;11;0;0.000126289642;0.000107276300;0.000166302069;0.000088956997;
2020;11;23;12;0;0.000128051445;0.000101117662;0.000166064245;0.000086816314;
2020;11;23;13;0;0.000131765320;0.000089678557;0.000165148474;0.000084067472;
2020;11;23;14;0;0.000139080084;0.000091926956;0.000156267153;0.000081689680;
2020;11;23;15;0;0.000137567644;0.000091065252;0.000136946892;0.000078745069;
2020;11;23;16;0;0.000129763161;0.000085303610;0.000131192859;0.000074731635;
2020;11;23;17;0;0.000125600725;0.000081385729;0.000133203048;0.000073899340;
2020;11;23;18;0;0.000130879492;0.000086841329;0.000138144949;0.000078387395;
2020;11;23;19;0;0.000148073930;0.000129053647;0.000149669255;0.000137989118;
2020;11;23;20;0;0.000161369759;0.000146418214;0.000142228678;0.000168718900;
2020;11;23;21;0;0.000172158929;0.000156653219;0.000127564679;0.000172474432;
2020;11;23;22;0;0.000171390890;0.000161093192;0.000108790138;0.000170656233;
2020;11;23;23;0;0.000147142115;0.000175313371;0.000093457332;0.000165448069;
2020;11;23;24;0;0.000114622492;0.000162832563;0.000083758229;0.000156035957;
2020;11;24;1;0;0.000087862288;0.000144164913;0.000079872437;0.000151220475;
2020;11;24;2;0;0.000069929124;0.000127860522;0.000076285780;0.000167546302;
2020;11;24;3;0;0.000061400046;0.000117296413;0.000074710018;0.000164656297;
2020;11;24;4;0;0.000057836577;0.000111636896;0.000074177811;0.000158525149;
2020;11;24;5;0;0.000056753552;0.000110276718;0.000074327636;0.000150394127;
2020;11;24;6;0;0.000058655043;0.000114995071;0.000076977470;0.000143290771;
2020;11;24;7;0;0.000070086816;0.000123360425;0.000087347940;0.000142003951;
2020;11;24;8;0;0.000098520703;0.000134038082;0.000107319184;0.000141766030;
2020;11;24;9;0;0.000116478443;0.000117628341;0.000138717680;0.000095153318;
2020;11;24;10;0;0.000122685228;0.000112347612;0.000162189519;0.000089299044;
2020;11;24;11;0;0.000129263253;0.000110044553;0.000169290854;0.000089774266;
2020;11;24;12;0;0.000130295279;0.000103349052;0.000168531180;0.000087315168;
2020;11;24;13;0;0.000133750394;0.000091511806;0.000167711205;0.000084437394;
2020;11;24;14;0;0.000141049073;0.000093818007;0.000158707932;0.000082211148;
2020;11;24;15;0;0.000139266755;0.000092744464;0.000138853443;0.000079210488;
2020;11;24;16;0;0.000131717681;0.000087073191;0.000133056684;0.000075277602;
2020;11;24;17;0;0.000127889818;0.000083382167;0.000134387391;0.000074153699;
2020;11;24;18;0;0.000133906929;0.000089406114;0.000140541528;0.000079311745;
2020;11;24;19;0;0.000151395631;0.000132773642;0.000153100769;0.000139549242;
2020;11;24;20;0;0.000164587097;0.000150478417;0.000146497559;0.000169558360;
2020;11;24;21;0;0.000175262781;0.000160749452;0.000132217344;0.000173547653;
2020;11;24;22;0;0.000174317567;0.000165083378;0.000113463098;0.000172204828;
2020;11;24;23;0;0.000150384163;0.000179262356;0.000097560224;0.000166206861;
2020;11;24;24;0;0.000118409771;0.000167054755;0.000086823999;0.000156833108;
2020;11;25;1;0;0.000088877836;0.000145677100;0.000080725257;0.000152525981;
2020;11;25;2;0;0.000070666830;0.000129058650;0.000077061649;0.000168759563;
2020;11;25;3;0;0.000062088226;0.000118481402;0.000075494342;0.000165999360;
2020;11;25;4;0;0.000058473923;0.000112741398;0.000074949531;0.000159777022;
2020;11;25;5;0;0.000057273831;0.000111141056;0.000075032085;0.000151196162;
2020;11;25;6;0;0.000059101066;0.000115696731;0.000077647112;0.000143743957;
2020;11;25;7;0;0.000070586156;0.000124047289;0.000088087114;0.000142357882;
2020;11;25;8;0;0.000099280646;0.000134872282;0.000108258519;0.000142236213;
2020;11;25;9;0;0.000117263207;0.000118233043;0.000139864020;0.000095340533;
2020;11;25;10;0;0.000123513037;0.000112926493;0.000163530405;0.000089476252;
2020;11;25;11;0;0.000130307173;0.000110773771;0.000170803001;0.000090117361;
2020;11;25;12;0;0.000131372611;0.000104055968;0.000170052785;0.000087672093;
2020;11;25;13;0;0.000135077946;0.000092305980;0.000169364622;0.000084975940;
2020;11;25;14;0;0.000142603775;0.000094746238;0.000160360146;0.000082859712;
2020;11;25;15;0;0.000140872749;0.000093714490;0.000140334348;0.000079891190;
2020;11;25;16;0;0.000133189125;0.000087949150;0.000134451491;0.000075887286;
2020;11;25;17;0;0.000129321477;0.000084223298;0.000135797219;0.000074757252;
2020;11;25;18;0;0.000135162423;0.000090127591;0.000141888084;0.000079757715;
2020;11;25;19;0;0.000152469017;0.000133508162;0.000154392911;0.000139891972;
2020;11;25;20;0;0.000165578667;0.000151133064;0.000147655768;0.000169725215;
2020;11;25;21;0;0.000176324012;0.000161454448;0.000133264296;0.000173726812;
2020;11;25;22;0;0.000175195725;0.000165621492;0.000114303132;0.000172142378;
2020;11;25;23;0;0.000151308739;0.000180067306;0.000098336993;0.000166400886;
2020;11;25;24;0;0.000119037183;0.000167647432;0.000087478394;0.000156831890;
2020;11;26;1;0;0.000088296108;0.000144868182;0.000080205669;0.000151898287;
2020;11;26;2;0;0.000070232266;0.000128398744;0.000076580986;0.000168157614;
2020;11;26;3;0;0.000061711621;0.000117886593;0.000075026663;0.000165426427;
2020;11;26;4;0;0.000058149460;0.000112240209;0.000074504595;0.000159340529;
2020;11;26;5;0;0.000056940163;0.000110612698;0.000074576326;0.000150724544;
2020;11;26;6;0;0.000058772346;0.000115180639;0.000077185752;0.000143348231;
2020;11;26;7;0;0.000070269862;0.000123643405;0.000087610898;0.000142181802;
2020;11;26;8;0;0.000098585126;0.000134053876;0.000107537485;0.000141557716;
2020;11;26;9;0;0.000116474582;0.000117552624;0.000138951724;0.000094923501;
2020;11;26;10;0;0.000122898616;0.000112496628;0.000162606535;0.000089303407;
2020;11;26;11;0;0.000129730419;0.000110419658;0.000169884922;0.000090012048;
2020;11;26;12;0;0.000131053547;0.000103954466;0.000169308691;0.000087813336;
2020;11;26;13;0;0.000134806878;0.000092259206;0.000168659471;0.000085162548;
2020;11;26;14;0;0.000142202372;0.000094612967;0.000159628056;0.000082948043;
2020;11;26;15;0;0.000140370227;0.000093504319;0.000139640671;0.000079892927;
2020;11;26;16;0;0.000132500300;0.000087595064;0.000133678660;0.000075719830;
2020;11;26;17;0;0.000128600310;0.000083846290;0.000134989185;0.000074550138;
2020;11;26;18;0;0.000134387333;0.000089708279;0.000141032729;0.000079519049;
2020;11;26;19;0;0.000151489504;0.000132784565;0.000153408974;0.000139338883;
2020;11;26;20;0;0.000164543860;0.000150343347;0.000146727593;0.000169095642;
2020;11;26;21;0;0.000175179643;0.000160567715;0.000132410381;0.000173024723;
2020;11;26;22;0;0.000174223912;0.000164885614;0.000113624609;0.000171672776;
2020;11;26;23;0;0.000150472585;0.000179271430;0.000097754266;0.000165951807;
2020;11;26;24;0;0.000118472523;0.000167052299;0.000086994324;0.000156579218;
2020;11;27;1;0;0.000089134115;0.000138558782;0.000082059826;0.000154808325;
2020;11;27;2;0;0.000071762036;0.000122918648;0.000078092275;0.000170917243;
2020;11;27;3;0;0.000062692085;0.000112656951;0.000076441675;0.000168019536;
2020;11;27;4;0;0.000058625132;0.000106871200;0.000075789766;0.000161289732;
2020;11;27;5;0;0.000057346989;0.000105362928;0.000075755934;0.000152540905;
2020;11;27;6;0;0.000059146746;0.000109688039;0.000078326306;0.000146040076;
2020;11;27;7;0;0.000070140908;0.000117698379;0.000088287911;0.000144397307;
2020;11;27;8;0;0.000097224102;0.000126941669;0.000106831883;0.000141851177;
2020;11;27;9;0;0.000115418841;0.000112240407;0.000136479429;0.000094718088;
2020;11;27;10;0;0.000123077063;0.000109138109;0.000159088972;0.000090320387;
2020;11;27;11;0;0.000129892373;0.000107798241;0.000166379866;0.000091451200;
2020;11;27;12;0;0.000130793957;0.000101775569;0.000166413444;0.000089554530;
2020;11;27;13;0;0.000134125360;0.000091140409;0.000165999342;0.000087151565;
2020;11;27;14;0;0.000141359908;0.000093493403;0.000157266800;0.000084749263;
2020;11;27;15;0;0.000140698343;0.000093015483;0.000137177423;0.000082362092;
2020;11;27;16;0;0.000133183338;0.000087531297;0.000128170739;0.000078120134;
2020;11;27;17;0;0.000129091102;0.000083857328;0.000127273756;0.000077365213;
2020;11;27;18;0;0.000133449637;0.000088774226;0.000131887777;0.000081812337;
2020;11;27;19;0;0.000147160816;0.000128192209;0.000146978731;0.000140269852;
2020;11;27;20;0;0.000154496139;0.000142122607;0.000144065566;0.000170770515;
2020;11;27;21;0;0.000159769837;0.000148330072;0.000134567362;0.000172918963;
2020;11;27;22;0;0.000160826728;0.000153023897;0.000118779197;0.000172492106;
2020;11;27;23;0;0.000143847755;0.000168516102;0.000104124539;0.000168154769;
2020;11;27;24;0;0.000119716443;0.000160381897;0.000093849830;0.000160047892;
2020;11;28;1;0;0.000095847216;0.000148138980;0.000086298363;0.000155476472;
2020;11;28;2;0;0.000077706726;0.000132023287;0.000080231913;0.000169247690;
2020;11;28;3;0;0.000066855774;0.000120381503;0.000077704291;0.000166353849;
2020;11;28;4;0;0.000061227715;0.000113180517;0.000076449357;0.000159153258;
2020;11;28;5;0;0.000058943625;0.000110995135;0.000075912111;0.000151098695;
2020;11;28;6;0;0.000059061290;0.000114784726;0.000076793961;0.000144930896;
2020;11;28;7;0;0.000062685317;0.000118048072;0.000080196654;0.000139204868;
2020;11;28;8;0;0.000072315334;0.000114140768;0.000082477239;0.000127317669;
2020;11;28;9;0;0.000092844274;0.000097842955;0.000085007553;0.000079254415;
2020;11;28;10;0;0.000119378716;0.000108812267;0.000096021317;0.000084709810;
2020;11;28;11;0;0.000136116187;0.000115580651;0.000107188540;0.000091915349;
2020;11;28;12;0;0.000139708408;0.000111440461;0.000111098339;0.000091452363;
2020;11;28;13;0;0.000141268452;0.000097904493;0.000112636784;0.000087812961;
2020;11;28;14;0;0.000149364362;0.000100091569;0.000108346422;0.000086474493;
2020;11;28;15;0;0.000149008346;0.000099591056;0.000099477271;0.000084333829;
2020;11;28;16;0;0.000134559598;0.000090208781;0.000095504300;0.000077003343;
2020;11;28;17;0;0.000125322656;0.000083952402;0.000094463948;0.000073150968;
2020;11;28;18;0;0.000125578131;0.000086999039;0.000099530699;0.000075162935;
2020;11;28;19;0;0.000138286488;0.000127432240;0.000115261022;0.000132651883;
2020;11;28;20;0;0.000144294189;0.000140214966;0.000119938284;0.000161807461;
2020;11;28;21;0;0.000149975236;0.000145559972;0.000118481891;0.000164270859;
2020;11;28;22;0;0.000152654277;0.000150639081;0.000109394306;0.000165298588;
2020;11;28;23;0;0.000138135836;0.000168608715;0.000099870493;0.000163100586;
2020;11;28;24;0;0.000117924269;0.000163401145;0.000091867181;0.000156179074;
2020;11;29;1;0;0.000095639725;0.000143908828;0.000086209404;0.000153421849;
2020;11;29;2;0;0.000078577200;0.000128551279;0.000079815904;0.000163382406;
2020;11;29;3;0;0.000067777682;0.000117349142;0.000077085919;0.000159350697;
2020;11;29;4;0;0.000061765660;0.000110342026;0.000075718722;0.000152826437;
2020;11;29;5;0;0.000058964719;0.000107738686;0.000075380678;0.000145992443;
2020;11;29;6;0;0.000058477457;0.000110811450;0.000076120432;0.000140440569;
2020;11;29;7;0;0.000060917758;0.000113529083;0.000078389176;0.000137135549;
2020;11;29;8;0;0.000067627536;0.000106526694;0.000076660370;0.000123003285;
2020;11;29;9;0;0.000083349477;0.000087297929;0.000072890687;0.000072623813;
2020;11;29;10;0;0.000108599561;0.000098112747;0.000077690566;0.000077728633;
2020;11;29;11;0;0.000128602378;0.000108561665;0.000083527445;0.000085286724;
2020;11;29;12;0;0.000136682504;0.000108639154;0.000087827556;0.000086562992;
2020;11;29;13;0;0.000139109991;0.000096951256;0.000090176018;0.000084469905;
2020;11;29;14;0;0.000146385992;0.000098516462;0.000090322234;0.000082559185;
2020;11;29;15;0;0.000146067171;0.000097388092;0.000087604611;0.000081081234;
2020;11;29;16;0;0.000129851640;0.000086727761;0.000084183240;0.000073292778;
2020;11;29;17;0;0.000120897534;0.000080560715;0.000081599047;0.000070096703;
2020;11;29;18;0;0.000121734654;0.000083436402;0.000082267404;0.000072214801;
2020;11;29;19;0;0.000138882276;0.000126086604;0.000096934479;0.000130098987;
2020;11;29;20;0;0.000151069083;0.000143920961;0.000101265348;0.000163876085;
2020;11;29;21;0;0.000161460130;0.000152237869;0.000100527087;0.000167615989;
2020;11;29;22;0;0.000161474291;0.000155640677;0.000096194202;0.000167541282;
2020;11;29;23;0;0.000139174581;0.000166938274;0.000089148283;0.000162129838;
2020;11;29;24;0;0.000111557905;0.000156287469;0.000082600483;0.000153632136;
2020;11;30;1;0;0.000085519209;0.000141559545;0.000077217832;0.000148815111;
2020;11;30;2;0;0.000068819035;0.000125492650;0.000074061724;0.000160303691;
2020;11;30;3;0;0.000060511467;0.000114951815;0.000072662169;0.000156550925;
2020;11;30;4;0;0.000056901363;0.000109201283;0.000072219109;0.000151044198;
2020;11;30;5;0;0.000055788354;0.000107811117;0.000072457788;0.000144875943;
2020;11;30;6;0;0.000057570380;0.000112531794;0.000075188410;0.000139119976;
2020;11;30;7;0;0.000068842590;0.000121022103;0.000085825890;0.000140481619;
2020;11;30;8;0;0.000096471396;0.000131646422;0.000105704214;0.000140532521;
2020;11;30;9;0;0.000114364246;0.000115357228;0.000138209648;0.000094008668;
2020;11;30;10;0;0.000121038172;0.000110372590;0.000162596687;0.000089282853;
2020;11;30;11;0;0.000128671031;0.000108966016;0.000169748962;0.000089849959;
2020;11;30;12;0;0.000130508868;0.000102747809;0.000169534064;0.000087727704;
2020;11;30;13;0;0.000134322995;0.000091146135;0.000168617367;0.000084975446;
2020;11;30;14;0;0.000141925461;0.000093537936;0.000159631793;0.000082689500;
2020;11;30;15;0;0.000140335356;0.000092626895;0.000139872163;0.000079672121;
2020;11;30;16;0;0.000132286445;0.000086702857;0.000133950768;0.000075542351;
2020;11;30;17;0;0.000128166134;0.000082809118;0.000136068343;0.000074801016;
2020;11;30;18;0;0.000133590968;0.000088388386;0.000141136317;0.000079375929;
2020;11;30;19;0;0.000150684260;0.000130910810;0.000152679385;0.000139140868;
2020;11;30;20;0;0.000164023917;0.000148333788;0.000145004926;0.000169853088;
2020;11;30;21;0;0.000175191854;0.000158905671;0.000130129309;0.000173911848;
2020;11;30;22;0;0.000174684691;0.000163694996;0.000111064828;0.000172453816;
2020;11;30;23;0;0.000149956374;0.000178126997;0.000095407117;0.000167169877;
2020;11;30;24;0;0.000116710841;0.000165282487;0.000085467452;0.000157465666;
