AŃO;MES;DIA;HORA;VERANO(1)/INVIERNO(0);COEF. PERFIL A;COEF. PERFIL B;COEF. PERFIL C;COEF. PERFIL D;
2015;11;01;1;0;0.000084061595;0.000176907512;0.000047662655;0.000134453360;
2015;11;01;2;0;0.000069919759;0.000163800901;0.000047319884;0.000137614376;
2015;11;01;3;0;0.000060866599;0.000153819856;0.000047266445;0.000136208614;
2015;11;01;4;0;0.000056228280;0.000146058808;0.000047985707;0.000130812173;
2015;11;01;5;0;0.000054110197;0.000143373232;0.000048654184;0.000126860524;
2015;11;01;6;0;0.000053580978;0.000147596446;0.000052363014;0.000127456758;
2015;11;01;7;0;0.000055770204;0.000149664067;0.000059761558;0.000130527551;
2015;11;01;8;0;0.000060996298;0.000123933421;0.000073451129;0.000115344637;
2015;11;01;9;0;0.000073478803;0.000080723013;0.000084928805;0.000053785361;
2015;11;01;10;0;0.000093921268;0.000084589596;0.000108800797;0.000046494979;
2015;11;01;11;0;0.000112284658;0.000090138406;0.000110473595;0.000050267597;
2015;11;01;12;0;0.000119723223;0.000085538081;0.000106796546;0.000053507134;
2015;11;01;13;0;0.000122599906;0.000071045527;0.000102025045;0.000051100651;
2015;11;01;14;0;0.000128511702;0.000070849109;0.000076100109;0.000053034397;
2015;11;01;15;0;0.000127466432;0.000068908552;0.000064200802;0.000053547109;
2015;11;01;16;0;0.000113539670;0.000062904625;0.000062472068;0.000048016524;
2015;11;01;17;0;0.000107746657;0.000059313531;0.000064425109;0.000047892438;
2015;11;01;18;0;0.000110121285;0.000065108751;0.000068189036;0.000053797879;
2015;11;01;19;0;0.000126432143;0.000133055464;0.000071071524;0.000155108490;
2015;11;01;20;0;0.000137079794;0.000156093953;0.000071698999;0.000197755495;
2015;11;01;21;0;0.000143847843;0.000160764125;0.000068380008;0.000198370485;
2015;11;01;22;0;0.000141602442;0.000163079653;0.000063382033;0.000190746172;
2015;11;01;23;0;0.000122176974;0.000185613908;0.000057952354;0.000156973636;
2015;11;01;24;0;0.000097717515;0.000184219912;0.000050173994;0.000146581732;
2015;11;02;1;0;0.000074020537;0.000170245115;0.000052598733;0.000134443705;
2015;11;02;2;0;0.000060567510;0.000157108257;0.000054359613;0.000136608952;
2015;11;02;3;0;0.000054299964;0.000148007604;0.000055762954;0.000130839300;
2015;11;02;4;0;0.000051858483;0.000141973644;0.000061100052;0.000128100613;
2015;11;02;5;0;0.000050861116;0.000139298277;0.000068709226;0.000125731439;
2015;11;02;6;0;0.000052856327;0.000144596337;0.000078117091;0.000127356423;
2015;11;02;7;0;0.000062050044;0.000150132486;0.000094686054;0.000129498959;
2015;11;02;8;0;0.000086500958;0.000137523471;0.000106360372;0.000119330385;
2015;11;02;9;0;0.000103086326;0.000095756144;0.000117110663;0.000065817710;
2015;11;02;10;0;0.000114107200;0.000088826432;0.000180548146;0.000055942445;
2015;11;02;11;0;0.000123456429;0.000085307282;0.000193007526;0.000055581128;
2015;11;02;12;0;0.000125648802;0.000077511774;0.000195100807;0.000053882259;
2015;11;02;13;0;0.000128669694;0.000064212618;0.000189570506;0.000051240643;
2015;11;02;14;0;0.000132551441;0.000065409069;0.000140855094;0.000051666736;
2015;11;02;15;0;0.000127217959;0.000063655326;0.000129107652;0.000051577354;
2015;11;02;16;0;0.000118270321;0.000060540209;0.000121290221;0.000047843878;
2015;11;02;17;0;0.000117779576;0.000058684790;0.000121796590;0.000046923107;
2015;11;02;18;0;0.000127664077;0.000065255551;0.000131764032;0.000056794175;
2015;11;02;19;0;0.000142675439;0.000131404031;0.000131264632;0.000159843984;
2015;11;02;20;0;0.000152038297;0.000154832155;0.000134638562;0.000203380384;
2015;11;02;21;0;0.000154548299;0.000160941947;0.000125415335;0.000199039601;
2015;11;02;22;0;0.000148158271;0.000163579301;0.000098564163;0.000194854284;
2015;11;02;23;0;0.000126814418;0.000185826717;0.000087201337;0.000166518999;
2015;11;02;24;0;0.000099779441;0.000183604089;0.000073264957;0.000154159208;
2015;11;03;1;0;0.000077923399;0.000176723979;0.000070652516;0.000141374326;
2015;11;03;2;0;0.000062336652;0.000162117925;0.000070020238;0.000145518237;
2015;11;03;3;0;0.000055712543;0.000152320337;0.000068874132;0.000137947251;
2015;11;03;4;0;0.000053035363;0.000146365009;0.000067824154;0.000131524397;
2015;11;03;5;0;0.000052399428;0.000144136985;0.000068181451;0.000128938049;
2015;11;03;6;0;0.000054330982;0.000150089842;0.000075445285;0.000130034111;
2015;11;03;7;0;0.000064693911;0.000156658595;0.000093360623;0.000130797695;
2015;11;03;8;0;0.000090953214;0.000146438786;0.000107843437;0.000122525403;
2015;11;03;9;0;0.000108565328;0.000102207737;0.000120365607;0.000064598292;
2015;11;03;10;0;0.000117424722;0.000094078851;0.000189076840;0.000053238961;
2015;11;03;11;0;0.000125808611;0.000088732907;0.000198823747;0.000055366991;
2015;11;03;12;0;0.000126737602;0.000078774808;0.000200678524;0.000053091605;
2015;11;03;13;0;0.000129339380;0.000063889499;0.000192710494;0.000051195935;
2015;11;03;14;0;0.000133377041;0.000065192914;0.000142171195;0.000051938258;
2015;11;03;15;0;0.000127273751;0.000063483939;0.000130249302;0.000052193185;
2015;11;03;16;0;0.000119646202;0.000060590246;0.000123222308;0.000048979978;
2015;11;03;17;0;0.000119411711;0.000058786800;0.000124465324;0.000046028622;
2015;11;03;18;0;0.000128985225;0.000066067429;0.000134969405;0.000055059947;
2015;11;03;19;0;0.000146325374;0.000134949645;0.000136965335;0.000161186917;
2015;11;03;20;0;0.000156081173;0.000157889883;0.000139957414;0.000205381228;
2015;11;03;21;0;0.000159257372;0.000164791379;0.000130234745;0.000204782781;
2015;11;03;22;0;0.000151807152;0.000167014627;0.000101693872;0.000197436795;
2015;11;03;23;0;0.000130396319;0.000191700034;0.000089126181;0.000165993406;
2015;11;03;24;0;0.000103026169;0.000189336825;0.000074111317;0.000154906417;
2015;11;04;1;0;0.000078745767;0.000177493244;0.000073157404;0.000142085610;
2015;11;04;2;0;0.000063004749;0.000162834783;0.000072502402;0.000146268500;
2015;11;04;3;0;0.000056296571;0.000152982532;0.000071232860;0.000138637057;
2015;11;04;4;0;0.000053557089;0.000146969411;0.000069966320;0.000132124257;
2015;11;04;5;0;0.000052813287;0.000144636365;0.000069822363;0.000129354590;
2015;11;04;6;0;0.000054501768;0.000150363714;0.000075905148;0.000130028842;
2015;11;04;7;0;0.000064761436;0.000156830214;0.000093209799;0.000130602837;
2015;11;04;8;0;0.000091212259;0.000146691002;0.000108382962;0.000122495484;
2015;11;04;9;0;0.000108880120;0.000102385608;0.000120990082;0.000064584817;
2015;11;04;10;0;0.000117781595;0.000094247105;0.000190157562;0.000053232968;
2015;11;04;11;0;0.000126211434;0.000088896561;0.000200084405;0.000055366946;
2015;11;04;12;0;0.000126852983;0.000078857916;0.000200203519;0.000053007915;
2015;11;04;13;0;0.000129606111;0.000063982237;0.000193099938;0.000051155767;
2015;11;04;14;0;0.000133623025;0.000065282533;0.000142352324;0.000051889637;
2015;11;04;15;0;0.000127173637;0.000063513131;0.000129163312;0.000052049492;
2015;11;04;16;0;0.000119661758;0.000060637713;0.000122581059;0.000048876361;
2015;11;04;17;0;0.000119344866;0.000058819129;0.000123467380;0.000045909598;
2015;11;04;18;0;0.000129101693;0.000066137193;0.000134623289;0.000054973056;
2015;11;04;19;0;0.000146498398;0.000135105209;0.000136755870;0.000160963601;
2015;11;04;20;0;0.000156306153;0.000158085719;0.000139892385;0.000205132935;
2015;11;04;21;0;0.000159424761;0.000164973246;0.000129995145;0.000204479811;
2015;11;04;22;0;0.000152085810;0.000167244028;0.000101811501;0.000197251133;
2015;11;04;23;0;0.000130649049;0.000191970347;0.000089258870;0.000165849209;
2015;11;04;24;0;0.000103254588;0.000189622290;0.000074294387;0.000154801787;
2015;11;05;1;0;0.000078583682;0.000176963497;0.000073293300;0.000142151468;
2015;11;05;2;0;0.000062825670;0.000162305299;0.000072410186;0.000146257434;
2015;11;05;3;0;0.000056123591;0.000152473045;0.000071077637;0.000138604576;
2015;11;05;4;0;0.000053399172;0.000146486341;0.000069844593;0.000132104728;
2015;11;05;5;0;0.000052706874;0.000144207806;0.000069942046;0.000129419247;
2015;11;05;6;0;0.000054352371;0.000149880429;0.000075828590;0.000130028432;
2015;11;05;7;0;0.000064521188;0.000156273451;0.000092781871;0.000130514678;
2015;11;05;8;0;0.000090758226;0.000146105577;0.000107381351;0.000122304948;
2015;11;05;9;0;0.000108315740;0.000101969872;0.000119770448;0.000064475249;
2015;11;05;10;0;0.000117159427;0.000093861230;0.000188166814;0.000053139032;
2015;11;05;11;0;0.000125510463;0.000088524340;0.000197776100;0.000055258887;
2015;11;05;12;0;0.000126243060;0.000078548001;0.000198461099;0.000052931801;
2015;11;05;13;0;0.000128922734;0.000063720499;0.000191084087;0.000051065846;
2015;11;05;14;0;0.000132899877;0.000065012220;0.000140803325;0.000051793339;
2015;11;05;15;0;0.000126708954;0.000063288869;0.000128598179;0.000052016362;
2015;11;05;16;0;0.000118931754;0.000060372303;0.000120920611;0.000048762426;
2015;11;05;17;0;0.000118800294;0.000058592952;0.000122506235;0.000045851470;
2015;11;05;18;0;0.000128409709;0.000065864825;0.000133156056;0.000054873246;
2015;11;05;19;0;0.000145870021;0.000134598426;0.000135833941;0.000160790256;
2015;11;05;20;0;0.000155691567;0.000157512111;0.000139143407;0.000204962600;
2015;11;05;21;0;0.000158772255;0.000164365559;0.000129217258;0.000204287335;
2015;11;05;22;0;0.000151541002;0.000166657451;0.000101398692;0.000197135161;
2015;11;05;23;0;0.000130231123;0.000191322222;0.000089031279;0.000165795513;
2015;11;05;24;0;0.000102911756;0.000188973776;0.000074078206;0.000154738373;
2015;11;06;1;0;0.000079852387;0.000174432438;0.000071874365;0.000140245588;
2015;11;06;2;0;0.000064620272;0.000160834967;0.000071117864;0.000142969213;
2015;11;06;3;0;0.000057089375;0.000151319717;0.000070025417;0.000135861384;
2015;11;06;4;0;0.000053843265;0.000145481537;0.000068707806;0.000129093570;
2015;11;06;5;0;0.000052883086;0.000143096408;0.000068915939;0.000127686003;
2015;11;06;6;0;0.000054481973;0.000147345449;0.000075068430;0.000129127323;
2015;11;06;7;0;0.000063199068;0.000153268288;0.000092330510;0.000130008754;
2015;11;06;8;0;0.000085161811;0.000138640095;0.000107237236;0.000121257767;
2015;11;06;9;0;0.000102399551;0.000097206017;0.000118509628;0.000059166308;
2015;11;06;10;0;0.000113700853;0.000092146462;0.000185950197;0.000052407928;
2015;11;06;11;0;0.000122598793;0.000087933058;0.000195434953;0.000058053263;
2015;11;06;12;0;0.000123683725;0.000079189811;0.000195672890;0.000058053295;
2015;11;06;13;0;0.000126480231;0.000064732472;0.000189384118;0.000050323977;
2015;11;06;14;0;0.000129878710;0.000065426925;0.000139618137;0.000052862954;
2015;11;06;15;0;0.000125797856;0.000064396367;0.000127386000;0.000054859045;
2015;11;06;16;0;0.000118054927;0.000061369562;0.000120099191;0.000052546978;
2015;11;06;17;0;0.000116843315;0.000058955707;0.000121449575;0.000050828839;
2015;11;06;18;0;0.000123412882;0.000066333348;0.000130875212;0.000052088736;
2015;11;06;19;0;0.000138445997;0.000133724275;0.000134972922;0.000158927276;
2015;11;06;20;0;0.000145441529;0.000155430422;0.000138945374;0.000202264485;
2015;11;06;21;0;0.000145944875;0.000160182567;0.000128383492;0.000199074846;
2015;11;06;22;0;0.000141965492;0.000163784550;0.000100931461;0.000194930532;
2015;11;06;23;0;0.000126067337;0.000188145699;0.000087064225;0.000164029029;
2015;11;06;24;0;0.000104283507;0.000190037893;0.000072818471;0.000150708274;
2015;11;07;1;0;0.000084958030;0.000183247238;0.000052060003;0.000139181439;
2015;11;07;2;0;0.000069797918;0.000169954707;0.000051026622;0.000143424290;
2015;11;07;3;0;0.000060753719;0.000158641582;0.000050817235;0.000139820295;
2015;11;07;4;0;0.000056292557;0.000150423990;0.000051299912;0.000135660382;
2015;11;07;5;0;0.000054439215;0.000147680170;0.000056403992;0.000130393608;
2015;11;07;6;0;0.000054543614;0.000151904511;0.000061367132;0.000128837201;
2015;11;07;7;0;0.000058181054;0.000154593969;0.000072748893;0.000127899212;
2015;11;07;8;0;0.000066353856;0.000134594113;0.000088426155;0.000114756168;
2015;11;07;9;0;0.000083830095;0.000093326903;0.000099336713;0.000053351590;
2015;11;07;10;0;0.000108398778;0.000096152670;0.000124278608;0.000047704887;
2015;11;07;11;0;0.000124927883;0.000097203774;0.000128523372;0.000055030657;
2015;11;07;12;0;0.000129150631;0.000088236606;0.000128064702;0.000056844305;
2015;11;07;13;0;0.000131388907;0.000070773389;0.000122444437;0.000053766205;
2015;11;07;14;0;0.000136371727;0.000070751379;0.000095189311;0.000054545747;
2015;11;07;15;0;0.000133682931;0.000070177585;0.000077824268;0.000055327083;
2015;11;07;16;0;0.000121742522;0.000065614830;0.000070589235;0.000054224020;
2015;11;07;17;0;0.000114745399;0.000062861932;0.000068290359;0.000049433852;
2015;11;07;18;0;0.000115211998;0.000069300047;0.000070463172;0.000053450609;
2015;11;07;19;0;0.000128109574;0.000134554022;0.000076522855;0.000158351554;
2015;11;07;20;0;0.000134326483;0.000153884552;0.000079132412;0.000197810912;
2015;11;07;21;0;0.000137874884;0.000157015488;0.000076665363;0.000197937218;
2015;11;07;22;0;0.000137634630;0.000160561013;0.000072005838;0.000193488006;
2015;11;07;23;0;0.000124933068;0.000187308492;0.000063067657;0.000163513583;
2015;11;07;24;0;0.000105397487;0.000190696559;0.000056142597;0.000150669767;
2015;11;08;1;0;0.000084538206;0.000177940694;0.000047574633;0.000134322600;
2015;11;08;2;0;0.000070367391;0.000164797453;0.000047385183;0.000137548419;
2015;11;08;3;0;0.000061385742;0.000154866969;0.000047734269;0.000136340516;
2015;11;08;4;0;0.000056736863;0.000147078860;0.000048557255;0.000130984895;
2015;11;08;5;0;0.000054687507;0.000144454645;0.000049534540;0.000127169025;
2015;11;08;6;0;0.000054359830;0.000148907053;0.000054065247;0.000128104769;
2015;11;08;7;0;0.000056714191;0.000151117335;0.000062226052;0.000131405682;
2015;11;08;8;0;0.000062295658;0.000125325415;0.000077650679;0.000116467755;
2015;11;08;9;0;0.000074828247;0.000081549037;0.000088794746;0.000054201546;
2015;11;08;10;0;0.000095501366;0.000085410315;0.000113117915;0.000046805701;
2015;11;08;11;0;0.000113727149;0.000090887191;0.000113313414;0.000050465461;
2015;11;08;12;0;0.000120659117;0.000086099080;0.000107583539;0.000053532679;
2015;11;08;13;0;0.000123637636;0.000071527447;0.000103018526;0.000051147781;
2015;11;08;14;0;0.000129515181;0.000071313558;0.000076658447;0.000053059400;
2015;11;08;15;0;0.000128353829;0.000069340050;0.000064471540;0.000053541215;
2015;11;08;16;0;0.000114194908;0.000063272776;0.000062451561;0.000047972127;
2015;11;08;17;0;0.000107937361;0.000059578670;0.000063439935;0.000047716765;
2015;11;08;18;0;0.000110276886;0.000065392385;0.000067025437;0.000053587858;
2015;11;08;19;0;0.000126944397;0.000133757062;0.000070542522;0.000154784328;
2015;11;08;20;0;0.000138022908;0.000157068312;0.000071951141;0.000197724223;
2015;11;08;21;0;0.000145073603;0.000161858033;0.000069055533;0.000198561460;
2015;11;08;22;0;0.000142659279;0.000164130396;0.000063744709;0.000190792207;
2015;11;08;23;0;0.000123114690;0.000186823379;0.000058330257;0.000157034274;
2015;11;08;24;0;0.000098426729;0.000185394575;0.000050411284;0.000146597046;
2015;11;09;1;0;0.000074488590;0.000171622693;0.000052530102;0.000134242878;
2015;11;09;2;0;0.000060885381;0.000158319293;0.000054098937;0.000136302845;
2015;11;09;3;0;0.000054678779;0.000149236602;0.000055862374;0.000130700647;
2015;11;09;4;0;0.000052124813;0.000143061240;0.000060804918;0.000127802649;
2015;11;09;5;0;0.000051273391;0.000140508993;0.000069130491;0.000125695120;
2015;11;09;6;0;0.000053179775;0.000145752607;0.000078041302;0.000127145466;
2015;11;09;7;0;0.000062679751;0.000151544129;0.000095971696;0.000129643219;
2015;11;09;8;0;0.000088207401;0.000139272355;0.000111615261;0.000120246121;
2015;11;09;9;0;0.000105479463;0.000097086121;0.000124614475;0.000066477854;
2015;11;09;10;0;0.000116219256;0.000089916883;0.000188810829;0.000056324063;
2015;11;09;11;0;0.000124881384;0.000086150666;0.000196621671;0.000055696176;
2015;11;09;12;0;0.000126972827;0.000078251335;0.000197998615;0.000053956843;
2015;11;09;13;0;0.000129856117;0.000064796091;0.000191444900;0.000051265406;
2015;11;09;14;0;0.000133356707;0.000065931802;0.000140631772;0.000051580094;
2015;11;09;15;0;0.000127882267;0.000064144864;0.000128524926;0.000051460431;
2015;11;09;16;0;0.000119176351;0.000061057631;0.000121782321;0.000047815884;
2015;11;09;17;0;0.000119010962;0.000059243056;0.000123566793;0.000046985418;
2015;11;09;18;0;0.000129167889;0.000065905983;0.000134355086;0.000056920905;
2015;11;09;19;0;0.000145109977;0.000132950206;0.000136627005;0.000160774682;
2015;11;09;20;0;0.000154604278;0.000156645028;0.000139999692;0.000204539886;
2015;11;09;21;0;0.000156832566;0.000162711893;0.000129337926;0.000199891217;
2015;11;09;22;0;0.000150176290;0.000165313355;0.000101198517;0.000195534080;
2015;11;09;23;0;0.000128133775;0.000187591346;0.000088448475;0.000166734420;
2015;11;09;24;0;0.000100613822;0.000185220152;0.000073709686;0.000154144876;
2015;11;10;1;0;0.000077760142;0.000175928027;0.000071182928;0.000141543726;
2015;11;10;2;0;0.000062156969;0.000161345085;0.000070308091;0.000145614386;
2015;11;10;3;0;0.000055681936;0.000151717019;0.000069760054;0.000138261583;
2015;11;10;4;0;0.000052958765;0.000145740598;0.000068455987;0.000131742973;
2015;11;10;5;0;0.000052339056;0.000143537064;0.000068881867;0.000129178817;
2015;11;10;6;0;0.000054073279;0.000149279302;0.000075193946;0.000129953458;
2015;11;10;7;0;0.000064244113;0.000155692382;0.000092290773;0.000130515706;
2015;11;10;8;0;0.000090512686;0.000145643012;0.000107439649;0.000122440987;
2015;11;10;9;0;0.000107971155;0.000101629757;0.000119647857;0.000064525390;
2015;11;10;10;0;0.000116670940;0.000093516059;0.000187279112;0.000053143933;
2015;11;10;11;0;0.000124855236;0.000088166660;0.000196058495;0.000055223736;
2015;11;10;12;0;0.000125346086;0.000078179597;0.000195315013;0.000052829063;
2015;11;10;13;0;0.000128133227;0.000063443165;0.000188772068;0.000051001401;
2015;11;10;14;0;0.000132323858;0.000064769516;0.000140043954;0.000051792259;
2015;11;10;15;0;0.000125987892;0.000063022812;0.000127258915;0.000051966277;
2015;11;10;16;0;0.000118456890;0.000060153960;0.000120431626;0.000048772886;
2015;11;10;17;0;0.000118235897;0.000058365678;0.000121663039;0.000045837200;
2015;11;10;18;0;0.000127969900;0.000065639250;0.000132930399;0.000054906380;
2015;11;10;19;0;0.000145282873;0.000134109714;0.000135288471;0.000160820663;
2015;11;10;20;0;0.000155104148;0.000156954004;0.000138713286;0.000205037281;
2015;11;10;21;0;0.000158285583;0.000163823611;0.000129152753;0.000204462276;
2015;11;10;22;0;0.000150932893;0.000166053598;0.000100979909;0.000197174747;
2015;11;10;23;0;0.000129585690;0.000190566613;0.000088348048;0.000165720387;
2015;11;10;24;0;0.000102373430;0.000188209561;0.000073431758;0.000154638829;
2015;11;11;1;0;0.000078360270;0.000176739152;0.000072601663;0.000141910905;
2015;11;11;2;0;0.000062617926;0.000162072982;0.000071612143;0.000145962617;
2015;11;11;3;0;0.000056006375;0.000152318812;0.000070623490;0.000138441643;
2015;11;11;4;0;0.000053357948;0.000146404915;0.000069741698;0.000132069643;
2015;11;11;5;0;0.000052672542;0.000144133673;0.000069870353;0.000129395668;
2015;11;11;6;0;0.000054414206;0.000149896507;0.000076250379;0.000130165785;
2015;11;11;7;0;0.000064519290;0.000156226890;0.000092898778;0.000130547110;
2015;11;11;8;0;0.000091020350;0.000146210094;0.000108670150;0.000122582368;
2015;11;11;9;0;0.000108359629;0.000101954669;0.000120124281;0.000064510542;
2015;11;11;10;0;0.000117088588;0.000093814500;0.000188006617;0.000053131069;
2015;11;11;11;0;0.000125387644;0.000088468872;0.000197325134;0.000055236362;
2015;11;11;12;0;0.000126165165;0.000078508559;0.000198282815;0.000052923417;
2015;11;11;13;0;0.000128600712;0.000063647173;0.000189549496;0.000050991491;
2015;11;11;14;0;0.000132615721;0.000064945327;0.000139879041;0.000051730669;
2015;11;11;15;0;0.000126476668;0.000063230374;0.000127905229;0.000051964342;
2015;11;11;16;0;0.000118844454;0.000060339551;0.000120758340;0.000048750765;
2015;11;11;17;0;0.000118797595;0.000058575498;0.000122676368;0.000045862978;
2015;11;11;18;0;0.000128402826;0.000065844463;0.000133329441;0.000054885818;
2015;11;11;19;0;0.000145846181;0.000134551736;0.000135953338;0.000160814929;
2015;11;11;20;0;0.000155696930;0.000157468227;0.000139369806;0.000205022042;
2015;11;11;21;0;0.000158961675;0.000164385513;0.000129992291;0.000204509974;
2015;11;11;22;0;0.000151430014;0.000166567132;0.000101263353;0.000197088239;
2015;11;11;23;0;0.000130169584;0.000191235661;0.000089000614;0.000165785760;
2015;11;11;24;0;0.000102859118;0.000188885698;0.000074042566;0.000154725079;
2015;11;12;1;0;0.000078792757;0.000177308056;0.000073698026;0.000142194640;
2015;11;12;2;0;0.000062835008;0.000162480626;0.000072122447;0.000146048903;
2015;11;12;3;0;0.000056240400;0.000152739456;0.000071314132;0.000138591406;
2015;11;12;4;0;0.000053494374;0.000146727126;0.000069999894;0.000132064962;
2015;11;12;5;0;0.000052836584;0.000144478725;0.000070273911;0.000129440827;
2015;11;12;6;0;0.000054610092;0.000150280652;0.000076826575;0.000130254857;
2015;11;12;7;0;0.000064761519;0.000156635636;0.000093653665;0.000130650361;
2015;11;12;8;0;0.000091361464;0.000146592344;0.000109548839;0.000122678792;
2015;11;12;9;0;0.000108736725;0.000102211604;0.000120984419;0.000064549287;
2015;11;12;10;0;0.000117384210;0.000094020001;0.000188673544;0.000053128052;
2015;11;12;11;0;0.000125796702;0.000088685139;0.000198579607;0.000055261240;
2015;11;12;12;0;0.000126296764;0.000078640527;0.000197859408;0.000052866530;
2015;11;12;13;0;0.000128934095;0.000063788091;0.000190268446;0.000050990978;
2015;11;12;14;0;0.000133058846;0.000065105895;0.000140806752;0.000051756808;
2015;11;12;15;0;0.000126839339;0.000063376335;0.000128526833;0.000051973629;
2015;11;12;16;0;0.000119068943;0.000060458509;0.000120894284;0.000048726681;
2015;11;12;17;0;0.000118851194;0.000058662112;0.000122128285;0.000045795084;
2015;11;12;18;0;0.000128689857;0.000065982246;0.000133644211;0.000054871869;
2015;11;12;19;0;0.000146384056;0.000134900186;0.000137047730;0.000160934201;
2015;11;12;20;0;0.000156203804;0.000157852763;0.000140253675;0.000205113375;
2015;11;12;21;0;0.000159328808;0.000164733416;0.000130346795;0.000204468098;
2015;11;12;22;0;0.000151905623;0.000166967370;0.000101859341;0.000197160563;
2015;11;12;23;0;0.000130655125;0.000191733888;0.000089726521;0.000165913691;
2015;11;12;24;0;0.000103246447;0.000189379761;0.000074663475;0.000154847982;
2015;11;13;1;0;0.000080128459;0.000174850345;0.000072374514;0.000140341674;
2015;11;13;2;0;0.000064863238;0.000161237218;0.000071691327;0.000143097051;
2015;11;13;3;0;0.000057316693;0.000151709886;0.000070645996;0.000136003726;
2015;11;13;4;0;0.000054097145;0.000145893585;0.000069504540;0.000129294086;
2015;11;13;5;0;0.000053074915;0.000143447966;0.000069432439;0.000127788712;
2015;11;13;6;0;0.000054637687;0.000147668216;0.000075415514;0.000129162718;
2015;11;13;7;0;0.000063332292;0.000153564089;0.000092503037;0.000129977051;
2015;11;13;8;0;0.000085435702;0.000138961060;0.000107873298;0.000121321002;
2015;11;13;9;0;0.000102836039;0.000097466085;0.000119685068;0.000059239739;
2015;11;13;10;0;0.000114132286;0.000092378040;0.000187472073;0.000052456047;
2015;11;13;11;0;0.000123184356;0.000088183668;0.000197777230;0.000058145690;
2015;11;13;12;0;0.000124142403;0.000079386425;0.000197216947;0.000058103124;
2015;11;13;13;0;0.000126691614;0.000064847778;0.000189408345;0.000050296672;
2015;11;13;14;0;0.000129950437;0.000065517984;0.000139067216;0.000052793387;
2015;11;13;15;0;0.000125863323;0.000064485174;0.000126877578;0.000054785561;
2015;11;13;16;0;0.000118067241;0.000061445640;0.000119408543;0.000052461747;
2015;11;13;17;0;0.000116740654;0.000059009061;0.000120274545;0.000050712222;
2015;11;13;18;0;0.000123703083;0.000066467130;0.000131222888;0.000052084903;
2015;11;13;19;0;0.000139231765;0.000134146041;0.000137091249;0.000159277733;
2015;11;13;20;0;0.000146020465;0.000155830741;0.000140192318;0.000202475752;
2015;11;13;21;0;0.000146406780;0.000160550349;0.000129128319;0.000199171382;
2015;11;13;22;0;0.000142254637;0.000164096922;0.000101084485;0.000194873774;
2015;11;13;23;0;0.000126379412;0.000188533071;0.000087339324;0.000164030848;
2015;11;13;24;0;0.000104469589;0.000190384522;0.000072845514;0.000150638769;
2015;11;14;1;0;0.000085271625;0.000183839639;0.000052391053;0.000139265633;
2015;11;14;2;0;0.000070088612;0.000170531700;0.000051445616;0.000143557611;
2015;11;14;3;0;0.000060805030;0.000158999103;0.000050585417;0.000139631491;
2015;11;14;4;0;0.000056201934;0.000150635180;0.000050596000;0.000135247792;
2015;11;14;5;0;0.000054367816;0.000147901929;0.000055707378;0.000130023146;
2015;11;14;6;0;0.000054580949;0.000152237238;0.000061072657;0.000128648065;
2015;11;14;7;0;0.000058412018;0.000155108760;0.000073284750;0.000128001216;
2015;11;14;8;0;0.000066677952;0.000135085241;0.000089370342;0.000114920256;
2015;11;14;9;0;0.000084168357;0.000093639816;0.000100091422;0.000053396556;
2015;11;14;10;0;0.000108870910;0.000096485733;0.000125370827;0.000047755630;
2015;11;14;11;0;0.000125558682;0.000097563651;0.000129996138;0.000055115403;
2015;11;14;12;0;0.000129614895;0.000088518940;0.000128830933;0.000056874932;
2015;11;14;13;0;0.000131842483;0.000070996358;0.000123111339;0.000053789897;
2015;11;14;14;0;0.000136668629;0.000070942953;0.000095260454;0.000054521798;
2015;11;14;15;0;0.000134075868;0.000070386123;0.000078103782;0.000055331844;
2015;11;14;16;0;0.000121896871;0.000065771866;0.000070401166;0.000054166261;
2015;11;14;17;0;0.000115008466;0.000063034829;0.000068362410;0.000049416207;
2015;11;14;18;0;0.000115778934;0.000069553333;0.000071246472;0.000053528045;
2015;11;14;19;0;0.000128962178;0.000135125458;0.000077900348;0.000158768919;
2015;11;14;20;0;0.000134926726;0.000154423041;0.000079874999;0.000198036030;
2015;11;14;21;0;0.000138623323;0.000157616645;0.000077670169;0.000198292824;
2015;11;14;22;0;0.000138377019;0.000161173941;0.000072937826;0.000193831152;
2015;11;14;23;0;0.000125723331;0.000188082894;0.000064120267;0.000163907657;
2015;11;14;24;0;0.000106067752;0.000191485951;0.000057106210;0.000151035460;
2015;11;15;1;0;0.000084971736;0.000178416636;0.000048583811;0.000134606334;
2015;11;15;2;0;0.000070591930;0.000165130648;0.000048002702;0.000137657525;
2015;11;15;3;0;0.000061462601;0.000155077762;0.000047984847;0.000136267709;
2015;11;15;4;0;0.000056785458;0.000147259000;0.000048738847;0.000130879288;
2015;11;15;5;0;0.000054780997;0.000144673942;0.000049882776;0.000127141072;
2015;11;15;6;0;0.000054122531;0.000148819160;0.000053227322;0.000127539253;
2015;11;15;7;0;0.000056359672;0.000150927802;0.000060852111;0.000130653327;
2015;11;15;8;0;0.000061963780;0.000125207135;0.000076234433;0.000115874099;
2015;11;15;9;0;0.000074342536;0.000081437979;0.000086843175;0.000053881006;
2015;11;15;10;0;0.000094779099;0.000085261434;0.000110224056;0.000046493853;
2015;11;15;11;0;0.000113303173;0.000090852534;0.000111884030;0.000050264312;
2015;11;15;12;0;0.000120782931;0.000086209382;0.000108066292;0.000053495660;
2015;11;15;13;0;0.000123474876;0.000071561014;0.000102580385;0.000051029736;
2015;11;15;14;0;0.000129260091;0.000071330739;0.000076152424;0.000052912930;
2015;11;15;15;0;0.000128514646;0.000069434347;0.000064814740;0.000053512580;
2015;11;15;16;0;0.000114300737;0.000063351719;0.000062705834;0.000047935707;
2015;11;15;17;0;0.000108183881;0.000059680905;0.000064025307;0.000047725135;
2015;11;15;18;0;0.000110711507;0.000065541734;0.000068078647;0.000053658213;
2015;11;15;19;0;0.000127803103;0.000134191417;0.000072444928;0.000155286880;
2015;11;15;20;0;0.000138930106;0.000157568534;0.000073826404;0.000198340764;
2015;11;15;21;0;0.000146148932;0.000162420296;0.000071077483;0.000199295281;
2015;11;15;22;0;0.000143822119;0.000164741199;0.000065813417;0.000191593063;
2015;11;15;23;0;0.000123997923;0.000187455733;0.000060005715;0.000157587840;
2015;11;15;24;0;0.000099062737;0.000185975372;0.000051740094;0.000147041038;
2015;11;16;1;0;0.000075647361;0.000174651449;0.000052762302;0.000134116768;
2015;11;16;2;0;0.000061876521;0.000161150016;0.000054530703;0.000136239372;
2015;11;16;3;0;0.000055560972;0.000151896291;0.000056298206;0.000130625996;
2015;11;16;4;0;0.000053093207;0.000145731340;0.000061844438;0.000127941290;
2015;11;16;5;0;0.000052153749;0.000143062037;0.000069969239;0.000125710504;
2015;11;16;6;0;0.000054239805;0.000148540399;0.000079790529;0.000127399628;
2015;11;16;7;0;0.000064134137;0.000154614644;0.000099282354;0.000130190581;
2015;11;16;8;0;0.000090933378;0.000142466372;0.000118638845;0.000121383279;
2015;11;16;9;0;0.000108791568;0.000099327864;0.000132770681;0.000067128000;
2015;11;16;10;0;0.000119737237;0.000091957478;0.000200415426;0.000056831429;
2015;11;16;11;0;0.000128741974;0.000088123994;0.000209287435;0.000056221634;
2015;11;16;12;0;0.000130405274;0.000079939769;0.000207748706;0.000054324450;
2015;11;16;13;0;0.000133145325;0.000066156431;0.000199596397;0.000051555705;
2015;11;16;14;0;0.000136721059;0.000067313807;0.000146552855;0.000051868722;
2015;11;16;15;0;0.000130759499;0.000065428975;0.000132614121;0.000051653145;
2015;11;16;16;0;0.000121494877;0.000062216171;0.000124221632;0.000047896523;
2015;11;16;17;0;0.000121694543;0.000060430273;0.000127500629;0.000047163123;
2015;11;16;18;0;0.000132288988;0.000067263168;0.000139477044;0.000057198268;
2015;11;16;19;0;0.000149006463;0.000135809996;0.000143291686;0.000161849649;
2015;11;16;20;0;0.000158252680;0.000159840526;0.000145026274;0.000205458574;
2015;11;16;21;0;0.000160546914;0.000166035872;0.000134025808;0.000200800499;
2015;11;16;22;0;0.000153515570;0.000168608261;0.000104302404;0.000196232012;
2015;11;16;23;0;0.000131132871;0.000191405804;0.000091557208;0.000167461660;
2015;11;16;24;0;0.000103077856;0.000189054782;0.000076619808;0.000154929799;
2015;11;17;1;0;0.000079450855;0.000179057736;0.000073846652;0.000142118992;
2015;11;17;2;0;0.000063489306;0.000164198539;0.000072851015;0.000146176023;
2015;11;17;3;0;0.000056754327;0.000154286618;0.000071702704;0.000138590820;
2015;11;17;4;0;0.000053980989;0.000148211049;0.000070375459;0.000132060462;
2015;11;17;5;0;0.000053308977;0.000145931792;0.000070616960;0.000129422338;
2015;11;17;6;0;0.000055038378;0.000151734265;0.000076901981;0.000130137822;
2015;11;17;7;0;0.000065451997;0.000158304062;0.000094718811;0.000130785409;
2015;11;17;8;0;0.000092584871;0.000148292711;0.000111896678;0.000123035051;
2015;11;17;9;0;0.000110481133;0.000103490660;0.000124793738;0.000064853666;
2015;11;17;10;0;0.000119367236;0.000095223874;0.000195248097;0.000053409318;
2015;11;17;11;0;0.000127878379;0.000089809948;0.000205259097;0.000055540646;
2015;11;17;12;0;0.000128387783;0.000079638093;0.000204530168;0.000053134086;
2015;11;17;13;0;0.000130963447;0.000064579428;0.000196072625;0.000051220697;
2015;11;17;14;0;0.000134917040;0.000065873962;0.000144132193;0.000051927408;
2015;11;17;15;0;0.000128442870;0.000064095010;0.000130924070;0.000052097917;
2015;11;17;16;0;0.000120664389;0.000061159911;0.000123493767;0.000048868427;
2015;11;17;17;0;0.000120454195;0.000059344427;0.000124798147;0.000045931038;
2015;11;17;18;0;0.000130436081;0.000066751531;0.000136610514;0.000055037809;
2015;11;17;19;0;0.000148409525;0.000136485321;0.000140233696;0.000161450172;
2015;11;17;20;0;0.000158293602;0.000159682906;0.000143260161;0.000205707105;
2015;11;17;21;0;0.000161485125;0.000166652176;0.000133216369;0.000205081660;
2015;11;17;22;0;0.000154177981;0.000168994142;0.000104654595;0.000197944073;
2015;11;17;23;0;0.000132337216;0.000193923657;0.000091474687;0.000166336914;
2015;11;17;24;0;0.000104585697;0.000191549053;0.000076144329;0.000155253303;
2015;11;18;1;0;0.000079717865;0.000179284336;0.000074701159;0.000142355718;
2015;11;18;2;0;0.000063695949;0.000164400945;0.000073651621;0.000146409350;
2015;11;18;3;0;0.000056922996;0.000154462070;0.000072406994;0.000138785289;
2015;11;18;4;0;0.000054063498;0.000148305820;0.000070681795;0.000132114395;
2015;11;18;5;0;0.000053452407;0.000146083818;0.000071230096;0.000129579040;
2015;11;18;6;0;0.000055211156;0.000151916081;0.000077694278;0.000130335849;
2015;11;18;7;0;0.000065571796;0.000158422062;0.000095231464;0.000130866261;
2015;11;18;8;0;0.000092670863;0.000148356868;0.000112129610;0.000123034447;
2015;11;18;9;0;0.000110574015;0.000103532253;0.000125013866;0.000064849389;
2015;11;18;10;0;0.000119463107;0.000095260907;0.000195565148;0.000053404411;
2015;11;18;11;0;0.000127844403;0.000089811779;0.000204760464;0.000055494634;
2015;11;18;12;0;0.000128359896;0.000079641070;0.000204068182;0.000053091858;
2015;11;18;13;0;0.000130920591;0.000064579377;0.000195550059;0.000051176093;
2015;11;18;14;0;0.000134951114;0.000065887029;0.000144069979;0.000051902900;
2015;11;18;15;0;0.000128412285;0.000064096813;0.000130630223;0.000052055660;
2015;11;18;16;0;0.000120856861;0.000061200381;0.000124066573;0.000048890596;
2015;11;18;17;0;0.000120513128;0.000059361114;0.000124849107;0.000045916905;
2015;11;18;18;0;0.000130401383;0.000066753056;0.000136261465;0.000054992335;
2015;11;18;19;0;0.000148430823;0.000136507567;0.000140100311;0.000161362180;
2015;11;18;20;0;0.000158239952;0.000159682423;0.000142859767;0.000205526665;
2015;11;18;21;0;0.000161482619;0.000166669968;0.000133018408;0.000204947141;
2015;11;18;22;0;0.000154085815;0.000168978120;0.000104271979;0.000197734657;
2015;11;18;23;0;0.000132437230;0.000193995914;0.000091606585;0.000166316206;
2015;11;18;24;0;0.000104679270;0.000191629538;0.000076295474;0.000155248791;
2015;11;19;1;0;0.000079480039;0.000178856253;0.000074463095;0.000142291967;
2015;11;19;2;0;0.000063458675;0.000163966359;0.000073208973;0.000146268728;
2015;11;19;3;0;0.000056643573;0.000153990447;0.000071651701;0.000138538213;
2015;11;19;4;0;0.000053822922;0.000147876525;0.000070066434;0.000131921155;
2015;11;19;5;0;0.000053123516;0.000145574550;0.000070162406;0.000129236453;
2015;11;19;6;0;0.000054892507;0.000151406319;0.000076645630;0.000130025513;
2015;11;19;7;0;0.000065237895;0.000157927758;0.000094187080;0.000130616250;
2015;11;19;8;0;0.000092173166;0.000147879315;0.000110794613;0.000122775399;
2015;11;19;9;0;0.000110149901;0.000103254525;0.000124215620;0.000064782091;
2015;11;19;10;0;0.000118850753;0.000094962887;0.000193366251;0.000053301308;
2015;11;19;11;0;0.000127131330;0.000089516986;0.000202088439;0.000055370267;
2015;11;19;12;0;0.000127447124;0.000079337621;0.000200206899;0.000052916648;
2015;11;19;13;0;0.000130283357;0.000064383235;0.000193524735;0.000051086540;
2015;11;19;14;0;0.000134405266;0.000065705522;0.000143036500;0.000051841524;
2015;11;19;15;0;0.000128115976;0.000063958820;0.000130538815;0.000052056756;
2015;11;19;16;0;0.000120661839;0.000061083189;0.000124314067;0.000048915014;
2015;11;19;17;0;0.000120413273;0.000059263303;0.000125492184;0.000045964599;
2015;11;19;18;0;0.000130443924;0.000066669327;0.000137593886;0.000055093101;
2015;11;19;19;0;0.000148336244;0.000136291363;0.000140938432;0.000161550813;
2015;11;19;20;0;0.000157900245;0.000159346992;0.000142868187;0.000205553207;
2015;11;19;21;0;0.000161173402;0.000166333453;0.000133133313;0.000205006772;
2015;11;19;22;0;0.000153889670;0.000168674513;0.000104611747;0.000197880106;
2015;11;19;23;0;0.000132479791;0.000193753467;0.000092472487;0.000166621387;
2015;11;19;24;0;0.000104661252;0.000191356108;0.000076899910;0.000155479678;
2015;11;20;1;0;0.000081116262;0.000176732115;0.000073806237;0.000140603514;
2015;11;20;2;0;0.000065607129;0.000162924658;0.000072877002;0.000143280014;
2015;11;20;3;0;0.000057864063;0.000153196972;0.000071305683;0.000135999157;
2015;11;20;4;0;0.000054582605;0.000147294369;0.000070008332;0.000129238613;
2015;11;20;5;0;0.000053604315;0.000144874766;0.000070199477;0.000127821228;
2015;11;20;6;0;0.000055278975;0.000149226925;0.000076748887;0.000129351228;
2015;11;20;7;0;0.000063962893;0.000155090128;0.000093530863;0.000130008209;
2015;11;20;8;0;0.000086484685;0.000140453815;0.000110000806;0.000121542920;
2015;11;20;9;0;0.000104266575;0.000098568156;0.000122776947;0.000059414273;
2015;11;20;10;0;0.000115709545;0.000093419607;0.000192256351;0.000052607290;
2015;11;20;11;0;0.000124742310;0.000089142348;0.000201939053;0.000058266814;
2015;11;20;12;0;0.000125667164;0.000080239513;0.000201089300;0.000058209700;
2015;11;20;13;0;0.000128146811;0.000065526854;0.000192551336;0.000050361595;
2015;11;20;14;0;0.000131552799;0.000066223060;0.000141830174;0.000052891909;
2015;11;20;15;0;0.000126974406;0.000065100914;0.000127740848;0.000054756460;
2015;11;20;16;0;0.000119925780;0.000062179075;0.000123334921;0.000052681800;
2015;11;20;17;0;0.000118579306;0.000059713334;0.000124258138;0.000050925028;
2015;11;20;18;0;0.000125715593;0.000067272032;0.000135854892;0.000052321728;
2015;11;20;19;0;0.000141178760;0.000135665813;0.000140691602;0.000159754472;
2015;11;20;20;0;0.000147560585;0.000157412614;0.000141998036;0.000202607860;
2015;11;20;21;0;0.000148293201;0.000162308867;0.000131963311;0.000199618539;
2015;11;20;22;0;0.000144250703;0.000165959058;0.000103747404;0.000195463796;
2015;11;20;23;0;0.000128598918;0.000190900561;0.000090843339;0.000164921845;
2015;11;20;24;0;0.000106337560;0.000192793549;0.000075907076;0.000151487817;
2015;11;21;1;0;0.000087342825;0.000187710322;0.000054366494;0.000139811449;
2015;11;21;2;0;0.000071898649;0.000174211270;0.000053703146;0.000144268519;
2015;11;21;3;0;0.000062379436;0.000162433585;0.000052817542;0.000140329389;
2015;11;21;4;0;0.000057687636;0.000153917026;0.000052934929;0.000135973319;
2015;11;21;5;0;0.000055705678;0.000151031476;0.000057888440;0.000130560163;
2015;11;21;6;0;0.000055977224;0.000155509536;0.000063691676;0.000129264143;
2015;11;21;7;0;0.000059814614;0.000158358489;0.000075998379;0.000128477930;
2015;11;21;8;0;0.000068225419;0.000137877495;0.000092421661;0.000115285307;
2015;11;21;9;0;0.000086133665;0.000095580108;0.000103555430;0.000053571374;
2015;11;21;10;0;0.000111411609;0.000098484678;0.000129697157;0.000047911614;
2015;11;21;11;0;0.000128832241;0.000099677232;0.000135813452;0.000055397626;
2015;11;21;12;0;0.000133206412;0.000090486378;0.000135407924;0.000057229095;
2015;11;21;13;0;0.000135328324;0.000072543356;0.000128795121;0.000054078688;
2015;11;21;14;0;0.000140566065;0.000072539817;0.000100397147;0.000054891353;
2015;11;21;15;0;0.000137702389;0.000071934849;0.000081877561;0.000055651900;
2015;11;21;16;0;0.000125373810;0.000067252332;0.000074205916;0.000054533525;
2015;11;21;17;0;0.000118411995;0.000064476618;0.000072351134;0.000049786822;
2015;11;21;18;0;0.000119526267;0.000071209857;0.000076195059;0.000054029349;
2015;11;21;19;0;0.000132413335;0.000138084293;0.000081606063;0.000159655334;
2015;11;21;20;0;0.000137625299;0.000157447697;0.000081545072;0.000198239235;
2015;11;21;21;0;0.000141584759;0.000160776990;0.000079718177;0.000198678141;
2015;11;21;22;0;0.000141445536;0.000164450214;0.000075097041;0.000194313741;
2015;11;21;23;0;0.000128647354;0.000191976230;0.000066283717;0.000164435749;
2015;11;21;24;0;0.000108610853;0.000195497382;0.000059184897;0.000151595704;
2015;11;22;1;0;0.000087525702;0.000183336875;0.000050728087;0.000135239859;
2015;11;22;2;0;0.000072672561;0.000169651238;0.000050017056;0.000138251332;
2015;11;22;3;0;0.000063185596;0.000159246259;0.000049733571;0.000136723425;
2015;11;22;4;0;0.000058234791;0.000151090079;0.000050046330;0.000131095904;
2015;11;22;5;0;0.000056139003;0.000148399710;0.000051106654;0.000127287513;
2015;11;22;6;0;0.000055474012;0.000152660123;0.000054584232;0.000127701030;
2015;11;22;7;0;0.000057820700;0.000154871930;0.000062639693;0.000130902201;
2015;11;22;8;0;0.000063684958;0.000128558139;0.000079039591;0.000116238622;
2015;11;22;9;0;0.000076293976;0.000083573827;0.000089571481;0.000053994566;
2015;11;22;10;0;0.000097272260;0.000087499067;0.000113717138;0.000046593523;
2015;11;22;11;0;0.000116994885;0.000093435583;0.000117996405;0.000050585586;
2015;11;22;12;0;0.000125032360;0.000088737910;0.000115028458;0.000053931366;
2015;11;22;13;0;0.000128212427;0.000073738290;0.000110449500;0.000051554697;
2015;11;22;14;0;0.000134503608;0.000073555251;0.000082621625;0.000053535692;
2015;11;22;15;0;0.000133495577;0.000071556617;0.000069866588;0.000054077378;
2015;11;22;16;0;0.000118696555;0.000065280966;0.000067547667;0.000048431585;
2015;11;22;17;0;0.000112259985;0.000061482128;0.000068787325;0.000048193614;
2015;11;22;18;0;0.000115272728;0.000067598556;0.000074099149;0.000054311523;
2015;11;22;19;0;0.000132713694;0.000138274670;0.000078072241;0.000156887817;
2015;11;22;20;0;0.000143430314;0.000162038099;0.000077804625;0.000199583096;
2015;11;22;21;0;0.000150618794;0.000166926787;0.000074407047;0.000200301599;
2015;11;22;22;0;0.000148518321;0.000169428946;0.000069427222;0.000192826692;
2015;11;22;23;0;0.000128183081;0.000192860190;0.000063562288;0.000158718621;
2015;11;22;24;0;0.000102352752;0.000191302590;0.000054699210;0.000148042696;
2015;11;23;1;0;0.000078530707;0.000180905590;0.000055330971;0.000134792909;
2015;11;23;2;0;0.000063934445;0.000166651393;0.000056171424;0.000136484400;
2015;11;23;3;0;0.000057334131;0.000157010208;0.000057725154;0.000130742628;
2015;11;23;4;0;0.000054804074;0.000150651785;0.000063515276;0.000128080832;
2015;11;23;5;0;0.000053847484;0.000147903540;0.000071955064;0.000125867779;
2015;11;23;6;0;0.000056072357;0.000153633133;0.000082483828;0.000127669584;
2015;11;23;7;0;0.000066343858;0.000159950395;0.000102911118;0.000130523946;
2015;11;23;8;0;0.000094388592;0.000147556174;0.000124597853;0.000121980924;
2015;11;23;9;0;0.000113380424;0.000103021194;0.000141466276;0.000067647078;
2015;11;23;10;0;0.000125046984;0.000095445476;0.000215182206;0.000057353159;
2015;11;23;11;0;0.000134890154;0.000091569661;0.000227484038;0.000056865601;
2015;11;23;12;0;0.000136449069;0.000083026609;0.000224695215;0.000054895525;
2015;11;23;13;0;0.000139215599;0.000068693968;0.000215282867;0.000052071774;
2015;11;23;14;0;0.000142881454;0.000069883579;0.000157751350;0.000052369593;
2015;11;23;15;0;0.000136747288;0.000067943355;0.000143117695;0.000052177282;
2015;11;23;16;0;0.000127808808;0.000064738158;0.000137112458;0.000048579248;
2015;11;23;17;0;0.000127539036;0.000062798260;0.000138766325;0.000047711503;
2015;11;23;18;0;0.000138889596;0.000069941551;0.000152864601;0.000057934239;
2015;11;23;19;0;0.000155792680;0.000141016338;0.000154558889;0.000163463861;
2015;11;23;20;0;0.000165453001;0.000165965764;0.000156400368;0.000207501782;
2015;11;23;21;0;0.000167773878;0.000172371379;0.000144267507;0.000202733044;
2015;11;23;22;0;0.000160556447;0.000175090947;0.000112620491;0.000198231621;
2015;11;23;23;0;0.000137377044;0.000198878886;0.000099511375;0.000169362825;
2015;11;23;24;0;0.000107684643;0.000196246813;0.000082398083;0.000156386883;
2015;11;24;1;0;0.000083112063;0.000186579178;0.000078623397;0.000142999946;
2015;11;24;2;0;0.000066166739;0.000170875177;0.000076466492;0.000146702890;
2015;11;24;3;0;0.000059083548;0.000160499281;0.000074970666;0.000138985546;
2015;11;24;4;0;0.000056189955;0.000154172454;0.000073562872;0.000132425701;
2015;11;24;5;0;0.000055460201;0.000151772361;0.000073677113;0.000129730990;
2015;11;24;6;0;0.000057366721;0.000157908062;0.000080828812;0.000130616029;
2015;11;24;7;0;0.000068266792;0.000164782656;0.000099830082;0.000131326361;
2015;11;24;8;0;0.000096821257;0.000154501492;0.000119131465;0.000123768318;
2015;11;24;9;0;0.000116202479;0.000108039281;0.000135696241;0.000065500306;
2015;11;24;10;0;0.000125707104;0.000099452460;0.000213314233;0.000053988806;
2015;11;24;11;0;0.000134752210;0.000093817665;0.000224782914;0.000056166739;
2015;11;24;12;0;0.000135036454;0.000083138209;0.000222416062;0.000053663792;
2015;11;24;13;0;0.000137434135;0.000067365135;0.000211394621;0.000051650663;
2015;11;24;14;0;0.000141572406;0.000068713607;0.000155363370;0.000052360501;
2015;11;24;15;0;0.000135112551;0.000066915255;0.000142431128;0.000052622282;
2015;11;24;16;0;0.000127359805;0.000063925399;0.000136086156;0.000049475415;
2015;11;24;17;0;0.000127368564;0.000062066186;0.000138515639;0.000046559403;
2015;11;24;18;0;0.000138202125;0.000069861199;0.000152836354;0.000055868163;
2015;11;24;19;0;0.000156788460;0.000142700615;0.000155146209;0.000163557595;
2015;11;24;20;0;0.000166774523;0.000166798327;0.000156820771;0.000208001175;
2015;11;24;21;0;0.000170082456;0.000174059547;0.000145622560;0.000207323618;
2015;11;24;22;0;0.000162361618;0.000176496602;0.000114327809;0.000200087295;
2015;11;24;23;0;0.000139732779;0.000202718144;0.000100956594;0.000168446202;
2015;11;24;24;0;0.000110120233;0.000200040714;0.000083166612;0.000156916602;
2015;11;25;1;0;0.000083153785;0.000185978790;0.000079760112;0.000143404381;
2015;11;25;2;0;0.000066151683;0.000170283205;0.000077341542;0.000147044398;
2015;11;25;3;0;0.000059032842;0.000159909025;0.000075634211;0.000139248949;
2015;11;25;4;0;0.000056085543;0.000153552759;0.000073925100;0.000132585343;
2015;11;25;5;0;0.000055358080;0.000151163394;0.000074039937;0.000129889061;
2015;11;25;6;0;0.000057278036;0.000157291111;0.000081303817;0.000130802331;
2015;11;25;7;0;0.000068037521;0.000164036109;0.000099725100;0.000131349034;
2015;11;25;8;0;0.000096677855;0.000153902794;0.000119808975;0.000123951539;
2015;11;25;9;0;0.000115728179;0.000107522947;0.000135177805;0.000065478857;
2015;11;25;10;0;0.000125050876;0.000098937908;0.000211600555;0.000053928451;
2015;11;25;11;0;0.000134176966;0.000093363107;0.000223779419;0.000056140988;
2015;11;25;12;0;0.000134406464;0.000082723959;0.000221098180;0.000053624414;
2015;11;25;13;0;0.000136547992;0.000066988080;0.000208715469;0.000051549015;
2015;11;25;14;0;0.000140817040;0.000068355351;0.000154048830;0.000052297779;
2015;11;25;15;0;0.000134324940;0.000066554917;0.000140966194;0.000052541206;
2015;11;25;16;0;0.000126453960;0.000063552838;0.000134029617;0.000049355196;
2015;11;25;17;0;0.000126293801;0.000061676191;0.000135717034;0.000046403600;
2015;11;25;18;0;0.000136840669;0.000069388281;0.000148921457;0.000055626618;
2015;11;25;19;0;0.000155184724;0.000141716443;0.000150929893;0.000162808140;
2015;11;25;20;0;0.000165155780;0.000165677881;0.000152874768;0.000207123172;
2015;11;25;21;0;0.000168398869;0.000172877714;0.000141893890;0.000206419643;
2015;11;25;22;0;0.000160995346;0.000175388343;0.000112047281;0.000199420254;
2015;11;25;23;0;0.000138906199;0.000201620624;0.000099882282;0.000168176733;
2015;11;25;24;0;0.000109653905;0.000199073045;0.000082822198;0.000156847773;
2015;11;26;1;0;0.000082980246;0.000185157038;0.000080345732;0.000143510942;
2015;11;26;2;0;0.000066102319;0.000169609560;0.000078301625;0.000147290190;
2015;11;26;3;0;0.000058891970;0.000159186540;0.000076090323;0.000139324044;
2015;11;26;4;0;0.000055945153;0.000152852890;0.000074336270;0.000132646190;
2015;11;26;5;0;0.000055283426;0.000150534779;0.000074771532;0.000130052653;
2015;11;26;6;0;0.000057119317;0.000156560426;0.000081655330;0.000130838694;
2015;11;26;7;0;0.000067914540;0.000163328982;0.000100509515;0.000131473469;
2015;11;26;8;0;0.000096169242;0.000153055657;0.000119198852;0.000123772269;
2015;11;26;9;0;0.000114862849;0.000106848314;0.000133388479;0.000065283322;
2015;11;26;10;0;0.000123982206;0.000098280610;0.000207950096;0.000053727469;
2015;11;26;11;0;0.000132666985;0.000092655488;0.000217642617;0.000055826402;
2015;11;26;12;0;0.000132932541;0.000082105524;0.000215233129;0.000053334817;
2015;11;26;13;0;0.000135470947;0.000066558544;0.000205592656;0.000051380611;
2015;11;26;14;0;0.000139597408;0.000067898559;0.000151319303;0.000052098735;
2015;11;26;15;0;0.000133040183;0.000066089152;0.000138011663;0.000052308167;
2015;11;26;16;0;0.000125292797;0.000063116808;0.000131380823;0.000049149604;
2015;11;26;17;0;0.000125299422;0.000061281053;0.000133689726;0.000046252486;
2015;11;26;18;0;0.000135914909;0.000068970228;0.000147324927;0.000055488136;
2015;11;26;19;0;0.000154429162;0.000140954837;0.000150420554;0.000162616099;
2015;11;26;20;0;0.000164267718;0.000164758648;0.000152055957;0.000206806185;
2015;11;26;21;0;0.000167418197;0.000171892114;0.000140886314;0.000206040150;
2015;11;26;22;0;0.000160042757;0.000174382811;0.000111211130;0.000199040770;
2015;11;26;23;0;0.000138219978;0.000200532663;0.000099505247;0.000167970479;
2015;11;26;24;0;0.000109320374;0.000198127680;0.000083135359;0.000156860478;
2015;11;27;1;0;0.000083947736;0.000181465020;0.000078782049;0.000141650468;
2015;11;27;2;0;0.000067824483;0.000167226763;0.000077456849;0.000144240865;
2015;11;27;3;0;0.000059795207;0.000157220144;0.000075665606;0.000136872613;
2015;11;27;4;0;0.000056287230;0.000151054189;0.000073709218;0.000129882397;
2015;11;27;5;0;0.000055249822;0.000148546291;0.000073766959;0.000128412123;
2015;11;27;6;0;0.000056932928;0.000152968721;0.000080424296;0.000129881426;
2015;11;27;7;0;0.000065936306;0.000159028822;0.000098339351;0.000130622798;
2015;11;27;8;0;0.000089304214;0.000144105817;0.000116373244;0.000122260985;
2015;11;27;9;0;0.000107705246;0.000101143586;0.000130084073;0.000059780240;
2015;11;27;10;0;0.000119583759;0.000095876491;0.000204084664;0.000052949035;
2015;11;27;11;0;0.000128743310;0.000091443535;0.000213279665;0.000058590082;
2015;11;27;12;0;0.000129415259;0.000082249072;0.000210622967;0.000058444726;
2015;11;27;13;0;0.000131880403;0.000067152434;0.000201164971;0.000050541571;
2015;11;27;14;0;0.000135203238;0.000067834134;0.000147443126;0.000053031426;
2015;11;27;15;0;0.000130975278;0.000066768939;0.000134628449;0.000055039521;
2015;11;27;16;0;0.000123089225;0.000063662572;0.000127558828;0.000052772258;
2015;11;27;17;0;0.000121820209;0.000061157865;0.000128936707;0.000051045359;
2015;11;27;18;0;0.000129358902;0.000068937486;0.000141835867;0.000052503377;
2015;11;27;19;0;0.000145262649;0.000139022029;0.000146855158;0.000160303386;
2015;11;27;20;0;0.000152009043;0.000161372350;0.000148902991;0.000203469728;
2015;11;27;21;0;0.000152531479;0.000166304478;0.000137584493;0.000200257426;
2015;11;27;22;0;0.000148752009;0.000170193842;0.000109222262;0.000196434107;
2015;11;27;23;0;0.000132850595;0.000195893287;0.000096291492;0.000165946320;
2015;11;27;24;0;0.000109922142;0.000197877193;0.000080678154;0.000152493765;
2015;11;28;1;0;0.000089848198;0.000191886502;0.000057382944;0.000140623499;
2015;11;28;2;0;0.000073647823;0.000177829189;0.000055739433;0.000144684323;
2015;11;28;3;0;0.000063778474;0.000165701087;0.000054430516;0.000140553970;
2015;11;28;4;0;0.000058929599;0.000156965527;0.000054371157;0.000136108290;
2015;11;28;5;0;0.000056986546;0.000154098367;0.000059793383;0.000130818487;
2015;11;28;6;0;0.000057208428;0.000158613272;0.000065556750;0.000129432177;
2015;11;28;7;0;0.000061186753;0.000161570266;0.000078505215;0.000128726744;
2015;11;28;8;0;0.000070059924;0.000140862442;0.000096828510;0.000115817103;
2015;11;28;9;0;0.000088553790;0.000097689269;0.000108962523;0.000053862325;
2015;11;28;10;0;0.000114509661;0.000100647906;0.000136337138;0.000048162347;
2015;11;28;11;0;0.000132265865;0.000101826709;0.000142186609;0.000055644127;
2015;11;28;12;0;0.000136390647;0.000092352026;0.000140346639;0.000057377458;
2015;11;28;13;0;0.000138212882;0.000073974379;0.000132221670;0.000054124248;
2015;11;28;14;0;0.000143031231;0.000073875402;0.000101685892;0.000054796737;
2015;11;28;15;0;0.000140399284;0.000073309953;0.000083569942;0.000055632946;
2015;11;28;16;0;0.000128318752;0.000068629183;0.000076802194;0.000054659490;
2015;11;28;17;0;0.000121298110;0.000065816403;0.000075119594;0.000049931669;
2015;11;28;18;0;0.000122189438;0.000072638392;0.000078495759;0.000054110231;
2015;11;28;19;0;0.000135892799;0.000141043840;0.000085328723;0.000160324954;
2015;11;28;20;0;0.000141819466;0.000161047092;0.000086640216;0.000199629900;
2015;11;28;21;0;0.000145704965;0.000164377683;0.000084249490;0.000199888787;
2015;11;28;22;0;0.000145557808;0.000168131930;0.000079350532;0.000195494537;
2015;11;28;23;0;0.000132806638;0.000196487078;0.000070902894;0.000165795062;
2015;11;28;24;0;0.000112256503;0.000200169846;0.000063655916;0.000152972325;
2015;11;29;1;0;0.000089927155;0.000186817032;0.000053741782;0.000136190447;
2015;11;29;2;0;0.000074405436;0.000172666582;0.000052232749;0.000138889997;
2015;11;29;3;0;0.000064637005;0.000162029848;0.000051753546;0.000137274869;
2015;11;29;4;0;0.000059613487;0.000153767515;0.000052216099;0.000131687079;
2015;11;29;5;0;0.000057365876;0.000150937635;0.000052949135;0.000127705320;
2015;11;29;6;0;0.000056772329;0.000155352090;0.000056877852;0.000128254188;
2015;11;29;7;0;0.000059292219;0.000157712141;0.000065754793;0.000131650943;
2015;11;29;8;0;0.000065328569;0.000130933002;0.000083040210;0.000116932900;
2015;11;29;9;0;0.000078337525;0.000085146285;0.000094414088;0.000054353123;
2015;11;29;10;0;0.000099821055;0.000089127837;0.000119613695;0.000046884531;
2015;11;29;11;0;0.000119615658;0.000095051598;0.000122466042;0.000050770629;
2015;11;29;12;0;0.000127358569;0.000090155970;0.000117771253;0.000053989410;
2015;11;29;13;0;0.000130049455;0.000074807636;0.000111320060;0.000051460380;
2015;11;29;14;0;0.000136078738;0.000074554753;0.000082497146;0.000053342121;
2015;11;29;15;0;0.000135262315;0.000072566708;0.000070156197;0.000053937871;
2015;11;29;16;0;0.000120504883;0.000066248357;0.000068298249;0.000048372979;
2015;11;29;17;0;0.000114075878;0.000062413452;0.000069781470;0.000048166271;
2015;11;29;18;0;0.000117400359;0.000068675699;0.000075808291;0.000054364790;
2015;11;29;19;0;0.000135241638;0.000140506407;0.000080040382;0.000157104840;
2015;11;29;20;0;0.000146348958;0.000164725801;0.000080153263;0.000200035065;
2015;11;29;21;0;0.000154031774;0.000169827685;0.000077320603;0.000201068289;
2015;11;29;22;0;0.000151843822;0.000172357684;0.000072074623;0.000193529679;
2015;11;29;23;0;0.000131195135;0.000196266821;0.000066263222;0.000159415904;
2015;11;29;24;0;0.000104761858;0.000194683298;0.000057046333;0.000148696291;
2015;11;30;1;0;0.000079764306;0.000182662343;0.000057446039;0.000135360038;
2015;11;30;2;0;0.000065042946;0.000168363134;0.000058667014;0.000137210547;
2015;11;30;3;0;0.000058315184;0.000158611507;0.000060223741;0.000131418629;
2015;11;30;4;0;0.000055682498;0.000152133323;0.000065976769;0.000128649320;
2015;11;30;5;0;0.000054655167;0.000149306496;0.000074442049;0.000126338627;
2015;11;30;6;0;0.000056889134;0.000155068295;0.000085179451;0.000128109997;
2015;11;30;7;0;0.000067303257;0.000161439263;0.000106218109;0.000130965184;
2015;11;30;8;0;0.000095859946;0.000148988913;0.000129062165;0.000122488756;
2015;11;30;9;0;0.000115367299;0.000104090102;0.000147578693;0.000068018138;
2015;11;30;10;0;0.000126863520;0.000096336368;0.000222121015;0.000057549786;
2015;11;30;11;0;0.000136375369;0.000092313002;0.000231836727;0.000056923633;
2015;11;30;12;0;0.000137683020;0.000083644319;0.000227319495;0.000054877731;
2015;11;30;13;0;0.000139995652;0.000069123578;0.000214996627;0.000051932425;
2015;11;30;14;0;0.000143507704;0.000070290721;0.000156866135;0.000052185400;
2015;11;30;15;0;0.000137363338;0.000068341953;0.000142389858;0.000051998048;
2015;11;30;16;0;0.000128277829;0.000065099750;0.000135939947;0.000048384939;
2015;11;30;17;0;0.000128193502;0.000063181094;0.000138302344;0.000047568655;
2015;11;30;18;0;0.000139736325;0.000070391243;0.000152906430;0.000057799039;
2015;11;30;19;0;0.000157113959;0.000142038742;0.000156004390;0.000163348678;
2015;11;30;20;0;0.000166832344;0.000167160764;0.000157779730;0.000207335056;
2015;11;30;21;0;0.000169381249;0.000173685830;0.000146241746;0.000202741903;
2015;11;30;22;0;0.000162085852;0.000176422808;0.000114138633;0.000198232825;
2015;11;30;23;0;0.000139118593;0.000200606928;0.000102058520;0.000169728098;
2015;11;30;24;0;0.000109228130;0.000198061533;0.000085075861;0.000156899368;
