AŃO;MES;DIA;HORA;VERANO(1)/INVIERNO(0);COEF. PERFIL A;COEF. PERFIL B;COEF. PERFIL C;COEF. PERFIL D;
2017;12;01;1;0;0.000110133083;0.000238087077;0.000091733267;0.000186604251;
2017;12;01;2;0;0.000087076236;0.000219915201;0.000087970869;0.000192788647;
2017;12;01;3;0;0.000076064172;0.000204658974;0.000086084458;0.000188433555;
2017;12;01;4;0;0.000071125591;0.000194208862;0.000085019653;0.000180659414;
2017;12;01;5;0;0.000069580769;0.000190851854;0.000084898285;0.000173951792;
2017;12;01;6;0;0.000071839021;0.000199418686;0.000088238791;0.000172657665;
2017;12;01;7;0;0.000084310138;0.000208604714;0.000100416890;0.000175961033;
2017;12;01;8;0;0.000114944050;0.000211991967;0.000124347047;0.000184163458;
2017;12;01;9;0;0.000143421509;0.000162998614;0.000158954760;0.000098416123;
2017;12;01;10;0;0.000160888658;0.000132869532;0.000182903177;0.000066006440;
2017;12;01;11;0;0.000174214171;0.000125483383;0.000191756583;0.000067678992;
2017;12;01;12;0;0.000174923965;0.000108430387;0.000190297583;0.000068174907;
2017;12;01;13;0;0.000175648389;0.000083138993;0.000187444483;0.000064713967;
2017;12;01;14;0;0.000176242323;0.000083203845;0.000174929046;0.000064180765;
2017;12;01;15;0;0.000167570186;0.000081320379;0.000151127999;0.000060065932;
2017;12;01;16;0;0.000159638883;0.000076967745;0.000141329457;0.000056786114;
2017;12;01;17;0;0.000160852778;0.000075614855;0.000142136453;0.000054707052;
2017;12;01;18;0;0.000173386180;0.000090464477;0.000152992737;0.000061330295;
2017;12;01;19;0;0.000191819672;0.000171374912;0.000172745159;0.000222796543;
2017;12;01;20;0;0.000197389160;0.000190072045;0.000167402034;0.000262867643;
2017;12;01;21;0;0.000197650263;0.000195271643;0.000154345202;0.000268458831;
2017;12;01;22;0;0.000191562553;0.000199511243;0.000134499851;0.000264269557;
2017;12;01;23;0;0.000172419848;0.000240628419;0.000117087906;0.000237985275;
2017;12;01;24;0;0.000146238801;0.000250708528;0.000107098691;0.000214292091;
2017;12;02;1;0;0.000120699349;0.000245256209;0.000097540644;0.000193091236;
2017;12;02;2;0;0.000098310695;0.000227758514;0.000091611705;0.000193679050;
2017;12;02;3;0;0.000084517427;0.000211356678;0.000088342784;0.000184046270;
2017;12;02;4;0;0.000076809327;0.000200443329;0.000086650677;0.000179428927;
2017;12;02;5;0;0.000073612257;0.000196270165;0.000085766925;0.000173660353;
2017;12;02;6;0;0.000073450218;0.000203427323;0.000087042204;0.000172090633;
2017;12;02;7;0;0.000077676525;0.000207897063;0.000091489712;0.000172027275;
2017;12;02;8;0;0.000087876569;0.000202792229;0.000098531885;0.000175943604;
2017;12;02;9;0;0.000109315268;0.000151649285;0.000100231617;0.000089121117;
2017;12;02;10;0;0.000141648226;0.000130769595;0.000109380392;0.000059339222;
2017;12;02;11;0;0.000165958408;0.000131738642;0.000124791431;0.000066059211;
2017;12;02;12;0;0.000172762616;0.000116609366;0.000129941170;0.000067011933;
2017;12;02;13;0;0.000173359262;0.000088008344;0.000131172288;0.000062279533;
2017;12;02;14;0;0.000176750656;0.000087198498;0.000126181724;0.000059785355;
2017;12;02;15;0;0.000172206955;0.000087000576;0.000113711861;0.000060948993;
2017;12;02;16;0;0.000158205152;0.000080226280;0.000108493650;0.000057739330;
2017;12;02;17;0;0.000150776748;0.000077049423;0.000107928992;0.000054038910;
2017;12;02;18;0;0.000154738729;0.000089708454;0.000117762230;0.000055096049;
2017;12;02;19;0;0.000172354622;0.000169904610;0.000137511044;0.000216205454;
2017;12;02;20;0;0.000178723174;0.000188465912;0.000141932928;0.000258396367;
2017;12;02;21;0;0.000184721976;0.000192448078;0.000139461081;0.000263809587;
2017;12;02;22;0;0.000185614580;0.000196571753;0.000128057551;0.000260654957;
2017;12;02;23;0;0.000169858336;0.000239737642;0.000115835524;0.000234841694;
2017;12;02;24;0;0.000146817954;0.000253115642;0.000107688200;0.000213485805;
2017;12;03;1;0;0.000121445079;0.000244165265;0.000096286377;0.000192083077;
2017;12;03;2;0;0.000100979094;0.000227370042;0.000090744641;0.000196462013;
2017;12;03;3;0;0.000086836020;0.000210986663;0.000087697326;0.000183402169;
2017;12;03;4;0;0.000078214917;0.000199342112;0.000085937605;0.000175502510;
2017;12;03;5;0;0.000074201079;0.000194611180;0.000085138080;0.000170822217;
2017;12;03;6;0;0.000073211520;0.000202194046;0.000086150292;0.000167785072;
2017;12;03;7;0;0.000075828647;0.000206457890;0.000089333816;0.000170689355;
2017;12;03;8;0;0.000082332002;0.000196951804;0.000092293549;0.000173268775;
2017;12;03;9;0;0.000096274073;0.000143594473;0.000086552862;0.000084364422;
2017;12;03;10;0;0.000121307965;0.000123281416;0.000088264828;0.000054370459;
2017;12;03;11;0;0.000145000308;0.000126852170;0.000095770428;0.000060848359;
2017;12;03;12;0;0.000156985590;0.000116174648;0.000101770022;0.000064407824;
2017;12;03;13;0;0.000161463372;0.000089132207;0.000105205728;0.000062419285;
2017;12;03;14;0;0.000166145220;0.000087603401;0.000104459493;0.000060571001;
2017;12;03;15;0;0.000165446365;0.000085498506;0.000100013391;0.000060605505;
2017;12;03;16;0;0.000150733339;0.000078073301;0.000095860646;0.000056982937;
2017;12;03;17;0;0.000144391120;0.000074455468;0.000093955056;0.000053347177;
2017;12;03;18;0;0.000148953044;0.000087765046;0.000098772068;0.000055257796;
2017;12;03;19;0;0.000168139617;0.000168800985;0.000117548629;0.000218755123;
2017;12;03;20;0;0.000178255299;0.000188616470;0.000121594056;0.000260343304;
2017;12;03;21;0;0.000188655280;0.000193628340;0.000119963629;0.000264909457;
2017;12;03;22;0;0.000191080006;0.000198169780;0.000114129035;0.000262183452;
2017;12;03;23;0;0.000171243313;0.000240813664;0.000104886247;0.000233904272;
2017;12;03;24;0;0.000142897531;0.000251409573;0.000097123286;0.000209075563;
2017;12;04;1;0;0.000111564239;0.000241692894;0.000090286759;0.000186845464;
2017;12;04;2;0;0.000089118014;0.000223640745;0.000087254731;0.000188916756;
2017;12;04;3;0;0.000078279173;0.000208152693;0.000085695278;0.000179171864;
2017;12;04;4;0;0.000072976561;0.000197935924;0.000085012764;0.000174045141;
2017;12;04;5;0;0.000071289848;0.000194418081;0.000085099582;0.000169719091;
2017;12;04;6;0;0.000073477056;0.000202955719;0.000087924049;0.000168694627;
2017;12;04;7;0;0.000085207157;0.000211468829;0.000100263272;0.000173510885;
2017;12;04;8;0;0.000114487982;0.000213704194;0.000124708589;0.000180800929;
2017;12;04;9;0;0.000143143836;0.000165108581;0.000159332617;0.000096628800;
2017;12;04;10;0;0.000167451030;0.000136556806;0.000181913969;0.000069351489;
2017;12;04;11;0;0.000184973356;0.000129510562;0.000191757238;0.000070525421;
2017;12;04;12;0;0.000186640875;0.000113088263;0.000191687246;0.000067892696;
2017;12;04;13;0;0.000187153025;0.000086327103;0.000189464446;0.000067519820;
2017;12;04;14;0;0.000188093760;0.000086736998;0.000177315286;0.000066173052;
2017;12;04;15;0;0.000178549084;0.000085413598;0.000155397025;0.000063990198;
2017;12;04;16;0;0.000169393238;0.000081156618;0.000149294070;0.000055996933;
2017;12;04;17;0;0.000171223837;0.000078946760;0.000152896908;0.000054100094;
2017;12;04;18;0;0.000185721749;0.000092919407;0.000164340158;0.000061715775;
2017;12;04;19;0;0.000205019680;0.000173764245;0.000180409832;0.000221647314;
2017;12;04;20;0;0.000211788898;0.000194919692;0.000172503288;0.000261936142;
2017;12;04;21;0;0.000213523477;0.000201280030;0.000154711007;0.000267497926;
2017;12;04;22;0;0.000208116639;0.000205996481;0.000132205748;0.000264197301;
2017;12;04;23;0;0.000184184635;0.000247219325;0.000113246676;0.000239139022;
2017;12;04;24;0;0.000150885614;0.000255515710;0.000102276425;0.000213591388;
2017;12;05;1;0;0.000113578119;0.000240327390;0.000093431932;0.000190857267;
2017;12;05;2;0;0.000089123040;0.000221983646;0.000089606943;0.000195203412;
2017;12;05;3;0;0.000077726354;0.000206392544;0.000087809481;0.000185308925;
2017;12;05;4;0;0.000072626077;0.000196283712;0.000086892926;0.000178602250;
2017;12;05;5;0;0.000071193788;0.000192500872;0.000086962075;0.000174198911;
2017;12;05;6;0;0.000073531438;0.000201298626;0.000090133981;0.000172444675;
2017;12;05;7;0;0.000085718785;0.000210331231;0.000102474667;0.000175405027;
2017;12;05;8;0;0.000116734358;0.000213886573;0.000127692887;0.000183204749;
2017;12;05;9;0;0.000145799910;0.000165836302;0.000162859645;0.000098376436;
2017;12;05;10;0;0.000166966112;0.000135733377;0.000185381389;0.000068203993;
2017;12;05;11;0;0.000182015857;0.000127754113;0.000194913757;0.000068111883;
2017;12;05;12;0;0.000183053099;0.000111444593;0.000194416137;0.000065837157;
2017;12;05;13;0;0.000183480635;0.000085405901;0.000191246684;0.000063654099;
2017;12;05;14;0;0.000183938849;0.000085456647;0.000177781261;0.000062082411;
2017;12;05;15;0;0.000174698679;0.000084210590;0.000154721462;0.000059760782;
2017;12;05;16;0;0.000166634377;0.000080106387;0.000147829215;0.000057047007;
2017;12;05;17;0;0.000168038314;0.000078823139;0.000150984542;0.000054878679;
2017;12;05;18;0;0.000181605161;0.000092746374;0.000161927151;0.000062091995;
2017;12;05;19;0;0.000202190984;0.000173609587;0.000178317392;0.000224276664;
2017;12;05;20;0;0.000210681505;0.000195327308;0.000169978371;0.000264256529;
2017;12;05;21;0;0.000212242066;0.000201855418;0.000151393075;0.000268648887;
2017;12;05;22;0;0.000203776041;0.000204497315;0.000129777636;0.000265763849;
2017;12;05;23;0;0.000178252268;0.000242861597;0.000112257808;0.000239928031;
2017;12;05;24;0;0.000147655276;0.000251837683;0.000101798225;0.000213047756;
2017;12;06;1;0;0.000128405531;0.000252118575;0.000103410157;0.000196108351;
2017;12;06;2;0;0.000106786848;0.000234820870;0.000097476927;0.000200617152;
2017;12;06;3;0;0.000091899448;0.000218064590;0.000094274424;0.000187422028;
2017;12;06;4;0;0.000082829986;0.000206164656;0.000092443376;0.000179466961;
2017;12;06;5;0;0.000078615777;0.000201365204;0.000091625822;0.000174762004;
2017;12;06;6;0;0.000077539566;0.000209136318;0.000092681966;0.000171593342;
2017;12;06;7;0;0.000080428606;0.000213858182;0.000096247102;0.000174818280;
2017;12;06;8;0;0.000087469738;0.000204346061;0.000099599015;0.000177751237;
2017;12;06;9;0;0.000102340455;0.000149070900;0.000093457460;0.000086596534;
2017;12;06;10;0;0.000128672786;0.000127706250;0.000095099801;0.000055688249;
2017;12;06;11;0;0.000153494248;0.000131140923;0.000102979114;0.000062197829;
2017;12;06;12;0;0.000166004105;0.000119974115;0.000109313412;0.000065765911;
2017;12;06;13;0;0.000170720236;0.000092037074;0.000112991277;0.000063728390;
2017;12;06;14;0;0.000175477960;0.000090359297;0.000112066855;0.000061773562;
2017;12;06;15;0;0.000174502562;0.000088068430;0.000107151258;0.000061724819;
2017;12;06;16;0;0.000158938420;0.000080396893;0.000102672578;0.000058018644;
2017;12;06;17;0;0.000152229418;0.000076660536;0.000100617333;0.000054309114;
2017;12;06;18;0;0.000156989138;0.000090335605;0.000105742339;0.000056236327;
2017;12;06;19;0;0.000176992375;0.000173530825;0.000125688810;0.000222354491;
2017;12;06;20;0;0.000187354924;0.000193606274;0.000129816397;0.000264223990;
2017;12;06;21;0;0.000198117648;0.000198582180;0.000127967103;0.000268630199;
2017;12;06;22;0;0.000200525967;0.000203100014;0.000121659509;0.000265683034;
2017;12;06;23;0;0.000179812791;0.000246947843;0.000111871652;0.000237163738;
2017;12;06;24;0;0.000150252682;0.000258164468;0.000103732637;0.000212277495;
2017;12;07;1;0;0.000105525551;0.000230935698;0.000084655610;0.000186561663;
2017;12;07;2;0;0.000082776636;0.000213237512;0.000081162777;0.000190746217;
2017;12;07;3;0;0.000072139302;0.000198117340;0.000079477190;0.000180946724;
2017;12;07;4;0;0.000067371337;0.000188317939;0.000078607586;0.000174309179;
2017;12;07;5;0;0.000066010540;0.000184598740;0.000078631858;0.000169928949;
2017;12;07;6;0;0.000068138590;0.000192923768;0.000081452814;0.000168120478;
2017;12;07;7;0;0.000079220810;0.000201044354;0.000092358580;0.000170551702;
2017;12;07;8;0;0.000107351855;0.000203431978;0.000114518333;0.000177254932;
2017;12;07;9;0;0.000133938472;0.000157562380;0.000145901254;0.000095080162;
2017;12;07;10;0;0.000153945534;0.000129434562;0.000166687237;0.000066160581;
2017;12;07;11;0;0.000168195082;0.000122096667;0.000175648328;0.000066218251;
2017;12;07;12;0;0.000169184556;0.000106528909;0.000175231992;0.000064018493;
2017;12;07;13;0;0.000169535984;0.000081617706;0.000172330850;0.000061879783;
2017;12;07;14;0;0.000170074467;0.000081721503;0.000160305747;0.000060392774;
2017;12;07;15;0;0.000161738665;0.000080633551;0.000139692230;0.000058209150;
2017;12;07;16;0;0.000154242553;0.000076688739;0.000133443472;0.000055555009;
2017;12;07;17;0;0.000155398468;0.000075390564;0.000136165900;0.000053394044;
2017;12;07;18;0;0.000168032725;0.000088753904;0.000146110968;0.000060443840;
2017;12;07;19;0;0.000187132664;0.000166182912;0.000160945551;0.000218384922;
2017;12;07;20;0;0.000194981940;0.000186963050;0.000153411917;0.000257302762;
2017;12;07;21;0;0.000196441533;0.000193226687;0.000136648642;0.000261599943;
2017;12;07;22;0;0.000188797427;0.000195954574;0.000117257402;0.000259053583;
2017;12;07;23;0;0.000165269814;0.000232885348;0.000101501506;0.000234040066;
2017;12;07;24;0;0.000136999431;0.000241665891;0.000092110144;0.000207968476;
2017;12;08;1;0;0.000122270014;0.000245152699;0.000097070073;0.000192768697;
2017;12;08;2;0;0.000101686289;0.000228337334;0.000091502379;0.000197204529;
2017;12;08;3;0;0.000087464377;0.000211933230;0.000088450058;0.000184137876;
2017;12;08;4;0;0.000078771025;0.000200211363;0.000086664379;0.000176184463;
2017;12;08;5;0;0.000074758124;0.000195536895;0.000085891957;0.000171553622;
2017;12;08;6;0;0.000073796760;0.000203253949;0.000086955108;0.000168584855;
2017;12;08;7;0;0.000076531739;0.000207803336;0.000090282719;0.000171720474;
2017;12;08;8;0;0.000083203924;0.000198494217;0.000093395716;0.000174543149;
2017;12;08;9;0;0.000097340656;0.000144788945;0.000087628793;0.000085025976;
2017;12;08;10;0;0.000122467318;0.000124119856;0.000089227565;0.000054714352;
2017;12;08;11;0;0.000146293371;0.000127634000;0.000096753709;0.000061194439;
2017;12;08;12;0;0.000158248307;0.000116789394;0.000102725822;0.000064718028;
2017;12;08;13;0;0.000162727841;0.000089584993;0.000106171439;0.000062706708;
2017;12;08;14;0;0.000167292749;0.000087967650;0.000105321650;0.000060794093;
2017;12;08;15;0;0.000166420053;0.000085766899;0.000100736545;0.000060767010;
2017;12;08;16;0;0.000151654357;0.000078335906;0.000096575374;0.000057147570;
2017;12;08;17;0;0.000145316025;0.000074727831;0.000094683358;0.000053517009;
2017;12;08;18;0;0.000149876718;0.000088068203;0.000099517490;0.000055422450;
2017;12;08;19;0;0.000168659227;0.000168860388;0.000118069600;0.000218728637;
2017;12;08;20;0;0.000178435928;0.000188292155;0.000121880064;0.000259772774;
2017;12;08;21;0;0.000188622999;0.000193066694;0.000120103523;0.000264016159;
2017;12;08;22;0;0.000190981037;0.000197526417;0.000114222489;0.000261208704;
2017;12;08;23;0;0.000171446076;0.000240440605;0.000105150889;0.000233431494;
2017;12;08;24;0;0.000143415468;0.000251631981;0.000097605684;0.000209161578;
2017;12;09;1;0;0.000113335940;0.000236697631;0.000089774729;0.000188887234;
2017;12;09;2;0;0.000092278498;0.000219728075;0.000084286201;0.000189391166;
2017;12;09;3;0;0.000079299097;0.000203821093;0.000081245407;0.000179897992;
2017;12;09;4;0;0.000072015019;0.000193157647;0.000079631857;0.000175258424;
2017;12;09;5;0;0.000069081719;0.000189312141;0.000078893024;0.000169781749;
2017;12;09;6;0;0.000068990601;0.000196389065;0.000080136889;0.000168395854;
2017;12;09;7;0;0.000072989748;0.000200785158;0.000084265557;0.000168401791;
2017;12;09;8;0;0.000082554489;0.000195807844;0.000090729841;0.000172194155;
2017;12;09;9;0;0.000102538906;0.000146204050;0.000092154883;0.000087089501;
2017;12;09;10;0;0.000132792252;0.000126002614;0.000100509435;0.000057953647;
2017;12;09;11;0;0.000155623818;0.000126970013;0.000114701033;0.000064533840;
2017;12;09;12;0;0.000162063512;0.000112429450;0.000119478017;0.000065488484;
2017;12;09;13;0;0.000162628822;0.000084856574;0.000120614167;0.000060865772;
2017;12;09;14;0;0.000165927745;0.000084135283;0.000116107479;0.000058469599;
2017;12;09;15;0;0.000161887863;0.000084061457;0.000104779213;0.000059690808;
2017;12;09;16;0;0.000148824526;0.000077567844;0.000100037762;0.000056585212;
2017;12;09;17;0;0.000141947501;0.000074554514;0.000099594936;0.000053000172;
2017;12;09;18;0;0.000145763612;0.000086854965;0.000108733127;0.000054068943;
2017;12;09;19;0;0.000162273644;0.000164414985;0.000126901979;0.000212065012;
2017;12;09;20;0;0.000168232199;0.000182335924;0.000130953519;0.000253391462;
2017;12;09;21;0;0.000173924487;0.000186237409;0.000128706640;0.000258767698;
2017;12;09;22;0;0.000174790080;0.000190255396;0.000118199502;0.000255710172;
2017;12;09;23;0;0.000159991708;0.000232090848;0.000106944421;0.000230442795;
2017;12;09;24;0;0.000138294198;0.000245050140;0.000099425703;0.000209493771;
2017;12;10;1;0;0.000116524005;0.000238660793;0.000091116565;0.000189579181;
2017;12;10;2;0;0.000096911396;0.000222299425;0.000085893713;0.000193949215;
2017;12;10;3;0;0.000083353508;0.000206319698;0.000083024704;0.000181090011;
2017;12;10;4;0;0.000075048382;0.000194855434;0.000081326486;0.000173221238;
2017;12;10;5;0;0.000071194758;0.000190224873;0.000080567273;0.000168596366;
2017;12;10;6;0;0.000070231319;0.000197597517;0.000081508925;0.000165565855;
2017;12;10;7;0;0.000072735035;0.000201745354;0.000084512945;0.000168415801;
2017;12;10;8;0;0.000078952884;0.000192407060;0.000087290641;0.000170917167;
2017;12;10;9;0;0.000092237048;0.000140150770;0.000081785157;0.000083142186;
2017;12;10;10;0;0.000116061015;0.000120159021;0.000083287867;0.000053508910;
2017;12;10;11;0;0.000138767466;0.000123673984;0.000090395574;0.000059900943;
2017;12;10;12;0;0.000150341289;0.000113342180;0.000096124780;0.000063448764;
2017;12;10;13;0;0.000154849734;0.000087082889;0.000099511402;0.000061577392;
2017;12;10;14;0;0.000159410240;0.000085627062;0.000098849230;0.000059780448;
2017;12;10;15;0;0.000158761116;0.000083580921;0.000094654676;0.000059822567;
2017;12;10;16;0;0.000144622621;0.000076311707;0.000090711901;0.000056239026;
2017;12;10;17;0;0.000138576556;0.000072796013;0.000088933717;0.000052665569;
2017;12;10;18;0;0.000142964943;0.000085815053;0.000093499940;0.000054555657;
2017;12;10;19;0;0.000161055801;0.000164718740;0.000111050597;0.000215541354;
2017;12;10;20;0;0.000170555626;0.000183850549;0.000114744785;0.000256233594;
2017;12;10;21;0;0.000180486164;0.000188714638;0.000113193517;0.000260698461;
2017;12;10;22;0;0.000182623693;0.000192948328;0.000107580864;0.000257758626;
2017;12;10;23;0;0.000163736273;0.000234570893;0.000098911511;0.000230057020;
2017;12;10;24;0;0.000136749487;0.000245100675;0.000091668760;0.000205811819;
2017;12;11;1;0;0.000106897715;0.000235919901;0.000085381074;0.000184088684;
2017;12;11;2;0;0.000085404691;0.000218335542;0.000082527625;0.000186160623;
2017;12;11;3;0;0.000074973207;0.000203094972;0.000081004824;0.000176453708;
2017;12;11;4;0;0.000069940363;0.000193253066;0.000080412351;0.000171517134;
2017;12;11;5;0;0.000068315660;0.000189795763;0.000080484851;0.000167233930;
2017;12;11;6;0;0.000070395302;0.000198084506;0.000083136886;0.000166185949;
2017;12;11;7;0;0.000081627265;0.000206377721;0.000094797128;0.000170917690;
2017;12;11;8;0;0.000109694516;0.000208590891;0.000117927615;0.000178125785;
2017;12;11;9;0;0.000137283631;0.000161314360;0.000150815136;0.000095291422;
2017;12;11;10;0;0.000160458251;0.000133304515;0.000172041973;0.000068333102;
2017;12;11;11;0;0.000177392269;0.000126528390;0.000181497821;0.000069546026;
2017;12;11;12;0;0.000179224579;0.000110628143;0.000181667886;0.000067037063;
2017;12;11;13;0;0.000179797402;0.000084487218;0.000179642223;0.000066698943;
2017;12;11;14;0;0.000180752586;0.000084912533;0.000168170744;0.000065387151;
2017;12;11;15;0;0.000171511137;0.000083583200;0.000147323333;0.000063204685;
2017;12;11;16;0;0.000162721961;0.000079420263;0.000141542478;0.000055311503;
2017;12;11;17;0;0.000164422465;0.000077230442;0.000144907134;0.000053419039;
2017;12;11;18;0;0.000178239605;0.000090845863;0.000155660809;0.000060903009;
2017;12;11;19;0;0.000196621054;0.000169766568;0.000170761046;0.000218573779;
2017;12;11;20;0;0.000203086389;0.000190410383;0.000163255996;0.000258270125;
2017;12;11;21;0;0.000204682104;0.000196558672;0.000146369163;0.000263667000;
2017;12;11;22;0;0.000199544914;0.000201210639;0.000125106056;0.000260473385;
2017;12;11;23;0;0.000176592462;0.000241467376;0.000107161397;0.000235760114;
2017;12;11;24;0;0.000144756819;0.000249727337;0.000096841358;0.000210705590;
2017;12;12;1;0;0.000110486924;0.000236595519;0.000090143070;0.000188980352;
2017;12;12;2;0;0.000086672764;0.000218474459;0.000086428132;0.000193228777;
2017;12;12;3;0;0.000075554092;0.000203034917;0.000084654863;0.000183348674;
2017;12;12;4;0;0.000070567402;0.000193011347;0.000083736879;0.000176640470;
2017;12;12;5;0;0.000069189775;0.000189330052;0.000083820553;0.000172320520;
2017;12;12;6;0;0.000071488894;0.000198058443;0.000086911026;0.000170650296;
2017;12;12;7;0;0.000083366477;0.000207017111;0.000098844560;0.000173639779;
2017;12;12;8;0;0.000113565719;0.000210580965;0.000123207195;0.000181416600;
2017;12;12;9;0;0.000141854009;0.000163286769;0.000157151543;0.000097424275;
2017;12;12;10;0;0.000162317673;0.000133539936;0.000178741095;0.000067489936;
2017;12;12;11;0;0.000177020467;0.000125740791;0.000188008533;0.000067426232;
2017;12;12;12;0;0.000178130368;0.000109750604;0.000187635063;0.000065211425;
2017;12;12;13;0;0.000178594733;0.000084130473;0.000184626118;0.000063066181;
2017;12;12;14;0;0.000179053431;0.000084186425;0.000171638999;0.000061513367;
2017;12;12;15;0;0.000170174497;0.000083015388;0.000149477638;0.000059253345;
2017;12;12;16;0;0.000162343048;0.000078981118;0.000142840109;0.000056570980;
2017;12;12;17;0;0.000163681310;0.000077701883;0.000145862641;0.000054410932;
2017;12;12;18;0;0.000176851812;0.000091404021;0.000156394621;0.000061547255;
2017;12;12;19;0;0.000196971243;0.000171159804;0.000172288207;0.000222390828;
2017;12;12;20;0;0.000205377687;0.000192697840;0.000164339257;0.000262207020;
2017;12;12;21;0;0.000207050902;0.000199284311;0.000146478027;0.000266761070;
2017;12;12;22;0;0.000198806638;0.000201907479;0.000125573624;0.000263915811;
2017;12;12;23;0;0.000173683819;0.000239480512;0.000108482994;0.000237956202;
2017;12;12;24;0;0.000143671936;0.000247988035;0.000098239013;0.000211004483;
2017;12;13;1;0;0.000112159972;0.000238686323;0.000091919671;0.000190049332;
2017;12;13;2;0;0.000087980461;0.000220393239;0.000088126763;0.000194311307;
2017;12;13;3;0;0.000076672238;0.000204759891;0.000086294112;0.000184323455;
2017;12;13;4;0;0.000071639386;0.000194726285;0.000085391296;0.000177648123;
2017;12;13;5;0;0.000070215643;0.000190943782;0.000085445970;0.000173241381;
2017;12;13;6;0;0.000072526633;0.000199685398;0.000088569240;0.000171509692;
2017;12;13;7;0;0.000084564340;0.000208687323;0.000100715820;0.000174488867;
2017;12;13;8;0;0.000115165706;0.000212221335;0.000125505019;0.000182253395;
2017;12;13;9;0;0.000143919897;0.000164635782;0.000160157390;0.000097919479;
2017;12;13;10;0;0.000164632539;0.000134603094;0.000182105637;0.000067812783;
2017;12;13;11;0;0.000179447494;0.000126673017;0.000191443481;0.000067711976;
2017;12;13;12;0;0.000180545630;0.000110547759;0.000191034637;0.000065477997;
2017;12;13;13;0;0.000181189345;0.000084822554;0.000188150879;0.000063384523;
2017;12;13;14;0;0.000181684453;0.000084892866;0.000174944461;0.000061833994;
2017;12;13;15;0;0.000172668914;0.000083709027;0.000152350896;0.000059560075;
2017;12;13;16;0;0.000164737178;0.000079648062;0.000145598602;0.000056868833;
2017;12;13;17;0;0.000166139766;0.000078379060;0.000148719419;0.000054712096;
2017;12;13;18;0;0.000179558608;0.000092226563;0.000159502551;0.000061905336;
2017;12;13;19;0;0.000199893469;0.000172620182;0.000175630702;0.000223581226;
2017;12;13;20;0;0.000208299823;0.000194225612;0.000167427221;0.000263452693;
2017;12;13;21;0;0.000209926160;0.000200796692;0.000149180145;0.000267938159;
2017;12;13;22;0;0.000201534802;0.000203406856;0.000127869423;0.000265037462;
2017;12;13;23;0;0.000176026076;0.000241202517;0.000110440513;0.000238911668;
2017;12;13;24;0;0.000145601371;0.000249757338;0.000100006129;0.000211839961;
2017;12;14;1;0;0.000110901329;0.000237224355;0.000090518265;0.000189432328;
2017;12;14;2;0;0.000087017126;0.000219103668;0.000086807094;0.000193733830;
2017;12;14;3;0;0.000075819469;0.000203526220;0.000084987032;0.000183743545;
2017;12;14;4;0;0.000070855284;0.000193587739;0.000084112956;0.000177120937;
2017;12;14;5;0;0.000069437809;0.000189801891;0.000084155522;0.000172704106;
2017;12;14;6;0;0.000071714790;0.000198467958;0.000087221396;0.000170957741;
2017;12;14;7;0;0.000083589361;0.000207344582;0.000099149456;0.000173868279;
2017;12;14;8;0;0.000113763554;0.000210718127;0.000123472423;0.000181486571;
2017;12;14;9;0;0.000142111438;0.000163404987;0.000157501276;0.000097468925;
2017;12;14;10;0;0.000162519802;0.000133560651;0.000179037042;0.000067482485;
2017;12;14;11;0;0.000177159420;0.000125702479;0.000188233247;0.000067387793;
2017;12;14;12;0;0.000178275235;0.000109720268;0.000187864644;0.000065176092;
2017;12;14;13;0;0.000178884139;0.000084175054;0.000185001107;0.000063082848;
2017;12;14;14;0;0.000179355384;0.000084236580;0.000171998931;0.000061533673;
2017;12;14;15;0;0.000170502104;0.000083084643;0.000149826798;0.000059287032;
2017;12;14;16;0;0.000162568315;0.000079004599;0.000143096953;0.000056572776;
2017;12;14;17;0;0.000164001583;0.000077769154;0.000146207962;0.000054443582;
2017;12;14;18;0;0.000177347448;0.000091560387;0.000156897219;0.000061636176;
2017;12;14;19;0;0.000197289310;0.000171249534;0.000172637161;0.000222448341;
2017;12;14;20;0;0.000205536320;0.000192636711;0.000164533616;0.000262054250;
2017;12;14;21;0;0.000207108003;0.000199122232;0.000146578490;0.000266473348;
2017;12;14;22;0;0.000198869473;0.000201751391;0.000125664809;0.000263641774;
2017;12;14;23;0;0.000173783052;0.000239356445;0.000108589473;0.000237769783;
2017;12;14;24;0;0.000143752920;0.000247857661;0.000098334684;0.000210837563;
2017;12;15;1;0;0.000107290024;0.000234820755;0.000088512126;0.000185276718;
2017;12;15;2;0;0.000084799323;0.000216823875;0.000084852764;0.000191351542;
2017;12;15;3;0;0.000074010241;0.000201605131;0.000082960391;0.000186864881;
2017;12;15;4;0;0.000069198351;0.000191292529;0.000081926339;0.000179138206;
2017;12;15;5;0;0.000067732189;0.000188088129;0.000081853862;0.000172580836;
2017;12;15;6;0;0.000069889217;0.000196415037;0.000085024422;0.000171195917;
2017;12;15;7;0;0.000081989391;0.000205381392;0.000096720603;0.000174402271;
2017;12;15;8;0;0.000111786082;0.000208727540;0.000119776352;0.000182541860;
2017;12;15;9;0;0.000139502092;0.000160512721;0.000153134956;0.000097564193;
2017;12;15;10;0;0.000156318674;0.000130698304;0.000176011502;0.000065362630;
2017;12;15;11;0;0.000169228584;0.000123405801;0.000184490876;0.000067004180;
2017;12;15;12;0;0.000170017550;0.000106697578;0.000183194353;0.000067534667;
2017;12;15;13;0;0.000170708545;0.000081804079;0.000180433894;0.000064101307;
2017;12;15;14;0;0.000171184923;0.000081819687;0.000168287400;0.000063535721;
2017;12;15;15;0;0.000162647320;0.000079911386;0.000145287904;0.000059420480;
2017;12;15;16;0;0.000154902993;0.000075611700;0.000135827650;0.000056159218;
2017;12;15;17;0;0.000156104502;0.000074293890;0.000136623908;0.000054111298;
2017;12;15;18;0;0.000168398001;0.000088952804;0.000147172828;0.000060709307;
2017;12;15;19;0;0.000186163644;0.000168386816;0.000166051187;0.000220377853;
2017;12;15;20;0;0.000191432866;0.000186625318;0.000160800835;0.000259829288;
2017;12;15;21;0;0.000191714600;0.000191759144;0.000148280927;0.000265395318;
2017;12;15;22;0;0.000185827541;0.000195941284;0.000129227706;0.000261278919;
2017;12;15;23;0;0.000167200711;0.000236241881;0.000112459791;0.000235211591;
2017;12;15;24;0;0.000141814788;0.000246142792;0.000102867322;0.000211798469;
2017;12;16;1;0;0.000115501855;0.000239243615;0.000091992803;0.000190235663;
2017;12;16;2;0;0.000094105429;0.000222241340;0.000086426928;0.000190871858;
2017;12;16;3;0;0.000080892856;0.000206213071;0.000083333416;0.000181357811;
2017;12;16;4;0;0.000073500116;0.000195524860;0.000081720351;0.000176771345;
2017;12;16;5;0;0.000070411479;0.000191374440;0.000080853230;0.000171017028;
2017;12;16;6;0;0.000070248280;0.000198329904;0.000082045862;0.000169451407;
2017;12;16;7;0;0.000074297365;0.000202706788;0.000086246223;0.000169405020;
2017;12;16;8;0;0.000084117619;0.000197879817;0.000092955452;0.000173393457;
2017;12;16;9;0;0.000104623422;0.000147953342;0.000094544666;0.000087816083;
2017;12;16;10;0;0.000135415738;0.000127438629;0.000103057991;0.000058404350;
2017;12;16;11;0;0.000158526024;0.000128277592;0.000117481712;0.000064965088;
2017;12;16;12;0;0.000164998705;0.000113527353;0.000122309934;0.000065891326;
2017;12;16;13;0;0.000165558133;0.000085676878;0.000123460992;0.000061234215;
2017;12;16;14;0;0.000168707915;0.000084843727;0.000118701191;0.000058750907;
2017;12;16;15;0;0.000164414203;0.000084673417;0.000106998727;0.000059910166;
2017;12;16;16;0;0.000150954866;0.000078033208;0.000102026975;0.000056720961;
2017;12;16;17;0;0.000143902647;0.000074961818;0.000101521196;0.000053098999;
2017;12;16;18;0;0.000147766965;0.000087326894;0.000110832861;0.000054168165;
2017;12;16;19;0;0.000164835726;0.000165641779;0.000129613485;0.000212882713;
2017;12;16;20;0;0.000170906145;0.000183715555;0.000133765515;0.000254394988;
2017;12;16;21;0;0.000176761786;0.000187723959;0.000131524615;0.000259899671;
2017;12;16;22;0;0.000177682319;0.000191818084;0.000120815183;0.000256887786;
2017;12;16;23;0;0.000162554468;0.000233875424;0.000109254167;0.000231383610;
2017;12;16;24;0;0.000140575348;0.000247050249;0.000101620731;0.000210447777;
2017;12;17;1;0;0.000118085422;0.000240359294;0.000092774473;0.000190298564;
2017;12;17;2;0;0.000098170300;0.000223790974;0.000087421233;0.000194606472;
2017;12;17;3;0;0.000084389980;0.000207590108;0.000084454854;0.000181604031;
2017;12;17;4;0;0.000075976969;0.000196043348;0.000082722360;0.000173702374;
2017;12;17;5;0;0.000072084091;0.000191406936;0.000081959698;0.000169084425;
2017;12;17;6;0;0.000071109409;0.000198827607;0.000082918548;0.000166046990;
2017;12;17;7;0;0.000073709829;0.000203181543;0.000086050871;0.000169055216;
2017;12;17;8;0;0.000080006168;0.000193765045;0.000088873735;0.000171555696;
2017;12;17;9;0;0.000093577812;0.000141306435;0.000083366633;0.000083551244;
2017;12;17;10;0;0.000117770768;0.000121173173;0.000084914755;0.000053782531;
2017;12;17;11;0;0.000140905741;0.000124801080;0.000092222838;0.000060247451;
2017;12;17;12;0;0.000152514533;0.000114267699;0.000097975751;0.000063755860;
2017;12;17;13;0;0.000156946579;0.000087714860;0.000101336176;0.000061819668;
2017;12;17;14;0;0.000161422454;0.000086170326;0.000100570660;0.000059961279;
2017;12;17;15;0;0.000160720583;0.000084087893;0.000096276371;0.000059986895;
2017;12;17;16;0;0.000146366131;0.000076752847;0.000092239920;0.000056377543;
2017;12;17;17;0;0.000140215522;0.000073200304;0.000090411371;0.000052783368;
2017;12;17;18;0;0.000144604586;0.000086261090;0.000095019802;0.000054658321;
2017;12;17;19;0;0.000163324938;0.000166003828;0.000113148111;0.000216506392;
2017;12;17;20;0;0.000173163716;0.000185504623;0.000117050719;0.000257686046;
2017;12;17;21;0;0.000183328681;0.000190498275;0.000115520307;0.000262294361;
2017;12;17;22;0;0.000185773884;0.000195059685;0.000109954460;0.000259719606;
2017;12;17;23;0;0.000166567838;0.000237147925;0.000101098186;0.000231817237;
2017;12;17;24;0;0.000139160274;0.000247875176;0.000093726242;0.000207454981;
2017;12;18;1;0;0.000110177346;0.000240012174;0.000088827079;0.000186053773;
2017;12;18;2;0;0.000087959677;0.000221958177;0.000085794833;0.000188008390;
2017;12;18;3;0;0.000077233002;0.000206509868;0.000084230154;0.000178244083;
2017;12;18;4;0;0.000072020142;0.000196425239;0.000083581224;0.000173189319;
2017;12;18;5;0;0.000070355728;0.000192934777;0.000083666812;0.000168885007;
2017;12;18;6;0;0.000072492117;0.000201345729;0.000086417309;0.000167814279;
2017;12;18;7;0;0.000084081074;0.000209831473;0.000098563943;0.000172638449;
2017;12;18;8;0;0.000113016033;0.000212126680;0.000122639548;0.000179957288;
2017;12;18;9;0;0.000141408138;0.000164011193;0.000156805200;0.000096249163;
2017;12;18;10;0;0.000165318012;0.000135565066;0.000178917335;0.000069036182;
2017;12;18;11;0;0.000182615019;0.000128568505;0.000188596270;0.000070203963;
2017;12;18;12;0;0.000184316799;0.000112299489;0.000188584239;0.000067603602;
2017;12;18;13;0;0.000184778074;0.000085704346;0.000186352545;0.000067216127;
2017;12;18;14;0;0.000185773230;0.000086142054;0.000174465251;0.000065898956;
2017;12;18;15;0;0.000176313103;0.000084811758;0.000152870498;0.000063713145;
2017;12;18;16;0;0.000167394928;0.000080644036;0.000146974774;0.000055795489;
2017;12;18;17;0;0.000169224671;0.000078457751;0.000150540091;0.000053912081;
2017;12;18;18;0;0.000183531108;0.000092332680;0.000161787379;0.000061493857;
2017;12;18;19;0;0.000202564227;0.000172635342;0.000177574834;0.000220809776;
2017;12;18;20;0;0.000209238792;0.000193640779;0.000169781517;0.000260929429;
2017;12;18;21;0;0.000210959534;0.000199966066;0.000152275052;0.000266478740;
2017;12;18;22;0;0.000205591469;0.000204625700;0.000130107592;0.000263157218;
2017;12;18;23;0;0.000181960008;0.000245587952;0.000111455636;0.000238210897;
2017;12;18;24;0;0.000149131006;0.000253945085;0.000100704684;0.000212859226;
2017;12;19;1;0;0.000111783657;0.000238324368;0.000091461756;0.000189980987;
2017;12;19;2;0;0.000087649592;0.000219969479;0.000087652061;0.000194162390;
2017;12;19;3;0;0.000076372797;0.000204336495;0.000085816810;0.000184155431;
2017;12;19;4;0;0.000071313912;0.000194199218;0.000084864618;0.000177372545;
2017;12;19;5;0;0.000069880582;0.000190383212;0.000084899448;0.000172932907;
2017;12;19;6;0;0.000072184135;0.000199109069;0.000088007120;0.000171212819;
2017;12;19;7;0;0.000084168820;0.000208094469;0.000100081156;0.000174194753;
2017;12;19;8;0;0.000114635596;0.000211634201;0.000124723434;0.000181959743;
2017;12;19;9;0;0.000143196570;0.000164110549;0.000159092389;0.000097720175;
2017;12;19;10;0;0.000163824822;0.000134189818;0.000180916453;0.000067682902;
2017;12;19;11;0;0.000178603378;0.000126309750;0.000190231968;0.000067596021;
2017;12;19;12;0;0.000179609438;0.000110177422;0.000189733902;0.000065334253;
2017;12;19;13;0;0.000180108559;0.000084472148;0.000186723335;0.000063195811;
2017;12;19;14;0;0.000180523576;0.000084506059;0.000173542962;0.000061623567;
2017;12;19;15;0;0.000171591574;0.000083340209;0.000151153239;0.000059366358;
2017;12;19;16;0;0.000163684519;0.000079285120;0.000144432138;0.000056675280;
2017;12;19;17;0;0.000165060283;0.000078013459;0.000147511989;0.000054519983;
2017;12;19;18;0;0.000178402563;0.000091801838;0.000158216998;0.000061691640;
2017;12;19;19;0;0.000198676938;0.000171886162;0.000174276944;0.000222888445;
2017;12;19;20;0;0.000207192909;0.000193549912;0.000166265714;0.000262840327;
2017;12;19;21;0;0.000208907604;0.000200191084;0.000148214044;0.000267439545;
2017;12;19;22;0;0.000200636140;0.000202873439;0.000127091488;0.000264648688;
2017;12;19;23;0;0.000175280384;0.000240623831;0.000109793182;0.000238614614;
2017;12;19;24;0;0.000144982677;0.000249154880;0.000099418662;0.000211573810;
2017;12;20;1;0;0.000111866613;0.000238336259;0.000091574183;0.000189934789;
2017;12;20;2;0;0.000087748048;0.000220064244;0.000087793233;0.000194189113;
2017;12;20;3;0;0.000076470174;0.000204455508;0.000085968054;0.000184208691;
2017;12;20;4;0;0.000071448167;0.000194430236;0.000085065770;0.000177531505;
2017;12;20;5;0;0.000070023319;0.000190640128;0.000085114272;0.000173115529;
2017;12;20;6;0;0.000072353435;0.000199438013;0.000088256471;0.000171445419;
2017;12;20;7;0;0.000084346386;0.000208389230;0.000100341110;0.000174390375;
2017;12;20;8;0;0.000114857608;0.000211897398;0.000125025812;0.000182132646;
2017;12;20;9;0;0.000143572664;0.000164427759;0.000159587876;0.000097880367;
2017;12;20;10;0;0.000164236595;0.000134434051;0.000181459470;0.000067786218;
2017;12;20;11;0;0.000179074327;0.000126555210;0.000190826421;0.000067707534;
2017;12;20;12;0;0.000180085158;0.000110392831;0.000190329038;0.000065442805;
2017;12;20;13;0;0.000180600298;0.000084644187;0.000187324271;0.000063305961;
2017;12;20;14;0;0.000180993259;0.000084667320;0.000174079176;0.000061723069;
2017;12;20;15;0;0.000171986686;0.000083474331;0.000151575034;0.000059444473;
2017;12;20;16;0;0.000163953119;0.000079360292;0.000144739564;0.000056712390;
2017;12;20;17;0;0.000165322167;0.000078083188;0.000147817947;0.000054552722;
2017;12;20;18;0;0.000178631451;0.000091856038;0.000158497101;0.000061709973;
2017;12;20;19;0;0.000198982877;0.000172031770;0.000174630272;0.000223011885;
2017;12;20;20;0;0.000207411511;0.000193620100;0.000166522152;0.000262858588;
2017;12;20;21;0;0.000209082245;0.000200219851;0.000148410152;0.000267399590;
2017;12;20;22;0;0.000200820568;0.000202919467;0.000127270232;0.000264631158;
2017;12;20;23;0;0.000175520826;0.000240787239;0.000109997307;0.000238706684;
2017;12;20;24;0;0.000145259429;0.000249457814;0.000099656924;0.000211768973;
2017;12;21;1;0;0.000110274150;0.000236544934;0.000089777743;0.000189234567;
2017;12;21;2;0;0.000086465696;0.000218326354;0.000086037903;0.000193398890;
2017;12;21;3;0;0.000075319480;0.000202751631;0.000084212146;0.000183378357;
2017;12;21;4;0;0.000070356532;0.000192764669;0.000083308740;0.000176689803;
2017;12;21;5;0;0.000068963212;0.000189033779;0.000083368039;0.000172319149;
2017;12;21;6;0;0.000071217953;0.000197646246;0.000086397124;0.000170560686;
2017;12;21;7;0;0.000083044983;0.000206572494;0.000098253543;0.000173537028;
2017;12;21;8;0;0.000112970973;0.000209837463;0.000122300768;0.000181057959;
2017;12;21;9;0;0.000141230794;0.000162848245;0.000156127691;0.000097314140;
2017;12;21;10;0;0.000161625600;0.000133198644;0.000177599711;0.000067422420;
2017;12;21;11;0;0.000176189328;0.000125365086;0.000186727025;0.000067329593;
2017;12;21;12;0;0.000177014027;0.000109249871;0.000186061798;0.000065015123;
2017;12;21;13;0;0.000177372453;0.000083698014;0.000182971800;0.000062839836;
2017;12;21;14;0;0.000177726924;0.000083706068;0.000170004356;0.000061257752;
2017;12;21;15;0;0.000168864361;0.000082517569;0.000148010747;0.000058989862;
2017;12;21;16;0;0.000160965671;0.000078445339;0.000141326382;0.000056274838;
2017;12;21;17;0;0.000162320182;0.000077187907;0.000144341428;0.000054135303;
2017;12;21;18;0;0.000175411267;0.000090814997;0.000154790137;0.000061245987;
2017;12;21;19;0;0.000195443855;0.000170123878;0.000170587909;0.000221389513;
2017;12;21;20;0;0.000203834964;0.000191578412;0.000162757212;0.000261090289;
2017;12;21;21;0;0.000205508128;0.000198138689;0.000145076764;0.000265641123;
2017;12;21;22;0;0.000197391463;0.000200814094;0.000124414046;0.000262895937;
2017;12;21;23;0;0.000172669841;0.000238490786;0.000107619827;0.000237342295;
2017;12;21;24;0;0.000142943324;0.000247153611;0.000097532515;0.000210622419;
2017;12;22;1;0;0.000106139365;0.000233512198;0.000087184293;0.000184793225;
2017;12;22;2;0;0.000083749562;0.000215254981;0.000083440036;0.000190532988;
2017;12;22;3;0;0.000073138684;0.000200268597;0.000081628995;0.000186179160;
2017;12;22;4;0;0.000068358899;0.000189956112;0.000080582586;0.000178416736;
2017;12;22;5;0;0.000066897478;0.000186737684;0.000080495600;0.000171852262;
2017;12;22;6;0;0.000069061357;0.000195099257;0.000083654046;0.000170555759;
2017;12;22;7;0;0.000080997965;0.000203954592;0.000095137947;0.000173706726;
2017;12;22;8;0;0.000110407770;0.000207227607;0.000117788075;0.000181770094;
2017;12;22;9;0;0.000138020127;0.000159634630;0.000150853148;0.000097319577;
2017;12;22;10;0;0.000154819737;0.000130119194;0.000173570074;0.000065266907;
2017;12;22;11;0;0.000167576630;0.000122837581;0.000181900109;0.000066894388;
2017;12;22;12;0;0.000168048433;0.000106011072;0.000180289790;0.000067300073;
2017;12;22;13;0;0.000168433092;0.000081134034;0.000177259132;0.000063765695;
2017;12;22;14;0;0.000168742063;0.000081072134;0.000165168711;0.000063142804;
2017;12;22;15;0;0.000160325365;0.000079180809;0.000142594613;0.000059052669;
2017;12;22;16;0;0.000152559054;0.000074855399;0.000133194012;0.000055763148;
2017;12;22;17;0;0.000153671813;0.000073517010;0.000133913335;0.000053705009;
2017;12;22;18;0;0.000165685657;0.000087975870;0.000144176326;0.000060221465;
2017;12;22;19;0;0.000183480181;0.000166823920;0.000162950091;0.000218982944;
2017;12;22;20;0;0.000188873652;0.000185089332;0.000157965233;0.000258458628;
2017;12;22;21;0;0.000189245173;0.000190274967;0.000145738150;0.000264125866;
2017;12;22;22;0;0.000183534511;0.000194531331;0.000127081295;0.000260171718;
2017;12;22;23;0;0.000165358764;0.000234856151;0.000110740047;0.000234528633;
2017;12;22;24;0;0.000140219056;0.000244640632;0.000101270111;0.000211133132;
2017;12;23;1;0;0.000111634343;0.000234998525;0.000087847667;0.000188347719;
2017;12;23;2;0;0.000090817189;0.000217968703;0.000082408113;0.000188692589;
2017;12;23;3;0;0.000077969391;0.000201997540;0.000079359820;0.000179064628;
2017;12;23;4;0;0.000070843674;0.000191527417;0.000077823506;0.000174535785;
2017;12;23;5;0;0.000067883673;0.000187508827;0.000077017028;0.000168896554;
2017;12;23;6;0;0.000067704195;0.000194260277;0.000078127528;0.000167295643;
2017;12;23;7;0;0.000071625584;0.000198599878;0.000082149017;0.000167294095;
2017;12;23;8;0;0.000081085418;0.000193853304;0.000088531572;0.000171217465;
2017;12;23;9;0;0.000100828184;0.000144908453;0.000090023848;0.000086693523;
2017;12;23;10;0;0.000130619375;0.000124926759;0.000098217224;0.000057708957;
2017;12;23;11;0;0.000153016542;0.000125835893;0.000112040646;0.000064235841;
2017;12;23;12;0;0.000159237897;0.000111347976;0.000116625938;0.000065140894;
2017;12;23;13;0;0.000159731403;0.000084007747;0.000117689324;0.000060519247;
2017;12;23;14;0;0.000162721719;0.000083165983;0.000113118246;0.000058047593;
2017;12;23;15;0;0.000158592929;0.000083005619;0.000101974273;0.000059197665;
2017;12;23;16;0;0.000145765286;0.000076577710;0.000097339593;0.000056106107;
2017;12;23;17;0;0.000138981596;0.000073577418;0.000096875233;0.000052533267;
2017;12;23;18;0;0.000142621267;0.000085658580;0.000105692215;0.000053556308;
2017;12;23;19;0;0.000159042059;0.000162422597;0.000123560128;0.000210407206;
2017;12;23;20;0;0.000164949061;0.000180199682;0.000127556871;0.000251512915;
2017;12;23;21;0;0.000170508340;0.000184031798;0.000125352155;0.000256816276;
2017;12;23;22;0;0.000171437202;0.000188090268;0.000115172792;0.000253900691;
2017;12;23;23;0;0.000156955962;0.000229498268;0.000104228007;0.000228860618;
2017;12;23;24;0;0.000135640112;0.000242259149;0.000096878812;0.000208009363;
2017;12;24;1;0;0.000110454804;0.000232036705;0.000084719057;0.000186713430;
2017;12;24;2;0;0.000091800982;0.000215981832;0.000079808367;0.000190886938;
2017;12;24;3;0;0.000078875432;0.000200246515;0.000077061911;0.000178044299;
2017;12;24;4;0;0.000071016700;0.000189120269;0.000075485881;0.000170308372;
2017;12;24;5;0;0.000067342549;0.000184550506;0.000074750614;0.000165693492;
2017;12;24;6;0;0.000066431118;0.000191702873;0.000075624144;0.000162714861;
2017;12;24;7;0;0.000068819739;0.000195784956;0.000078434508;0.000165564764;
2017;12;24;8;0;0.000074779696;0.000186914550;0.000081095723;0.000168196554;
2017;12;24;9;0;0.000087579690;0.000136489707;0.000076170546;0.000082022907;
2017;12;24;10;0;0.000110489249;0.000117326588;0.000077773199;0.000052926779;
2017;12;24;11;0;0.000132186518;0.000120832639;0.000084461977;0.000059285552;
2017;12;24;12;0;0.000143024981;0.000110594008;0.000089698165;0.000062715155;
2017;12;24;13;0;0.000146974333;0.000084775481;0.000092644245;0.000060725072;
2017;12;24;14;0;0.000150987550;0.000083184493;0.000091835963;0.000058830129;
2017;12;24;15;0;0.000150159634;0.000081081657;0.000087814393;0.000058788152;
2017;12;24;16;0;0.000136675125;0.000073969183;0.000084087626;0.000055221316;
2017;12;24;17;0;0.000130925539;0.000070542136;0.000082416776;0.000051698399;
2017;12;24;18;0;0.000135129317;0.000083193597;0.000086685393;0.000053576646;
2017;12;24;19;0;0.000152798980;0.000160285228;0.000103342640;0.000212466467;
2017;12;24;20;0;0.000161672660;0.000178748279;0.000106688611;0.000252361041;
2017;12;24;21;0;0.000170121707;0.000182443255;0.000104653062;0.000255311274;
2017;12;24;22;0;0.000171343459;0.000185676881;0.000099005657;0.000251269239;
2017;12;24;23;0;0.000153083578;0.000224938725;0.000090707899;0.000223478064;
2017;12;24;24;0;0.000128386797;0.000236018241;0.000084417130;0.000200761613;
2017;12;25;1;0;0.000103047505;0.000223289183;0.000077029816;0.000182329347;
2017;12;25;2;0;0.000085996123;0.000208692523;0.000072862630;0.000187169854;
2017;12;25;3;0;0.000073921195;0.000193575468;0.000070386906;0.000174655975;
2017;12;25;4;0;0.000066437494;0.000182494154;0.000068824547;0.000166769605;
2017;12;25;5;0;0.000062914296;0.000177841517;0.000068061173;0.000162029238;
2017;12;25;6;0;0.000062022721;0.000184614581;0.000068812066;0.000159013728;
2017;12;25;7;0;0.000064238342;0.000188503208;0.000071353184;0.000161762319;
2017;12;25;8;0;0.000069677282;0.000179642352;0.000073642806;0.000164041126;
2017;12;25;9;0;0.000081288877;0.000130672965;0.000068903243;0.000079687651;
2017;12;25;10;0;0.000102106700;0.000111837843;0.000070046922;0.000051196213;
2017;12;25;11;0;0.000122365452;0.000115375618;0.000076200492;0.000057444529;
2017;12;25;12;0;0.000132936048;0.000106028004;0.000081252981;0.000061014283;
2017;12;25;13;0;0.000137068773;0.000081550272;0.000084205479;0.000059277954;
2017;12;25;14;0;0.000140928331;0.000080086196;0.000083540069;0.000057475812;
2017;12;25;15;0;0.000139975852;0.000077961585;0.000079779351;0.000057361153;
2017;12;25;16;0;0.000127051660;0.000070925076;0.000076181204;0.000053731104;
2017;12;25;17;0;0.000121719666;0.000067646154;0.000074675284;0.000050308530;
2017;12;25;18;0;0.000125628704;0.000079778768;0.000078543473;0.000052136631;
2017;12;25;19;0;0.000141828941;0.000153460295;0.000093486485;0.000206425311;
2017;12;25;20;0;0.000150317089;0.000171424055;0.000096675118;0.000245596532;
2017;12;25;21;0;0.000159072283;0.000175962740;0.000095369960;0.000249880820;
2017;12;25;22;0;0.000161286333;0.000180279354;0.000090826990;0.000247569711;
2017;12;25;23;0;0.000144918124;0.000219642538;0.000083688173;0.000221440548;
2017;12;25;24;0;0.000121201858;0.000229822532;0.000077668403;0.000198379932;
2017;12;26;1;0;0.000094736725;0.000217696486;0.000073298344;0.000179726693;
2017;12;26;2;0;0.000074237962;0.000200808219;0.000070202544;0.000183570818;
2017;12;26;3;0;0.000064667784;0.000186482524;0.000068712576;0.000174058889;
2017;12;26;4;0;0.000060350817;0.000177132921;0.000067912564;0.000167555112;
2017;12;26;5;0;0.000059124394;0.000173612805;0.000067924998;0.000163324081;
2017;12;26;6;0;0.000061093805;0.000181630750;0.000070434884;0.000161753650;
2017;12;26;7;0;0.000071135856;0.000189557415;0.000079984202;0.000164336785;
2017;12;26;8;0;0.000096467820;0.000191951603;0.000099248879;0.000170923069;
2017;12;26;9;0;0.000120703457;0.000149096179;0.000126809292;0.000091946188;
2017;12;26;10;0;0.000138893560;0.000122621009;0.000145042424;0.000064053633;
2017;12;26;11;0;0.000152108978;0.000115943117;0.000153201585;0.000064261181;
2017;12;26;12;0;0.000153446125;0.000101452394;0.000153280282;0.000062306032;
2017;12;26;13;0;0.000154029982;0.000077862325;0.000151002482;0.000060328371;
2017;12;26;14;0;0.000154672204;0.000078038535;0.000140604730;0.000058936938;
2017;12;26;15;0;0.000147106891;0.000077007772;0.000122537524;0.000056811971;
2017;12;26;16;0;0.000139871204;0.000073022267;0.000116707597;0.000054060091;
2017;12;26;17;0;0.000141006008;0.000071830267;0.000119161765;0.000051989200;
2017;12;26;18;0;0.000152293390;0.000084464509;0.000127716699;0.000058785291;
2017;12;26;19;0;0.000169617848;0.000158164103;0.000140694982;0.000212409551;
2017;12;26;20;0;0.000176705437;0.000177914326;0.000134088739;0.000250224261;
2017;12;26;21;0;0.000178145665;0.000183996118;0.000119515697;0.000254571059;
2017;12;26;22;0;0.000171358650;0.000186751878;0.000102642663;0.000252306829;
2017;12;26;23;0;0.000150028187;0.000221983707;0.000088864744;0.000227981170;
2017;12;26;24;0;0.000124221031;0.000230086602;0.000080549251;0.000202350049;
2017;12;27;1;0;0.000099991826;0.000224242910;0.000078827867;0.000183144764;
2017;12;27;2;0;0.000078333452;0.000206787309;0.000075476813;0.000187008205;
2017;12;27;3;0;0.000068238533;0.000192044120;0.000073878388;0.000177326524;
2017;12;27;4;0;0.000063704263;0.000182476020;0.000073042386;0.000170757118;
2017;12;27;5;0;0.000062380869;0.000178767120;0.000073022018;0.000166368359;
2017;12;27;6;0;0.000064444926;0.000186982990;0.000075704002;0.000164733313;
2017;12;27;7;0;0.000075017358;0.000195090064;0.000085944264;0.000167318429;
2017;12;27;8;0;0.000101811048;0.000197708506;0.000106727794;0.000174160199;
2017;12;27;9;0;0.000127310194;0.000153472707;0.000136280597;0.000093629561;
2017;12;27;10;0;0.000146419687;0.000126154696;0.000155794417;0.000065192393;
2017;12;27;11;0;0.000160156563;0.000119139571;0.000164358673;0.000065324243;
2017;12;27;12;0;0.000161333810;0.000104100529;0.000164208349;0.000063246333;
2017;12;27;13;0;0.000161853682;0.000079848333;0.000161674260;0.000061203281;
2017;12;27;14;0;0.000162429297;0.000079980179;0.000150449760;0.000059755165;
2017;12;27;15;0;0.000154342038;0.000078850952;0.000130996529;0.000057547553;
2017;12;27;16;0;0.000146954735;0.000074874124;0.000124937805;0.000054836260;
2017;12;27;17;0;0.000148179171;0.000073667885;0.000127592736;0.000052747086;
2017;12;27;18;0;0.000160051511;0.000086631165;0.000136762139;0.000059646256;
2017;12;27;19;0;0.000178194050;0.000162162616;0.000150605119;0.000215442550;
2017;12;27;20;0;0.000185706883;0.000182477860;0.000143585264;0.000253888654;
2017;12;27;21;0;0.000187132431;0.000188626902;0.000127919934;0.000258177636;
2017;12;27;22;0;0.000179731972;0.000191163712;0.000109694966;0.000255496000;
2017;12;27;23;0;0.000157196895;0.000226993474;0.000094872441;0.000230624727;
2017;12;27;24;0;0.000130140728;0.000235250526;0.000085984286;0.000204671422;
2017;12;28;1;0;0.000099488840;0.000223833736;0.000078166746;0.000183194515;
2017;12;28;2;0;0.000077955897;0.000206453638;0.000074859626;0.000187098565;
2017;12;28;3;0;0.000067850246;0.000191566566;0.000073210193;0.000177257059;
2017;12;28;4;0;0.000063327271;0.000181980575;0.000072365176;0.000170651138;
2017;12;28;5;0;0.000062015504;0.000178292657;0.000072349425;0.000166275278;
2017;12;28;6;0;0.000064041617;0.000186411465;0.000074976436;0.000164574706;
2017;12;28;7;0;0.000074533396;0.000194455955;0.000085101739;0.000167124843;
2017;12;28;8;0;0.000101158535;0.000197074274;0.000105686022;0.000173966101;
2017;12;28;9;0;0.000126464005;0.000152943794;0.000134918087;0.000093502846;
2017;12;28;10;0;0.000145368917;0.000125652882;0.000154154556;0.000065069443;
2017;12;28;11;0;0.000158854839;0.000118551949;0.000162472825;0.000065138565;
2017;12;28;12;0;0.000159999721;0.000103572324;0.000162301099;0.000063057577;
2017;12;28;13;0;0.000160435369;0.000079403627;0.000159716877;0.000060990239;
2017;12;28;14;0;0.000160924915;0.000079494714;0.000148553476;0.000059517197;
2017;12;28;15;0;0.000152879084;0.000078355185;0.000129317120;0.000057305829;
2017;12;28;16;0;0.000145547392;0.000074395994;0.000123323860;0.000054600518;
2017;12;28;17;0;0.000146767688;0.000073201241;0.000125951004;0.000052523040;
2017;12;28;18;0;0.000158491308;0.000086063059;0.000134972083;0.000059379556;
2017;12;28;19;0;0.000176498671;0.000161137247;0.000148668983;0.000214529892;
2017;12;28;20;0;0.000183857038;0.000181242228;0.000141675425;0.000252699071;
2017;12;28;21;0;0.000185210181;0.000187290773;0.000126178807;0.000256887226;
2017;12;28;22;0;0.000177904595;0.000189829732;0.000108213368;0.000254245937;
2017;12;28;23;0;0.000155667867;0.000225509756;0.000093632685;0.000229598460;
2017;12;28;24;0;0.000128851610;0.000233670656;0.000084845361;0.000203723870;
2017;12;29;1;0;0.000095970980;0.000221203892;0.000076077065;0.000178903264;
2017;12;29;2;0;0.000075742998;0.000203954318;0.000072826005;0.000184501075;
2017;12;29;3;0;0.000066114875;0.000189663884;0.000071211239;0.000180198793;
2017;12;29;4;0;0.000061759119;0.000179795598;0.000070258566;0.000172587921;
2017;12;29;5;0;0.000060398805;0.000176632378;0.000070136291;0.000166127920;
2017;12;29;6;0;0.000062325928;0.000184462891;0.000072857230;0.000164804404;
2017;12;29;7;0;0.000073057349;0.000192727210;0.000082812449;0.000167754898;
2017;12;29;8;0;0.000099223109;0.000195110458;0.000102156632;0.000174905874;
2017;12;29;9;0;0.000123943301;0.000150185322;0.000130733552;0.000093572799;
2017;12;29;10;0;0.000139607967;0.000122926351;0.000151046539;0.000063015253;
2017;12;29;11;0;0.000151539942;0.000116376333;0.000158744496;0.000064769735;
2017;12;29;12;0;0.000152277030;0.000100640064;0.000157660577;0.000065295648;
2017;12;29;13;0;0.000152729430;0.000077075816;0.000155115779;0.000061908628;
2017;12;29;14;0;0.000153213875;0.000077119835;0.000144728670;0.000061385723;
2017;12;29;15;0;0.000145625974;0.000075348791;0.000124994751;0.000057430806;
2017;12;29;16;0;0.000138421820;0.000071155659;0.000116628132;0.000054172967;
2017;12;29;17;0;0.000139332797;0.000069833969;0.000117175015;0.000052136600;
2017;12;29;18;0;0.000150126148;0.000083513128;0.000126071649;0.000058424031;
2017;12;29;19;0;0.000166213559;0.000158327136;0.000142457050;0.000212400899;
2017;12;29;20;0;0.000171096615;0.000175659312;0.000138096797;0.000250685867;
2017;12;29;21;0;0.000171430552;0.000180577990;0.000127405658;0.000256178761;
2017;12;29;22;0;0.000166305952;0.000184671280;0.000111128061;0.000252417182;
2017;12;29;23;0;0.000149864209;0.000222993598;0.000096856209;0.000227580661;
2017;12;29;24;0;0.000127123414;0.000232362932;0.000088603698;0.000204947995;
2017;12;30;1;0;0.000104032153;0.000226075906;0.000079829567;0.000183969804;
2017;12;30;2;0;0.000084698824;0.000209856701;0.000074945070;0.000184450816;
2017;12;30;3;0;0.000072753865;0.000194579637;0.000072209840;0.000175129032;
2017;12;30;4;0;0.000066094977;0.000184466587;0.000070801417;0.000170674359;
2017;12;30;5;0;0.000063335265;0.000180601501;0.000070069786;0.000165164787;
2017;12;30;6;0;0.000063214634;0.000187242932;0.000071132801;0.000163720512;
2017;12;30;7;0;0.000066891018;0.000191468784;0.000074811054;0.000163755784;
2017;12;30;8;0;0.000075723761;0.000186888252;0.000080621591;0.000167592234;
2017;12;30;9;0;0.000094149379;0.000139684627;0.000081970364;0.000084847409;
2017;12;30;10;0;0.000121752221;0.000120210981;0.000089273122;0.000056380501;
2017;12;30;11;0;0.000142670274;0.000121120882;0.000101867229;0.000062775321;
2017;12;30;12;0;0.000148531001;0.000107219155;0.000106079045;0.000063685535;
2017;12;30;13;0;0.000149019734;0.000080908135;0.000107066676;0.000059178425;
2017;12;30;14;0;0.000151902414;0.000080146443;0.000102971157;0.000056796265;
2017;12;30;15;0;0.000148148586;0.000080046171;0.000092889813;0.000057960842;
2017;12;30;16;0;0.000136044606;0.000073781753;0.000088589147;0.000054885013;
2017;12;30;17;0;0.000129650445;0.000070856653;0.000088123807;0.000051365029;
2017;12;30;18;0;0.000132992569;0.000082458102;0.000096105859;0.000052344389;
2017;12;30;19;0;0.000148416604;0.000156471890;0.000112437874;0.000205801020;
2017;12;30;20;0;0.000153970758;0.000173644806;0.000116106366;0.000246073647;
2017;12;30;21;0;0.000159123443;0.000177296755;0.000114073331;0.000251204549;
2017;12;30;22;0;0.000160033244;0.000181255353;0.000104838020;0.000248419358;
2017;12;30;23;0;0.000146565201;0.000221233984;0.000094907659;0.000223996138;
2017;12;30;24;0;0.000126657317;0.000233529478;0.000088213433;0.000203582967;
2017;12;31;1;0;0.000105436053;0.000226229957;0.000079552790;0.000183786904;
2017;12;31;2;0;0.000087647824;0.000210620154;0.000074956968;0.000187933628;
2017;12;31;3;0;0.000075345429;0.000195375012;0.000072414362;0.000175379047;
2017;12;31;4;0;0.000067815472;0.000184457057;0.000070909400;0.000167702206;
2017;12;31;5;0;0.000064325626;0.000180052272;0.000070239112;0.000163205352;
2017;12;31;6;0;0.000063418090;0.000186921439;0.000071018557;0.000160178158;
2017;12;31;7;0;0.000065689022;0.000190874533;0.000073647283;0.000162960431;
2017;12;31;8;0;0.000071352047;0.000182160725;0.000076118543;0.000165490973;
2017;12;31;9;0;0.000083465819;0.000132859939;0.000071410504;0.000080607395;
2017;12;31;10;0;0.000105034010;0.000113918763;0.000072729343;0.000051882378;
2017;12;31;11;0;0.000125765042;0.000117421043;0.000079050350;0.000058164249;
2017;12;31;12;0;0.000136329206;0.000107670690;0.000084106651;0.000061643031;
2017;12;31;13;0;0.000140352917;0.000082687356;0.000087029837;0.000059797422;
2017;12;31;14;0;0.000144354319;0.000081230647;0.000086371648;0.000057999322;
2017;12;31;15;0;0.000143706972;0.000079256730;0.000082672318;0.000058016152;
2017;12;31;16;0;0.000130792229;0.000072298981;0.000079157912;0.000054492118;
2017;12;31;17;0;0.000125296394;0.000068952768;0.000077588901;0.000051018275;
2017;12;31;18;0;0.000129256006;0.000081279299;0.000081567444;0.000052845881;
2017;12;31;19;0;0.000146070536;0.000156503682;0.000097183267;0.000209443573;
2017;12;31;20;0;0.000154752149;0.000174755507;0.000100458790;0.000249090343;
2017;12;31;21;0;0.000163036479;0.000178583677;0.000098661286;0.000252307130;
2017;12;31;22;0;0.000164296106;0.000181847137;0.000093387667;0.000248446876;
2017;12;31;23;0;0.000146684081;0.000220144329;0.000085500620;0.000220812552;
2017;12;31;24;0;0.000122827666;0.000230627081;0.000079446762;0.000198057362;
