AŃO;MES;DIA;HORA;VERANO(1)/INVIERNO(0);COEF. PERFIL A;COEF. PERFIL B;COEF. PERFIL C;COEF. PERFIL D;
2018;07;01;1;1;0.000108623408;0.000141186438;0.000108788004;0.000169670658;
2018;07;01;2;1;0.000093920748;0.000132416192;0.000098898641;0.000166925931;
2018;07;01;3;1;0.000083105416;0.000124901005;0.000092998867;0.000160624428;
2018;07;01;4;1;0.000076466492;0.000121403218;0.000089832926;0.000155795775;
2018;07;01;5;1;0.000072888906;0.000119053920;0.000088621741;0.000152533831;
2018;07;01;6;1;0.000071021965;0.000117461673;0.000088811473;0.000149169312;
2018;07;01;7;1;0.000070922214;0.000102724671;0.000086841470;0.000130625231;
2018;07;01;8;1;0.000072936169;0.000054044307;0.000077962735;0.000049913237;
2018;07;01;9;1;0.000082208523;0.000054363871;0.000082795401;0.000046650111;
2018;07;01;10;1;0.000096981998;0.000061775878;0.000090487045;0.000049393236;
2018;07;01;11;1;0.000111093779;0.000068668732;0.000099003067;0.000054069741;
2018;07;01;12;1;0.000119903234;0.000072084159;0.000104652576;0.000057028001;
2018;07;01;13;1;0.000125992074;0.000072848041;0.000108452401;0.000056615656;
2018;07;01;14;1;0.000133466660;0.000073126732;0.000110752445;0.000057212592;
2018;07;01;15;1;0.000137388794;0.000073741234;0.000110004723;0.000057437156;
2018;07;01;16;1;0.000131356945;0.000069991570;0.000107723990;0.000054417084;
2018;07;01;17;1;0.000126866094;0.000067055852;0.000104019171;0.000053433384;
2018;07;01;18;1;0.000125366386;0.000065908416;0.000101060568;0.000052423435;
2018;07;01;19;1;0.000127163737;0.000065718459;0.000101066378;0.000052455998;
2018;07;01;20;1;0.000129268379;0.000066687699;0.000103480648;0.000054960502;
2018;07;01;21;1;0.000133676163;0.000069699734;0.000106027072;0.000058623402;
2018;07;01;22;1;0.000144447724;0.000093900035;0.000112211386;0.000083319014;
2018;07;01;23;1;0.000147041086;0.000149183161;0.000117557945;0.000210915942;
2018;07;01;24;1;0.000130550124;0.000151535287;0.000108880091;0.000183244831;
2018;07;02;1;1;0.000106889150;0.000141249783;0.000096998756;0.000171622416;
2018;07;02;2;1;0.000088851953;0.000130647838;0.000090261307;0.000169949141;
2018;07;02;3;1;0.000078201142;0.000123147826;0.000086805496;0.000165302251;
2018;07;02;4;1;0.000073146652;0.000119944509;0.000084593792;0.000159212274;
2018;07;02;5;1;0.000070501185;0.000118056221;0.000084228985;0.000155337423;
2018;07;02;6;1;0.000069995608;0.000117191719;0.000086184146;0.000153504468;
2018;07;02;7;1;0.000074312184;0.000105280609;0.000092007890;0.000133875357;
2018;07;02;8;1;0.000085723810;0.000061090555;0.000101391606;0.000053035958;
2018;07;02;9;1;0.000103316283;0.000066279450;0.000135842011;0.000050778875;
2018;07;02;10;1;0.000122754872;0.000072401012;0.000158917723;0.000057610873;
2018;07;02;11;1;0.000138029995;0.000076139841;0.000174298661;0.000059567778;
2018;07;02;12;1;0.000144960689;0.000077414036;0.000180691694;0.000063551147;
2018;07;02;13;1;0.000151733473;0.000078173103;0.000183888556;0.000063020410;
2018;07;02;14;1;0.000159537047;0.000079727494;0.000178926262;0.000064665207;
2018;07;02;15;1;0.000156716960;0.000080269070;0.000162688013;0.000063039280;
2018;07;02;16;1;0.000150533757;0.000076058510;0.000154834309;0.000060124579;
2018;07;02;17;1;0.000150569384;0.000073620879;0.000154101542;0.000058676082;
2018;07;02;18;1;0.000154213487;0.000073231421;0.000157050228;0.000060327057;
2018;07;02;19;1;0.000155901157;0.000072928067;0.000154442687;0.000058475492;
2018;07;02;20;1;0.000152692971;0.000072363392;0.000147091307;0.000057573260;
2018;07;02;21;1;0.000148955154;0.000073682289;0.000135311690;0.000061005579;
2018;07;02;22;1;0.000152435239;0.000097028985;0.000124894109;0.000088400294;
2018;07;02;23;1;0.000152090524;0.000151993556;0.000121912112;0.000219578342;
2018;07;02;24;1;0.000132174943;0.000152900443;0.000110485973;0.000189360507;
2018;07;03;1;1;0.000111317891;0.000144266936;0.000102239947;0.000174238648;
2018;07;03;2;1;0.000092271278;0.000133974344;0.000095346365;0.000176274853;
2018;07;03;3;1;0.000081643425;0.000126220675;0.000091340897;0.000169928438;
2018;07;03;4;1;0.000076205669;0.000123004301;0.000089103039;0.000163117538;
2018;07;03;5;1;0.000073612221;0.000121261256;0.000088543955;0.000159058591;
2018;07;03;6;1;0.000073050080;0.000120254202;0.000090633245;0.000156952684;
2018;07;03;7;1;0.000077843889;0.000107954467;0.000096207432;0.000136173189;
2018;07;03;8;1;0.000089758313;0.000063557230;0.000105615057;0.000055195704;
2018;07;03;9;1;0.000107401248;0.000068235830;0.000139864088;0.000053231041;
2018;07;03;10;1;0.000127615889;0.000074735328;0.000163482800;0.000056399344;
2018;07;03;11;1;0.000142956259;0.000078209876;0.000179862348;0.000060352670;
2018;07;03;12;1;0.000150068229;0.000078684637;0.000186258685;0.000064383444;
2018;07;03;13;1;0.000157169626;0.000079689820;0.000189574240;0.000062900069;
2018;07;03;14;1;0.000164879858;0.000081374733;0.000184249347;0.000063308313;
2018;07;03;15;1;0.000161421376;0.000081523536;0.000167711141;0.000063714908;
2018;07;03;16;1;0.000154912215;0.000077372066;0.000159605860;0.000060629183;
2018;07;03;17;1;0.000154710903;0.000074681073;0.000159523234;0.000059558862;
2018;07;03;18;1;0.000158868232;0.000074446352;0.000162643763;0.000061749613;
2018;07;03;19;1;0.000160431816;0.000074142831;0.000159904697;0.000060021094;
2018;07;03;20;1;0.000157221124;0.000073777915;0.000152600488;0.000061026082;
2018;07;03;21;1;0.000153075691;0.000075120629;0.000140626562;0.000062550572;
2018;07;03;22;1;0.000155951259;0.000099639643;0.000130046840;0.000089143593;
2018;07;03;23;1;0.000155575036;0.000155509114;0.000126714797;0.000223973910;
2018;07;03;24;1;0.000135656619;0.000156598936;0.000114511216;0.000193185957;
2018;07;04;1;1;0.000110298350;0.000143833508;0.000101340298;0.000175565326;
2018;07;04;2;1;0.000091415182;0.000133475327;0.000094484629;0.000177058951;
2018;07;04;3;1;0.000080879231;0.000125688102;0.000090500364;0.000170319270;
2018;07;04;4;1;0.000075495618;0.000122516869;0.000088290690;0.000163674625;
2018;07;04;5;1;0.000072910257;0.000120621107;0.000087698022;0.000158691255;
2018;07;04;6;1;0.000072352986;0.000119614602;0.000089766138;0.000156565558;
2018;07;04;7;1;0.000077099775;0.000107369598;0.000095283844;0.000135777770;
2018;07;04;8;1;0.000088890196;0.000063169700;0.000104577354;0.000054871715;
2018;07;04;9;1;0.000106365895;0.000067832784;0.000138498734;0.000052962526;
2018;07;04;10;1;0.000126381082;0.000074277728;0.000161875139;0.000056061956;
2018;07;04;11;1;0.000141563603;0.000077699998;0.000178069925;0.000059888171;
2018;07;04;12;1;0.000148602007;0.000078158165;0.000184391895;0.000063840370;
2018;07;04;13;1;0.000155627376;0.000079136350;0.000187658196;0.000062300326;
2018;07;04;14;1;0.000163265244;0.000080819364;0.000182394485;0.000062737918;
2018;07;04;15;1;0.000159830635;0.000080936815;0.000166002014;0.000063038886;
2018;07;04;16;1;0.000153404932;0.000076873191;0.000158019106;0.000060181239;
2018;07;04;17;1;0.000153206220;0.000074201404;0.000157938622;0.000059125127;
2018;07;04;18;1;0.000157304512;0.000073915727;0.000160990073;0.000061111750;
2018;07;04;19;1;0.000158856098;0.000073623790;0.000158285613;0.000059433909;
2018;07;04;20;1;0.000155677428;0.000073262819;0.000151056311;0.000060434168;
2018;07;04;21;1;0.000151559313;0.000074556625;0.000139178963;0.000061801519;
2018;07;04;22;1;0.000154416360;0.000098929839;0.000128724761;0.000088223765;
2018;07;04;23;1;0.000154041959;0.000154390158;0.000125423537;0.000221597427;
2018;07;04;24;1;0.000134319677;0.000155470996;0.000113344061;0.000191127352;
2018;07;05;1;1;0.000109648052;0.000143279348;0.000100729530;0.000174837970;
2018;07;05;2;1;0.000090877116;0.000132968968;0.000093917039;0.000176370578;
2018;07;05;3;1;0.000080409223;0.000125267723;0.000089970232;0.000169987522;
2018;07;05;4;1;0.000075052670;0.000122065885;0.000087763619;0.000163117825;
2018;07;05;5;1;0.000072492969;0.000120281494;0.000087199728;0.000158747174;
2018;07;05;6;1;0.000071939793;0.000119286944;0.000089258346;0.000156675080;
2018;07;05;7;1;0.000076651420;0.000107007946;0.000094724929;0.000135500538;
2018;07;05;8;1;0.000088373383;0.000062957367;0.000103964173;0.000054761135;
2018;07;05;9;1;0.000105734118;0.000067553547;0.000137651871;0.000052682449;
2018;07;05;10;1;0.000125632733;0.000073980133;0.000160891260;0.000055792298;
2018;07;05;11;1;0.000140719534;0.000077369483;0.000176972976;0.000059535872;
2018;07;05;12;1;0.000147709579;0.000077805505;0.000183240142;0.000063393606;
2018;07;05;13;1;0.000154712925;0.000078840911;0.000186534667;0.000062074261;
2018;07;05;14;1;0.000162308995;0.000080526810;0.000181309353;0.000062541071;
2018;07;05;15;1;0.000158900749;0.000080662845;0.000165027379;0.000062905116;
2018;07;05;16;1;0.000152498948;0.000076572364;0.000157063572;0.000059915871;
2018;07;05;17;1;0.000152288971;0.000073874776;0.000156957926;0.000058738772;
2018;07;05;18;1;0.000156364444;0.000073595217;0.000159993946;0.000060729933;
2018;07;05;19;1;0.000157918517;0.000073337334;0.000157329655;0.000059177507;
2018;07;05;20;1;0.000154769642;0.000073009005;0.000150165425;0.000060285387;
2018;07;05;21;1;0.000150682788;0.000074319792;0.000138371440;0.000061726804;
2018;07;05;22;1;0.000153521356;0.000098608045;0.000127974633;0.000088087916;
2018;07;05;23;1;0.000153152352;0.000153907344;0.000124697896;0.000221375017;
2018;07;05;24;1;0.000133546851;0.000155004953;0.000112693177;0.000191044649;
2018;07;06;1;1;0.000108943698;0.000141952742;0.000103006214;0.000169863287;
2018;07;06;2;1;0.000091030190;0.000131651362;0.000095526756;0.000172599529;
2018;07;06;3;1;0.000080526073;0.000124146919;0.000091508950;0.000168735003;
2018;07;06;4;1;0.000075171546;0.000121130038;0.000088835729;0.000161374617;
2018;07;06;5;1;0.000072462449;0.000118811465;0.000088310571;0.000155563751;
2018;07;06;6;1;0.000071903341;0.000117994167;0.000090320876;0.000152231935;
2018;07;06;7;1;0.000076488748;0.000105764571;0.000095779666;0.000133035873;
2018;07;06;8;1;0.000088082058;0.000063021822;0.000105251903;0.000055646821;
2018;07;06;9;1;0.000105484717;0.000068254409;0.000138867835;0.000052412456;
2018;07;06;10;1;0.000125460999;0.000075085436;0.000161645450;0.000056348258;
2018;07;06;11;1;0.000140453382;0.000078534784;0.000177405562;0.000059590315;
2018;07;06;12;1;0.000147112989;0.000079332951;0.000183925366;0.000062189145;
2018;07;06;13;1;0.000153754977;0.000080020915;0.000187493629;0.000063426980;
2018;07;06;14;1;0.000160844101;0.000081436053;0.000182915671;0.000062379223;
2018;07;06;15;1;0.000158145634;0.000081455968;0.000165233307;0.000063857262;
2018;07;06;16;1;0.000151632812;0.000077075549;0.000154084775;0.000061975272;
2018;07;06;17;1;0.000150648866;0.000074247035;0.000151632994;0.000059439558;
2018;07;06;18;1;0.000154180870;0.000074142787;0.000153063413;0.000059946513;
2018;07;06;19;1;0.000155085382;0.000074139581;0.000150966918;0.000059020230;
2018;07;06;20;1;0.000151096751;0.000073579834;0.000146582178;0.000060834895;
2018;07;06;21;1;0.000145642642;0.000074168624;0.000138521855;0.000062403957;
2018;07;06;22;1;0.000145838645;0.000096358882;0.000131160483;0.000085779139;
2018;07;06;23;1;0.000144470352;0.000150436002;0.000129760677;0.000214044907;
2018;07;06;24;1;0.000128635196;0.000152673587;0.000119286358;0.000185562268;
2018;07;07;1;1;0.000110982714;0.000143285442;0.000109604627;0.000170469790;
2018;07;07;2;1;0.000095114882;0.000134405978;0.000100277885;0.000171126180;
2018;07;07;3;1;0.000083475202;0.000126517316;0.000094458050;0.000166592583;
2018;07;07;4;1;0.000076782938;0.000122563266;0.000091262283;0.000160476599;
2018;07;07;5;1;0.000073314708;0.000119892630;0.000089846611;0.000154438114;
2018;07;07;6;1;0.000071763706;0.000118662690;0.000090681518;0.000151073205;
2018;07;07;7;1;0.000072877767;0.000103865582;0.000090177287;0.000128717471;
2018;07;07;8;1;0.000077423673;0.000057071691;0.000085775315;0.000049079216;
2018;07;07;9;1;0.000090688463;0.000058880725;0.000096967809;0.000047272153;
2018;07;07;10;1;0.000110593155;0.000067766552;0.000113222828;0.000052483744;
2018;07;07;11;1;0.000128032969;0.000073971774;0.000129832173;0.000058416227;
2018;07;07;12;1;0.000136230408;0.000075696518;0.000135970615;0.000060439972;
2018;07;07;13;1;0.000141666282;0.000076287698;0.000139714213;0.000059394395;
2018;07;07;14;1;0.000147735694;0.000076725197;0.000138011835;0.000057853251;
2018;07;07;15;1;0.000146769976;0.000076994405;0.000128873410;0.000060073797;
2018;07;07;16;1;0.000138946120;0.000073133388;0.000124415167;0.000057698623;
2018;07;07;17;1;0.000133179167;0.000069467730;0.000121078644;0.000054206596;
2018;07;07;18;1;0.000131759749;0.000068525619;0.000121903208;0.000053033940;
2018;07;07;19;1;0.000131730453;0.000068638796;0.000123180503;0.000052803629;
2018;07;07;20;1;0.000131024633;0.000068688791;0.000125969597;0.000055471185;
2018;07;07;21;1;0.000132349944;0.000070266566;0.000127402566;0.000059224825;
2018;07;07;22;1;0.000138867865;0.000092068971;0.000126900859;0.000082430618;
2018;07;07;23;1;0.000139723114;0.000147365493;0.000129542903;0.000210020636;
2018;07;07;24;1;0.000125826712;0.000150303513;0.000120422734;0.000184258562;
2018;07;08;1;1;0.000110057646;0.000142317216;0.000110254598;0.000170607915;
2018;07;08;2;1;0.000095159370;0.000133464229;0.000100228783;0.000167780043;
2018;07;08;3;1;0.000084195674;0.000125838154;0.000094236829;0.000161160954;
2018;07;08;4;1;0.000077450519;0.000122132979;0.000090983783;0.000155315715;
2018;07;08;5;1;0.000073824615;0.000119747289;0.000089751535;0.000151939367;
2018;07;08;6;1;0.000071949647;0.000118302954;0.000089983552;0.000149447051;
2018;07;08;7;1;0.000071844177;0.000103422302;0.000087976738;0.000130660548;
2018;07;08;8;1;0.000073867810;0.000054338271;0.000078946636;0.000049633904;
2018;07;08;9;1;0.000083247454;0.000054615632;0.000083817832;0.000046227132;
2018;07;08;10;1;0.000098210950;0.000062074824;0.000091610677;0.000048993159;
2018;07;08;11;1;0.000112508719;0.000069027594;0.000100245233;0.000053723867;
2018;07;08;12;1;0.000121440254;0.000072496223;0.000105982864;0.000056782810;
2018;07;08;13;1;0.000127625830;0.000073328755;0.000109863145;0.000056585473;
2018;07;08;14;1;0.000135220482;0.000073684835;0.000112231511;0.000057435765;
2018;07;08;15;1;0.000139206215;0.000074342619;0.000111493117;0.000057790507;
2018;07;08;16;1;0.000133113376;0.000070622152;0.000109212368;0.000054952452;
2018;07;08;17;1;0.000128571648;0.000067688984;0.000105471411;0.000054059821;
2018;07;08;18;1;0.000127056525;0.000066545711;0.000102479168;0.000053090981;
2018;07;08;19;1;0.000128904586;0.000066435899;0.000102527191;0.000053410983;
2018;07;08;20;1;0.000131025891;0.000067378146;0.000104956884;0.000055824879;
2018;07;08;21;1;0.000135489542;0.000070408829;0.000107533203;0.000059501287;
2018;07;08;22;1;0.000146404253;0.000094844032;0.000113800766;0.000084527003;
2018;07;08;23;1;0.000149048327;0.000150776563;0.000119247942;0.000214527123;
2018;07;08;24;1;0.000132349922;0.000153276337;0.000110474828;0.000187024118;
2018;07;09;1;1;0.000112785841;0.000145839627;0.000102423095;0.000175347438;
2018;07;09;2;1;0.000093743562;0.000134806557;0.000095288473;0.000173154855;
2018;07;09;3;1;0.000082496044;0.000126972262;0.000091617214;0.000167872182;
2018;07;09;4;1;0.000077156251;0.000123595254;0.000089265078;0.000161264286;
2018;07;09;5;1;0.000074360162;0.000121594141;0.000088866709;0.000157022017;
2018;07;09;6;1;0.000073821562;0.000120650271;0.000090916294;0.000154849223;
2018;07;09;7;1;0.000078385148;0.000108480123;0.000097087254;0.000135561958;
2018;07;09;8;1;0.000090416080;0.000062921745;0.000106974482;0.000053615158;
2018;07;09;9;1;0.000108992411;0.000068344772;0.000143376790;0.000051590133;
2018;07;09;10;1;0.000129513899;0.000074708903;0.000167771204;0.000058708445;
2018;07;09;11;1;0.000145673065;0.000078706241;0.000184117668;0.000061172023;
2018;07;09;12;1;0.000153009064;0.000080091008;0.000190924589;0.000065502208;
2018;07;09;13;1;0.000160186627;0.000080963404;0.000194372243;0.000065257982;
2018;07;09;14;1;0.000168450108;0.000082647129;0.000189183536;0.000067218219;
2018;07;09;15;1;0.000165481110;0.000083234597;0.000172032364;0.000065616844;
2018;07;09;16;1;0.000158974746;0.000078935974;0.000163774193;0.000062816966;
2018;07;09;17;1;0.000159018607;0.000076424223;0.000163011921;0.000061368202;
2018;07;09;18;1;0.000162862056;0.000076005382;0.000166120589;0.000063040480;
2018;07;09;19;1;0.000164645037;0.000075692387;0.000163363771;0.000061112345;
2018;07;09;20;1;0.000161239297;0.000075057133;0.000155553760;0.000059999611;
2018;07;09;21;1;0.000157251295;0.000076305780;0.000143021896;0.000063147977;
2018;07;09;22;1;0.000160886738;0.000100339820;0.000131947616;0.000090939774;
2018;07;09;23;1;0.000160505031;0.000157075056;0.000128768527;0.000225238181;
2018;07;09;24;1;0.000139516555;0.000158208913;0.000116748207;0.000195286874;
2018;07;10;1;1;0.000115173397;0.000147549902;0.000105879824;0.000178313679;
2018;07;10;2;1;0.000095458828;0.000136951715;0.000098723697;0.000179987953;
2018;07;10;3;1;0.000084449030;0.000128890089;0.000094543203;0.000172717831;
2018;07;10;4;1;0.000078818530;0.000125549438;0.000092213129;0.000165472299;
2018;07;10;5;1;0.000076120873;0.000123621021;0.000091597719;0.000160507154;
2018;07;10;6;1;0.000075531891;0.000122519131;0.000093739971;0.000157951301;
2018;07;10;7;1;0.000080489202;0.000109993054;0.000099506809;0.000137070512;
2018;07;10;8;1;0.000092811567;0.000064770445;0.000109244293;0.000055610795;
2018;07;10;9;1;0.000111051031;0.000069524776;0.000144660792;0.000053586257;
2018;07;10;10;1;0.000131963235;0.000076183919;0.000169116742;0.000056896374;
2018;07;10;11;1;0.000147826210;0.000079725890;0.000186060819;0.000060884817;
2018;07;10;12;1;0.000155171123;0.000080180942;0.000192654416;0.000064850194;
2018;07;10;13;1;0.000162542460;0.000081290636;0.000196152518;0.000063645517;
2018;07;10;14;1;0.000170540577;0.000083080407;0.000190697213;0.000064296047;
2018;07;10;15;1;0.000166989314;0.000083309855;0.000173634203;0.000064968681;
2018;07;10;16;1;0.000160281798;0.000079144910;0.000165296632;0.000062085204;
2018;07;10;17;1;0.000160087909;0.000076433516;0.000165240790;0.000061132220;
2018;07;10;18;1;0.000164362435;0.000076117438;0.000168417230;0.000063108158;
2018;07;10;19;1;0.000165980384;0.000075807925;0.000165581517;0.000061344810;
2018;07;10;20;1;0.000162665183;0.000075452953;0.000158030689;0.000062436350;
2018;07;10;21;1;0.000158368715;0.000076804371;0.000145616903;0.000063917795;
2018;07;10;22;1;0.000161320672;0.000101785806;0.000134623293;0.000090756747;
2018;07;10;23;1;0.000160916570;0.000158770298;0.000131149663;0.000227478220;
2018;07;10;24;1;0.000140303566;0.000159809801;0.000118500888;0.000195819726;
2018;07;11;1;1;0.000114576212;0.000147141142;0.000105328529;0.000178233863;
2018;07;11;2;1;0.000094963335;0.000136567732;0.000098208565;0.000179880974;
2018;07;11;3;1;0.000084015160;0.000128569881;0.000094059911;0.000172856779;
2018;07;11;4;1;0.000078419901;0.000125298084;0.000091756521;0.000165953902;
2018;07;11;5;1;0.000075739565;0.000123409697;0.000091153024;0.000161183714;
2018;07;11;6;1;0.000075156127;0.000122335372;0.000093291330;0.000158769768;
2018;07;11;7;1;0.000080084100;0.000109789466;0.000099018997;0.000137567557;
2018;07;11;8;1;0.000092344968;0.000064652608;0.000108709956;0.000055817943;
2018;07;11;9;1;0.000110487345;0.000069377949;0.000143939176;0.000053717208;
2018;07;11;10;1;0.000131288041;0.000076004329;0.000168259381;0.000056973582;
2018;07;11;11;1;0.000147078460;0.000079565878;0.000185139225;0.000061060174;
2018;07;11;12;1;0.000154381273;0.000080004630;0.000191687878;0.000064982726;
2018;07;11;13;1;0.000161721119;0.000081129943;0.000195182974;0.000063835876;
2018;07;11;14;1;0.000169656068;0.000082849483;0.000189703744;0.000064263889;
2018;07;11;15;1;0.000166098525;0.000083004333;0.000172678285;0.000064687681;
2018;07;11;16;1;0.000159415796;0.000078822073;0.000164363951;0.000061706434;
2018;07;11;17;1;0.000159209471;0.000076083096;0.000164280599;0.000060626135;
2018;07;11;18;1;0.000163459147;0.000075764580;0.000167435725;0.000062571623;
2018;07;11;19;1;0.000165052666;0.000075413871;0.000164585543;0.000060674202;
2018;07;11;20;1;0.000161736605;0.000075006812;0.000157042483;0.000061562296;
2018;07;11;21;1;0.000157473242;0.000076375185;0.000144722088;0.000063112092;
2018;07;11;22;1;0.000160427943;0.000101290467;0.000133828444;0.000089892350;
2018;07;11;23;1;0.000160013290;0.000157922031;0.000130354495;0.000224847734;
2018;07;11;24;1;0.000139528948;0.000159044314;0.000117804271;0.000194016820;
2018;07;12;1;1;0.000112801942;0.000145611838;0.000103659067;0.000176164923;
2018;07;12;2;1;0.000093487891;0.000135105935;0.000096641848;0.000177551573;
2018;07;12;3;1;0.000082725757;0.000127340812;0.000092595054;0.000171474681;
2018;07;12;4;1;0.000077218025;0.000124116252;0.000090331409;0.000164718701;
2018;07;12;5;1;0.000074588369;0.000122340174;0.000089760392;0.000160521800;
2018;07;12;6;1;0.000074018968;0.000121326220;0.000091878875;0.000158411487;
2018;07;12;7;1;0.000078870389;0.000108867294;0.000097514901;0.000137166270;
2018;07;12;8;1;0.000090928454;0.000064037644;0.000107018661;0.000055383281;
2018;07;12;9;1;0.000108795560;0.000068729495;0.000141707660;0.000053337501;
2018;07;12;10;1;0.000129257078;0.000075221689;0.000165597837;0.000056335678;
2018;07;12;11;1;0.000144781672;0.000078676233;0.000182156427;0.000060142855;
2018;07;12;12;1;0.000151976083;0.000079127704;0.000188613574;0.000064068407;
2018;07;12;13;1;0.000159181196;0.000080179151;0.000192003456;0.000062729985;
2018;07;12;14;1;0.000166994533;0.000081887479;0.000186620225;0.000063181550;
2018;07;12;15;1;0.000163499976;0.000082062174;0.000169886421;0.000063671428;
2018;07;12;16;1;0.000156938078;0.000077975800;0.000161740057;0.000060899186;
2018;07;12;17;1;0.000156768613;0.000075363183;0.000161727454;0.000060166842;
2018;07;12;18;1;0.000160962164;0.000075072924;0.000164852033;0.000062187929;
2018;07;12;19;1;0.000162540143;0.000074749721;0.000162063388;0.000060387465;
2018;07;12;20;1;0.000159276673;0.000074352179;0.000154640024;0.000061292753;
2018;07;12;21;1;0.000155073883;0.000075696096;0.000142500259;0.000062790690;
2018;07;12;22;1;0.000157989403;0.000100412145;0.000131783602;0.000089521349;
2018;07;12;23;1;0.000157602959;0.000156683150;0.000128398418;0.000224726935;
2018;07;12;24;1;0.000137445192;0.000157920925;0.000116066950;0.000194578621;
2018;07;13;1;1;0.000112120241;0.000144639779;0.000106091241;0.000172992590;
2018;07;13;2;1;0.000093672486;0.000134041034;0.000098362720;0.000175200953;
2018;07;13;3;1;0.000082863776;0.000126403182;0.000094226332;0.000171294847;
2018;07;13;4;1;0.000077353110;0.000123324840;0.000091472086;0.000163785039;
2018;07;13;5;1;0.000074572092;0.000121029571;0.000090947689;0.000158259030;
2018;07;13;6;1;0.000073995819;0.000120188558;0.000093015804;0.000154826664;
2018;07;13;7;1;0.000078717252;0.000107752753;0.000098643947;0.000135419073;
2018;07;13;8;1;0.000090637509;0.000064160416;0.000108373551;0.000056465879;
2018;07;13;9;1;0.000108533999;0.000069445037;0.000142957354;0.000053042615;
2018;07;13;10;1;0.000129092939;0.000076413701;0.000166419152;0.000057085739;
2018;07;13;11;1;0.000144521960;0.000079932783;0.000182651330;0.000060398735;
2018;07;13;12;1;0.000151361823;0.000080704640;0.000189332253;0.000062895603;
2018;07;13;13;1;0.000158206640;0.000081438468;0.000193032254;0.000064263601;
2018;07;13;14;1;0.000165487468;0.000082838005;0.000188288236;0.000063068095;
2018;07;13;15;1;0.000162697235;0.000082815958;0.000170057531;0.000064420382;
2018;07;13;16;1;0.000156014538;0.000078415312;0.000158619220;0.000062703996;
2018;07;13;17;1;0.000154999815;0.000075530777;0.000156090566;0.000060114820;
2018;07;13;18;1;0.000158625733;0.000075401643;0.000157546955;0.000060547273;
2018;07;13;19;1;0.000159553929;0.000075391586;0.000155384387;0.000059588289;
2018;07;13;20;1;0.000155445928;0.000074809572;0.000150862722;0.000061375058;
2018;07;13;21;1;0.000149832263;0.000075400477;0.000142562141;0.000062930384;
2018;07;13;22;1;0.000150036188;0.000097968217;0.000134990166;0.000086536670;
2018;07;13;23;1;0.000148612452;0.000152849655;0.000133520644;0.000215337894;
2018;07;13;24;1;0.000132324609;0.000155132169;0.000122745258;0.000186724743;
2018;07;14;1;1;0.000112446850;0.000144524862;0.000111089148;0.000171954179;
2018;07;14;2;1;0.000096355455;0.000135448614;0.000101606077;0.000171956742;
2018;07;14;3;1;0.000084565047;0.000127508578;0.000095711617;0.000167456812;
2018;07;14;4;1;0.000077795054;0.000123615473;0.000092496373;0.000161829842;
2018;07;14;5;1;0.000074278546;0.000120896901;0.000091055277;0.000155601193;
2018;07;14;6;1;0.000072706622;0.000119651431;0.000091900074;0.000152182505;
2018;07;14;7;1;0.000073838236;0.000104755872;0.000091396285;0.000129796666;
2018;07;14;8;1;0.000078436683;0.000057528409;0.000086918469;0.000049369332;
2018;07;14;9;1;0.000091871649;0.000059338786;0.000098252894;0.000047505553;
2018;07;14;10;1;0.000112035171;0.000068290606;0.000114721578;0.000052732521;
2018;07;14;11;1;0.000129713986;0.000074583875;0.000131574328;0.000058830429;
2018;07;14;12;1;0.000138031167;0.000076363065;0.000137819323;0.000061007132;
2018;07;14;13;1;0.000143521225;0.000076902640;0.000141578959;0.000059760401;
2018;07;14;14;1;0.000149662867;0.000077321240;0.000139840330;0.000058136950;
2018;07;14;15;1;0.000148671030;0.000077550284;0.000130557090;0.000060227049;
2018;07;14;16;1;0.000140763628;0.000073717192;0.000126072461;0.000058034732;
2018;07;14;17;1;0.000134918999;0.000070015300;0.000122687420;0.000054498890;
2018;07;14;18;1;0.000133491226;0.000069097384;0.000123541795;0.000053425585;
2018;07;14;19;1;0.000133457278;0.000069198241;0.000124828278;0.000053149557;
2018;07;14;20;1;0.000132745875;0.000069260131;0.000127661740;0.000055874720;
2018;07;14;21;1;0.000134081757;0.000070829346;0.000129100785;0.000059576608;
2018;07;14;22;1;0.000140670469;0.000092748971;0.000128565888;0.000082697643;
2018;07;14;23;1;0.000141543784;0.000148497822;0.000131255520;0.000210973267;
2018;07;14;24;1;0.000127440846;0.000151277149;0.000121966050;0.000184139504;
2018;07;15;1;1;0.000109602748;0.000142079683;0.000109807281;0.000170964160;
2018;07;15;2;1;0.000094773567;0.000133304860;0.000099837978;0.000168476446;
2018;07;15;3;1;0.000083849573;0.000125645336;0.000093858763;0.000161595668;
2018;07;15;4;1;0.000077130258;0.000121928050;0.000090614340;0.000155638702;
2018;07;15;5;1;0.000073521927;0.000119571593;0.000089393371;0.000152395934;
2018;07;15;6;1;0.000071651471;0.000118097913;0.000089616516;0.000149721981;
2018;07;15;7;1;0.000071552271;0.000103293507;0.000087632171;0.000131177140;
2018;07;15;8;1;0.000073565414;0.000054260709;0.000078632602;0.000049793072;
2018;07;15;9;1;0.000082900929;0.000054515037;0.000083472879;0.000046291683;
2018;07;15;10;1;0.000097783538;0.000061889677;0.000091198939;0.000048817081;
2018;07;15;11;1;0.000112019905;0.000068824755;0.000099796152;0.000053541325;
2018;07;15;12;1;0.000120923824;0.000072323323;0.000105527606;0.000056726004;
2018;07;15;13;1;0.000127081410;0.000073148047;0.000109388316;0.000056509383;
2018;07;15;14;1;0.000134634049;0.000073471778;0.000111730488;0.000057252439;
2018;07;15;15;1;0.000138586652;0.000074076915;0.000110970022;0.000057436500;
2018;07;15;16;1;0.000132519392;0.000070364819;0.000108697448;0.000054598934;
2018;07;15;17;1;0.000128003033;0.000067458441;0.000104982496;0.000053767191;
2018;07;15;18;1;0.000126508054;0.000066361335;0.000102025804;0.000052949219;
2018;07;15;19;1;0.000128352828;0.000066266352;0.000102081075;0.000053318945;
2018;07;15;20;1;0.000130447872;0.000067153113;0.000104472675;0.000055538219;
2018;07;15;21;1;0.000134880932;0.000070139570;0.000107019802;0.000059069871;
2018;07;15;22;1;0.000145757587;0.000094523985;0.000113274492;0.000084078034;
2018;07;15;23;1;0.000148358855;0.000150079086;0.000118646704;0.000212237301;
2018;07;15;24;1;0.000131726280;0.000152488236;0.000109898788;0.000184617678;
2018;07;16;1;1;0.000108152540;0.000142414874;0.000098193062;0.000173328952;
2018;07;16;2;1;0.000089906396;0.000131762652;0.000091381279;0.000171845606;
2018;07;16;3;1;0.000079121564;0.000124126918;0.000087865660;0.000166730046;
2018;07;16;4;1;0.000074010653;0.000120928162;0.000085634044;0.000160758982;
2018;07;16;5;1;0.000071328943;0.000118974539;0.000085252819;0.000156565264;
2018;07;16;6;1;0.000070814671;0.000118075879;0.000087224956;0.000154566159;
2018;07;16;7;1;0.000075182941;0.000106084878;0.000093121960;0.000134855188;
2018;07;16;8;1;0.000086702221;0.000061446367;0.000102557635;0.000053008842;
2018;07;16;9;1;0.000104502514;0.000066692356;0.000137422707;0.000050841150;
2018;07;16;10;1;0.000124170888;0.000072875287;0.000160784025;0.000057761218;
2018;07;16;11;1;0.000139612800;0.000076607581;0.000176321807;0.000059618240;
2018;07;16;12;1;0.000146611267;0.000077852294;0.000182759870;0.000063472766;
2018;07;16;13;1;0.000153468209;0.000078637319;0.000186010392;0.000063018115;
2018;07;16;14;1;0.000161352736;0.000080176322;0.000180972305;0.000064577207;
2018;07;16;15;1;0.000158501986;0.000080725306;0.000164551340;0.000062968007;
2018;07;16;16;1;0.000152255854;0.000076513373;0.000156623106;0.000060132704;
2018;07;16;17;1;0.000152304039;0.000074096661;0.000155906754;0.000058806482;
2018;07;16;18;1;0.000155998344;0.000073728022;0.000158906732;0.000060544588;
2018;07;16;19;1;0.000157713439;0.000073444676;0.000156284010;0.000058763024;
2018;07;16;20;1;0.000154478195;0.000072904982;0.000148864710;0.000057956153;
2018;07;16;21;1;0.000150682432;0.000074191629;0.000136917180;0.000061260078;
2018;07;16;22;1;0.000154188123;0.000097643682;0.000126351823;0.000088548979;
2018;07;16;23;1;0.000153832227;0.000152913545;0.000123323457;0.000219683567;
2018;07;16;24;1;0.000133711260;0.000153982412;0.000111802960;0.000190284286;
2018;07;17;1;1;0.000112119341;0.000144978598;0.000103003010;0.000175232652;
2018;07;17;2;1;0.000092931166;0.000134596629;0.000096048809;0.000177058691;
2018;07;17;3;1;0.000082221617;0.000126754261;0.000092001096;0.000170376009;
2018;07;17;4;1;0.000076738257;0.000123455722;0.000089730470;0.000163152190;
2018;07;17;5;1;0.000074126164;0.000121701140;0.000089166196;0.000159063043;
2018;07;17;6;1;0.000073558138;0.000120671009;0.000091265297;0.000156844718;
2018;07;17;7;1;0.000078384649;0.000108323368;0.000096876780;0.000136051238;
2018;07;17;8;1;0.000090362451;0.000063692319;0.000106304228;0.000054838429;
2018;07;17;9;1;0.000108129508;0.000068401333;0.000140790746;0.000052956223;
2018;07;17;10;1;0.000128492261;0.000074955335;0.000164594245;0.000056235284;
2018;07;17;11;1;0.000143949691;0.000078478438;0.000181114627;0.000060304872;
2018;07;17;12;1;0.000151094720;0.000078903562;0.000187514883;0.000064151925;
2018;07;17;13;1;0.000158266488;0.000079977604;0.000190905379;0.000062898662;
2018;07;17;14;1;0.000166051614;0.000081730816;0.000185590220;0.000063515673;
2018;07;17;15;1;0.000162573651;0.000081895649;0.000168942248;0.000063975286;
2018;07;17;16;1;0.000156043219;0.000077800538;0.000160829392;0.000061132601;
2018;07;17;17;1;0.000155850538;0.000075123874;0.000160766974;0.000060155065;
2018;07;17;18;1;0.000160014461;0.000074820322;0.000163862614;0.000062124778;
2018;07;17;19;1;0.000161588739;0.000074513666;0.000161101852;0.000060380287;
2018;07;17;20;1;0.000158357900;0.000074155357;0.000153748796;0.000061421331;
2018;07;17;21;1;0.000154180035;0.000075497716;0.000141680247;0.000062929603;
2018;07;17;22;1;0.000157092366;0.000100201072;0.000131047974;0.000089921450;
2018;07;17;23;1;0.000156707835;0.000156351925;0.000127681219;0.000225715091;
2018;07;17;24;1;0.000136637810;0.000157402397;0.000115373470;0.000194449498;
2018;07;18;1;1;0.000113737380;0.000146352947;0.000104530192;0.000176905910;
2018;07;18;2;1;0.000094255955;0.000135731249;0.000097439098;0.000177943074;
2018;07;18;3;1;0.000083401401;0.000127893355;0.000093349960;0.000171638448;
2018;07;18;4;1;0.000077842589;0.000124596215;0.000091053596;0.000164539823;
2018;07;18;5;1;0.000075188546;0.000122782656;0.000090470508;0.000160172891;
2018;07;18;6;1;0.000074614595;0.000121765140;0.000092605818;0.000158063262;
2018;07;18;7;1;0.000079503135;0.000109245272;0.000098281688;0.000136777675;
2018;07;18;8;1;0.000091665286;0.000064291011;0.000107877486;0.000055343829;
2018;07;18;9;1;0.000109674621;0.000068991772;0.000142838208;0.000053267063;
2018;07;18;10;1;0.000130326241;0.000075595013;0.000166982472;0.000056541587;
2018;07;18;11;1;0.000146001217;0.000079138171;0.000183734813;0.000060600132;
2018;07;18;12;1;0.000153267383;0.000079627055;0.000190275603;0.000064677809;
2018;07;18;13;1;0.000160529526;0.000080672483;0.000193685244;0.000063283332;
2018;07;18;14;1;0.000168428958;0.000082449689;0.000188299365;0.000063933419;
2018;07;18;15;1;0.000164890763;0.000082584648;0.000171386683;0.000064290948;
2018;07;18;16;1;0.000158269688;0.000078462303;0.000163161457;0.000061458482;
2018;07;18;17;1;0.000158067938;0.000075744708;0.000163085093;0.000060413075;
2018;07;18;18;1;0.000162308037;0.000075485848;0.000166260053;0.000062560000;
2018;07;18;19;1;0.000163902387;0.000075169609;0.000163453926;0.000060779390;
2018;07;18;20;1;0.000160617166;0.000074785469;0.000155977742;0.000061746389;
2018;07;18;21;1;0.000156378170;0.000076134782;0.000143731428;0.000063246671;
2018;07;18;22;1;0.000159336226;0.000101062577;0.000132952240;0.000090436316;
2018;07;18;23;1;0.000158939160;0.000157654371;0.000129525088;0.000226748869;
2018;07;18;24;1;0.000138583540;0.000158714751;0.000117039898;0.000195344922;
2018;07;19;1;1;0.000114098368;0.000146759963;0.000104886019;0.000177819956;
2018;07;19;2;1;0.000094563926;0.000136184914;0.000097789017;0.000179297911;
2018;07;19;3;1;0.000083664497;0.000128234290;0.000093664127;0.000172440828;
2018;07;19;4;1;0.000078084521;0.000124893543;0.000091351544;0.000165109772;
2018;07;19;5;1;0.000075421185;0.000123065452;0.000090764035;0.000160670406;
2018;07;19;6;1;0.000074839760;0.000121989805;0.000092892126;0.000158239301;
2018;07;19;7;1;0.000079746046;0.000109471556;0.000098592951;0.000137065360;
2018;07;19;8;1;0.000091942016;0.000064410099;0.000108211273;0.000055407133;
2018;07;19;9;1;0.000110004304;0.000069114221;0.000143276478;0.000053310018;
2018;07;19;10;1;0.000130713143;0.000075712274;0.000167482366;0.000056532240;
2018;07;19;11;1;0.000146432505;0.000079253950;0.000184279450;0.000060567003;
2018;07;19;12;1;0.000153708259;0.000079706588;0.000190810143;0.000064512650;
2018;07;19;13;1;0.000161013977;0.000080821372;0.000194284105;0.000063353669;
2018;07;19;14;1;0.000168933614;0.000082591205;0.000188873450;0.000063968779;
2018;07;19;15;1;0.000165387733;0.000082735130;0.000171915261;0.000064355774;
2018;07;19;16;1;0.000158737432;0.000078577762;0.000163645556;0.000061427575;
2018;07;19;17;1;0.000158552044;0.000075904829;0.000163603957;0.000060550182;
2018;07;19;18;1;0.000162793040;0.000075611750;0.000166764251;0.000062581518;
2018;07;19;19;1;0.000164388147;0.000075283981;0.000163941626;0.000060761871;
2018;07;19;20;1;0.000161091650;0.000074894963;0.000156440144;0.000061713292;
2018;07;19;21;1;0.000156836166;0.000076234689;0.000144150236;0.000063171298;
2018;07;19;22;1;0.000159790610;0.000101148595;0.000133319158;0.000090148893;
2018;07;19;23;1;0.000159398800;0.000157826563;0.000129892962;0.000226265733;
2018;07;19;24;1;0.000138980902;0.000158864598;0.000117366546;0.000194801486;
2018;07;20;1;1;0.000111879685;0.000144403176;0.000105851590;0.000172602374;
2018;07;20;2;1;0.000093479683;0.000133891918;0.000098157687;0.000175201523;
2018;07;20;3;1;0.000082687256;0.000126207954;0.000094016358;0.000170975182;
2018;07;20;4;1;0.000077188229;0.000123133405;0.000091268014;0.000163473631;
2018;07;20;5;1;0.000074401253;0.000120725827;0.000090715795;0.000157300502;
2018;07;20;6;1;0.000073829526;0.000119918207;0.000092786738;0.000154059419;
2018;07;20;7;1;0.000078539207;0.000107501016;0.000098398161;0.000134697644;
2018;07;20;8;1;0.000090425506;0.000063980804;0.000108086794;0.000056052036;
2018;07;20;9;1;0.000108295483;0.000069309607;0.000142619519;0.000052849229;
2018;07;20;10;1;0.000128821212;0.000076307287;0.000166056738;0.000057016449;
2018;07;20;11;1;0.000144227373;0.000079853429;0.000182277877;0.000060430413;
2018;07;20;12;1;0.000151051359;0.000080618322;0.000188940300;0.000062907623;
2018;07;20;13;1;0.000157874057;0.000081326389;0.000192612925;0.000064190397;
2018;07;20;14;1;0.000165153472;0.000082765728;0.000187910820;0.000063133592;
2018;07;20;15;1;0.000162395837;0.000082826069;0.000169773020;0.000064764313;
2018;07;20;16;1;0.000155720840;0.000078410832;0.000158344339;0.000062991038;
2018;07;20;17;1;0.000154700270;0.000075503776;0.000155804446;0.000060311895;
2018;07;20;18;1;0.000158308679;0.000075344710;0.000157237306;0.000060641354;
2018;07;20;19;1;0.000159228957;0.000075317465;0.000155067183;0.000059622010;
2018;07;20;20;1;0.000155122516;0.000074716343;0.000150541534;0.000061339697;
2018;07;20;21;1;0.000149529659;0.000075334098;0.000142275997;0.000062993937;
2018;07;20;22;1;0.000149737674;0.000097899627;0.000134727320;0.000086691751;
2018;07;20;23;1;0.000148318076;0.000152750622;0.000133263000;0.000215770765;
2018;07;20;24;1;0.000132059494;0.000155010621;0.000122502843;0.000186992254;
2018;07;21;1;1;0.000110308528;0.000142929602;0.000108956341;0.000170876882;
2018;07;21;2;1;0.000094533962;0.000134045529;0.000099678167;0.000171385945;
2018;07;21;3;1;0.000082967314;0.000126195754;0.000093897534;0.000166947169;
2018;07;21;4;1;0.000076326490;0.000122354869;0.000090746227;0.000161407284;
2018;07;21;5;1;0.000072873498;0.000119635910;0.000089325377;0.000155039790;
2018;07;21;6;1;0.000071329799;0.000118388502;0.000090150314;0.000151552965;
2018;07;21;7;1;0.000072447064;0.000103710937;0.000089673642;0.000129587857;
2018;07;21;8;1;0.000076943398;0.000056885988;0.000085245943;0.000049034717;
2018;07;21;9;1;0.000090112421;0.000058636393;0.000096340520;0.000047044493;
2018;07;21;10;1;0.000109894016;0.000067497649;0.000112497215;0.000052272412;
2018;07;21;11;1;0.000127225605;0.000073685271;0.000129004220;0.000058204859;
2018;07;21;12;1;0.000135371990;0.000075405457;0.000135104789;0.000060228464;
2018;07;21;13;1;0.000140753993;0.000075930852;0.000138785859;0.000058972646;
2018;07;21;14;1;0.000146773034;0.000076331137;0.000137073719;0.000057328601;
2018;07;21;15;1;0.000145806313;0.000076576040;0.000127984611;0.000059452777;
2018;07;21;16;1;0.000138037676;0.000072748109;0.000123563997;0.000057142534;
2018;07;21;17;1;0.000132304031;0.000069087924;0.000120242301;0.000053636798;
2018;07;21;18;1;0.000130894578;0.000068152938;0.000121062348;0.000052482766;
2018;07;21;19;1;0.000130855974;0.000068235694;0.000122313063;0.000052155043;
2018;07;21;20;1;0.000130154046;0.000068282897;0.000125080991;0.000054781120;
2018;07;21;21;1;0.000131477204;0.000069872564;0.000126516654;0.000058565192;
2018;07;21;22;1;0.000137974526;0.000091641973;0.000126059339;0.000081858953;
2018;07;21;23;1;0.000138820611;0.000146658902;0.000128677079;0.000208423354;
2018;07;21;24;1;0.000124991167;0.000149419345;0.000119574241;0.000181995695;
2018;07;22;1;1;0.000107199699;0.000140097868;0.000107345748;0.000168780377;
2018;07;22;2;1;0.000092699920;0.000131481722;0.000097608914;0.000166522255;
2018;07;22;3;1;0.000082021059;0.000123982342;0.000091776881;0.000160029213;
2018;07;22;4;1;0.000075456771;0.000120395567;0.000088624382;0.000154581278;
2018;07;22;5;1;0.000071925867;0.000118060261;0.000087428131;0.000151314251;
2018;07;22;6;1;0.000070090790;0.000116553079;0.000087633304;0.000148371805;
2018;07;22;7;1;0.000070002305;0.000102016969;0.000085713812;0.000130404212;
2018;07;22;8;1;0.000071979896;0.000053626267;0.000076928484;0.000049646508;
2018;07;22;9;1;0.000081100654;0.000053823640;0.000081636575;0.000045955585;
2018;07;22;10;1;0.000095652526;0.000061075786;0.000089178596;0.000048362498;
2018;07;22;11;1;0.000109557424;0.000067840751;0.000097547568;0.000052775438;
2018;07;22;12;1;0.000118264285;0.000071284544;0.000103147571;0.000055899011;
2018;07;22;13;1;0.000124288612;0.000072104975;0.000106924940;0.000055710884;
2018;07;22;14;1;0.000131685975;0.000072459413;0.000109232123;0.000056562717;
2018;07;22;15;1;0.000135552805;0.000073058734;0.000108489907;0.000056753168;
2018;07;22;16;1;0.000129620977;0.000069406036;0.000106272403;0.000053977400;
2018;07;22;17;1;0.000125193851;0.000066508822;0.000102624680;0.000053049828;
2018;07;22;18;1;0.000123727023;0.000065412369;0.000099726881;0.000052191437;
2018;07;22;19;1;0.000125515415;0.000065269319;0.000099755743;0.000052383408;
2018;07;22;20;1;0.000127585656;0.000066209699;0.000102127299;0.000054803724;
2018;07;22;21;1;0.000131921217;0.000069153419;0.000104616872;0.000058285004;
2018;07;22;22;1;0.000142579657;0.000093275419;0.000110762915;0.000083274243;
2018;07;22;23;1;0.000145133660;0.000148154467;0.000116031116;0.000210561494;
2018;07;22;24;1;0.000128878823;0.000150645895;0.000107503000;0.000183754742;
2018;07;23;1;1;0.000109937478;0.000143593147;0.000099796738;0.000173440838;
2018;07;23;2;1;0.000091381589;0.000132777893;0.000092856212;0.000171541222;
2018;07;23;3;1;0.000080412925;0.000125019105;0.000089268582;0.000166062760;
2018;07;23;4;1;0.000075211593;0.000121729328;0.000086985133;0.000159728607;
2018;07;23;5;1;0.000072485350;0.000119752252;0.000086595440;0.000155493126;
2018;07;23;6;1;0.000071970824;0.000118927245;0.000088618513;0.000153939825;
2018;07;23;7;1;0.000076414363;0.000106883276;0.000094619533;0.000134498762;
2018;07;23;8;1;0.000088128746;0.000061936005;0.000104222166;0.000052970764;
2018;07;23;9;1;0.000106223354;0.000067229219;0.000139656893;0.000050821591;
2018;07;23;10;1;0.000126247281;0.000073572832;0.000163480071;0.000058120824;
2018;07;23;11;1;0.000141985007;0.000077463899;0.000179373375;0.000060405008;
2018;07;23;12;1;0.000149127657;0.000078802647;0.000185985890;0.000064595066;
2018;07;23;13;1;0.000156120844;0.000079653992;0.000189338785;0.000064330049;
2018;07;23;14;1;0.000164173373;0.000081306929;0.000184281729;0.000066250510;
2018;07;23;15;1;0.000161280746;0.000081887890;0.000167577011;0.000064682459;
2018;07;23;16;1;0.000154926302;0.000077619088;0.000159505478;0.000061785925;
2018;07;23;17;1;0.000154973395;0.000075161858;0.000158771980;0.000060404363;
2018;07;23;18;1;0.000158713751;0.000074734948;0.000161788950;0.000061997172;
2018;07;23;19;1;0.000160454851;0.000074437003;0.000159111023;0.000060135071;
2018;07;23;20;1;0.000157153065;0.000073860912;0.000151537634;0.000059207681;
2018;07;23;21;1;0.000153270780;0.000075103306;0.000139337772;0.000062363273;
2018;07;23;22;1;0.000156849268;0.000098891059;0.000128606247;0.000090330752;
2018;07;23;23;1;0.000156437176;0.000154570286;0.000125443576;0.000222256311;
2018;07;23;24;1;0.000135985568;0.000155719930;0.000113741887;0.000192882560;
2018;07;24;1;1;0.000113388254;0.000146021190;0.000104192254;0.000176389516;
2018;07;24;2;1;0.000093973278;0.000135481095;0.000097137831;0.000177751047;
2018;07;24;3;1;0.000083151575;0.000127660387;0.000093062001;0.000171469256;
2018;07;24;4;1;0.000077608176;0.000124357328;0.000090769823;0.000164308930;
2018;07;24;5;1;0.000074960997;0.000122536162;0.000090185838;0.000159884812;
2018;07;24;6;1;0.000074389963;0.000121532244;0.000092317357;0.000157843831;
2018;07;24;7;1;0.000079273416;0.000109116023;0.000097999369;0.000137025034;
2018;07;24;8;1;0.000091383992;0.000064145565;0.000107528910;0.000055182689;
2018;07;24;9;1;0.000109339402;0.000068840761;0.000142380157;0.000053129029;
2018;07;24;10;1;0.000129939932;0.000075471539;0.000166477834;0.000056532172;
2018;07;24;11;1;0.000145572209;0.000079021174;0.000183189022;0.000060630844;
2018;07;24;12;1;0.000152817041;0.000079509379;0.000189710424;0.000064710631;
2018;07;24;13;1;0.000160063805;0.000080571247;0.000193124314;0.000063376571;
2018;07;24;14;1;0.000167938305;0.000082340265;0.000187749525;0.000064007119;
2018;07;24;15;1;0.000164423460;0.000082514230;0.000170913331;0.000064496621;
2018;07;24;16;1;0.000157822612;0.000078399782;0.000162713840;0.000061670342;
2018;07;24;17;1;0.000157624706;0.000075693796;0.000162644444;0.000060654274;
2018;07;24;18;1;0.000161846045;0.000075415900;0.000165796748;0.000062740496;
2018;07;24;19;1;0.000163416638;0.000075047060;0.000162960122;0.000060769980;
2018;07;24;20;1;0.000160141399;0.000074664233;0.000155507000;0.000061739284;
2018;07;24;21;1;0.000155897388;0.000075959999;0.000143265352;0.000063054794;
2018;07;24;22;1;0.000158843936;0.000100821394;0.000132517091;0.000090126710;
2018;07;24;23;1;0.000158439780;0.000157228734;0.000129087611;0.000225668290;
2018;07;24;24;1;0.000138142775;0.000158249351;0.000116635561;0.000194213854;
2018;07;25;1;1;0.000111752072;0.000144963860;0.000102703523;0.000176445905;
2018;07;25;2;1;0.000092622897;0.000134549265;0.000095761566;0.000178089640;
2018;07;25;3;1;0.000081941029;0.000126637068;0.000091708407;0.000170946769;
2018;07;25;4;1;0.000076473507;0.000123313848;0.000089438286;0.000163541214;
2018;07;25;5;1;0.000073863299;0.000121490906;0.000088858700;0.000159041992;
2018;07;25;6;1;0.000073291754;0.000120407991;0.000090936830;0.000156516246;
2018;07;25;7;1;0.000078100016;0.000108080838;0.000096526210;0.000135730773;
2018;07;25;8;1;0.000090027011;0.000063518683;0.000105902330;0.000054592564;
2018;07;25;9;1;0.000107702805;0.000068118550;0.000140192544;0.000052394146;
2018;07;25;10;1;0.000127985578;0.000074646880;0.000163895883;0.000055644433;
2018;07;25;11;1;0.000143385682;0.000078167417;0.000180355306;0.000059711684;
2018;07;25;12;1;0.000150512294;0.000078620899;0.000186752502;0.000063626541;
2018;07;25;13;1;0.000157648576;0.000079667342;0.000190110304;0.000062303403;
2018;07;25;14;1;0.000165407054;0.000081424936;0.000184825674;0.000062953568;
2018;07;25;15;1;0.000161954767;0.000081625972;0.000168271585;0.000063533314;
2018;07;25;16;1;0.000155481866;0.000077642050;0.000160258260;0.000061040637;
2018;07;25;17;1;0.000155286750;0.000074961795;0.000160189611;0.000060033434;
2018;07;25;18;1;0.000159438715;0.000074667615;0.000163280492;0.000062030412;
2018;07;25;19;1;0.000161006400;0.000074359022;0.000160527688;0.000060279733;
2018;07;25;20;1;0.000157775275;0.000073967923;0.000153177677;0.000061199130;
2018;07;25;21;1;0.000153603243;0.000075278861;0.000141136434;0.000062601200;
2018;07;25;22;1;0.000156515278;0.000099951176;0.000130562649;0.000089609178;
2018;07;25;23;1;0.000156130436;0.000155951676;0.000127205555;0.000224867103;
2018;07;25;24;1;0.000136143791;0.000157064660;0.000114959582;0.000194066291;
2018;07;26;1;1;0.000113352396;0.000146054412;0.000104170182;0.000176684768;
2018;07;26;2;1;0.000093946872;0.000135540610;0.000097124103;0.000178212524;
2018;07;26;3;1;0.000083117262;0.000127615522;0.000093024340;0.000171324895;
2018;07;26;4;1;0.000077574968;0.000124302240;0.000090730323;0.000164105123;
2018;07;26;5;1;0.000074932898;0.000122520928;0.000090156160;0.000159908498;
2018;07;26;6;1;0.000074350649;0.000121404846;0.000092258600;0.000157229586;
2018;07;26;7;1;0.000079238360;0.000109058272;0.000097953911;0.000136803208;
2018;07;26;8;1;0.000091347818;0.000064129499;0.000107489008;0.000055160546;
2018;07;26;9;1;0.000109280154;0.000068763081;0.000142285725;0.000052904022;
2018;07;26;10;1;0.000129869256;0.000075385528;0.000166366751;0.000056290997;
2018;07;26;11;1;0.000145495548;0.000078939345;0.000183073128;0.000060399941;
2018;07;26;12;1;0.000152740135;0.000079438218;0.000189599273;0.000064503926;
2018;07;26;13;1;0.000159986481;0.000080508897;0.000193018956;0.000063207539;
2018;07;26;14;1;0.000167854844;0.000082269735;0.000187641891;0.000063814151;
2018;07;26;15;1;0.000164343641;0.000082449267;0.000170819290;0.000064321645;
2018;07;26;16;1;0.000157745829;0.000078337541;0.000162623962;0.000061501086;
2018;07;26;17;1;0.000157553349;0.000075649032;0.000162565599;0.000060540575;
2018;07;26;18;1;0.000161778990;0.000075388647;0.000165729102;0.000062685039;
2018;07;26;19;1;0.000163369380;0.000075076240;0.000162934406;0.000060913085;
2018;07;26;20;1;0.000160101969;0.000074712499;0.000155495823;0.000061953348;
2018;07;26;21;1;0.000155852645;0.000075990559;0.000143243373;0.000063207428;
2018;07;26;22;1;0.000158799098;0.000100864805;0.000132498015;0.000090355685;
2018;07;26;23;1;0.000158388636;0.000157258177;0.000129058564;0.000226003241;
2018;07;26;24;1;0.000138108737;0.000158351670;0.000116627146;0.000194891346;
2018;07;27;1;1;0.000112718437;0.000145012842;0.000106648535;0.000172963815;
2018;07;27;2;1;0.000094175212;0.000134411963;0.000098885616;0.000175312131;
2018;07;27;3;1;0.000083296244;0.000126641111;0.000094699379;0.000170747203;
2018;07;27;4;1;0.000077755484;0.000123544199;0.000091928150;0.000163186748;
2018;07;27;5;1;0.000074952810;0.000121174871;0.000091383596;0.000157281923;
2018;07;27;6;1;0.000074377369;0.000120369162;0.000093471091;0.000154064736;
2018;07;27;7;1;0.000079124435;0.000107925323;0.000099130016;0.000134812865;
2018;07;27;8;1;0.000091091793;0.000064201487;0.000108872746;0.000055978301;
2018;07;27;9;1;0.000109086755;0.000069523015;0.000143638952;0.000052694358;
2018;07;27;10;1;0.000129760130;0.000076534116;0.000167237718;0.000056824667;
2018;07;27;11;1;0.000145292370;0.000080136609;0.000183609100;0.000060379001;
2018;07;27;12;1;0.000152196707;0.000080999924;0.000190395150;0.000063178050;
2018;07;27;13;1;0.000159090040;0.000081769609;0.000194142183;0.000064665665;
2018;07;27;14;1;0.000166435272;0.000083245928;0.000189424919;0.000063696022;
2018;07;27;15;1;0.000163659120;0.000083315370;0.000171147000;0.000065370185;
2018;07;27;16;1;0.000156943596;0.000078908421;0.000159649014;0.000063700365;
2018;07;27;17;1;0.000155914458;0.000075981345;0.000157087084;0.000060986243;
2018;07;27;18;1;0.000159554807;0.000075831608;0.000158538933;0.000061355826;
2018;07;27;19;1;0.000160490767;0.000075828132;0.000156367291;0.000060407479;
2018;07;27;20;1;0.000156359729;0.000075245834;0.000151819120;0.000062229329;
2018;07;27;21;1;0.000150696734;0.000075790943;0.000143434838;0.000063627603;
2018;07;27;22;1;0.000150900618;0.000098470806;0.000135814320;0.000087477529;
2018;07;27;23;1;0.000149437802;0.000153443573;0.000134280337;0.000216516305;
2018;07;27;24;1;0.000133065689;0.000155778451;0.000123455126;0.000187974562;
2018;07;28;1;1;0.000113778948;0.000145618065;0.000112437945;0.000173072079;
2018;07;28;2;1;0.000097500947;0.000136506905;0.000102848213;0.000173259784;
2018;07;28;3;1;0.000085559722;0.000128408979;0.000096857584;0.000168182732;
2018;07;28;4;1;0.000078708098;0.000124469397;0.000093599085;0.000162423969;
2018;07;28;5;1;0.000075150178;0.000121730669;0.000092140464;0.000156164552;
2018;07;28;6;1;0.000073555967;0.000120438818;0.000092985615;0.000152524844;
2018;07;28;7;1;0.000074708157;0.000105507614;0.000092494093;0.000130423669;
2018;07;28;8;1;0.000079342742;0.000057862068;0.000087922489;0.000049311810;
2018;07;28;9;1;0.000092932302;0.000059680581;0.000099386552;0.000047441294;
2018;07;28;10;1;0.000113318049;0.000068645545;0.000116023623;0.000052533381;
2018;07;28;11;1;0.000131197769;0.000074966461;0.000133064565;0.000058593607;
2018;07;28;12;1;0.000139618555;0.000076782866;0.000139397215;0.000060860163;
2018;07;28;13;1;0.000145184912;0.000077367494;0.000143225865;0.000059757333;
2018;07;28;14;1;0.000151411075;0.000077829751;0.000141491923;0.000058267690;
2018;07;28;15;1;0.000150439396;0.000078159078;0.000132154794;0.000060692511;
2018;07;28;16;1;0.000142448255;0.000074328120;0.000127633762;0.000058592360;
2018;07;28;17;1;0.000136539754;0.000070614433;0.000124217857;0.000055086839;
2018;07;28;18;1;0.000135084254;0.000069655978;0.000125063312;0.000053892822;
2018;07;28;19;1;0.000135044432;0.000069740752;0.000126355411;0.000053558783;
2018;07;28;20;1;0.000134326582;0.000069809391;0.000129227409;0.000056326651;
2018;07;28;21;1;0.000135668366;0.000071359503;0.000130664834;0.000059944023;
2018;07;28;22;1;0.000142358264;0.000093534740;0.000130165921;0.000083562065;
2018;07;28;23;1;0.000143235311;0.000149713377;0.000132876496;0.000212911483;
2018;07;28;24;1;0.000128963130;0.000152510499;0.000123470956;0.000185805909;
2018;07;29;1;1;0.000111014447;0.000143164800;0.000111244846;0.000171731972;
2018;07;29;2;1;0.000095988816;0.000134277295;0.000101133551;0.000168985315;
2018;07;29;3;1;0.000084924067;0.000126555768;0.000095075221;0.000162048681;
2018;07;29;4;1;0.000078128833;0.000122907589;0.000091812681;0.000156603278;
2018;07;29;5;1;0.000074464179;0.000120438925;0.000090552199;0.000152826439;
2018;07;29;6;1;0.000072567449;0.000118931917;0.000090772477;0.000150021191;
2018;07;29;7;1;0.000072481126;0.000104144826;0.000088797189;0.000132107456;
2018;07;29;8;1;0.000074518568;0.000054699867;0.000079674056;0.000050114821;
2018;07;29;9;1;0.000083964892;0.000054916351;0.000084557994;0.000046443356;
2018;07;29;10;1;0.000099046750;0.000062376484;0.000092399876;0.000049084213;
2018;07;29;11;1;0.000113453788;0.000069317536;0.000101086701;0.000053670826;
2018;07;29;12;1;0.000122470122;0.000072835638;0.000106889560;0.000056845076;
2018;07;29;13;1;0.000128696407;0.000073631729;0.000110782811;0.000056513220;
2018;07;29;14;1;0.000136347255;0.000073964848;0.000113158538;0.000057280637;
2018;07;29;15;1;0.000140374125;0.000074650495;0.000112426746;0.000057720437;
2018;07;29;16;1;0.000134257845;0.000071002265;0.000110172302;0.000055178648;
2018;07;29;17;1;0.000129681066;0.000068065895;0.000106405025;0.000054325771;
2018;07;29;18;1;0.000128154213;0.000066920485;0.000103388465;0.000053367048;
2018;07;29;19;1;0.000130001292;0.000066757835;0.000103409950;0.000053507347;
2018;07;29;20;1;0.000132133859;0.000067683786;0.000105849690;0.000055850939;
2018;07;29;21;1;0.000136603504;0.000070629449;0.000108397507;0.000059166563;
2018;07;29;22;1;0.000147667880;0.000095373591;0.000114808641;0.000084950647;
2018;07;29;23;1;0.000150316035;0.000151504946;0.000120274063;0.000214901237;
2018;07;29;24;1;0.000133454983;0.000153874302;0.000111391041;0.000186604929;
2018;07;30;1;1;0.000109969096;0.000143878553;0.000099867924;0.000174822869;
2018;07;30;2;1;0.000091401266;0.000132984129;0.000092909021;0.000172583217;
2018;07;30;3;1;0.000080429311;0.000125204724;0.000089317292;0.000167024624;
2018;07;30;4;1;0.000075229998;0.000121940056;0.000087039723;0.000160826409;
2018;07;30;5;1;0.000072494380;0.000119873276;0.000086628982;0.000156077458;
2018;07;30;6;1;0.000071970658;0.000118956797;0.000088630342;0.000154008134;
2018;07;30;7;1;0.000076415465;0.000106920523;0.000094635327;0.000134615796;
2018;07;30;8;1;0.000088108076;0.000061864865;0.000104187639;0.000052670477;
2018;07;30;9;1;0.000106186763;0.000067107548;0.000139579907;0.000050386522;
2018;07;30;10;1;0.000126203196;0.000073437729;0.000163388426;0.000057618450;
2018;07;30;11;1;0.000141948580;0.000077364780;0.000179306070;0.000060029479;
2018;07;30;12;1;0.000149094426;0.000078717791;0.000185928652;0.000064250659;
2018;07;30;13;1;0.000156081584;0.000079554586;0.000189269677;0.000063940157;
2018;07;30;14;1;0.000164133027;0.000081208324;0.000184216587;0.000065860066;
2018;07;30;15;1;0.000161257646;0.000081838837;0.000167552123;0.000064471558;
2018;07;30;16;1;0.000154907521;0.000077582813;0.000159488804;0.000061619352;
2018;07;30;17;1;0.000154951058;0.000075116413;0.000158748109;0.000060205810;
2018;07;30;18;1;0.000158688116;0.000074681984;0.000161759003;0.000061765681;
2018;07;30;19;1;0.000160432199;0.000074393321;0.000159088044;0.000059942057;
2018;07;30;20;1;0.000157122955;0.000073795268;0.000151500472;0.000058940854;
2018;07;30;21;1;0.000153225997;0.000074991299;0.000139275577;0.000061920467;
2018;07;30;22;1;0.000156815013;0.000098787299;0.000128567818;0.000089861389;
2018;07;30;23;1;0.000156434719;0.000154595786;0.000125456933;0.000222262354;
2018;07;30;24;1;0.000135970093;0.000155654089;0.000113731686;0.000192399600;
2018;07;31;1;1;0.000112288977;0.000145217590;0.000103178766;0.000175918917;
2018;07;31;2;1;0.000093066536;0.000134772976;0.000096201875;0.000177491143;
2018;07;31;3;1;0.000082334674;0.000126858255;0.000092132689;0.000170430013;
2018;07;31;4;1;0.000076848004;0.000123597868;0.000089868708;0.000163439176;
2018;07;31;5;1;0.000074222578;0.000121746649;0.000089280470;0.000158804112;
2018;07;31;6;1;0.000073649513;0.000120673666;0.000091371581;0.000156346621;
2018;07;31;7;1;0.000078486975;0.000108366934;0.000097001854;0.000135845812;
2018;07;31;8;1;0.000090468145;0.000063665975;0.000106412595;0.000054560325;
2018;07;31;9;1;0.000108217511;0.000068226931;0.000140834055;0.000052195393;
2018;07;31;10;1;0.000128610365;0.000074811794;0.000164679572;0.000055585214;
2018;07;31;11;1;0.000144106609;0.000078408697;0.000181270455;0.000059877214;
2018;07;31;12;1;0.000151297486;0.000078952651;0.000187770695;0.000064117044;
2018;07;31;13;1;0.000158492003;0.000080067127;0.000191197478;0.000062999870;
2018;07;31;14;1;0.000166303087;0.000081866088;0.000185907404;0.000063764060;
2018;07;31;15;1;0.000162830304;0.000082062666;0.000169252680;0.000064330820;
2018;07;31;16;1;0.000156288092;0.000077954868;0.000161121895;0.000061458381;
2018;07;31;17;1;0.000156086776;0.000075248846;0.000161042176;0.000060392781;
2018;07;31;18;1;0.000160257937;0.000074947392;0.000164145014;0.000062379677;
2018;07;31;19;1;0.000161817953;0.000074594199;0.000161346284;0.000060467216;
2018;07;31;20;1;0.000158575530;0.000074215859;0.000153968479;0.000061439467;
2018;07;31;21;1;0.000154380421;0.000075525568;0.000141861549;0.000062826837;
2018;07;31;22;1;0.000157336930;0.000100392379;0.000131283053;0.000090371953;
2018;07;31;23;1;0.000156945947;0.000156615315;0.000127900713;0.000226623965;
2018;07;31;24;1;0.000136832101;0.000157575753;0.000115549315;0.000194746421;
