AŃO;MES;DIA;HORA;VERANO(1)/INVIERNO(0);COEF. PERFIL A;COEF. PERFIL B;COEF. PERFIL C;COEF. PERFIL D;
2018;10;01;1;1;0.000080388673;0.000132190775;0.000082541233;0.000161653065;
2018;10;01;2;1;0.000065851651;0.000120952875;0.000079876974;0.000166088168;
2018;10;01;3;1;0.000059685414;0.000115629127;0.000077825978;0.000162031144;
2018;10;01;4;1;0.000057157653;0.000113483183;0.000076970311;0.000157165000;
2018;10;01;5;1;0.000056326779;0.000112375858;0.000077209499;0.000152405194;
2018;10;01;6;1;0.000058005183;0.000112974051;0.000079561435;0.000149283671;
2018;10;01;7;1;0.000066954593;0.000118302888;0.000088635071;0.000145058090;
2018;10;01;8;1;0.000090254772;0.000119882655;0.000105228197;0.000138107611;
2018;10;01;9;1;0.000107907992;0.000090126115;0.000130083394;0.000071674593;
2018;10;01;10;1;0.000116423653;0.000076540044;0.000151490502;0.000052202435;
2018;10;01;11;1;0.000124340474;0.000076565022;0.000159846669;0.000053770613;
2018;10;01;12;1;0.000126667812;0.000074199007;0.000162216695;0.000053865270;
2018;10;01;13;1;0.000129687319;0.000072502769;0.000164302212;0.000054618077;
2018;10;01;14;1;0.000133894356;0.000072478091;0.000156850123;0.000056222358;
2018;10;01;15;1;0.000126805253;0.000070352234;0.000139201491;0.000056390366;
2018;10;01;16;1;0.000116277771;0.000064494388;0.000134693464;0.000050474339;
2018;10;01;17;1;0.000113723623;0.000061461365;0.000137357100;0.000049098632;
2018;10;01;18;1;0.000119146422;0.000062758211;0.000139914123;0.000054711059;
2018;10;01;19;1;0.000126161941;0.000076767641;0.000139659734;0.000073858832;
2018;10;01;20;1;0.000137547579;0.000105021685;0.000141280817;0.000108451020;
2018;10;01;21;1;0.000150694647;0.000151804693;0.000139200382;0.000208798143;
2018;10;01;22;1;0.000146947247;0.000156121294;0.000120128482;0.000220354830;
2018;10;01;23;1;0.000125378090;0.000150361103;0.000103663555;0.000213174263;
2018;10;01;24;1;0.000100775056;0.000144470050;0.000092694637;0.000195872656;
2018;10;02;1;1;0.000080428539;0.000135288585;0.000083113847;0.000168476927;
2018;10;02;2;1;0.000066830120;0.000125059988;0.000079661044;0.000177003411;
2018;10;02;3;1;0.000060482665;0.000119581634;0.000077843075;0.000173301092;
2018;10;02;4;1;0.000057877103;0.000117500875;0.000077086384;0.000167704625;
2018;10;02;5;1;0.000056995430;0.000116415615;0.000077036969;0.000162158165;
2018;10;02;6;1;0.000058759983;0.000117029079;0.000079346774;0.000157402397;
2018;10;02;7;1;0.000068247219;0.000122795140;0.000088513136;0.000153622287;
2018;10;02;8;1;0.000092801788;0.000127008319;0.000106327257;0.000148134402;
2018;10;02;9;1;0.000111281502;0.000093732718;0.000132044311;0.000073300767;
2018;10;02;10;1;0.000118852090;0.000076628914;0.000152326535;0.000051325250;
2018;10;02;11;1;0.000125816015;0.000076060581;0.000160851681;0.000051511674;
2018;10;02;12;1;0.000127936994;0.000073783333;0.000162532214;0.000051586211;
2018;10;02;13;1;0.000131362292;0.000071911062;0.000164309710;0.000053274818;
2018;10;02;14;1;0.000135173052;0.000071816692;0.000156462837;0.000052936189;
2018;10;02;15;1;0.000127495533;0.000069061841;0.000138501897;0.000051848401;
2018;10;02;16;1;0.000117278348;0.000063553227;0.000134063635;0.000046120563;
2018;10;02;17;1;0.000115591322;0.000060876767;0.000136524861;0.000044339050;
2018;10;02;18;1;0.000121253188;0.000062134481;0.000139348396;0.000051085058;
2018;10;02;19;1;0.000127277138;0.000072865236;0.000138560487;0.000068251487;
2018;10;02;20;1;0.000138512318;0.000101378777;0.000140696974;0.000104329266;
2018;10;02;21;1;0.000153003977;0.000155682468;0.000139449939;0.000223634724;
2018;10;02;22;1;0.000148958051;0.000160522652;0.000119898193;0.000234887840;
2018;10;02;23;1;0.000127515884;0.000154322219;0.000102905484;0.000229727083;
2018;10;02;24;1;0.000102469550;0.000149272969;0.000091638287;0.000212380151;
2018;10;03;1;1;0.000081002768;0.000135859236;0.000083709306;0.000169006720;
2018;10;03;2;1;0.000067300210;0.000125508901;0.000080214971;0.000177086692;
2018;10;03;3;1;0.000060910791;0.000120042412;0.000078391260;0.000173575160;
2018;10;03;4;1;0.000058276298;0.000117826733;0.000077601324;0.000167197369;
2018;10;03;5;1;0.000057394522;0.000116811110;0.000077567720;0.000162096340;
2018;10;03;6;1;0.000059173445;0.000117450243;0.000079898863;0.000157469777;
2018;10;03;7;1;0.000068732535;0.000123291773;0.000089142217;0.000153981181;
2018;10;03;8;1;0.000093480922;0.000127679658;0.000107126984;0.000149284678;
2018;10;03;9;1;0.000112088047;0.000094188653;0.000133018886;0.000073735052;
2018;10;03;10;1;0.000119713639;0.000077002157;0.000153451147;0.000051630685;
2018;10;03;11;1;0.000126724054;0.000076416595;0.000162029025;0.000051775497;
2018;10;03;12;1;0.000128885940;0.000074217214;0.000163786934;0.000052120775;
2018;10;03;13;1;0.000132331913;0.000072318351;0.000165566301;0.000053775791;
2018;10;03;14;1;0.000136185115;0.000072268916;0.000157692551;0.000053578687;
2018;10;03;15;1;0.000128441707;0.000069469367;0.000139572170;0.000052387400;
2018;10;03;16;1;0.000118135211;0.000063884526;0.000135068775;0.000046462746;
2018;10;03;17;1;0.000116442128;0.000061213855;0.000137563262;0.000044730107;
2018;10;03;18;1;0.000122141837;0.000062466798;0.000140399467;0.000051494014;
2018;10;03;19;1;0.000128205727;0.000073240638;0.000139596466;0.000068741548;
2018;10;03;20;1;0.000139526414;0.000101916817;0.000141756136;0.000105153068;
2018;10;03;21;1;0.000154112695;0.000156438358;0.000140478765;0.000224950548;
2018;10;03;22;1;0.000150008043;0.000161112605;0.000120735435;0.000235073968;
2018;10;03;23;1;0.000128406254;0.000154828156;0.000103610391;0.000229518452;
2018;10;03;24;1;0.000103198218;0.000149877025;0.000092289582;0.000212888389;
2018;10;04;1;1;0.000081183488;0.000136068668;0.000083898659;0.000169367205;
2018;10;04;2;1;0.000067447101;0.000125666048;0.000080388656;0.000177244853;
2018;10;04;3;1;0.000061042744;0.000120180991;0.000078558441;0.000173656763;
2018;10;04;4;1;0.000058406528;0.000118010946;0.000077777428;0.000167569758;
2018;10;04;5;1;0.000057518110;0.000116936820;0.000077731125;0.000162117075;
2018;10;04;6;1;0.000059297422;0.000117535489;0.000080057874;0.000157246296;
2018;10;04;7;1;0.000068876695;0.000123382768;0.000089320021;0.000153767076;
2018;10;04;8;1;0.000093681452;0.000127810640;0.000107350900;0.000149267597;
2018;10;04;9;1;0.000112335044;0.000094318323;0.000133312476;0.000073839231;
2018;10;04;10;1;0.000119978856;0.000077113649;0.000153793467;0.000051719794;
2018;10;04;11;1;0.000127022294;0.000076590592;0.000162435227;0.000052052303;
2018;10;04;12;1;0.000129174292;0.000074334399;0.000164159466;0.000052240478;
2018;10;04;13;1;0.000132635298;0.000072456539;0.000165961207;0.000053976745;
2018;10;04;14;1;0.000136495165;0.000072400077;0.000158063649;0.000053756223;
2018;10;04;15;1;0.000128734549;0.000069596797;0.000139901538;0.000052565160;
2018;10;04;16;1;0.000118409172;0.000064016655;0.000135398070;0.000046667199;
2018;10;04;17;1;0.000116714909;0.000061349097;0.000137905125;0.000044954043;
2018;10;04;18;1;0.000122431827;0.000062616624;0.000140757244;0.000051793877;
2018;10;04;19;1;0.000128511302;0.000073420580;0.000139954810;0.000069162655;
2018;10;04;20;1;0.000139834946;0.000102061798;0.000142071185;0.000105322201;
2018;10;04;21;1;0.000154438239;0.000156568062;0.000140763182;0.000224731885;
2018;10;04;22;1;0.000150327762;0.000161264736;0.000120984472;0.000234968457;
2018;10;04;23;1;0.000128682376;0.000154992008;0.000103828048;0.000229528650;
2018;10;04;24;1;0.000103424127;0.000150070396;0.000092490600;0.000213111529;
2018;10;05;1;1;0.000082296767;0.000138210359;0.000084924021;0.000171272556;
2018;10;05;2;1;0.000068410422;0.000127411861;0.000081273529;0.000180049787;
2018;10;05;3;1;0.000061664805;0.000121846155;0.000078921132;0.000176212656;
2018;10;05;4;1;0.000058804346;0.000119444980;0.000077867558;0.000171283334;
2018;10;05;5;1;0.000057725145;0.000118045293;0.000077699759;0.000167042249;
2018;10;05;6;1;0.000059499526;0.000118410614;0.000080008755;0.000161486393;
2018;10;05;7;1;0.000068886788;0.000124286343;0.000089241743;0.000157600316;
2018;10;05;8;1;0.000092975218;0.000128948454;0.000107253589;0.000151431727;
2018;10;05;9;1;0.000111902606;0.000095128548;0.000132192517;0.000074423705;
2018;10;05;10;1;0.000119952229;0.000077924657;0.000152294822;0.000052339498;
2018;10;05;11;1;0.000127814299;0.000077393556;0.000160339587;0.000053733134;
2018;10;05;12;1;0.000129742852;0.000074930955;0.000162221288;0.000053610567;
2018;10;05;13;1;0.000132830379;0.000073095694;0.000163996767;0.000054949256;
2018;10;05;14;1;0.000136322751;0.000072780896;0.000156226804;0.000055262278;
2018;10;05;15;1;0.000130190262;0.000070954610;0.000137565873;0.000054530047;
2018;10;05;16;1;0.000120072064;0.000065117894;0.000128857984;0.000051092583;
2018;10;05;17;1;0.000116971493;0.000062303316;0.000128178549;0.000047593416;
2018;10;05;18;1;0.000121145332;0.000063174562;0.000130366760;0.000053689912;
2018;10;05;19;1;0.000125432299;0.000072797713;0.000131620215;0.000069260641;
2018;10;05;20;1;0.000133890517;0.000100405624;0.000137520530;0.000104935374;
2018;10;05;21;1;0.000144881962;0.000153640752;0.000141356308;0.000223409850;
2018;10;05;22;1;0.000142439722;0.000158697344;0.000124535440;0.000231876793;
2018;10;05;23;1;0.000126211652;0.000155198204;0.000109175544;0.000227942103;
2018;10;05;24;1;0.000106744447;0.000153157632;0.000098733582;0.000213751217;
2018;10;06;1;1;0.000087981497;0.000139279212;0.000090240265;0.000165366756;
2018;10;06;2;1;0.000073789216;0.000128997866;0.000084193988;0.000173803669;
2018;10;06;3;1;0.000065070018;0.000122344499;0.000080969514;0.000172952202;
2018;10;06;4;1;0.000060697688;0.000119556865;0.000079490569;0.000167240410;
2018;10;06;5;1;0.000058535628;0.000118082086;0.000078914117;0.000160254269;
2018;10;06;6;1;0.000058655232;0.000117923256;0.000079969178;0.000156672367;
2018;10;06;7;1;0.000061495813;0.000120317085;0.000083394651;0.000155188250;
2018;10;06;8;1;0.000069047264;0.000119304923;0.000088013086;0.000147477672;
2018;10;06;9;1;0.000085000340;0.000082649157;0.000088153438;0.000066686649;
2018;10;06;10;1;0.000107692418;0.000073726963;0.000096324365;0.000047035594;
2018;10;06;11;1;0.000123634836;0.000079832620;0.000107878315;0.000052816860;
2018;10;06;12;1;0.000127747129;0.000079201874;0.000112866012;0.000052560041;
2018;10;06;13;1;0.000129948985;0.000076358915;0.000115411037;0.000052725401;
2018;10;06;14;1;0.000135124662;0.000074494685;0.000112224541;0.000053204550;
2018;10;06;15;1;0.000130464451;0.000073040860;0.000103432315;0.000055968540;
2018;10;06;16;1;0.000115125080;0.000065828549;0.000099758749;0.000050333341;
2018;10;06;17;1;0.000106659874;0.000060948743;0.000098478538;0.000045120925;
2018;10;06;18;1;0.000105407751;0.000059421688;0.000101214633;0.000042522247;
2018;10;06;19;1;0.000108057920;0.000065006786;0.000103527305;0.000051964497;
2018;10;06;20;1;0.000116388336;0.000091782218;0.000114564724;0.000086775788;
2018;10;06;21;1;0.000130822470;0.000146341539;0.000126624217;0.000208236825;
2018;10;06;22;1;0.000133939692;0.000152621876;0.000116822746;0.000223112676;
2018;10;06;23;1;0.000120787758;0.000150223943;0.000106425358;0.000222340425;
2018;10;06;24;1;0.000104442037;0.000149380709;0.000098119552;0.000210221715;
2018;10;07;1;1;0.000086500619;0.000136505986;0.000089406058;0.000164406464;
2018;10;07;2;1;0.000072332361;0.000126137795;0.000082831529;0.000165682410;
2018;10;07;3;1;0.000064438223;0.000119897912;0.000079651989;0.000161689330;
2018;10;07;4;1;0.000059719078;0.000116251695;0.000078136151;0.000158642524;
2018;10;07;5;1;0.000057852102;0.000115098324;0.000077646382;0.000154639537;
2018;10;07;6;1;0.000057255146;0.000114306162;0.000078315354;0.000151068727;
2018;10;07;7;1;0.000059288523;0.000115966895;0.000080205398;0.000147016441;
2018;10;07;8;1;0.000063455203;0.000109416075;0.000080582743;0.000133846988;
2018;10;07;9;1;0.000074476373;0.000073002530;0.000074492324;0.000058054371;
2018;10;07;10;1;0.000093465485;0.000064963235;0.000077335964;0.000044467561;
2018;10;07;11;1;0.000109508661;0.000073481628;0.000082753114;0.000048865315;
2018;10;07;12;1;0.000116440636;0.000076175683;0.000087209071;0.000052608852;
2018;10;07;13;1;0.000119642356;0.000074408475;0.000090303327;0.000052623866;
2018;10;07;14;1;0.000124659039;0.000072671544;0.000090436326;0.000050856827;
2018;10;07;15;1;0.000122071107;0.000070240422;0.000088465671;0.000051983458;
2018;10;07;16;1;0.000107624268;0.000062386360;0.000086229995;0.000046858976;
2018;10;07;17;1;0.000099887933;0.000057596857;0.000083478115;0.000043944534;
2018;10;07;18;1;0.000098575722;0.000056448519;0.000081713962;0.000047453942;
2018;10;07;19;1;0.000103947131;0.000064705528;0.000084227005;0.000061927533;
2018;10;07;20;1;0.000116246627;0.000091875816;0.000093274483;0.000089500981;
2018;10;07;21;1;0.000133883383;0.000146926092;0.000104908537;0.000204024667;
2018;10;07;22;1;0.000135870902;0.000152518993;0.000101303685;0.000216786793;
2018;10;07;23;1;0.000119301790;0.000147695895;0.000094575839;0.000210608253;
2018;10;07;24;1;0.000098249471;0.000144002718;0.000086990614;0.000194977397;
2018;10;08;1;1;0.000077428268;0.000129183264;0.000079454918;0.000158810340;
2018;10;08;2;1;0.000063427375;0.000118209799;0.000076892184;0.000163219012;
2018;10;08;3;1;0.000057497223;0.000113113680;0.000074941485;0.000159879914;
2018;10;08;4;1;0.000055064159;0.000111038877;0.000074122979;0.000155225798;
2018;10;08;5;1;0.000054265525;0.000109977693;0.000074358288;0.000150664181;
2018;10;08;6;1;0.000055878223;0.000110512972;0.000076611653;0.000147305091;
2018;10;08;7;1;0.000064500983;0.000115742377;0.000085352895;0.000143233620;
2018;10;08;8;1;0.000086960902;0.000117397802;0.000101363253;0.000136919831;
2018;10;08;9;1;0.000103973091;0.000088274428;0.000125313314;0.000071114714;
2018;10;08;10;1;0.000112164868;0.000074913742;0.000145900660;0.000051631411;
2018;10;08;11;1;0.000119776796;0.000074880716;0.000153909171;0.000053004907;
2018;10;08;12;1;0.000121988912;0.000072460333;0.000156114856;0.000052759834;
2018;10;08;13;1;0.000124875760;0.000070732058;0.000158068450;0.000053263028;
2018;10;08;14;1;0.000128902779;0.000070629603;0.000150843132;0.000054569027;
2018;10;08;15;1;0.000122068726;0.000068526998;0.000133850172;0.000054626883;
2018;10;08;16;1;0.000111922507;0.000062780873;0.000129487759;0.000048760647;
2018;10;08;17;1;0.000109457283;0.000059806200;0.000132032162;0.000047353679;
2018;10;08;18;1;0.000114674570;0.000061061364;0.000134485170;0.000052739471;
2018;10;08;19;1;0.000121457796;0.000074805714;0.000134309138;0.000071654014;
2018;10;08;20;1;0.000132475412;0.000102600929;0.000135984186;0.000106408571;
2018;10;08;21;1;0.000145171950;0.000148515961;0.000134045045;0.000206130333;
2018;10;08;22;1;0.000141557912;0.000152712466;0.000115672943;0.000217354327;
2018;10;08;23;1;0.000120770029;0.000147006764;0.000099802536;0.000209834601;
2018;10;08;24;1;0.000097061293;0.000141160579;0.000089223887;0.000192298531;
2018;10;09;1;1;0.000077351575;0.000132129308;0.000079879493;0.000165616285;
2018;10;09;2;1;0.000064268562;0.000122084696;0.000076549556;0.000173664186;
2018;10;09;3;1;0.000058169622;0.000116799340;0.000074816014;0.000170422181;
2018;10;09;4;1;0.000055656955;0.000114683801;0.000074070794;0.000164408125;
2018;10;09;5;1;0.000054818376;0.000113739592;0.000074048346;0.000159660636;
2018;10;09;6;1;0.000056514341;0.000114324759;0.000076265348;0.000154899717;
2018;10;09;7;1;0.000065641405;0.000119984120;0.000085081975;0.000151328738;
2018;10;09;8;1;0.000089261960;0.000124130279;0.000102213623;0.000146072554;
2018;10;09;9;1;0.000107035622;0.000091602784;0.000126932971;0.000072260820;
2018;10;09;10;1;0.000114307793;0.000074849940;0.000146405563;0.000050485583;
2018;10;09;11;1;0.000121015346;0.000074331312;0.000154624624;0.000050777640;
2018;10;09;12;1;0.000123056880;0.000072111066;0.000156243869;0.000050867199;
2018;10;09;13;1;0.000126328304;0.000070203671;0.000157894535;0.000052280111;
2018;10;09;14;1;0.000130011376;0.000070170936;0.000150396470;0.000052138855;
2018;10;09;15;1;0.000122618053;0.000067449573;0.000133112422;0.000050970110;
2018;10;09;16;1;0.000112752956;0.000061941710;0.000128758288;0.000044937161;
2018;10;09;17;1;0.000111119125;0.000059294964;0.000131094024;0.000043080651;
2018;10;09;18;1;0.000116556805;0.000060503998;0.000133793462;0.000049578050;
2018;10;09;19;1;0.000122350097;0.000070961885;0.000133042682;0.000066264475;
2018;10;09;20;1;0.000133221730;0.000099049673;0.000135239070;0.000102737664;
2018;10;09;21;1;0.000147163003;0.000152124833;0.000134046097;0.000220332714;
2018;10;09;22;1;0.000143258903;0.000156771263;0.000115231675;0.000230883207;
2018;10;09;23;1;0.000122641236;0.000150746039;0.000098906977;0.000226005164;
2018;10;09;24;1;0.000098554760;0.000145835018;0.000088081856;0.000209070556;
2018;10;10;1;1;0.000078854749;0.000133419708;0.000081420558;0.000165717422;
2018;10;10;2;1;0.000065515388;0.000123253460;0.000078021375;0.000173631676;
2018;10;10;3;1;0.000059301133;0.000117953150;0.000076262223;0.000170608189;
2018;10;10;4;1;0.000056734179;0.000115750516;0.000075488200;0.000164181785;
2018;10;10;5;1;0.000055872944;0.000114718286;0.000075447965;0.000158963074;
2018;10;10;6;1;0.000057612747;0.000115442220;0.000077737082;0.000154976211;
2018;10;10;7;1;0.000066936834;0.000121370349;0.000086774739;0.000152563749;
2018;10;10;8;1;0.000091040075;0.000125701623;0.000104285127;0.000147969304;
2018;10;10;9;1;0.000109191783;0.000092884889;0.000129562390;0.000073620871;
2018;10;10;10;1;0.000116611857;0.000075903010;0.000149441964;0.000051451003;
2018;10;10;11;1;0.000123458222;0.000075390306;0.000157840712;0.000051787960;
2018;10;10;12;1;0.000125541793;0.000073141312;0.000159495735;0.000051888133;
2018;10;10;13;1;0.000128895192;0.000071259431;0.000161220562;0.000053500775;
2018;10;10;14;1;0.000132633980;0.000071164484;0.000153520265;0.000053154320;
2018;10;10;15;1;0.000125074902;0.000068350123;0.000135841129;0.000051784201;
2018;10;10;16;1;0.000115022954;0.000062804161;0.000131422447;0.000045767039;
2018;10;10;17;1;0.000113361035;0.000060135905;0.000133817866;0.000043925390;
2018;10;10;18;1;0.000118901971;0.000061342135;0.000136558572;0.000050479402;
2018;10;10;19;1;0.000124808456;0.000071933457;0.000135784971;0.000067426395;
2018;10;10;20;1;0.000135882288;0.000100333613;0.000137993618;0.000104209965;
2018;10;10;21;1;0.000150107221;0.000154128849;0.000136785885;0.000223686826;
2018;10;10;22;1;0.000146094699;0.000158638994;0.000117538135;0.000233140504;
2018;10;10;23;1;0.000125066732;0.000152526153;0.000100883179;0.000228114259;
2018;10;10;24;1;0.000100504209;0.000147559886;0.000089842329;0.000211037905;
2018;10;11;1;1;0.000078545817;0.000133403460;0.000081128500;0.000167236465;
2018;10;11;2;1;0.000065254159;0.000123186877;0.000077730655;0.000174907125;
2018;10;11;3;1;0.000059063347;0.000117873558;0.000075974628;0.000171763993;
2018;10;11;4;1;0.000056505191;0.000115654208;0.000075199552;0.000165185052;
2018;10;11;5;1;0.000055650343;0.000114658924;0.000075167340;0.000160155357;
2018;10;11;6;1;0.000057383017;0.000115380593;0.000077447430;0.000156139275;
2018;10;11;7;1;0.000066650049;0.000121088530;0.000086399864;0.000152516027;
2018;10;11;8;1;0.000090639496;0.000125322241;0.000103810485;0.000147472941;
2018;10;11;9;1;0.000108720102;0.000092649405;0.000128993505;0.000073528605;
2018;10;11;10;1;0.000116097874;0.000075670484;0.000148759526;0.000051268636;
2018;10;11;11;1;0.000122917941;0.000075173585;0.000157129838;0.000051646796;
2018;10;11;12;1;0.000124993490;0.000072934894;0.000158780191;0.000051758494;
2018;10;11;13;1;0.000128336568;0.000071072687;0.000160508097;0.000053413771;
2018;10;11;14;1;0.000132064902;0.000070996495;0.000152855133;0.000053127371;
2018;10;11;15;1;0.000124536693;0.000068183647;0.000135249197;0.000051741176;
2018;10;11;16;1;0.000114533877;0.000062670473;0.000130863198;0.000045789850;
2018;10;11;17;1;0.000112875221;0.000059995793;0.000133239448;0.000043909233;
2018;10;11;18;1;0.000118384085;0.000061173406;0.000135949185;0.000050368910;
2018;10;11;19;1;0.000124254524;0.000071699733;0.000135156571;0.000067131033;
2018;10;11;20;1;0.000135257690;0.000099911592;0.000137311248;0.000103311152;
2018;10;11;21;1;0.000149378699;0.000153243643;0.000136039312;0.000220289812;
2018;10;11;22;1;0.000145402874;0.000157840914;0.000116924357;0.000230336313;
2018;10;11;23;1;0.000124477507;0.000151781102;0.000100361254;0.000225518059;
2018;10;11;24;1;0.000100046747;0.000146980367;0.000089406190;0.000209505555;
2018;10;12;1;1;0.000089465524;0.000139550042;0.000092545624;0.000168047927;
2018;10;12;2;1;0.000074819234;0.000129028899;0.000085757631;0.000169789768;
2018;10;12;3;1;0.000066661012;0.000122726654;0.000082483888;0.000166164726;
2018;10;12;4;1;0.000061780207;0.000119007393;0.000080917106;0.000163109916;
2018;10;12;5;1;0.000059849593;0.000117836398;0.000080412065;0.000159057281;
2018;10;12;6;1;0.000059220547;0.000116890123;0.000081073466;0.000154624384;
2018;10;12;7;1;0.000061304892;0.000118370297;0.000082979098;0.000149286200;
2018;10;12;8;1;0.000065635470;0.000111910376;0.000083425888;0.000137109197;
2018;10;12;9;1;0.000077046563;0.000074732606;0.000077143132;0.000059703380;
2018;10;12;10;1;0.000096690249;0.000066499696;0.000080086731;0.000045721062;
2018;10;12;11;1;0.000113271816;0.000075159014;0.000085673648;0.000050064598;
2018;10;12;12;1;0.000120417235;0.000077818425;0.000090249734;0.000053611620;
2018;10;12;13;1;0.000123723881;0.000075996828;0.000093445204;0.000053577180;
2018;10;12;14;1;0.000128892373;0.000074156119;0.000093554767;0.000051577555;
2018;10;12;15;1;0.000126188144;0.000071578901;0.000091474991;0.000052417504;
2018;10;12;16;1;0.000111259804;0.000063594716;0.000089172453;0.000047311383;
2018;10;12;17;1;0.000103283580;0.000058785481;0.000086362511;0.000044606411;
2018;10;12;18;1;0.000101904059;0.000057536424;0.000084499742;0.000047889199;
2018;10;12;19;1;0.000107453691;0.000065940536;0.000087093328;0.000062438213;
2018;10;12;20;1;0.000120172990;0.000093651949;0.000096456530;0.000090327244;
2018;10;12;21;1;0.000138358962;0.000149464623;0.000108414603;0.000204110320;
2018;10;12;22;1;0.000140404263;0.000155097643;0.000104676405;0.000216557670;
2018;10;12;23;1;0.000123301462;0.000150333920;0.000097754959;0.000211265616;
2018;10;12;24;1;0.000101534363;0.000146497263;0.000089898858;0.000195145031;
2018;10;13;1;1;0.000083544875;0.000134453437;0.000085541966;0.000158795104;
2018;10;13;2;1;0.000070063716;0.000124480026;0.000079800131;0.000166621122;
2018;10;13;3;1;0.000061784683;0.000118058625;0.000076743781;0.000165787730;
2018;10;13;4;1;0.000057636695;0.000115411911;0.000075351407;0.000160577586;
2018;10;13;5;1;0.000055585184;0.000114006829;0.000074809049;0.000153976374;
2018;10;13;6;1;0.000055714929;0.000114051975;0.000075853249;0.000151676330;
2018;10;13;7;1;0.000058432523;0.000116599549;0.000079154996;0.000151547309;
2018;10;13;8;1;0.000065616765;0.000115713511;0.000083561441;0.000144534172;
2018;10;13;9;1;0.000080774325;0.000080143752;0.000083688650;0.000065292873;
2018;10;13;10;1;0.000102336117;0.000071483263;0.000091442003;0.000046028012;
2018;10;13;11;1;0.000117508127;0.000077492364;0.000102449604;0.000051946426;
2018;10;13;12;1;0.000121410834;0.000076857994;0.000107176056;0.000051628581;
2018;10;13;13;1;0.000123502269;0.000074094782;0.000109590629;0.000051777293;
2018;10;13;14;1;0.000128439822;0.000072348615;0.000106595752;0.000052442458;
2018;10;13;15;1;0.000124032515;0.000071012959;0.000098279894;0.000055418110;
2018;10;13;16;1;0.000109449335;0.000064000732;0.000094789247;0.000049837790;
2018;10;13;17;1;0.000101403653;0.000059264153;0.000093576848;0.000044702918;
2018;10;13;18;1;0.000100189946;0.000057699131;0.000096132099;0.000041879812;
2018;10;13;19;1;0.000102711632;0.000063132531;0.000098333841;0.000051218579;
2018;10;13;20;1;0.000110650939;0.000089238515;0.000108859035;0.000085969861;
2018;10;13;21;1;0.000124371756;0.000142272496;0.000120314420;0.000206193418;
2018;10;13;22;1;0.000127331409;0.000148350380;0.000110994590;0.000220722640;
2018;10;13;23;1;0.000114839786;0.000146106624;0.000101136032;0.000220524159;
2018;10;13;24;1;0.000099308375;0.000145368511;0.000093260648;0.000209003021;
2018;10;14;1;1;0.000085297294;0.000135258254;0.000088130355;0.000162906357;
2018;10;14;2;1;0.000071326964;0.000124993540;0.000081651534;0.000164219830;
2018;10;14;3;1;0.000063537765;0.000118756622;0.000078505462;0.000159949885;
2018;10;14;4;1;0.000058875782;0.000115042202;0.000076988476;0.000156331334;
2018;10;14;5;1;0.000057034582;0.000113893567;0.000076504314;0.000152339425;
2018;10;14;6;1;0.000056455632;0.000113224630;0.000077189607;0.000149473978;
2018;10;14;7;1;0.000058463766;0.000114906766;0.000079061002;0.000145667559;
2018;10;14;8;1;0.000062568580;0.000108375232;0.000079423051;0.000132403293;
2018;10;14;9;1;0.000073444908;0.000072362109;0.000073438577;0.000057613666;
2018;10;14;10;1;0.000092165723;0.000064371035;0.000076233209;0.000044062998;
2018;10;14;11;1;0.000107996012;0.000072853260;0.000081588558;0.000048542219;
2018;10;14;12;1;0.000114851873;0.000075601805;0.000086011220;0.000052493858;
2018;10;14;13;1;0.000118021541;0.000073891535;0.000089080529;0.000052642598;
2018;10;14;14;1;0.000122964654;0.000072146827;0.000089203582;0.000050813141;
2018;10;14;15;1;0.000120388266;0.000069651382;0.000087225559;0.000051677552;
2018;10;14;16;1;0.000106131504;0.000061831494;0.000085006677;0.000046480803;
2018;10;14;17;1;0.000098504131;0.000057090296;0.000082296602;0.000043607988;
2018;10;14;18;1;0.000097208424;0.000055946243;0.000080554640;0.000047068835;
2018;10;14;19;1;0.000102526686;0.000064210182;0.000083066647;0.000061762635;
2018;10;14;20;1;0.000114696572;0.000091357543;0.000092051306;0.000090075498;
2018;10;14;21;1;0.000132060729;0.000145846756;0.000103474025;0.000203754066;
2018;10;14;22;1;0.000134032892;0.000151477561;0.000099935899;0.000216980607;
2018;10;14;23;1;0.000117678905;0.000146619850;0.000093284591;0.000210372912;
2018;10;14;24;1;0.000096912089;0.000142945712;0.000085801372;0.000194710323;
2018;10;15;1;1;0.000077023061;0.000128646320;0.000079016160;0.000157732889;
2018;10;15;2;1;0.000063081855;0.000117566855;0.000076434672;0.000161217441;
2018;10;15;3;1;0.000057184181;0.000112500357;0.000074496024;0.000157927546;
2018;10;15;4;1;0.000054760954;0.000110395570;0.000073673211;0.000153082614;
2018;10;15;5;1;0.000053970576;0.000109386958;0.000073917638;0.000148846170;
2018;10;15;6;1;0.000055582499;0.000110013465;0.000076179515;0.000146050741;
2018;10;15;7;1;0.000064164847;0.000115275491;0.000084885267;0.000142314050;
2018;10;15;8;1;0.000086520314;0.000117026992;0.000100837295;0.000136571813;
2018;10;15;9;1;0.000103465477;0.000088093552;0.000124709291;0.000071277736;
2018;10;15;10;1;0.000111593260;0.000074663780;0.000145134957;0.000051460369;
2018;10;15;11;1;0.000119174926;0.000074662945;0.000153123361;0.000052928071;
2018;10;15;12;1;0.000121380302;0.000072265246;0.000155328986;0.000052733011;
2018;10;15;13;1;0.000124246489;0.000070520293;0.000157256901;0.000053166002;
2018;10;15;14;1;0.000128254002;0.000070420743;0.000150070520;0.000054478420;
2018;10;15;15;1;0.000121446649;0.000068298415;0.000133147727;0.000054446937;
2018;10;15;16;1;0.000111357044;0.000062587980;0.000128819559;0.000048655327;
2018;10;15;17;1;0.000108917355;0.000059665414;0.000131382383;0.000047398992;
2018;10;15;18;1;0.000114099851;0.000060888628;0.000133802080;0.000052681239;
2018;10;15;19;1;0.000120869378;0.000074669606;0.000133671868;0.000071894628;
2018;10;15;20;1;0.000131862657;0.000102550521;0.000135398672;0.000107398634;
2018;10;15;21;1;0.000144486993;0.000148358045;0.000133442875;0.000207485307;
2018;10;15;22;1;0.000140868808;0.000152411993;0.000115118635;0.000217915626;
2018;10;15;23;1;0.000120197728;0.000146831432;0.000099350059;0.000211074346;
2018;10;15;24;1;0.000096611466;0.000141080770;0.000088837983;0.000193958594;
2018;10;16;1;1;0.000078624766;0.000133325441;0.000081199355;0.000166265151;
2018;10;16;2;1;0.000065315775;0.000123070000;0.000077789081;0.000173619325;
2018;10;16;3;1;0.000059114939;0.000117711798;0.000076020988;0.000170186403;
2018;10;16;4;1;0.000056561720;0.000115583179;0.000075264515;0.000164201849;
2018;10;16;5;1;0.000055710554;0.000114644397;0.000075244524;0.000159536011;
2018;10;16;6;1;0.000057442552;0.000115335059;0.000077520063;0.000155350604;
2018;10;16;7;1;0.000066715690;0.000121002209;0.000086471781;0.000151528754;
2018;10;16;8;1;0.000090752474;0.000125429897;0.000103951236;0.000147529776;
2018;10;16;9;1;0.000108862146;0.000092762340;0.000129183891;0.000073671271;
2018;10;16;10;1;0.000116239385;0.000075722950;0.000148953013;0.000051251299;
2018;10;16;11;1;0.000123062107;0.000075204958;0.000157319747;0.000051567654;
2018;10;16;12;1;0.000125131651;0.000072935812;0.000158950653;0.000051588635;
2018;10;16;13;1;0.000128472611;0.000071054317;0.000160665878;0.000053176359;
2018;10;16;14;1;0.000132198334;0.000070957089;0.000152990211;0.000052824352;
2018;10;16;15;1;0.000124661281;0.000068141751;0.000135366030;0.000051432903;
2018;10;16;16;1;0.000114643266;0.000062614920;0.000130964376;0.000045463034;
2018;10;16;17;1;0.000112988102;0.000059958720;0.000133354437;0.000043645975;
2018;10;16;18;1;0.000118511118;0.000061162323;0.000136086355;0.000050161234;
2018;10;16;19;1;0.000124400201;0.000071729423;0.000135319794;0.000067026650;
2018;10;16;20;1;0.000135456929;0.000100134103;0.000137559731;0.000103980014;
2018;10;16;21;1;0.000149638826;0.000153831466;0.000136358510;0.000223247666;
2018;10;16;22;1;0.000145653013;0.000158425274;0.000117193719;0.000233266238;
2018;10;16;23;1;0.000124677526;0.000152239498;0.000100569674;0.000227713716;
2018;10;16;24;1;0.000100203676;0.000147390295;0.000089585001;0.000211330831;
2018;10;17;1;1;0.000079470205;0.000134186364;0.000082087735;0.000167004376;
2018;10;17;2;1;0.000066028259;0.000123978798;0.000078664333;0.000175082186;
2018;10;17;3;1;0.000059757912;0.000118558872;0.000076871538;0.000171484168;
2018;10;17;4;1;0.000057171797;0.000116352429;0.000076092961;0.000165071632;
2018;10;17;5;1;0.000056303656;0.000115311675;0.000076051698;0.000159807423;
2018;10;17;6;1;0.000058054313;0.000116008809;0.000078352232;0.000155624816;
2018;10;17;7;1;0.000067432188;0.000121773870;0.000087415547;0.000152147761;
2018;10;17;8;1;0.000091733219;0.000126280283;0.000105099760;0.000148391511;
2018;10;17;9;1;0.000110038466;0.000093390552;0.000130610888;0.000074098870;
2018;10;17;10;1;0.000117491366;0.000076219987;0.000150587992;0.000051502598;
2018;10;17;11;1;0.000124373703;0.000075647952;0.000159011093;0.000051670299;
2018;10;17;12;1;0.000126469670;0.000073380631;0.000160670622;0.000051737698;
2018;10;17;13;1;0.000129841792;0.000071472602;0.000162392997;0.000053281458;
2018;10;17;14;1;0.000133608572;0.000071379168;0.000154637951;0.000052943263;
2018;10;17;15;1;0.000125997075;0.000068566522;0.000136836892;0.000051611897;
2018;10;17;16;1;0.000115888473;0.000063059903;0.000132425706;0.000045792578;
2018;10;17;17;1;0.000114216182;0.000060387539;0.000134844448;0.000043971075;
2018;10;17;18;1;0.000119800409;0.000061603413;0.000137609606;0.000050548162;
2018;10;17;19;1;0.000125750434;0.000072236049;0.000136827673;0.000067502184;
2018;10;17;20;1;0.000136942980;0.000100911538;0.000139124720;0.000105039641;
2018;10;17;21;1;0.000151260892;0.000154904783;0.000137874112;0.000224741808;
2018;10;17;22;1;0.000147216191;0.000159428779;0.000118471069;0.000234179973;
2018;10;17;23;1;0.000126011634;0.000153175003;0.000101659448;0.000228420620;
2018;10;17;24;1;0.000101267718;0.000148224265;0.000090541115;0.000211546542;
2018;10;18;1;1;0.000079413240;0.000134255112;0.000082042350;0.000167714167;
2018;10;18;2;1;0.000065969458;0.000123913311;0.000078593519;0.000175043391;
2018;10;18;3;1;0.000059707959;0.000118535052;0.000076810733;0.000171687983;
2018;10;18;4;1;0.000057125619;0.000116348754;0.000076037065;0.000165388816;
2018;10;18;5;1;0.000056261331;0.000115346805;0.000076004347;0.000160348141;
2018;10;18;6;1;0.000058010079;0.000116037270;0.000078301860;0.000156116696;
2018;10;18;7;1;0.000067385346;0.000121853285;0.000087371129;0.000152904902;
2018;10;18;8;1;0.000091651616;0.000126214361;0.000105005356;0.000148363493;
2018;10;18;9;1;0.000109947714;0.000093378120;0.000130510505;0.000074209426;
2018;10;18;10;1;0.000117399791;0.000076230580;0.000150485902;0.000051640331;
2018;10;18;11;1;0.000124280862;0.000075673464;0.000158913777;0.000051853299;
2018;10;18;12;1;0.000126376886;0.000073411036;0.000160576414;0.000051938330;
2018;10;18;13;1;0.000129725164;0.000071431572;0.000162244318;0.000053259323;
2018;10;18;14;1;0.000133496518;0.000071363691;0.000154514789;0.000053003014;
2018;10;18;15;1;0.000125876375;0.000068502596;0.000136695267;0.000051510507;
2018;10;18;16;1;0.000115758338;0.000062938722;0.000132244962;0.000045506884;
2018;10;18;17;1;0.000114076857;0.000060236351;0.000134634264;0.000043585632;
2018;10;18;18;1;0.000119675304;0.000061514044;0.000137443422;0.000050335032;
2018;10;18;19;1;0.000125623098;0.000072144848;0.000136671084;0.000067270303;
2018;10;18;20;1;0.000136812999;0.000100822670;0.000138983163;0.000104854773;
2018;10;18;21;1;0.000151088971;0.000154594292;0.000137682159;0.000223256252;
2018;10;18;22;1;0.000147060677;0.000159186185;0.000118325146;0.000233127169;
2018;10;18;23;1;0.000125890834;0.000153031601;0.000101554093;0.000227969074;
2018;10;18;24;1;0.000101170798;0.000148086899;0.000090447569;0.000211136963;
2018;10;19;1;1;0.000080807789;0.000136539253;0.000083344514;0.000169091570;
2018;10;19;2;1;0.000067169801;0.000125838970;0.000079755069;0.000177561250;
2018;10;19;3;1;0.000060550914;0.000120394264;0.000077457867;0.000174100499;
2018;10;19;4;1;0.000057745715;0.000118065675;0.000076433326;0.000169502433;
2018;10;19;5;1;0.000056686095;0.000116684026;0.000076269029;0.000165316536;
2018;10;19;6;1;0.000058425346;0.000117006542;0.000078526919;0.000159584101;
2018;10;19;7;1;0.000067640283;0.000122781220;0.000087581503;0.000155564389;
2018;10;19;8;1;0.000091310034;0.000127531489;0.000105297957;0.000150223452;
2018;10;19;9;1;0.000109953468;0.000094366639;0.000129912210;0.000074803664;
2018;10;19;10;1;0.000117855457;0.000077271179;0.000149648877;0.000052518442;
2018;10;19;11;1;0.000125577802;0.000076736077;0.000157548109;0.000053890619;
2018;10;19;12;1;0.000127449011;0.000074211774;0.000159338019;0.000053507328;
2018;10;19;13;1;0.000130451578;0.000072293080;0.000161006959;0.000054512528;
2018;10;19;14;1;0.000133847200;0.000071871624;0.000153300307;0.000054462658;
2018;10;19;15;1;0.000127817941;0.000070041483;0.000134971772;0.000053653384;
2018;10;19;16;1;0.000117887951;0.000064292400;0.000126436309;0.000050313308;
2018;10;19;17;1;0.000114821465;0.000061441843;0.000125720776;0.000046631642;
2018;10;19;18;1;0.000118918419;0.000062300479;0.000127866666;0.000052602259;
2018;10;19;19;1;0.000123138517;0.000071831746;0.000129121051;0.000068018453;
2018;10;19;20;1;0.000131530146;0.000099473453;0.000135090312;0.000104889517;
2018;10;19;21;1;0.000142317532;0.000152147552;0.000138838181;0.000222867685;
2018;10;19;22;1;0.000139913933;0.000157123742;0.000122308923;0.000231105898;
2018;10;19;23;1;0.000123973886;0.000153661198;0.000107224091;0.000227195178;
2018;10;19;24;1;0.000104853948;0.000151659149;0.000096972673;0.000213162761;
2018;10;20;1;1;0.000085912164;0.000137357810;0.000088090152;0.000164134925;
2018;10;20;2;1;0.000072033289;0.000127002732;0.000082141425;0.000171254546;
2018;10;20;3;1;0.000063524075;0.000120480589;0.000079001769;0.000170586783;
2018;10;20;4;1;0.000059250146;0.000117670195;0.000077544431;0.000164558604;
2018;10;20;5;1;0.000057136152;0.000116175991;0.000076972670;0.000157432682;
2018;10;20;6;1;0.000057251228;0.000115999206;0.000077997217;0.000153790646;
2018;10;20;7;1;0.000060027366;0.000118395754;0.000081347834;0.000152561577;
2018;10;20;8;1;0.000067412404;0.000117545485;0.000085888363;0.000145769771;
2018;10;20;9;1;0.000083015988;0.000081597165;0.000086083909;0.000066508824;
2018;10;20;10;1;0.000105179304;0.000072792527;0.000094064772;0.000046919908;
2018;10;20;11;1;0.000120753931;0.000078837269;0.000105355077;0.000052733006;
2018;10;20;12;1;0.000124752869;0.000078148322;0.000110195125;0.000052283023;
2018;10;20;13;1;0.000126897305;0.000075322402;0.000112669598;0.000052383889;
2018;10;20;14;1;0.000131941668;0.000073450833;0.000109542569;0.000052758186;
2018;10;20;15;1;0.000127375463;0.000071964026;0.000100935477;0.000055322664;
2018;10;20;16;1;0.000112382813;0.000064801202;0.000097322083;0.000049565733;
2018;10;20;17;1;0.000104098561;0.000059926077;0.000096034973;0.000044204049;
2018;10;20;18;1;0.000102859768;0.000058367521;0.000098671048;0.000041480569;
2018;10;20;19;1;0.000105462858;0.000063914793;0.000100958063;0.000050896009;
2018;10;20;20;1;0.000113679589;0.000090654319;0.000111891645;0.000086717022;
2018;10;20;21;1;0.000127756108;0.000144394999;0.000123627730;0.000207146048;
2018;10;20;22;1;0.000130787311;0.000150501971;0.000114035595;0.000221361693;
2018;10;20;23;1;0.000117964455;0.000148284469;0.000103920678;0.000221542174;
2018;10;20;24;1;0.000101990586;0.000147363600;0.000095791161;0.000208923765;
2018;10;21;1;1;0.000085152817;0.000134952691;0.000087958682;0.000161886016;
2018;10;21;2;1;0.000071200477;0.000124651638;0.000081479500;0.000162855629;
2018;10;21;3;1;0.000063424810;0.000118428417;0.000078339353;0.000158596765;
2018;10;21;4;1;0.000058772144;0.000114736129;0.000076828259;0.000155073880;
2018;10;21;5;1;0.000056941459;0.000113677564;0.000076364609;0.000151614393;
2018;10;21;6;1;0.000056365149;0.000113030267;0.000077053284;0.000148878325;
2018;10;21;7;1;0.000058363856;0.000114636150;0.000078904577;0.000144681478;
2018;10;21;8;1;0.000062474255;0.000108251152;0.000079297905;0.000132204423;
2018;10;21;9;1;0.000073346579;0.000072352734;0.000073347653;0.000057783199;
2018;10;21;10;1;0.000092037738;0.000064343374;0.000076131222;0.000044134562;
2018;10;21;11;1;0.000107862013;0.000072886688;0.000081503539;0.000048808747;
2018;10;21;12;1;0.000114702678;0.000075609900;0.000085911561;0.000052700109;
2018;10;21;13;1;0.000117844667;0.000073810958;0.000088941754;0.000052576963;
2018;10;21;14;1;0.000122788211;0.000072095733;0.000089075985;0.000050833625;
2018;10;21;15;1;0.000120235800;0.000069672252;0.000087130158;0.000051921125;
2018;10;21;16;1;0.000106007337;0.000061885874;0.000084930115;0.000046817005;
2018;10;21;17;1;0.000098378202;0.000057103482;0.000082204641;0.000043802849;
2018;10;21;18;1;0.000097069501;0.000055908557;0.000080440346;0.000047094798;
2018;10;21;19;1;0.000102361928;0.000064098099;0.000082919221;0.000061504978;
2018;10;21;20;1;0.000114561310;0.000091433825;0.000091966745;0.000090728405;
2018;10;21;21;1;0.000131911185;0.000146008841;0.000103388643;0.000205455600;
2018;10;21;22;1;0.000133855267;0.000151469965;0.000099814870;0.000217685555;
2018;10;21;23;1;0.000117522739;0.000146610827;0.000093171275;0.000211044401;
2018;10;21;24;1;0.000096788682;0.000142982785;0.000085706346;0.000195598641;
2018;10;22;1;1;0.000077681808;0.000129359248;0.000079707012;0.000158651321;
2018;10;22;2;1;0.000063616567;0.000118164983;0.000077091321;0.000161841986;
2018;10;22;3;1;0.000057664892;0.000113025586;0.000075125573;0.000158254122;
2018;10;22;4;1;0.000055223985;0.000110943354;0.000074303044;0.000153592261;
2018;10;22;5;1;0.000054423931;0.000109893397;0.000074541358;0.000149126209;
2018;10;22;6;1;0.000056051442;0.000110546886;0.000076827927;0.000146460290;
2018;10;22;7;1;0.000064708146;0.000115855400;0.000085612936;0.000142826167;
2018;10;22;8;1;0.000087249075;0.000117584822;0.000101692795;0.000136908436;
2018;10;22;9;1;0.000104362067;0.000088641356;0.000125827840;0.000071902727;
2018;10;22;10;1;0.000112571460;0.000075172897;0.000146465805;0.000052046485;
2018;10;22;11;1;0.000120213690;0.000075149939;0.000154512303;0.000053462692;
2018;10;22;12;1;0.000122430097;0.000072707418;0.000156716965;0.000053173205;
2018;10;22;13;1;0.000125308281;0.000070908312;0.000158629713;0.000053467196;
2018;10;22;14;1;0.000129353859;0.000070820712;0.000151389526;0.000054828416;
2018;10;22;15;1;0.000122493726;0.000068705141;0.000134330267;0.000054861470;
2018;10;22;16;1;0.000112314670;0.000062952446;0.000129957966;0.000048998263;
2018;10;22;17;1;0.000109831312;0.000059938559;0.000132488698;0.000047477910;
2018;10;22;18;1;0.000115052526;0.000061152099;0.000134917575;0.000052710907;
2018;10;22;19;1;0.000121865608;0.000074944442;0.000134757551;0.000071727780;
2018;10;22;20;1;0.000133001146;0.000103169090;0.000136604541;0.000108259182;
2018;10;22;21;1;0.000145712001;0.000149114450;0.000134589774;0.000208298372;
2018;10;22;22;1;0.000142065397;0.000153203693;0.000116111734;0.000218860672;
2018;10;22;23;1;0.000121211200;0.000147539379;0.000100194688;0.000211654822;
2018;10;22;24;1;0.000097408429;0.000141607564;0.000089560829;0.000193592599;
2018;10;23;1;1;0.000078590807;0.000133171256;0.000081148408;0.000165570521;
2018;10;23;2;1;0.000065289098;0.000122944938;0.000077743923;0.000172997799;
2018;10;23;3;1;0.000059090870;0.000117592998;0.000075977047;0.000169580129;
2018;10;23;4;1;0.000056539708;0.000115478994;0.000075223718;0.000163693416;
2018;10;23;5;1;0.000055683112;0.000114469983;0.000075188180;0.000158614796;
2018;10;23;6;1;0.000057414793;0.000115165670;0.000077463444;0.000154480151;
2018;10;23;7;1;0.000066696507;0.000120966704;0.000086442477;0.000151453718;
2018;10;23;8;1;0.000090731682;0.000125437194;0.000103928159;0.000147684285;
2018;10;23;9;1;0.000108852325;0.000092845037;0.000129191096;0.000074014377;
2018;10;23;10;1;0.000116218104;0.000075748267;0.000148933658;0.000051366298;
2018;10;23;11;1;0.000123031095;0.000075198996;0.000157277619;0.000051590861;
2018;10;23;12;1;0.000125105576;0.000072949126;0.000158921956;0.000051670458;
2018;10;23;13;1;0.000128432402;0.000071022689;0.000160603263;0.000053115998;
2018;10;23;14;1;0.000132161358;0.000070939685;0.000152940770;0.000052810310;
2018;10;23;15;1;0.000124633976;0.000068149822;0.000135338705;0.000051500030;
2018;10;23;16;1;0.000114632130;0.000062668134;0.000130969866;0.000045666478;
2018;10;23;17;1;0.000112967527;0.000059979122;0.000133337371;0.000043745063;
2018;10;23;18;1;0.000118481247;0.000061157453;0.000136049899;0.000050183688;
2018;10;23;19;1;0.000124369593;0.000071726293;0.000135285169;0.000067067036;
2018;10;23;20;1;0.000135475130;0.000100359366;0.000137629284;0.000105095724;
2018;10;23;21;1;0.000149610342;0.000153876192;0.000136338809;0.000223706573;
2018;10;23;22;1;0.000145619293;0.000158432180;0.000117167139;0.000233495065;
2018;10;23;23;1;0.000124667906;0.000152386886;0.000100577898;0.000228843248;
2018;10;23;24;1;0.000100176719;0.000147363613;0.000089557965;0.000211334077;
2018;10;24;1;1;0.000078455775;0.000133280595;0.000081038348;0.000166829689;
2018;10;24;2;1;0.000065172070;0.000122991164;0.000077626935;0.000173982787;
2018;10;24;3;1;0.000058984775;0.000117635248;0.000075862268;0.000170537450;
2018;10;24;4;1;0.000056435100;0.000115482544;0.000075101845;0.000164384472;
2018;10;24;5;1;0.000055580561;0.000114479441;0.000075067645;0.000159322690;
2018;10;24;6;1;0.000057304005;0.000115114672;0.000077325655;0.000154824424;
2018;10;24;7;1;0.000066558054;0.000120806702;0.000086263419;0.000151209655;
2018;10;24;8;1;0.000090539297;0.000125237660;0.000103703624;0.000147272885;
2018;10;24;9;1;0.000108613974;0.000092658768;0.000128894081;0.000073675693;
2018;10;24;10;1;0.000115961552;0.000075588166;0.000148585939;0.000051107126;
2018;10;24;11;1;0.000122773293;0.000075090644;0.000156945672;0.000051480665;
2018;10;24;12;1;0.000124836521;0.000072819842;0.000158568995;0.000051485959;
2018;10;24;13;1;0.000128138199;0.000070837071;0.000160201567;0.000052732738;
2018;10;24;14;1;0.000131862161;0.000070765781;0.000152566459;0.000052467157;
2018;10;24;15;1;0.000124354210;0.000067990614;0.000135012666;0.000051191220;
2018;10;24;16;1;0.000114373334;0.000062516872;0.000130650969;0.000045377317;
2018;10;24;17;1;0.000112717367;0.000059849852;0.000133024216;0.000043516411;
2018;10;24;18;1;0.000118220987;0.000061032152;0.000135735215;0.000049944090;
2018;10;24;19;1;0.000124105950;0.000071612420;0.000134993033;0.000066880920;
2018;10;24;20;1;0.000135178314;0.000100157093;0.000137312509;0.000104607456;
2018;10;24;21;1;0.000149303485;0.000153695480;0.000136063158;0.000223486714;
2018;10;24;22;1;0.000145315547;0.000158212925;0.000116922080;0.000233052789;
2018;10;24;23;1;0.000124382244;0.000151988488;0.000100326222;0.000227203377;
2018;10;24;24;1;0.000099950757;0.000147009817;0.000089340260;0.000210011226;
2018;10;25;1;1;0.000078428832;0.000133080081;0.000080987199;0.000165851497;
2018;10;25;2;1;0.000065157512;0.000122894380;0.000077596560;0.000173495838;
2018;10;25;3;1;0.000058972123;0.000117548858;0.000075833927;0.000170096701;
2018;10;25;4;1;0.000056421167;0.000115375323;0.000075068927;0.000163821839;
2018;10;25;5;1;0.000055570216;0.000114414760;0.000075043856;0.000159025687;
2018;10;25;6;1;0.000057296047;0.000115082113;0.000077308452;0.000154721363;
2018;10;25;7;1;0.000066549028;0.000120774801;0.000086244785;0.000151119177;
2018;10;25;8;1;0.000090529843;0.000125228182;0.000103687701;0.000147308174;
2018;10;25;9;1;0.000108614342;0.000092711708;0.000128902083;0.000073900150;
2018;10;25;10;1;0.000115961178;0.000075628375;0.000148593201;0.000051254364;
2018;10;25;11;1;0.000122767377;0.000075110320;0.000156939228;0.000051568616;
2018;10;25;12;1;0.000124820078;0.000072802411;0.000158535992;0.000051461855;
2018;10;25;13;1;0.000128147720;0.000070907768;0.000160234243;0.000052992032;
2018;10;25;14;1;0.000131871429;0.000070834635;0.000152596343;0.000052718582;
2018;10;25;15;1;0.000124359195;0.000068044430;0.000135030957;0.000051396019;
2018;10;25;16;1;0.000114380712;0.000062575520;0.000130675049;0.000045587764;
2018;10;25;17;1;0.000112720609;0.000059893183;0.000133039227;0.000043678132;
2018;10;25;18;1;0.000118222007;0.000061068984;0.000135745069;0.000050103863;
2018;10;25;19;1;0.000124100193;0.000071631989;0.000134987979;0.000066998996;
2018;10;25;20;1;0.000135181803;0.000100227984;0.000137327207;0.000104991585;
2018;10;25;21;1;0.000149275091;0.000153604822;0.000136018934;0.000223043702;
2018;10;25;22;1;0.000145296790;0.000158177699;0.000116898370;0.000232964038;
2018;10;25;23;1;0.000124375356;0.000152021735;0.000100320659;0.000227548415;
2018;10;25;24;1;0.000099955051;0.000147128614;0.000089352873;0.000210864112;
2018;10;26;1;1;0.000080819476;0.000136452902;0.000083347163;0.000168502237;
2018;10;26;2;1;0.000067178838;0.000125751793;0.000079755997;0.000176896424;
2018;10;26;3;1;0.000060559047;0.000120310657;0.000077458732;0.000173446270;
2018;10;26;4;1;0.000057750068;0.000117942029;0.000076425174;0.000168608633;
2018;10;26;5;1;0.000056689006;0.000116544989;0.000076257229;0.000164341002;
2018;10;26;6;1;0.000058439569;0.000117001737;0.000078544930;0.000159432453;
2018;10;26;7;1;0.000067659879;0.000122810352;0.000087609699;0.000155606258;
2018;10;26;8;1;0.000091349068;0.000127667348;0.000105360883;0.000150806639;
2018;10;26;9;1;0.000109990649;0.000094416424;0.000129966617;0.000074917488;
2018;10;26;10;1;0.000117867805;0.000077203780;0.000149641701;0.000052280134;
2018;10;26;11;1;0.000125586676;0.000076653458;0.000157529809;0.000053598551;
2018;10;26;12;1;0.000127460438;0.000074140349;0.000159325566;0.000053244064;
2018;10;26;13;1;0.000130465046;0.000072229403;0.000160998752;0.000054263724;
2018;10;26;14;1;0.000133884000;0.000071882284;0.000153345126;0.000054456044;
2018;10;26;15;1;0.000127855854;0.000070060969;0.000135017082;0.000053676943;
2018;10;26;16;1;0.000117919590;0.000064299412;0.000126471618;0.000050298680;
2018;10;26;17;1;0.000114858244;0.000061467683;0.000125768942;0.000046680971;
2018;10;26;18;1;0.000118953232;0.000062316374;0.000127908603;0.000052620224;
2018;10;26;19;1;0.000123195682;0.000071924213;0.000129207715;0.000068349793;
2018;10;26;20;1;0.000131627658;0.000099767343;0.000135255901;0.000106166489;
2018;10;26;21;1;0.000142387720;0.000152369407;0.000138939378;0.000224107504;
2018;10;26;22;1;0.000139974182;0.000157293622;0.000122382755;0.000232007517;
2018;10;26;23;1;0.000124020315;0.000153775645;0.000107276786;0.000227751366;
2018;10;26;24;1;0.000104887746;0.000151724709;0.000097010214;0.000213397778;
2018;10;27;1;1;0.000087019288;0.000138345027;0.000089234886;0.000164596210;
2018;10;27;2;1;0.000072971019;0.000128014871;0.000083230423;0.000172310349;
2018;10;27;3;1;0.000064343442;0.000121354863;0.000080030261;0.000171113862;
2018;10;27;4;1;0.000060014045;0.000118520012;0.000078553059;0.000165041759;
2018;10;27;5;1;0.000057869377;0.000116973462;0.000077964646;0.000157649936;
2018;10;27;6;1;0.000057987849;0.000116818557;0.000079007622;0.000154132426;
2018;10;27;7;1;0.000060805306;0.000119298004;0.000082416827;0.000153269046;
2018;10;27;8;1;0.000068287989;0.000118461484;0.000087021962;0.000146555842;
2018;10;27;9;1;0.000084112497;0.000082340418;0.000087257980;0.000067249703;
2018;10;27;10;1;0.000106537838;0.000073328404;0.000095292714;0.000047085082;
2018;10;27;11;1;0.000122328306;0.000079474912;0.000106756022;0.000053085159;
2018;10;27;12;1;0.000126377005;0.000078771501;0.000111656230;0.000052606433;
2018;10;27;13;1;0.000128534469;0.000075870350;0.000114137070;0.000052550248;
2018;10;27;14;1;0.000133648019;0.000073998831;0.000110976136;0.000052968370;
2018;10;27;15;1;0.000129015606;0.000072476901;0.000102245073;0.000055464457;
2018;10;27;16;1;0.000113841262;0.000065302000;0.000098604460;0.000049820070;
2018;10;27;17;1;0.000105461653;0.000060430918;0.000097322811;0.000044563408;
2018;10;27;18;1;0.000104215115;0.000058888009;0.000100010509;0.000041907045;
2018;10;27;19;1;0.000106871024;0.000064552151;0.000102364078;0.000051657022;
2018;10;27;20;1;0.000115201873;0.000091579291;0.000113458603;0.000088100241;
2018;10;27;21;1;0.000129427005;0.000145598199;0.000125281775;0.000208749743;
2018;10;27;22;1;0.000132497622;0.000151754378;0.000115560899;0.000223062099;
2018;10;27;23;1;0.000119498407;0.000149453406;0.000105295405;0.000222825855;
2018;10;27;24;1;0.000103323714;0.000148584627;0.000097071290;0.000210495850;
2018;10;28;1;1;0.000088182001;0.000137646329;0.000091115470;0.000163357465;
2018;10;28;2;1;0.000073724059;0.000127043518;0.000084382526;0.000163791289;
2018;10;28;2;0;0.000069653407;0.000123392774;0.000082650095;0.000158909549;
2018;10;28;3;0;0.000065635141;0.000120283933;0.000081037385;0.000157080709;
2018;10;28;4;0;0.000060838377;0.000116742040;0.000079521444;0.000154799552;
2018;10;28;5;0;0.000058952319;0.000115771185;0.000079065664;0.000151957550;
2018;10;28;6;0;0.000058351823;0.000115066240;0.000079768199;0.000148950302;
2018;10;28;7;0;0.000060436051;0.000116876398;0.000081725510;0.000145708390;
2018;10;28;8;0;0.000064684503;0.000110285844;0.000082112871;0.000132719573;
2018;10;28;9;0;0.000075999626;0.000074053041;0.000076067830;0.000059192604;
2018;10;28;10;0;0.000095427596;0.000066107737;0.000079055235;0.000045969662;
2018;10;28;11;0;0.000111784736;0.000074684344;0.000084558251;0.000050244094;
2018;10;28;12;0;0.000118830015;0.000077302262;0.000089065270;0.000053729660;
2018;10;28;13;0;0.000122082600;0.000075453920;0.000092202979;0.000053575943;
2018;10;28;14;0;0.000127210797;0.000073724427;0.000092352112;0.000051872536;
2018;10;28;15;0;0.000124568136;0.000071251981;0.000090337161;0.000053001008;
2018;10;28;16;0;0.000109827962;0.000063292383;0.000088057691;0.000047801311;
2018;10;28;17;0;0.000101954542;0.000058506629;0.000085283145;0.000045071516;
2018;10;28;18;0;0.000100621453;0.000057361695;0.000083491262;0.000048751574;
2018;10;28;19;0;0.000106262933;0.000066344034;0.000086316414;0.000066137531;
2018;10;28;20;0;0.000118895219;0.000094485174;0.000095683105;0.000096888915;
2018;10;28;21;0;0.000136714056;0.000149646196;0.000107272270;0.000211717963;
2018;10;28;22;0;0.000138701739;0.000155060907;0.000103523669;0.000223179777;
2018;10;28;23;0;0.000121794323;0.000150207894;0.000096659327;0.000217118827;
2018;10;28;24;0;0.000100258287;0.000146068686;0.000088829263;0.000198753256;
2018;10;29;1;0;0.000083618772;0.000134883417;0.000085841976;0.000161393900;
2018;10;29;2;0;0.000068489869;0.000123332548;0.000083052329;0.000165330699;
2018;10;29;3;0;0.000062071819;0.000117848564;0.000080907301;0.000160937659;
2018;10;29;4;0;0.000059443158;0.000115663171;0.000080018199;0.000156109307;
2018;10;29;5;0;0.000058578495;0.000114526553;0.000080265244;0.000151303172;
2018;10;29;6;0;0.000060338451;0.000115300334;0.000082749838;0.000149086442;
2018;10;29;7;0;0.000069674860;0.000121021439;0.000092258673;0.000146370489;
2018;10;29;8;0;0.000093942287;0.000122800598;0.000109578304;0.000140195774;
2018;10;29;9;0;0.000112383864;0.000092652249;0.000135623020;0.000073915082;
2018;10;29;10;0;0.000121280652;0.000078793954;0.000158014451;0.000054155007;
2018;10;29;11;0;0.000129528678;0.000078822962;0.000166732854;0.000055790778;
2018;10;29;12;0;0.000131922620;0.000076281171;0.000169126738;0.000055552355;
2018;10;29;13;0;0.000135019277;0.000074378150;0.000171179069;0.000055809161;
2018;10;29;14;0;0.000139359569;0.000074226147;0.000163322025;0.000057029575;
2018;10;29;15;0;0.000131970170;0.000072013340;0.000144921176;0.000057079258;
2018;10;29;16;0;0.000121017563;0.000066029169;0.000140236422;0.000051130750;
2018;10;29;17;0;0.000118358016;0.000062919793;0.000143006553;0.000049721864;
2018;10;29;18;0;0.000124000139;0.000064242177;0.000145664831;0.000055384949;
2018;10;29;19;0;0.000131496890;0.000079286781;0.000145833090;0.000077705905;
2018;10;29;20;0;0.000143461904;0.000108915713;0.000147727642;0.000116201376;
2018;10;29;21;0;0.000157000623;0.000156389612;0.000145230643;0.000217289084;
2018;10;29;22;0;0.000153051830;0.000160554581;0.000125259494;0.000227548896;
2018;10;29;23;0;0.000130601725;0.000154737510;0.000108116265;0.000220779131;
2018;10;29;24;0;0.000104945489;0.000148436870;0.000096624370;0.000201480367;
2018;10;30;1;0;0.000085948188;0.000140450933;0.000088847893;0.000170838211;
2018;10;30;2;0;0.000071391056;0.000129554638;0.000085096139;0.000177834963;
2018;10;30;3;0;0.000064611579;0.000123892020;0.000083157107;0.000174172159;
2018;10;30;4;0;0.000061816435;0.000121598144;0.000082317578;0.000167724004;
2018;10;30;5;0;0.000060880564;0.000120543314;0.000082280484;0.000162557942;
2018;10;30;6;0;0.000062786117;0.000121417454;0.000084803404;0.000159113826;
2018;10;30;7;0;0.000072959486;0.000127779108;0.000094693807;0.000157320998;
2018;10;30;8;0;0.000099242860;0.000132431414;0.000113828478;0.000153060736;
2018;10;30;9;0;0.000119069490;0.000098052748;0.000141512673;0.000076818027;
2018;10;30;10;0;0.000127155517;0.000080106069;0.000163212295;0.000053627304;
2018;10;30;11;0;0.000134608126;0.000079519663;0.000172352215;0.000053845468;
2018;10;30;12;0;0.000136870856;0.000077116997;0.000174136455;0.000053857214;
2018;10;30;13;0;0.000140486384;0.000075002982;0.000175918193;0.000055115616;
2018;10;30;14;0;0.000144565851;0.000074917090;0.000167526262;0.000054805441;
2018;10;30;15;0;0.000136354081;0.000072040920;0.000148293660;0.000053671817;
2018;10;30;16;0;0.000125427290;0.000066295630;0.000143542302;0.000047745601;
2018;10;30;17;0;0.000123624606;0.000063508488;0.000146181238;0.000045916286;
2018;10;30;18;0;0.000129704178;0.000064893138;0.000149260205;0.000053157821;
2018;10;30;19;0;0.000136297723;0.000076603253;0.000148742822;0.000073066726;
2018;10;30;20;0;0.000148403557;0.000106902887;0.000151188034;0.000113207851;
2018;10;30;21;0;0.000163721188;0.000162912732;0.000149466270;0.000234698143;
2018;10;30;22;0;0.000159351390;0.000167721320;0.000128444884;0.000244865991;
2018;10;30;23;0;0.000136435794;0.000161403020;0.000110277497;0.000240502543;
2018;10;30;24;0;0.000109611289;0.000155899622;0.000098156334;0.000220991214;
2018;10;31;1;0;0.000085155514;0.000140086729;0.000088060935;0.000172848382;
2018;10;31;2;0;0.000070724405;0.000129128925;0.000084322797;0.000179397559;
2018;10;31;3;0;0.000064005530;0.000123453912;0.000082394438;0.000175518659;
2018;10;31;4;0;0.000061236170;0.000121163081;0.000081561455;0.000168992450;
2018;10;31;5;0;0.000060311174;0.000120137215;0.000081530362;0.000163941284;
2018;10;31;6;0;0.000062190130;0.000120906106;0.000084006578;0.000159883028;
2018;10;31;7;0;0.000072241825;0.000126974850;0.000093738829;0.000156629286;
2018;10;31;8;0;0.000098257454;0.000131523735;0.000112659399;0.000152013002;
2018;10;31;9;0;0.000117894479;0.000097416868;0.000140076529;0.000076417662;
2018;10;31;10;0;0.000125923918;0.000079674625;0.000161615495;0.000053603908;
2018;10;31;11;0;0.000133329848;0.000079182156;0.000170731300;0.000054089438;
2018;10;31;12;0;0.000135557524;0.000076743670;0.000172464248;0.000053961848;
2018;10;31;13;0;0.000139142123;0.000074652099;0.000174238316;0.000055263096;
2018;10;31;14;0;0.000143189384;0.000074587827;0.000165942332;0.000055018288;
2018;10;31;15;0;0.000135040207;0.000071674577;0.000146857644;0.000053718007;
2018;10;31;16;0;0.000124222081;0.000065969205;0.000142160017;0.000047819588;
2018;10;31;17;0;0.000122423147;0.000063153849;0.000144741460;0.000045856371;
2018;10;31;18;0;0.000128414913;0.000064444369;0.000147724034;0.000052782969;
2018;10;31;19;0;0.000134924080;0.000076010179;0.000147170927;0.000072296157;
2018;10;31;20;0;0.000146841976;0.000105789935;0.000149456058;0.000110714857;
2018;10;31;21;0;0.000161980207;0.000161105897;0.000147720662;0.000228797608;
2018;10;31;22;0;0.000157661006;0.000165888765;0.000126951512;0.000238920745;
2018;10;31;23;0;0.000135036749;0.000159982870;0.000109073317;0.000236875388;
2018;10;31;24;0;0.000108523303;0.000154834836;0.000097148904;0.000219515463;
