AŃO;MES;DIA;HORA;VERANO(1)/INVIERNO(0);COEF. PERFIL A;COEF. PERFIL B;COEF. PERFIL C;COEF. PERFIL D;
2016;05;01;1;1;0.000084422572;0.000140960963;0.000087387035;0.000158906764;
2016;05;01;2;1;0.000070339743;0.000132064118;0.000080371921;0.000159427055;
2016;05;01;3;1;0.000061171693;0.000124728716;0.000077043363;0.000154721671;
2016;05;01;4;1;0.000056432950;0.000121579488;0.000074796195;0.000151690453;
2016;05;01;5;1;0.000054135280;0.000119295642;0.000074500455;0.000148028025;
2016;05;01;6;1;0.000053987654;0.000118656417;0.000074886786;0.000145209018;
2016;05;01;7;1;0.000055583605;0.000104605646;0.000073852810;0.000130005986;
2016;05;01;8;1;0.000059031985;0.000050619981;0.000064951485;0.000038475020;
2016;05;01;9;1;0.000070466305;0.000049281769;0.000069060760;0.000034703394;
2016;05;01;10;1;0.000088170502;0.000058398737;0.000074412963;0.000037247946;
2016;05;01;11;1;0.000102602373;0.000064993866;0.000080642764;0.000042691267;
2016;05;01;12;1;0.000108512926;0.000065614926;0.000084556297;0.000046238684;
2016;05;01;13;1;0.000110098809;0.000063236364;0.000087525878;0.000043523134;
2016;05;01;14;1;0.000113956485;0.000060917913;0.000088425500;0.000043761885;
2016;05;01;15;1;0.000111135500;0.000058764491;0.000086954785;0.000046129100;
2016;05;01;16;1;0.000097931037;0.000052762147;0.000084697143;0.000040929973;
2016;05;01;17;1;0.000091548125;0.000048735480;0.000082402158;0.000035841488;
2016;05;01;18;1;0.000090510323;0.000047810810;0.000079937622;0.000035214510;
2016;05;01;19;1;0.000093170723;0.000048822564;0.000078943896;0.000035393151;
2016;05;01;20;1;0.000097392473;0.000050822713;0.000080980648;0.000039127565;
2016;05;01;21;1;0.000107476332;0.000058541889;0.000083527665;0.000044315387;
2016;05;01;22;1;0.000124357055;0.000115859695;0.000094500398;0.000135471213;
2016;05;01;23;1;0.000117932835;0.000148942096;0.000095179591;0.000222239396;
2016;05;01;24;1;0.000097014373;0.000147687340;0.000087763247;0.000177373554;
2016;05;02;1;1;0.000072827559;0.000134090367;0.000074870570;0.000156840613;
2016;05;02;2;1;0.000059677471;0.000124593727;0.000071370354;0.000157511943;
2016;05;02;3;1;0.000053307024;0.000118828156;0.000069327388;0.000152588615;
2016;05;02;4;1;0.000050752650;0.000117230321;0.000068284543;0.000151575046;
2016;05;02;5;1;0.000049810308;0.000115785147;0.000068753105;0.000148407132;
2016;05;02;6;1;0.000051439607;0.000115697486;0.000070187116;0.000147126363;
2016;05;02;7;1;0.000059296604;0.000104171118;0.000075280915;0.000132582661;
2016;05;02;8;1;0.000076834327;0.000059210089;0.000080114771;0.000045209160;
2016;05;02;9;1;0.000093581334;0.000061686280;0.000107935559;0.000044821116;
2016;05;02;10;1;0.000102945951;0.000061625433;0.000128701799;0.000044582957;
2016;05;02;11;1;0.000109630356;0.000061690940;0.000138152926;0.000045095577;
2016;05;02;12;1;0.000112194875;0.000060213028;0.000141233633;0.000043607260;
2016;05;02;13;1;0.000115523970;0.000058535480;0.000143403113;0.000041935004;
2016;05;02;14;1;0.000119194452;0.000058901729;0.000137544665;0.000041685230;
2016;05;02;15;1;0.000112082033;0.000057268831;0.000122607210;0.000045637461;
2016;05;02;16;1;0.000102037653;0.000052408867;0.000119223307;0.000039220969;
2016;05;02;17;1;0.000101239967;0.000049788162;0.000121840691;0.000036170002;
2016;05;02;18;1;0.000106315649;0.000050052612;0.000124185777;0.000036518325;
2016;05;02;19;1;0.000109697155;0.000050771323;0.000120371582;0.000036070022;
2016;05;02;20;1;0.000112797453;0.000053430908;0.000113944600;0.000039203552;
2016;05;02;21;1;0.000118624290;0.000060163984;0.000104970874;0.000043113407;
2016;05;02;22;1;0.000128097289;0.000114125138;0.000102027849;0.000129595597;
2016;05;02;23;1;0.000117506249;0.000148097924;0.000094703047;0.000220337018;
2016;05;02;24;1;0.000093553316;0.000144481039;0.000084604237;0.000173806619;
2016;05;03;1;1;0.000077455721;0.000137738373;0.000082844764;0.000158828016;
2016;05;03;2;1;0.000063226673;0.000128034039;0.000078904881;0.000162899808;
2016;05;03;3;1;0.000056704961;0.000121916131;0.000076937709;0.000160218535;
2016;05;03;4;1;0.000054088473;0.000120344649;0.000075760761;0.000154423650;
2016;05;03;5;1;0.000053237297;0.000119185233;0.000075762735;0.000151109949;
2016;05;03;6;1;0.000054957875;0.000119169970;0.000077959522;0.000150122093;
2016;05;03;7;1;0.000063523091;0.000107078771;0.000083215522;0.000132151899;
2016;05;03;8;1;0.000083030429;0.000062003588;0.000089415963;0.000045583699;
2016;05;03;9;1;0.000100874604;0.000065335775;0.000120492896;0.000046948979;
2016;05;03;10;1;0.000110709600;0.000065359994;0.000143641574;0.000044703174;
2016;05;03;11;1;0.000117486858;0.000065079384;0.000154408642;0.000044839151;
2016;05;03;12;1;0.000119862571;0.000062612939;0.000157241801;0.000044011557;
2016;05;03;13;1;0.000123902009;0.000061441107;0.000159587680;0.000042775337;
2016;05;03;14;1;0.000127381612;0.000061194961;0.000152962048;0.000043638919;
2016;05;03;15;1;0.000119554521;0.000059090784;0.000136829556;0.000046867220;
2016;05;03;16;1;0.000109472794;0.000054573386;0.000132727800;0.000040955339;
2016;05;03;17;1;0.000108727878;0.000052279127;0.000135303311;0.000037219136;
2016;05;03;18;1;0.000114014561;0.000052708785;0.000138089253;0.000037136020;
2016;05;03;19;1;0.000117520893;0.000053518026;0.000133487684;0.000037182218;
2016;05;03;20;1;0.000120538598;0.000055825559;0.000126280111;0.000041191353;
2016;05;03;21;1;0.000125826601;0.000062677158;0.000115742461;0.000046566571;
2016;05;03;22;1;0.000134599020;0.000116270409;0.000111637537;0.000126719179;
2016;05;03;23;1;0.000124780366;0.000152928967;0.000103584319;0.000224709976;
2016;05;03;24;1;0.000100212068;0.000149384952;0.000092829731;0.000177468426;
2016;05;04;1;1;0.000078372185;0.000138712766;0.000084090723;0.000159585614;
2016;05;04;2;1;0.000064018383;0.000129027668;0.000080146177;0.000163788393;
2016;05;04;3;1;0.000057379796;0.000122786932;0.000078100132;0.000160993699;
2016;05;04;4;1;0.000054709995;0.000121155119;0.000076874243;0.000155107909;
2016;05;04;5;1;0.000053829838;0.000119945111;0.000076848835;0.000151725407;
2016;05;04;6;1;0.000055566472;0.000119923072;0.000079072710;0.000150725133;
2016;05;04;7;1;0.000064175688;0.000107670150;0.000084336936;0.000132577704;
2016;05;04;8;1;0.000083757991;0.000062252791;0.000090485418;0.000045662188;
2016;05;04;9;1;0.000101674588;0.000065544258;0.000121833463;0.000046991024;
2016;05;04;10;1;0.000111631909;0.000065594601;0.000145297383;0.000044760982;
2016;05;04;11;1;0.000118409595;0.000065282093;0.000156114693;0.000044875900;
2016;05;04;12;1;0.000120842777;0.000062828143;0.000159030230;0.000044061778;
2016;05;04;13;1;0.000124997749;0.000061693002;0.000161509388;0.000042852430;
2016;05;04;14;1;0.000128542250;0.000061462164;0.000154845081;0.000043729178;
2016;05;04;15;1;0.000120700928;0.000059376881;0.000138579532;0.000046986379;
2016;05;04;16;1;0.000110532683;0.000054842650;0.000134437669;0.000041063239;
2016;05;04;17;1;0.000109800175;0.000052546462;0.000137070852;0.000037323863;
2016;05;04;18;1;0.000115162305;0.000052989041;0.000139921508;0.000037248051;
2016;05;04;19;1;0.000118671512;0.000053787890;0.000135221939;0.000037284203;
2016;05;04;20;1;0.000121732966;0.000056113606;0.000127935653;0.000041309154;
2016;05;04;21;1;0.000127087080;0.000063007357;0.000117272509;0.000046704784;
2016;05;04;22;1;0.000135831212;0.000116783075;0.000113016666;0.000126986690;
2016;05;04;23;1;0.000125870351;0.000153539446;0.000104820390;0.000225090785;
2016;05;04;24;1;0.000101083619;0.000149975610;0.000093933914;0.000177762451;
2016;05;05;1;1;0.000078484482;0.000138818984;0.000084266771;0.000159647683;
2016;05;05;2;1;0.000064083077;0.000129072013;0.000080280096;0.000163782996;
2016;05;05;3;1;0.000057462002;0.000122880928;0.000078263622;0.000161056282;
2016;05;05;4;1;0.000054783872;0.000121237899;0.000077028834;0.000155155448;
2016;05;05;5;1;0.000053898771;0.000120018703;0.000076998010;0.000151761336;
2016;05;05;6;1;0.000055620590;0.000119959901;0.000079201939;0.000150714653;
2016;05;05;7;1;0.000064249371;0.000107721961;0.000084489471;0.000132591560;
2016;05;05;8;1;0.000083872243;0.000062296180;0.000090668624;0.000045676809;
2016;05;05;9;1;0.000101834714;0.000065603750;0.000122105841;0.000047015967;
2016;05;05;10;1;0.000111801406;0.000065650433;0.000145613998;0.000044782213;
2016;05;05;11;1;0.000118640004;0.000065365549;0.000156521665;0.000044916350;
2016;05;05;12;1;0.000121063531;0.000062900986;0.000159425853;0.000044096254;
2016;05;05;13;1;0.000125198891;0.000061751112;0.000161876008;0.000042876644;
2016;05;05;14;1;0.000128775988;0.000061532906;0.000155228990;0.000043763026;
2016;05;05;15;1;0.000120900923;0.000059435645;0.000138900728;0.000047015172;
2016;05;05;16;1;0.000110736084;0.000054906969;0.000134773916;0.000041095919;
2016;05;05;17;1;0.000110025994;0.000052619454;0.000137443373;0.000037361637;
2016;05;05;18;1;0.000115383359;0.000053055386;0.000140282575;0.000037280646;
2016;05;05;19;1;0.000118921065;0.000053865092;0.000135595693;0.000037323659;
2016;05;05;20;1;0.000121993476;0.000056196228;0.000128294021;0.000041354402;
2016;05;05;21;1;0.000127430522;0.000063135541;0.000117667005;0.000046782181;
2016;05;05;22;1;0.000136184646;0.000117008944;0.000113385491;0.000127184390;
2016;05;05;23;1;0.000126185739;0.000153821623;0.000105152361;0.000225419556;
2016;05;05;24;1;0.000101260587;0.000150138089;0.000094160445;0.000177888032;
2016;05;06;1;1;0.000081391553;0.000142192364;0.000089058526;0.000158738902;
2016;05;06;2;1;0.000066978917;0.000132485181;0.000084051050;0.000161596789;
2016;05;06;3;1;0.000059881842;0.000126345807;0.000081904543;0.000158788688;
2016;05;06;4;1;0.000056757995;0.000124236988;0.000080225790;0.000154716150;
2016;05;06;5;1;0.000055891156;0.000122659285;0.000080296669;0.000152781543;
2016;05;06;6;1;0.000057402957;0.000122339902;0.000082271859;0.000151782807;
2016;05;06;7;1;0.000065599648;0.000108589646;0.000087012451;0.000132076572;
2016;05;06;8;1;0.000084028965;0.000062510100;0.000092988282;0.000047228140;
2016;05;06;9;1;0.000103115301;0.000066246338;0.000124574916;0.000045886686;
2016;05;06;10;1;0.000114729518;0.000067626899;0.000148465538;0.000045303513;
2016;05;06;11;1;0.000122214863;0.000067769154;0.000159647194;0.000047218272;
2016;05;06;12;1;0.000125216121;0.000065366933;0.000161952201;0.000044504383;
2016;05;06;13;1;0.000128643160;0.000063395432;0.000164997664;0.000044401473;
2016;05;06;14;1;0.000132113126;0.000063446397;0.000157912737;0.000044525728;
2016;05;06;15;1;0.000125248148;0.000061621673;0.000139493242;0.000047553795;
2016;05;06;16;1;0.000114829828;0.000056594994;0.000131658365;0.000043021516;
2016;05;06;17;1;0.000112478590;0.000054476517;0.000131591626;0.000040331632;
2016;05;06;18;1;0.000116854448;0.000054838219;0.000133242877;0.000039356275;
2016;05;06;19;1;0.000118552612;0.000055211921;0.000130473346;0.000040729450;
2016;05;06;20;1;0.000119193089;0.000056332154;0.000126987804;0.000044340752;
2016;05;06;21;1;0.000121258236;0.000061027489;0.000120687392;0.000047263890;
2016;05;06;22;1;0.000131239596;0.000113984747;0.000119015715;0.000123713008;
2016;05;06;23;1;0.000126426409;0.000154195942;0.000113807997;0.000224664174;
2016;05;06;24;1;0.000106896499;0.000153685407;0.000103364833;0.000176448516;
2016;05;07;1;1;0.000087031247;0.000143970786;0.000091199491;0.000158762068;
2016;05;07;2;1;0.000072135508;0.000134277094;0.000084896068;0.000163345283;
2016;05;07;3;1;0.000063087416;0.000127619100;0.000081239008;0.000162037134;
2016;05;07;4;1;0.000058385221;0.000124735047;0.000079104150;0.000157368140;
2016;05;07;5;1;0.000056390554;0.000122678546;0.000078674423;0.000151238365;
2016;05;07;6;1;0.000056686621;0.000121791919;0.000079919918;0.000150300542;
2016;05;07;7;1;0.000059340918;0.000104999512;0.000080317978;0.000128358740;
2016;05;07;8;1;0.000065049328;0.000052578229;0.000073897935;0.000038503034;
2016;05;07;9;1;0.000082114653;0.000055319228;0.000083873968;0.000037318959;
2016;05;07;10;1;0.000104440125;0.000064432209;0.000096723413;0.000041801323;
2016;05;07;11;1;0.000118994703;0.000068861755;0.000109852809;0.000048930019;
2016;05;07;12;1;0.000122003496;0.000067663996;0.000114612495;0.000046762216;
2016;05;07;13;1;0.000123437782;0.000064787467;0.000117115506;0.000043132110;
2016;05;07;14;1;0.000127572638;0.000063191004;0.000114643529;0.000045826895;
2016;05;07;15;1;0.000122482817;0.000061106441;0.000105963294;0.000049006635;
2016;05;07;16;1;0.000107882517;0.000055312131;0.000102309304;0.000043764935;
2016;05;07;17;1;0.000100565174;0.000051807837;0.000101162366;0.000037717155;
2016;05;07;18;1;0.000099494770;0.000051427643;0.000103353398;0.000035542380;
2016;05;07;19;1;0.000101044357;0.000051841270;0.000103758199;0.000036415309;
2016;05;07;20;1;0.000102776670;0.000052623977;0.000106636335;0.000039692114;
2016;05;07;21;1;0.000109314795;0.000058107487;0.000108184257;0.000043643200;
2016;05;07;22;1;0.000123213780;0.000111592858;0.000112190630;0.000122148871;
2016;05;07;23;1;0.000120667711;0.000150489867;0.000110836300;0.000221349114;
2016;05;07;24;1;0.000103959173;0.000150753215;0.000101960672;0.000174463511;
2016;05;08;1;1;0.000087618978;0.000143732767;0.000092080237;0.000160550090;
2016;05;08;2;1;0.000072986563;0.000134630760;0.000084669365;0.000161039616;
2016;05;08;3;1;0.000063508506;0.000127222865;0.000081207557;0.000156372762;
2016;05;08;4;1;0.000058600084;0.000124034677;0.000078854196;0.000153338884;
2016;05;08;5;1;0.000056288299;0.000121865182;0.000078645971;0.000149833957;
2016;05;08;6;1;0.000056166161;0.000121279904;0.000079097963;0.000147062669;
2016;05;08;7;1;0.000057860155;0.000106980676;0.000078051225;0.000131742166;
2016;05;08;8;1;0.000061504049;0.000051815014;0.000068704506;0.000039023278;
2016;05;08;9;1;0.000073393671;0.000050429043;0.000073027811;0.000035186627;
2016;05;08;10;1;0.000091802711;0.000059738316;0.000078661208;0.000037754010;
2016;05;08;11;1;0.000106995694;0.000066588402;0.000085379601;0.000043338763;
2016;05;08;12;1;0.000113413843;0.000067375897;0.000089724359;0.000047045558;
2016;05;08;13;1;0.000115286213;0.000065054744;0.000093048857;0.000044365305;
2016;05;08;14;1;0.000119475375;0.000062748262;0.000094123203;0.000044664651;
2016;05;08;15;1;0.000116560754;0.000060552467;0.000092591867;0.000047098068;
2016;05;08;16;1;0.000102708474;0.000054365791;0.000090185040;0.000041788420;
2016;05;08;17;1;0.000095925905;0.000050170569;0.000087660684;0.000036559568;
2016;05;08;18;1;0.000094805811;0.000049201718;0.000085009583;0.000035907656;
2016;05;08;19;1;0.000097619659;0.000050256904;0.000083976196;0.000036099868;
2016;05;08;20;1;0.000102152664;0.000052372037;0.000086235357;0.000039951740;
2016;05;08;21;1;0.000112685030;0.000060302795;0.000088912649;0.000045231033;
2016;05;08;22;1;0.000130023751;0.000119015073;0.000100314963;0.000137888437;
2016;05;08;23;1;0.000123188194;0.000152851300;0.000100938769;0.000225987264;
2016;05;08;24;1;0.000101257616;0.000151444050;0.000093000251;0.000180222518;
2016;05;09;1;1;0.000078943891;0.000140174443;0.000083537103;0.000161049228;
2016;05;09;2;1;0.000064672505;0.000130212878;0.000079610916;0.000161696309;
2016;05;09;3;1;0.000057773680;0.000124197664;0.000077338531;0.000156655288;
2016;05;09;4;1;0.000054995684;0.000122506271;0.000076161902;0.000155587582;
2016;05;09;5;1;0.000053996636;0.000121045545;0.000076715881;0.000152398112;
2016;05;09;6;1;0.000055756550;0.000120940193;0.000078307100;0.000151065778;
2016;05;09;7;1;0.000064373303;0.000109061578;0.000084121372;0.000136345259;
2016;05;09;8;1;0.000083805022;0.000062281484;0.000089944133;0.000046710932;
2016;05;09;9;1;0.000102317551;0.000065042612;0.000121470534;0.000046421686;
2016;05;09;10;1;0.000112434406;0.000064908030;0.000144683855;0.000046124979;
2016;05;09;11;1;0.000119530366;0.000064866027;0.000155043300;0.000046575628;
2016;05;09;12;1;0.000122332673;0.000063315261;0.000158508687;0.000045040747;
2016;05;09;13;1;0.000126040715;0.000061589464;0.000161043361;0.000043340387;
2016;05;09;14;1;0.000130013290;0.000061959547;0.000154426186;0.000043071624;
2016;05;09;15;1;0.000122162957;0.000060196375;0.000137551407;0.000047119682;
2016;05;09;16;1;0.000111257714;0.000055109051;0.000133806228;0.000040510289;
2016;05;09;17;1;0.000110396824;0.000052357532;0.000136754753;0.000037362030;
2016;05;09;18;1;0.000115934251;0.000052636839;0.000139390096;0.000037722699;
2016;05;09;19;1;0.000119628745;0.000053395806;0.000135116891;0.000037261808;
2016;05;09;20;1;0.000122922315;0.000056152937;0.000127811719;0.000040470092;
2016;05;09;21;1;0.000129082535;0.000063136272;0.000117573153;0.000044440971;
2016;05;09;22;1;0.000138854691;0.000119302740;0.000113837367;0.000133072466;
2016;05;09;23;1;0.000127099126;0.000154482417;0.000105436516;0.000225759696;
2016;05;09;24;1;0.000101120074;0.000150604356;0.000094127342;0.000177959774;
2016;05;10;1;1;0.000079440654;0.000139773581;0.000085690549;0.000160302589;
2016;05;10;2;1;0.000064801786;0.000129835342;0.000081558470;0.000164297645;
2016;05;10;3;1;0.000058071705;0.000123533722;0.000079462336;0.000161465744;
2016;05;10;4;1;0.000055373406;0.000121900121;0.000078220286;0.000155573080;
2016;05;10;5;1;0.000054488151;0.000120695020;0.000078202433;0.000152196003;
2016;05;10;6;1;0.000056268319;0.000120720678;0.000080497376;0.000151252560;
2016;05;10;7;1;0.000064957451;0.000108338188;0.000085818368;0.000132982620;
2016;05;10;8;1;0.000084934831;0.000062754692;0.000092244855;0.000045886214;
2016;05;10;9;1;0.000103291556;0.000066193425;0.000124429390;0.000047307854;
2016;05;10;10;1;0.000113489634;0.000066292400;0.000148501082;0.000045095519;
2016;05;10;11;1;0.000120381522;0.000065977341;0.000159558776;0.000045211825;
2016;05;10;12;1;0.000122920346;0.000063530915;0.000162624789;0.000044415140;
2016;05;10;13;1;0.000127101043;0.000062360650;0.000165100610;0.000043180565;
2016;05;10;14;1;0.000130742251;0.000062144931;0.000158333006;0.000044076522;
2016;05;10;15;1;0.000122767893;0.000060037055;0.000141702420;0.000047360046;
2016;05;10;16;1;0.000112384794;0.000055432323;0.000137417423;0.000041374808;
2016;05;10;17;1;0.000111640134;0.000053111504;0.000140109122;0.000037607100;
2016;05;10;18;1;0.000117049006;0.000053539123;0.000142970305;0.000037516895;
2016;05;10;19;1;0.000120680609;0.000054375508;0.000138242684;0.000037573514;
2016;05;10;20;1;0.000123898301;0.000056774476;0.000130903941;0.000041664809;
2016;05;10;21;1;0.000129306979;0.000063729370;0.000119955666;0.000047092080;
2016;05;10;22;1;0.000138098137;0.000118030964;0.000115514026;0.000127941780;
2016;05;10;23;1;0.000127937979;0.000155140012;0.000107108959;0.000226725153;
2016;05;10;24;1;0.000102578024;0.000151294099;0.000095829661;0.000178763776;
2016;05;11;1;1;0.000079244586;0.000139550540;0.000085396143;0.000160124580;
2016;05;11;2;1;0.000064663211;0.000129670999;0.000081305121;0.000164169436;
2016;05;11;3;1;0.000057973099;0.000123431811;0.000079250462;0.000161410957;
2016;05;11;4;1;0.000055297239;0.000121838904;0.000078036925;0.000155570531;
2016;05;11;5;1;0.000054396292;0.000120596920;0.000077994869;0.000152146215;
2016;05;11;6;1;0.000056160775;0.000120595321;0.000080265592;0.000151168939;
2016;05;11;7;1;0.000064849462;0.000108252668;0.000085592594;0.000132942231;
2016;05;11;8;1;0.000084763368;0.000062682776;0.000091969340;0.000045855907;
2016;05;11;9;1;0.000103035164;0.000066086864;0.000124000135;0.000047254652;
2016;05;11;10;1;0.000113090269;0.000066116892;0.000147834978;0.000044997989;
2016;05;11;11;1;0.000119948028;0.000065797248;0.000158829993;0.000045110330;
2016;05;11;12;1;0.000122455465;0.000063345992;0.000161852600;0.000044307384;
2016;05;11;13;1;0.000126628178;0.000062182978;0.000164326824;0.000043078467;
2016;05;11;14;1;0.000130217246;0.000061949513;0.000157544246;0.000043959277;
2016;05;11;15;1;0.000122325091;0.000059872827;0.000141054373;0.000047253452;
2016;05;11;16;1;0.000112016459;0.000055298965;0.000136834189;0.000041295331;
2016;05;11;17;1;0.000111259119;0.000052976530;0.000139495507;0.000037529760;
2016;05;11;18;1;0.000116697855;0.000053425185;0.000142403127;0.000037455250;
2016;05;11;19;1;0.000120314499;0.000054257958;0.000137689610;0.000037510510;
2016;05;11;20;1;0.000123460806;0.000056623476;0.000130315183;0.000041574193;
2016;05;11;21;1;0.000128857644;0.000063563454;0.000119422876;0.000046992308;
2016;05;11;22;1;0.000137649526;0.000117750428;0.000115027097;0.000127699727;
2016;05;11;23;1;0.000127656953;0.000154934611;0.000106770020;0.000226535030;
2016;05;11;24;1;0.000102409577;0.000151177748;0.000095579496;0.000178713122;
2016;05;12;1;1;0.000079193169;0.000139548131;0.000085290606;0.000160175925;
2016;05;12;2;1;0.000064628506;0.000129683309;0.000081213751;0.000164240504;
2016;05;12;3;1;0.000057894410;0.000123342174;0.000079096405;0.000161348244;
2016;05;12;4;1;0.000055213558;0.000121731410;0.000077873064;0.000155485802;
2016;05;12;5;1;0.000054294134;0.000120446509;0.000077802665;0.000152007804;
2016;05;12;6;1;0.000056047831;0.000120428855;0.000080057119;0.000151011283;
2016;05;12;7;1;0.000064756520;0.000108165837;0.000085419720;0.000132880485;
2016;05;12;8;1;0.000084592061;0.000062595628;0.000091729557;0.000045807628;
2016;05;12;9;1;0.000102831181;0.000065997713;0.000123681955;0.000047206853;
2016;05;12;10;1;0.000112863578;0.000066026060;0.000147451978;0.000044951357;
2016;05;12;11;1;0.000119762762;0.000065737140;0.000158491522;0.000045084350;
2016;05;12;12;1;0.000122313089;0.000063312329;0.000161569459;0.000044298803;
2016;05;12;13;1;0.000126489217;0.000062153994;0.000164050075;0.000043072939;
2016;05;12;14;1;0.000130036567;0.000061902654;0.000157233239;0.000043940869;
2016;05;12;15;1;0.000122033712;0.000059767959;0.000140635724;0.000047186626;
2016;05;12;16;1;0.000111781130;0.000055217666;0.000136466517;0.000041248554;
2016;05;12;17;1;0.000111020658;0.000052896394;0.000139114765;0.000037485654;
2016;05;12;18;1;0.000116423176;0.000053333119;0.000141984495;0.000037403340;
2016;05;12;19;1;0.000120057183;0.000054176133;0.000137314430;0.000037466599;
2016;05;12;20;1;0.000123194747;0.000056537160;0.000129957972;0.000041524845;
2016;05;12;21;1;0.000128616591;0.000063484642;0.000119129456;0.000046949903;
2016;05;12;22;1;0.000137350497;0.000117568883;0.000114709794;0.000127545928;
2016;05;12;23;1;0.000127458407;0.000154791405;0.000106541342;0.000226402125;
2016;05;12;24;1;0.000102263104;0.000151056929;0.000095386729;0.000178630641;
2016;05;13;1;1;0.000081415227;0.000142275698;0.000089071483;0.000158853014;
2016;05;13;2;1;0.000066953181;0.000132473359;0.000084006545;0.000161603815;
2016;05;13;3;1;0.000059827214;0.000126267798;0.000081817931;0.000158711710;
2016;05;13;4;1;0.000056709225;0.000124166868;0.000080145206;0.000154649351;
2016;05;13;5;1;0.000055801294;0.000122498213;0.000080155916;0.000152601167;
2016;05;13;6;1;0.000057315717;0.000122190023;0.000082134886;0.000151616979;
2016;05;13;7;1;0.000065458769;0.000108388420;0.000086812968;0.000131849321;
2016;05;13;8;1;0.000083912050;0.000062441547;0.000092845406;0.000047182609;
2016;05;13;9;1;0.000103071688;0.000066237862;0.000124504131;0.000045886904;
2016;05;13;10;1;0.000114725423;0.000067644442;0.000148438662;0.000045321279;
2016;05;13;11;1;0.000122179520;0.000067769550;0.000159577831;0.000047224815;
2016;05;13;12;1;0.000125215070;0.000065385675;0.000161927306;0.000044523052;
2016;05;13;13;1;0.000128529731;0.000063358226;0.000164828221;0.000044381305;
2016;05;13;14;1;0.000132045160;0.000063432471;0.000157808562;0.000044521863;
2016;05;13;15;1;0.000125237016;0.000061634380;0.000139460572;0.000047569914;
2016;05;13;16;1;0.000114849419;0.000056621354;0.000131661689;0.000043047267;
2016;05;13;17;1;0.000112551024;0.000054527686;0.000131657232;0.000040374873;
2016;05;13;18;1;0.000116838158;0.000054846756;0.000133204941;0.000039367626;
2016;05;13;19;1;0.000118506580;0.000055206771;0.000130403732;0.000040731056;
2016;05;13;20;1;0.000119060305;0.000056286004;0.000126827902;0.000044310307;
2016;05;13;21;1;0.000121059026;0.000060945210;0.000120471609;0.000047206432;
2016;05;13;22;1;0.000131026906;0.000113833605;0.000118805567;0.000123565365;
2016;05;13;23;1;0.000126458357;0.000154280424;0.000113820212;0.000224817099;
2016;05;13;24;1;0.000106995364;0.000153872943;0.000103445396;0.000176687276;
2016;05;14;1;1;0.000086565901;0.000143595101;0.000090522154;0.000158567515;
2016;05;14;2;1;0.000071705267;0.000133843564;0.000084213236;0.000163043836;
2016;05;14;3;1;0.000062670193;0.000127124006;0.000080532972;0.000161632493;
2016;05;14;4;1;0.000057979574;0.000124209321;0.000078390273;0.000156922323;
2016;05;14;5;1;0.000056015094;0.000122197109;0.000077987159;0.000150853889;
2016;05;14;6;1;0.000056319082;0.000121335273;0.000079235690;0.000149944787;
2016;05;14;7;1;0.000058921747;0.000104544753;0.000079583849;0.000127980155;
2016;05;14;8;1;0.000064636409;0.000052388258;0.000073275286;0.000038417154;
2016;05;14;9;1;0.000081634603;0.000055147183;0.000083209255;0.000037254520;
2016;05;14;10;1;0.000103825363;0.000064229228;0.000095952989;0.000041727458;
2016;05;14;11;1;0.000118220614;0.000068602077;0.000108909952;0.000048813145;
2016;05;14;12;1;0.000121015233;0.000067300611;0.000113446356;0.000046575623;
2016;05;14;13;1;0.000122530724;0.000064488384;0.000116011784;0.000042992572;
2016;05;14;14;1;0.000126668854;0.000062916008;0.000113593287;0.000045690779;
2016;05;14;15;1;0.000121608360;0.000060837149;0.000104986760;0.000048858370;
2016;05;14;16;1;0.000107188010;0.000055107299;0.000101438094;0.000043663370;
2016;05;14;17;1;0.000100054002;0.000051686357;0.000100437676;0.000037680930;
2016;05;14;18;1;0.000098907901;0.000051264999;0.000102528904;0.000035479139;
2016;05;14;19;1;0.000100485536;0.000051696450;0.000102968581;0.000036363971;
2016;05;14;20;1;0.000102215896;0.000052480887;0.000105832713;0.000039639116;
2016;05;14;21;1;0.000108618970;0.000057896515;0.000107270825;0.000043545086;
2016;05;14;22;1;0.000122314745;0.000111083494;0.000111139116;0.000121760050;
2016;05;14;23;1;0.000120005128;0.000150075428;0.000109997185;0.000221045840;
2016;05;14;24;1;0.000103446459;0.000150422568;0.000101245638;0.000174322421;
2016;05;15;1;1;0.000085513148;0.000141873277;0.000088999759;0.000159413406;
2016;05;15;2;1;0.000071247892;0.000132917910;0.000081854601;0.000159934224;
2016;05;15;3;1;0.000062000327;0.000125613800;0.000078513840;0.000155311197;
2016;05;15;4;1;0.000057238995;0.000122531284;0.000076279223;0.000152379182;
2016;05;15;5;1;0.000054870992;0.000120147415;0.000075925710;0.000148598530;
2016;05;15;6;1;0.000054768575;0.000119606737;0.000076385282;0.000145894432;
2016;05;15;7;1;0.000056399859;0.000105466337;0.000075346979;0.000130648010;
2016;05;15;8;1;0.000059934341;0.000051066695;0.000066304795;0.000038687917;
2016;05;15;9;1;0.000071601878;0.000049757280;0.000070557272;0.000034923922;
2016;05;15;10;1;0.000089527904;0.000058920440;0.000075971589;0.000037458085;
2016;05;15;11;1;0.000104153518;0.000065556587;0.000082309403;0.000042920397;
2016;05;15;12;1;0.000110182127;0.000066200267;0.000086326302;0.000046498964;
2016;05;15;13;1;0.000111818968;0.000063815647;0.000089379278;0.000043778528;
2016;05;15;14;1;0.000115802456;0.000061510770;0.000090349084;0.000044043608;
2016;05;15;15;1;0.000113041528;0.000059391955;0.000088929573;0.000046469536;
2016;05;15;16;1;0.000099681749;0.000053363608;0.000086682527;0.000041261490;
2016;05;15;17;1;0.000093120203;0.000049256906;0.000084275347;0.000036106770;
2016;05;15;18;1;0.000092058749;0.000048319283;0.000081749610;0.000035472904;
2016;05;15;19;1;0.000094783647;0.000049351682;0.000080749533;0.000035659998;
2016;05;15;20;1;0.000099056929;0.000051362332;0.000082814851;0.000039413993;
2016;05;15;21;1;0.000109231814;0.000059119461;0.000085356021;0.000044606588;
2016;05;15;22;1;0.000126095810;0.000116732029;0.000096345486;0.000136045878;
2016;05;15;23;1;0.000119846438;0.000150395651;0.000097252715;0.000223676099;
2016;05;15;24;1;0.000098568260;0.000149097961;0.000089656380;0.000178483477;
2016;05;16;1;1;0.000073396652;0.000134708472;0.000075614169;0.000157339510;
2016;05;16;2;1;0.000060163344;0.000125208717;0.000072102604;0.000158064305;
2016;05;16;3;1;0.000053774766;0.000119489647;0.000070082643;0.000153219832;
2016;05;16;4;1;0.000051163075;0.000117802551;0.000068981378;0.000152098307;
2016;05;16;5;1;0.000050210351;0.000116343927;0.000069450902;0.000148911270;
2016;05;16;6;1;0.000051816928;0.000116175559;0.000070850506;0.000147524203;
2016;05;16;7;1;0.000059621075;0.000104408087;0.000075851891;0.000132695280;
2016;05;16;8;1;0.000077393879;0.000059451644;0.000080867769;0.000045329040;
2016;05;16;9;1;0.000094367453;0.000062006671;0.000109070949;0.000044989838;
2016;05;16;10;1;0.000103623521;0.000061833794;0.000129821087;0.000044670078;
2016;05;16;11;1;0.000110149828;0.000061786162;0.000139099200;0.000045100953;
2016;05;16;12;1;0.000112747690;0.000060317306;0.000142227740;0.000043620656;
2016;05;16;13;1;0.000116163931;0.000058672584;0.000144500490;0.000041973448;
2016;05;16;14;1;0.000119913295;0.000059068531;0.000138664915;0.000041743826;
2016;05;16;15;1;0.000112713240;0.000057408220;0.000123556754;0.000045683480;
2016;05;16;16;1;0.000102604393;0.000052532383;0.000120137393;0.000039257495;
2016;05;16;17;1;0.000101823658;0.000049915983;0.000122800632;0.000036211291;
2016;05;16;18;1;0.000106891882;0.000050163879;0.000125121209;0.000036547455;
2016;05;16;19;1;0.000110393092;0.000050930958;0.000121389759;0.000036131975;
2016;05;16;20;1;0.000113443940;0.000053566269;0.000114838445;0.000039246975;
2016;05;16;21;1;0.000119268837;0.000060298537;0.000105762989;0.000043148377;
2016;05;16;22;1;0.000128585344;0.000114195681;0.000102631768;0.000129491285;
2016;05;16;23;1;0.000118138025;0.000148420723;0.000095412272;0.000220503240;
2016;05;16;24;1;0.000094021896;0.000144742978;0.000085206647;0.000173874098;
2016;05;17;1;1;0.000076307104;0.000136650224;0.000081170887;0.000158112697;
2016;05;17;2;1;0.000062295387;0.000127035450;0.000077318458;0.000162182614;
2016;05;17;3;1;0.000055858425;0.000120940770;0.000075375575;0.000159480854;
2016;05;17;4;1;0.000053268733;0.000119354378;0.000074205437;0.000153677264;
2016;05;17;5;1;0.000052412950;0.000118165032;0.000074182591;0.000150329366;
2016;05;17;6;1;0.000054105926;0.000118147804;0.000076332207;0.000149343963;
2016;05;17;7;1;0.000062458992;0.000106025579;0.000081375084;0.000131300060;
2016;05;17;8;1;0.000081515805;0.000061300679;0.000087305851;0.000045221219;
2016;05;17;9;1;0.000099041730;0.000064599826;0.000117658030;0.000046579057;
2016;05;17;10;1;0.000108781472;0.000064673382;0.000140369761;0.000044384995;
2016;05;17;11;1;0.000115485026;0.000064420449;0.000150949524;0.000044537100;
2016;05;17;12;1;0.000117900515;0.000062021195;0.000153823922;0.000043744858;
2016;05;17;13;1;0.000121922150;0.000060884567;0.000156180706;0.000042532985;
2016;05;17;14;1;0.000125380060;0.000060657055;0.000149737017;0.000043403412;
2016;05;17;15;1;0.000117663773;0.000058565310;0.000133930793;0.000046609466;
2016;05;17;16;1;0.000107729407;0.000054082018;0.000129901366;0.000040725531;
2016;05;17;17;1;0.000107050806;0.000051834783;0.000132489423;0.000037029128;
2016;05;17;18;1;0.000112252450;0.000052259162;0.000135213216;0.000036945285;
2016;05;17;19;1;0.000115696365;0.000053057727;0.000130698193;0.000036988616;
2016;05;17;20;1;0.000118739783;0.000055379257;0.000123716841;0.000041001934;
2016;05;17;21;1;0.000123902736;0.000062152936;0.000113350880;0.000046335179;
2016;05;17;22;1;0.000132336064;0.000115119645;0.000109161706;0.000125894521;
2016;05;17;23;1;0.000122961537;0.000151759787;0.000101517473;0.000223755411;
2016;05;17;24;1;0.000098670954;0.000148122175;0.000090903406;0.000176570670;
2016;05;18;1;1;0.000078224058;0.000138561299;0.000083904075;0.000159463709;
2016;05;18;2;1;0.000063871599;0.000128834763;0.000079936012;0.000163597230;
2016;05;18;3;1;0.000057262043;0.000122632932;0.000077914123;0.000160844589;
2016;05;18;4;1;0.000054630991;0.000121076901;0.000076737887;0.000155058679;
2016;05;18;5;1;0.000053749517;0.000119861904;0.000076708830;0.000151669949;
2016;05;18;6;1;0.000055471498;0.000119813828;0.000078911495;0.000150637286;
2016;05;18;7;1;0.000063991857;0.000107447578;0.000084067587;0.000132347096;
2016;05;18;8;1;0.000083541093;0.000062141231;0.000090221299;0.000045595328;
2016;05;18;9;1;0.000101533754;0.000065505808;0.000121624535;0.000046978881;
2016;05;18;10;1;0.000111451350;0.000065540871;0.000145014474;0.000044739005;
2016;05;18;11;1;0.000118266157;0.000065255149;0.000155874095;0.000044872110;
2016;05;18;12;1;0.000120726484;0.000062817871;0.000158824729;0.000044069042;
2016;05;18;13;1;0.000124874612;0.000061681509;0.000161297009;0.000042858518;
2016;05;18;14;1;0.000128479331;0.000061481201;0.000154718185;0.000043757089;
2016;05;18;15;1;0.000120601356;0.000059375338;0.000138419493;0.000047000589;
2016;05;18;16;1;0.000110487678;0.000054864155;0.000134338560;0.000041092832;
2016;05;18;17;1;0.000109794911;0.000052585958;0.000137019025;0.000037364184;
2016;05;18;18;1;0.000115233119;0.000053064021;0.000139961319;0.000037313008;
2016;05;18;19;1;0.000118738543;0.000053861305;0.000135253645;0.000037347354;
2016;05;18;20;1;0.000121772591;0.000056176756;0.000127935042;0.000041369225;
2016;05;18;21;1;0.000127037458;0.000063033116;0.000117188013;0.000046739224;
2016;05;18;22;1;0.000135488856;0.000116581874;0.000112694591;0.000126809544;
2016;05;18;23;1;0.000125792622;0.000153567328;0.000104721072;0.000225205597;
2016;05;18;24;1;0.000100952267;0.000149900493;0.000093780878;0.000177731768;
2016;05;19;1;1;0.000078085771;0.000138458613;0.000083663472;0.000159436294;
2016;05;19;2;1;0.000063754552;0.000128730940;0.000079701621;0.000163558500;
2016;05;19;3;1;0.000057166499;0.000122554239;0.000077698424;0.000160832930;
2016;05;19;4;1;0.000054511451;0.000120936231;0.000076485616;0.000154966745;
2016;05;19;5;1;0.000053626828;0.000119711310;0.000076449415;0.000151565671;
2016;05;19;6;1;0.000055369688;0.000119716936;0.000078679886;0.000150601199;
2016;05;19;7;1;0.000063836995;0.000107297800;0.000083771746;0.000132237887;
2016;05;19;8;1;0.000083322408;0.000062042313;0.000089885990;0.000045548678;
2016;05;19;9;1;0.000101199692;0.000065357438;0.000121090816;0.000046899172;
2016;05;19;10;1;0.000111084527;0.000065392345;0.000144377945;0.000044663044;
2016;05;19;11;1;0.000117867513;0.000065102084;0.000155177536;0.000044792355;
2016;05;19;12;1;0.000120316567;0.000062668970;0.000158111066;0.000043989624;
2016;05;19;13;1;0.000124424380;0.000061522333;0.000160538394;0.000042772265;
2016;05;19;14;1;0.000128012487;0.000061320810;0.000153986164;0.000043667794;
2016;05;19;15;1;0.000120204485;0.000059240818;0.000137811990;0.000046920815;
2016;05;19;16;1;0.000110105778;0.000054730754;0.000133726728;0.000041016265;
2016;05;19;17;1;0.000109429129;0.000052464675;0.000136412093;0.000037299242;
2016;05;19;18;1;0.000114810141;0.000052923622;0.000139293941;0.000037235481;
2016;05;19;19;1;0.000118318227;0.000053725848;0.000134626384;0.000037274647;
2016;05;19;20;1;0.000121341295;0.000056035365;0.000127341471;0.000041288607;
2016;05;19;21;1;0.000126478839;0.000062820491;0.000116544165;0.000046608094;
2016;05;19;22;1;0.000134969758;0.000116254668;0.000112139144;0.000126525657;
2016;05;19;23;1;0.000125399933;0.000153245394;0.000104279150;0.000224861489;
2016;05;19;24;1;0.000100698129;0.000149676926;0.000093441734;0.000177567775;
2016;05;20;1;1;0.000081009562;0.000141860466;0.000088495746;0.000158553301;
2016;05;20;2;1;0.000066663822;0.000132174462;0.000083518978;0.000161406040;
2016;05;20;3;1;0.000059583587;0.000126014490;0.000081363463;0.000158557220;
2016;05;20;4;1;0.000056499957;0.000123965303;0.000079730597;0.000154558072;
2016;05;20;5;1;0.000055594237;0.000122296850;0.000079739619;0.000152507972;
2016;05;20;6;1;0.000057107918;0.000121999584;0.000081715288;0.000151537323;
2016;05;20;7;1;0.000065184782;0.000108158657;0.000086320918;0.000131705971;
2016;05;20;8;1;0.000083504084;0.000062266873;0.000092256478;0.000047099307;
2016;05;20;9;1;0.000102426022;0.000065959481;0.000123540041;0.000045741337;
2016;05;20;10;1;0.000114000665;0.000067356552;0.000147281370;0.000045175094;
2016;05;20;11;1;0.000121481353;0.000067522081;0.000158429782;0.000047101057;
2016;05;20;12;1;0.000124572481;0.000065185070;0.000160856520;0.000044432384;
2016;05;20;13;1;0.000127991837;0.000063223961;0.000163894097;0.000044333082;
2016;05;20;14;1;0.000131555092;0.000063328152;0.000156988847;0.000044494639;
2016;05;20;15;1;0.000124792064;0.000061542807;0.000138758234;0.000047548388;
2016;05;20;16;1;0.000114479476;0.000056556053;0.000131042242;0.000043042115;
2016;05;20;17;1;0.000112186135;0.000054463660;0.000131035063;0.000040369195;
2016;05;20;18;1;0.000116545803;0.000054823012;0.000132673851;0.000039391303;
2016;05;20;19;1;0.000118181695;0.000055169634;0.000129852654;0.000040745776;
2016;05;20;20;1;0.000118698260;0.000056231257;0.000126254025;0.000044313015;
2016;05;20;21;1;0.000120525734;0.000060802607;0.000119762370;0.000047144710;
2016;05;20;22;1;0.000130142668;0.000113299951;0.000117828154;0.000123113352;
2016;05;20;23;1;0.000125710308;0.000153685959;0.000112978502;0.000224182589;
2016;05;20;24;1;0.000106368428;0.000153288669;0.000102686182;0.000176198512;
2016;05;21;1;1;0.000087095822;0.000144032162;0.000091306903;0.000158795034;
2016;05;21;2;1;0.000072228874;0.000134408481;0.000085042968;0.000163469375;
2016;05;21;3;1;0.000063146681;0.000127698694;0.000081350735;0.000162102755;
2016;05;21;4;1;0.000058404741;0.000124737392;0.000079165057;0.000157336702;
2016;05;21;5;1;0.000056415854;0.000122694874;0.000078743998;0.000151225432;
2016;05;21;6;1;0.000056737305;0.000121862364;0.000080026210;0.000150354607;
2016;05;21;7;1;0.000059295611;0.000104886250;0.000080291604;0.000128192255;
2016;05;21;8;1;0.000065065721;0.000052574890;0.000073948747;0.000038492174;
2016;05;21;9;1;0.000082203919;0.000055361896;0.000084001711;0.000037339580;
2016;05;21;10;1;0.000104485532;0.000064439890;0.000096807604;0.000041797168;
2016;05;21;11;1;0.000118986276;0.000068835159;0.000109892864;0.000048900431;
2016;05;21;12;1;0.000121929368;0.000067601554;0.000114592738;0.000046708851;
2016;05;21;13;1;0.000123488417;0.000064793600;0.000117214569;0.000043126765;
2016;05;21;14;1;0.000127720274;0.000063244178;0.000114826184;0.000045855432;
2016;05;21;15;1;0.000122704137;0.000061197547;0.000106200992;0.000049068974;
2016;05;21;16;1;0.000108146059;0.000055429761;0.000102603893;0.000043848422;
2016;05;21;17;1;0.000100944592;0.000051986898;0.000101588258;0.000037839243;
2016;05;21;18;1;0.000099891632;0.000051616490;0.000103810839;0.000035665098;
2016;05;21;19;1;0.000101412422;0.000052013695;0.000104181498;0.000036528441;
2016;05;21;20;1;0.000103108827;0.000052777397;0.000107027554;0.000039799131;
2016;05;21;21;1;0.000109511220;0.000058193537;0.000108425847;0.000043698277;
2016;05;21;22;1;0.000123086643;0.000111442548;0.000112123673;0.000121957681;
2016;05;21;23;1;0.000120863119;0.000150686024;0.000111064132;0.000221589189;
2016;05;21;24;1;0.000104144472;0.000150974284;0.000102186889;0.000174681161;
2016;05;22;1;1;0.000087314758;0.000143431723;0.000091588133;0.000160355029;
2016;05;22;2;1;0.000072799485;0.000134471315;0.000084293678;0.000160990661;
2016;05;22;3;1;0.000063419444;0.000127220081;0.000080941321;0.000156507158;
2016;05;22;4;1;0.000058529148;0.000124055792;0.000078610776;0.000153500157;
2016;05;22;5;1;0.000056177691;0.000121793852;0.000078343966;0.000149878236;
2016;05;22;6;1;0.000056060069;0.000121218160;0.000078800231;0.000147117348;
2016;05;22;7;1;0.000057683202;0.000106800937;0.000077666333;0.000131636742;
2016;05;22;8;1;0.000061299022;0.000051713677;0.000068346828;0.000038981284;
2016;05;22;9;1;0.000073180968;0.000050352406;0.000072679366;0.000035164118;
2016;05;22;10;1;0.000091559816;0.000059662622;0.000078305691;0.000037739405;
2016;05;22;11;1;0.000106480413;0.000066359328;0.000084808787;0.000043227736;
2016;05;22;12;1;0.000112718405;0.000067055327;0.000089006646;0.000046862985;
2016;05;22;13;1;0.000114506440;0.000064704050;0.000092245861;0.000044165034;
2016;05;22;14;1;0.000118673865;0.000062413472;0.000093316124;0.000044465501;
2016;05;22;15;1;0.000115902748;0.000060293874;0.000091896196;0.000046938265;
2016;05;22;16;1;0.000102080768;0.000054108229;0.000089465472;0.000041627101;
2016;05;22;17;1;0.000095416912;0.000049973346;0.000087031729;0.000036447946;
2016;05;22;18;1;0.000094390450;0.000049053876;0.000084478130;0.000035831312;
2016;05;22;19;1;0.000097183746;0.000050101652;0.000083444142;0.000036020068;
2016;05;22;20;1;0.000101580496;0.000052150690;0.000085591237;0.000039817949;
2016;05;22;21;1;0.000111937508;0.000059985573;0.000088156891;0.000045032751;
2016;05;22;22;1;0.000128935625;0.000118182226;0.000099288571;0.000137044195;
2016;05;22;23;1;0.000122548547;0.000152267836;0.000100225998;0.000225323041;
2016;05;22;24;1;0.000100817670;0.000150994501;0.000092422218;0.000179845912;
2016;05;23;1;1;0.000077386247;0.000138674516;0.000081280825;0.000160078435;
2016;05;23;2;1;0.000063412434;0.000128852022;0.000077480211;0.000160762137;
2016;05;23;3;1;0.000056668851;0.000122944860;0.000075296318;0.000155807504;
2016;05;23;4;1;0.000053958641;0.000121303484;0.000074170911;0.000154787630;
2016;05;23;5;1;0.000052940867;0.000119772117;0.000074657435;0.000151507058;
2016;05;23;6;1;0.000054642695;0.000119616046;0.000076172954;0.000150117471;
2016;05;23;7;1;0.000062990575;0.000107702088;0.000081703294;0.000135281607;
2016;05;23;8;1;0.000081940066;0.000061456494;0.000087289607;0.000046309887;
2016;05;23;9;1;0.000099996527;0.000064152756;0.000117833604;0.000046002837;
2016;05;23;10;1;0.000109762406;0.000063949239;0.000140196734;0.000045658274;
2016;05;23;11;1;0.000116744000;0.000063937578;0.000150304770;0.000046125806;
2016;05;23;12;1;0.000119487904;0.000062412624;0.000153673147;0.000044608333;
2016;05;23;13;1;0.000123155570;0.000060734043;0.000156188648;0.000042940284;
2016;05;23;14;1;0.000127047854;0.000061104105;0.000149783498;0.000042677578;
2016;05;23;15;1;0.000119412108;0.000059382945;0.000133455755;0.000046702498;
2016;05;23;16;1;0.000108791710;0.000054384002;0.000129868982;0.000040166125;
2016;05;23;17;1;0.000108003577;0.000051694375;0.000132796744;0.000037063033;
2016;05;23;18;1;0.000113401097;0.000051961043;0.000135332110;0.000037414262;
2016;05;23;19;1;0.000117026562;0.000052715534;0.000131196419;0.000036960833;
2016;05;23;20;1;0.000120159109;0.000055396332;0.000124010964;0.000040113364;
2016;05;23;21;1;0.000126076755;0.000062234189;0.000113982753;0.000044012902;
2016;05;23;22;1;0.000135511584;0.000117502971;0.000110271719;0.000131683997;
2016;05;23;23;1;0.000124324842;0.000152502503;0.000102369324;0.000223918870;
2016;05;23;24;1;0.000098923149;0.000148689620;0.000091398651;0.000176527075;
2016;05;24;1;1;0.000077778794;0.000138073657;0.000083295115;0.000159067663;
2016;05;24;2;1;0.000063556084;0.000128478488;0.000079415894;0.000163314391;
2016;05;24;3;1;0.000056983027;0.000122302069;0.000077412389;0.000160577356;
2016;05;24;4;1;0.000054370536;0.000120762988;0.000076251780;0.000154817408;
2016;05;24;5;1;0.000053479093;0.000119519469;0.000076202714;0.000151393831;
2016;05;24;6;1;0.000055189946;0.000119466197;0.000078387346;0.000150356335;
2016;05;24;7;1;0.000063652806;0.000107111841;0.000083490495;0.000132070684;
2016;05;24;8;1;0.000083091768;0.000061942070;0.000089594745;0.000045496435;
2016;05;24;9;1;0.000100942042;0.000065266370;0.000120725342;0.000046855813;
2016;05;24;10;1;0.000110850790;0.000065330154;0.000144005946;0.000044641518;
2016;05;24;11;1;0.000117581554;0.000065019184;0.000154727772;0.000044756321;
2016;05;24;12;1;0.000120008048;0.000062580502;0.000157630971;0.000043948150;
2016;05;24;13;1;0.000124278263;0.000061521091;0.000160273952;0.000042791484;
2016;05;24;14;1;0.000127883302;0.000061329713;0.000153757939;0.000043694640;
2016;05;24;15;1;0.000120067276;0.000059241572;0.000137589513;0.000046943443;
2016;05;24;16;1;0.000109996677;0.000054739703;0.000133530975;0.000041042232;
2016;05;24;17;1;0.000109298294;0.000052462499;0.000136184492;0.000037315206;
2016;05;24;18;1;0.000114734744;0.000052949981;0.000139136564;0.000037271517;
2016;05;24;19;1;0.000118262227;0.000053762472;0.000134498961;0.000037317569;
2016;05;24;20;1;0.000121252685;0.000056059147;0.000127188236;0.000041325525;
2016;05;24;21;1;0.000126433828;0.000062870699;0.000116447533;0.000046667245;
2016;05;24;22;1;0.000134882558;0.000116313807;0.000112013638;0.000126649457;
2016;05;24;23;1;0.000125298263;0.000153298083;0.000104145275;0.000225044413;
2016;05;24;24;1;0.000100538069;0.000149611695;0.000093249041;0.000177573723;
2016;05;25;1;1;0.000078884530;0.000139190825;0.000084852439;0.000159876426;
2016;05;25;2;1;0.000064473982;0.000129546871;0.000080918712;0.000164181310;
2016;05;25;3;1;0.000057806771;0.000123320746;0.000078878353;0.000161431911;
2016;05;25;4;1;0.000055132582;0.000121716010;0.000077662052;0.000155573778;
2016;05;25;5;1;0.000054214640;0.000120431568;0.000077592035;0.000152094186;
2016;05;25;6;1;0.000055932967;0.000120343342;0.000079793591;0.000151008541;
2016;05;25;7;1;0.000064507226;0.000107894036;0.000084984947;0.000132638356;
2016;05;25;8;1;0.000084216984;0.000062401717;0.000091209145;0.000045697343;
2016;05;25;9;1;0.000102323999;0.000065760336;0.000122918720;0.000047069631;
2016;05;25;10;1;0.000112315561;0.000065793647;0.000146553342;0.000044824142;
2016;05;25;11;1;0.000119230233;0.000065532668;0.000157590353;0.000044975237;
2016;05;25;12;1;0.000121750728;0.000063105815;0.000160626394;0.000044184881;
2016;05;25;13;1;0.000126011906;0.000062002554;0.000163227570;0.000042997741;
2016;05;25;14;1;0.000129640010;0.000061796701;0.000156558599;0.000043896033;
2016;05;25;15;1;0.000121683799;0.000059676566;0.000140057896;0.000047147094;
2016;05;25;16;1;0.000111469423;0.000055137588;0.000135916559;0.000041217254;
2016;05;25;17;1;0.000110785070;0.000052854987;0.000138646743;0.000037482245;
2016;05;25;18;1;0.000116217527;0.000053310362;0.000141557249;0.000037413268;
2016;05;25;19;1;0.000119753893;0.000054111797;0.000136797033;0.000037448017;
2016;05;25;20;1;0.000122835085;0.000056447758;0.000129417252;0.000041487889;
2016;05;25;21;1;0.000128038475;0.000063284104;0.000118446345;0.000046834001;
2016;05;25;22;1;0.000136571062;0.000117058594;0.000113916847;0.000127080266;
2016;05;25;23;1;0.000126902805;0.000154323490;0.000105944863;0.000225874028;
2016;05;25;24;1;0.000101875955;0.000150687016;0.000094907315;0.000178316586;
2016;05;26;1;1;0.000078827728;0.000139202618;0.000084698078;0.000159967246;
2016;05;26;2;1;0.000064393488;0.000129489338;0.000080728796;0.000164187709;
2016;05;26;3;1;0.000057713896;0.000123221774;0.000078665005;0.000161380311;
2016;05;26;4;1;0.000055050676;0.000121633070;0.000077461384;0.000155542903;
2016;05;26;5;1;0.000054161989;0.000120411509;0.000077431422;0.000152142349;
2016;05;26;6;1;0.000055886200;0.000120339560;0.000079639183;0.000151076775;
2016;05;26;7;1;0.000064364751;0.000107742438;0.000084703976;0.000132516005;
2016;05;26;8;1;0.000083939010;0.000062245840;0.000090808103;0.000045605222;
2016;05;26;9;1;0.000101910321;0.000065547227;0.000122287131;0.000046939767;
2016;05;26;10;1;0.000111938767;0.000065625735;0.000145901036;0.000044731354;
2016;05;26;11;1;0.000118800411;0.000065349013;0.000156849537;0.000044870870;
2016;05;26;12;1;0.000121187445;0.000062864444;0.000159707398;0.000044037152;
2016;05;26;13;1;0.000125370535;0.000061736657;0.000162218162;0.000042834038;
2016;05;26;14;1;0.000129006958;0.000061544465;0.000155622743;0.000043737990;
2016;05;26;15;1;0.000121219339;0.000059496663;0.000139369843;0.000047027680;
2016;05;26;16;1;0.000111052906;0.000054975801;0.000135259758;0.000041116174;
2016;05;26;17;1;0.000110413532;0.000052720154;0.000138029781;0.000037404696;
2016;05;26;18;1;0.000115833567;0.000053177028;0.000140934388;0.000037337731;
2016;05;26;19;1;0.000119369867;0.000053981713;0.000136208374;0.000037376047;
2016;05;26;20;1;0.000122439718;0.000056311386;0.000128858813;0.000041407661;
2016;05;26;21;1;0.000127587853;0.000063112169;0.000117899663;0.000046729332;
2016;05;26;22;1;0.000136024488;0.000116684011;0.000113336144;0.000126734835;
2016;05;26;23;1;0.000126532652;0.000153997283;0.000105519653;0.000225505512;
2016;05;26;24;1;0.000101635669;0.000150452678;0.000094579324;0.000178125326;
2016;05;27;1;1;0.000081632033;0.000142490416;0.000089346947;0.000159014105;
2016;05;27;2;1;0.000067205303;0.000132819191;0.000084359016;0.000161945599;
2016;05;27;3;1;0.000060078759;0.000126652783;0.000082197144;0.000159116919;
2016;05;27;4;1;0.000056944115;0.000124537694;0.000080511653;0.000155034535;
2016;05;27;5;1;0.000056042360;0.000122885845;0.000080536693;0.000153008380;
2016;05;27;6;1;0.000057552045;0.000122552657;0.000082508890;0.000151991772;
2016;05;27;7;1;0.000065653814;0.000108586284;0.000087108952;0.000132024715;
2016;05;27;8;1;0.000084048631;0.000062471211;0.000093036377;0.000047181688;
2016;05;27;9;1;0.000103069212;0.000066160050;0.000124554489;0.000045810342;
2016;05;27;10;1;0.000114772794;0.000067594500;0.000148563587;0.000045265431;
2016;05;27;11;1;0.000122171519;0.000067687133;0.000159635756;0.000047144066;
2016;05;27;12;1;0.000125302210;0.000065355884;0.000162109429;0.000044480767;
2016;05;27;13;1;0.000128786965;0.000063411975;0.000165228873;0.000044396996;
2016;05;27;14;1;0.000132366765;0.000063513793;0.000158260701;0.000044556904;
2016;05;27;15;1;0.000125463672;0.000061674874;0.000139772838;0.000047577636;
2016;05;27;16;1;0.000115059462;0.000056659631;0.000131959000;0.000043055073;
2016;05;27;17;1;0.000112788975;0.000054580087;0.000131992112;0.000040393695;
2016;05;27;18;1;0.000117178335;0.000054943146;0.000133650016;0.000039417317;
2016;05;27;19;1;0.000118788867;0.000055274595;0.000130770369;0.000040760936;
2016;05;27;20;1;0.000119321244;0.000056344451;0.000127160330;0.000044334392;
2016;05;27;21;1;0.000121149174;0.000060920410;0.000120612980;0.000047163896;
2016;05;27;22;1;0.000130832646;0.000113534038;0.000118680259;0.000123179264;
2016;05;27;23;1;0.000126458890;0.000154103538;0.000113869465;0.000224448333;
2016;05;27;24;1;0.000107075291;0.000153810689;0.000103567030;0.000176528483;
2016;05;28;1;1;0.000087354935;0.000144290178;0.000091632382;0.000159007885;
2016;05;28;2;1;0.000072446292;0.000134653967;0.000085349104;0.000163694218;
2016;05;28;3;1;0.000063388039;0.000128035503;0.000081709681;0.000162457142;
2016;05;28;4;1;0.000058652451;0.000125118604;0.000079547555;0.000157746498;
2016;05;28;5;1;0.000056667998;0.000123097799;0.000079142434;0.000151653752;
2016;05;28;6;1;0.000056988190;0.000122256772;0.000080427329;0.000150773327;
2016;05;28;7;1;0.000059523263;0.000105164681;0.000080647250;0.000128474695;
2016;05;28;8;1;0.000065295840;0.000052698567;0.000074253910;0.000038565355;
2016;05;28;9;1;0.000082426649;0.000055446387;0.000084278830;0.000037379732;
2016;05;28;10;1;0.000104779784;0.000064545102;0.000097137305;0.000041846565;
2016;05;28;11;1;0.000119320735;0.000068947184;0.000110266549;0.000048957965;
2016;05;28;12;1;0.000122262100;0.000067706033;0.000114973001;0.000046759982;
2016;05;28;13;1;0.000123860729;0.000064912253;0.000117637082;0.000043186291;
2016;05;28;14;1;0.000128106191;0.000063360413;0.000115240850;0.000045919029;
2016;05;28;15;1;0.000122949391;0.000061247499;0.000106475819;0.000049086919;
2016;05;28;16;1;0.000108352227;0.000055469892;0.000102859931;0.000043860415;
2016;05;28;17;1;0.000101041687;0.000051975491;0.000101745752;0.000037813910;
2016;05;28;18;1;0.000100021877;0.000051622796;0.000104007303;0.000035653399;
2016;05;28;19;1;0.000101625119;0.000052061273;0.000104461378;0.000036545396;
2016;05;28;20;1;0.000103289187;0.000052807322;0.000107277799;0.000039803772;
2016;05;28;21;1;0.000109721698;0.000058236574;0.000108698103;0.000043710909;
2016;05;28;22;1;0.000123046510;0.000111274737;0.000112153010;0.000121719219;
2016;05;28;23;1;0.000120689209;0.000150291626;0.000110969522;0.000220909724;
2016;05;28;24;1;0.000104168157;0.000150830407;0.000102270217;0.000174436132;
2016;05;29;1;1;0.000086419336;0.000142630879;0.000090308113;0.000159843312;
2016;05;29;2;1;0.000072055287;0.000133724895;0.000083118336;0.000160482189;
2016;05;29;3;1;0.000062702418;0.000126375416;0.000079725352;0.000155842059;
2016;05;29;4;1;0.000057933058;0.000123371931;0.000077517654;0.000153021229;
2016;05;29;5;1;0.000055604332;0.000121119809;0.000077252864;0.000149407338;
2016;05;29;6;1;0.000055508663;0.000120592389;0.000077731836;0.000146709975;
2016;05;29;7;1;0.000057086698;0.000106195399;0.000076574234;0.000131205279;
2016;05;29;8;1;0.000060687686;0.000051439593;0.000067410833;0.000038867964;
2016;05;29;9;1;0.000072407151;0.000050055131;0.000071640521;0.000035040610;
2016;05;29;10;1;0.000090479850;0.000059237179;0.000077091159;0.000037560436;
2016;05;29;11;1;0.000105249643;0.000065901902;0.000083513377;0.000043033038;
2016;05;29;12;1;0.000111348189;0.000066552853;0.000087594140;0.000046623716;
2016;05;29;13;1;0.000113098495;0.000064210115;0.000090769114;0.000043933328;
2016;05;29;14;1;0.000117326446;0.000061996081;0.000091909798;0.000044274394;
2016;05;29;15;1;0.000114643975;0.000059920546;0.000090556438;0.000046759854;
2016;05;29;16;1;0.000101013505;0.000053795247;0.000088197295;0.000041485879;
2016;05;29;17;1;0.000094405474;0.000049676996;0.000085785468;0.000036318968;
2016;05;29;18;1;0.000093337601;0.000048735674;0.000083221811;0.000035684524;
2016;05;29;19;1;0.000096100438;0.000049777014;0.000082203797;0.000035872766;
2016;05;29;20;1;0.000100443132;0.000051810173;0.000084314742;0.000039653125;
2016;05;29;21;1;0.000110655475;0.000059578443;0.000086819610;0.000044834709;
2016;05;29;22;1;0.000127403764;0.000117329323;0.000097740124;0.000136382481;
2016;05;29;23;1;0.000121201238;0.000151304600;0.000098751470;0.000224436302;
2016;05;29;24;1;0.000099714363;0.000150046980;0.000091067148;0.000179147290;
2016;05;30;1;1;0.000077215291;0.000138432499;0.000081086579;0.000159826013;
2016;05;30;2;1;0.000063324749;0.000128733674;0.000077359061;0.000160641566;
2016;05;30;3;1;0.000056593237;0.000122837898;0.000075182231;0.000155698204;
2016;05;30;4;1;0.000053855251;0.000121127348;0.000074015387;0.000154588939;
2016;05;30;5;1;0.000052884094;0.000119699301;0.000074563868;0.000151440483;
2016;05;30;6;1;0.000054603016;0.000119584761;0.000076103857;0.000150103517;
2016;05;30;7;1;0.000062905286;0.000107606267;0.000081577892;0.000135184041;
2016;05;30;8;1;0.000081831503;0.000061403605;0.000087158171;0.000046277837;
2016;05;30;9;1;0.000099843999;0.000064084683;0.000117632562;0.000045961773;
2016;05;30;10;1;0.000109664892;0.000063922132;0.000140046816;0.000045646617;
2016;05;30;11;1;0.000116616872;0.000063897648;0.000150113907;0.000046104773;
2016;05;30;12;1;0.000119330310;0.000062359287;0.000153442674;0.000044577727;
2016;05;30;13;1;0.000123057339;0.000060713815;0.000156035808;0.000042933222;
2016;05;30;14;1;0.000127013505;0.000061115986;0.000149715885;0.000042693075;
2016;05;30;15;1;0.000119373800;0.000059391495;0.000133388781;0.000046717099;
2016;05;30;16;1;0.000108742067;0.000054384460;0.000129786213;0.000040173237;
2016;05;30;17;1;0.000107984256;0.000051709158;0.000132748944;0.000037079883;
2016;05;30;18;1;0.000113445120;0.000052005383;0.000135360130;0.000037452503;
2016;05;30;19;1;0.000117080804;0.000052764489;0.000131233459;0.000037001396;
2016;05;30;20;1;0.000120149938;0.000055417858;0.000123979044;0.000040135719;
2016;05;30;21;1;0.000125994423;0.000062222464;0.000113887691;0.000044012031;
2016;05;30;22;1;0.000135371694;0.000117436248;0.000110137936;0.000131631415;
2016;05;30;23;1;0.000124358292;0.000152614458;0.000102378324;0.000224121042;
2016;05;30;24;1;0.000098986233;0.000148853616;0.000091440375;0.000176751577;
2016;05;31;1;1;0.000077687920;0.000138059992;0.000083096543;0.000159149460;
2016;05;31;2;1;0.000063432457;0.000128365866;0.000079164956;0.000163271298;
2016;05;31;3;1;0.000056900436;0.000122255559;0.000077206114;0.000160614728;
2016;05;31;4;1;0.000054269228;0.000120667025;0.000076017074;0.000154789251;
2016;05;31;5;1;0.000053403620;0.000119478580;0.000076002564;0.000151434849;
2016;05;31;6;1;0.000055097338;0.000119393427;0.000078160575;0.000150356900;
2016;05;31;7;1;0.000063467829;0.000106914917;0.000083146555;0.000131908718;
2016;05;31;8;1;0.000082800531;0.000061791049;0.000089172059;0.000045413343;
2016;05;31;9;1;0.000100569388;0.000065095043;0.000120133273;0.000046761473;
2016;05;31;10;1;0.000110442360;0.000065159134;0.000143300746;0.000044551961;
2016;05;31;11;1;0.000117303760;0.000064935020;0.000154174357;0.000044725798;
2016;05;31;12;1;0.000119756635;0.000062516260;0.000157109304;0.000043929959;
2016;05;31;13;1;0.000123913351;0.000061406125;0.000159608867;0.000042737711;
2016;05;31;14;1;0.000127471321;0.000061197589;0.000153076080;0.000043627245;
2016;05;31;15;1;0.000119656031;0.000059101873;0.000136951378;0.000046861464;
2016;05;31;16;1;0.000109605528;0.000054603446;0.000132894207;0.000040965178;
2016;05;31;17;1;0.000108917418;0.000052335655;0.000135544765;0.000037247814;
2016;05;31;18;1;0.000114267023;0.000052790588;0.000138400727;0.000037182109;
2016;05;31;19;1;0.000117774903;0.000053598256;0.000133781717;0.000037226399;
2016;05;31;20;1;0.000120762121;0.000055892120;0.000126519495;0.000041227664;
2016;05;31;21;1;0.000125865757;0.000062655230;0.000115783251;0.000046535829;
2016;05;31;22;1;0.000134154260;0.000115809630;0.000111273235;0.000126177811;
2016;05;31;23;1;0.000124806560;0.000152859987;0.000103610334;0.000224538895;
2016;05;31;24;1;0.000100210245;0.000149283516;0.000092831869;0.000177292868;
