AŃO;MES;DIA;HORA;VERANO(1)/INVIERNO(0);COEF. PERFIL P2.0TD;COEF. PERFIL P3.0TD;COEF. PERFIL P3.0TDVE;RESERVADO;
2021;08;01;1;1;0.000108256375;0.000100469725;0.000059268554;;
2021;08;01;2;1;0.000096085359;0.000091899428;0.000031937093;;
2021;08;01;3;1;0.000086286195;0.000086742001;0.000037460681;;
2021;08;01;4;1;0.000079928038;0.000084082004;0.000013438984;;
2021;08;01;5;1;0.000076034376;0.000083035787;0.000015238326;;
2021;08;01;6;1;0.000074176548;0.000083346956;0.000011951724;;
2021;08;01;7;1;0.000073721863;0.000084675822;0.000022700229;;
2021;08;01;8;1;0.000070748893;0.000078143216;0.000006463488;;
2021;08;01;9;1;0.000076646030;0.000079954275;0.000013623063;;
2021;08;01;10;1;0.000090143934;0.000087547422;0.000025028645;;
2021;08;01;11;1;0.000102727242;0.000094476510;0.000035543090;;
2021;08;01;12;1;0.000110306793;0.000098915636;0.000037436300;;
2021;08;01;13;1;0.000115466665;0.000102742573;0.000054761666;;
2021;08;01;14;1;0.000123380391;0.000105332832;0.000088288421;;
2021;08;01;15;1;0.000128232475;0.000104146314;0.000063892471;;
2021;08;01;16;1;0.000122007028;0.000101308200;0.000053602335;;
2021;08;01;17;1;0.000117338420;0.000098520520;0.000055617451;;
2021;08;01;18;1;0.000115391463;0.000095601843;0.000067925142;;
2021;08;01;19;1;0.000115449469;0.000095400297;0.000057642319;;
2021;08;01;20;1;0.000115533828;0.000097428492;0.000074261847;;
2021;08;01;21;1;0.000118526812;0.000101126416;0.000096559784;;
2021;08;01;22;1;0.000135734463;0.000112584622;0.000086689006;;
2021;08;01;23;1;0.000137527305;0.000110437385;0.000080865528;;
2021;08;01;24;1;0.000124346344;0.000101713183;0.000050554669;;
2021;08;02;1;1;0.000107630549;0.000091726472;0.000037062445;;
2021;08;02;2;1;0.000092675554;0.000084672469;0.000019255699;;
2021;08;02;3;1;0.000082863977;0.000080915019;0.000015356509;;
2021;08;02;4;1;0.000077199705;0.000079250077;0.000014499971;;
2021;08;02;5;1;0.000074005203;0.000078643345;0.000009917341;;
2021;08;02;6;1;0.000072688716;0.000080613873;0.000029723672;;
2021;08;02;7;1;0.000074908954;0.000087721818;0.000016553275;;
2021;08;02;8;1;0.000076479446;0.000095697479;0.000034582363;;
2021;08;02;9;1;0.000084227111;0.000119551779;0.000061102224;;
2021;08;02;10;1;0.000096924023;0.000136894156;0.000133964689;;
2021;08;02;11;1;0.000106969940;0.000147611899;0.000141715317;;
2021;08;02;12;1;0.000112055553;0.000152458985;0.000136762615;;
2021;08;02;13;1;0.000117999157;0.000156168451;0.000143792497;;
2021;08;02;14;1;0.000128306636;0.000154130100;0.000157115101;;
2021;08;02;15;1;0.000133354778;0.000141607018;0.000142125679;;
2021;08;02;16;1;0.000127801085;0.000131754616;0.000119194625;;
2021;08;02;17;1;0.000123610227;0.000130199999;0.000125502269;;
2021;08;02;18;1;0.000122737047;0.000130747808;0.000131178701;;
2021;08;02;19;1;0.000121155416;0.000128447479;0.000109753304;;
2021;08;02;20;1;0.000119454612;0.000124224769;0.000120718189;;
2021;08;02;21;1;0.000121781720;0.000119917322;0.000100346305;;
2021;08;02;22;1;0.000139480409;0.000123212888;0.000103569515;;
2021;08;02;23;1;0.000140074322;0.000114015321;0.000068603649;;
2021;08;02;24;1;0.000124058566;0.000103472999;0.000080195270;;
2021;08;03;1;1;0.000106423746;0.000095349437;0.000051168059;;
2021;08;03;2;1;0.000091276640;0.000088508572;0.000033780516;;
2021;08;03;3;1;0.000081700212;0.000084490525;0.000034191084;;
2021;08;03;4;1;0.000076325948;0.000082633592;0.000020629777;;
2021;08;03;5;1;0.000073207772;0.000081974307;0.000018237508;;
2021;08;03;6;1;0.000071828261;0.000083693603;0.000021525309;;
2021;08;03;7;1;0.000074224936;0.000090555348;0.000021928437;;
2021;08;03;8;1;0.000076880403;0.000098705337;0.000028892289;;
2021;08;03;9;1;0.000085119396;0.000122259484;0.000061465744;;
2021;08;03;10;1;0.000097931127;0.000139365435;0.000099007865;;
2021;08;03;11;1;0.000108157644;0.000150998752;0.000145368137;;
2021;08;03;12;1;0.000113198026;0.000156039785;0.000142592267;;
2021;08;03;13;1;0.000119091820;0.000160015672;0.000125607388;;
2021;08;03;14;1;0.000128957976;0.000157470343;0.000124872736;;
2021;08;03;15;1;0.000132885019;0.000145156614;0.000138354533;;
2021;08;03;16;1;0.000126735806;0.000135695826;0.000131884944;;
2021;08;03;17;1;0.000122588185;0.000134074175;0.000118250637;;
2021;08;03;18;1;0.000122035102;0.000134483154;0.000108794083;;
2021;08;03;19;1;0.000121089015;0.000131627202;0.000099636504;;
2021;08;03;20;1;0.000119534427;0.000127708580;0.000099402159;;
2021;08;03;21;1;0.000121549313;0.000123408656;0.000103271172;;
2021;08;03;22;1;0.000138368338;0.000125769923;0.000106783089;;
2021;08;03;23;1;0.000138855106;0.000116917140;0.000095332744;;
2021;08;03;24;1;0.000123400282;0.000105704582;0.000067853498;;
2021;08;04;1;1;0.000108346939;0.000097153503;0.000051957114;;
2021;08;04;2;1;0.000092882927;0.000090165462;0.000034301440;;
2021;08;04;3;1;0.000082998891;0.000086010152;0.000034718340;;
2021;08;04;4;1;0.000077473902;0.000084089402;0.000020947906;;
2021;08;04;5;1;0.000074288062;0.000083408486;0.000018518746;;
2021;08;04;6;1;0.000072998955;0.000085212988;0.000021857247;;
2021;08;04;7;1;0.000075341839;0.000092150827;0.000022266593;;
2021;08;04;8;1;0.000077689654;0.000100252983;0.000029337833;;
2021;08;04;9;1;0.000085963247;0.000124145174;0.000062413598;;
2021;08;04;10;1;0.000099043128;0.000141601006;0.000100534650;;
2021;08;04;11;1;0.000109378103;0.000153416464;0.000147609837;;
2021;08;04;12;1;0.000114195746;0.000158374645;0.000144791162;;
2021;08;04;13;1;0.000120307813;0.000162504891;0.000127544361;;
2021;08;04;14;1;0.000130403057;0.000159986256;0.000126798380;;
2021;08;04;15;1;0.000134696296;0.000147625572;0.000140488078;;
2021;08;04;16;1;0.000128761382;0.000138139254;0.000133918723;;
2021;08;04;17;1;0.000124793686;0.000136602077;0.000120074163;;
2021;08;04;18;1;0.000123981863;0.000136902793;0.000110471780;;
2021;08;04;19;1;0.000122719419;0.000133856612;0.000101172984;;
2021;08;04;20;1;0.000120839230;0.000129733403;0.000100935025;;
2021;08;04;21;1;0.000123090700;0.000125457887;0.000104863702;;
2021;08;04;22;1;0.000139610554;0.000127659816;0.000108429775;;
2021;08;04;23;1;0.000140268972;0.000118732944;0.000096802856;;
2021;08;04;24;1;0.000124813396;0.000107403849;0.000068899857;;
2021;08;05;1;1;0.000109522268;0.000098569926;0.000052661895;;
2021;08;05;2;1;0.000093801540;0.000091442707;0.000034766728;;
2021;08;05;3;1;0.000083861693;0.000087247354;0.000035189282;;
2021;08;05;4;1;0.000078213812;0.000085268394;0.000021232057;;
2021;08;05;5;1;0.000074950557;0.000084555241;0.000018769946;;
2021;08;05;6;1;0.000073594605;0.000086357009;0.000022153733;;
2021;08;05;7;1;0.000076103210;0.000093464973;0.000022568631;;
2021;08;05;8;1;0.000078318231;0.000101596390;0.000029735791;;
2021;08;05;9;1;0.000086402900;0.000125652297;0.000063260217;;
2021;08;05;10;1;0.000099578378;0.000143338484;0.000101898369;;
2021;08;05;11;1;0.000110101470;0.000155377893;0.000149612114;;
2021;08;05;12;1;0.000114971909;0.000160412349;0.000146755204;;
2021;08;05;13;1;0.000121230411;0.000164655532;0.000129274457;;
2021;08;05;14;1;0.000131560334;0.000162184930;0.000128518357;;
2021;08;05;15;1;0.000136084703;0.000149744068;0.000142393751;;
2021;08;05;16;1;0.000130253254;0.000140196858;0.000135735284;;
2021;08;05;17;1;0.000126483547;0.000138750170;0.000121702928;;
2021;08;05;18;1;0.000126017318;0.000139222781;0.000111970292;;
2021;08;05;19;1;0.000125011791;0.000136253016;0.000102545361;;
2021;08;05;20;1;0.000123267898;0.000132134131;0.000102304174;;
2021;08;05;21;1;0.000124951914;0.000127514346;0.000106286142;;
2021;08;05;22;1;0.000141651584;0.000129725866;0.000109900588;;
2021;08;05;23;1;0.000142229631;0.000120623301;0.000098115954;;
2021;08;05;24;1;0.000126667631;0.000109154312;0.000069834460;;
2021;08;06;1;1;0.000110711135;0.000099309049;0.000060400447;;
2021;08;06;2;1;0.000095044258;0.000091531809;0.000035711620;;
2021;08;06;3;1;0.000084870155;0.000087343516;0.000025852543;;
2021;08;06;4;1;0.000079071005;0.000085078289;0.000019440826;;
2021;08;06;5;1;0.000075543357;0.000084087702;0.000014365325;;
2021;08;06;6;1;0.000074186400;0.000086036732;0.000020639042;;
2021;08;06;7;1;0.000076367381;0.000092605522;0.000031717566;;
2021;08;06;8;1;0.000078521906;0.000100140113;0.000034972521;;
2021;08;06;9;1;0.000086829354;0.000122904516;0.000064590887;;
2021;08;06;10;1;0.000100297291;0.000140318727;0.000103326577;;
2021;08;06;11;1;0.000111178663;0.000153167211;0.000126428397;;
2021;08;06;12;1;0.000116576757;0.000158117972;0.000151833766;;
2021;08;06;13;1;0.000122695866;0.000162155369;0.000157083094;;
2021;08;06;14;1;0.000132817610;0.000160434055;0.000145967416;;
2021;08;06;15;1;0.000137904519;0.000147243637;0.000164440911;;
2021;08;06;16;1;0.000133166441;0.000136184140;0.000144470641;;
2021;08;06;17;1;0.000129612110;0.000133929054;0.000110016949;;
2021;08;06;18;1;0.000128596082;0.000133909937;0.000110645913;;
2021;08;06;19;1;0.000127155741;0.000132302914;0.000100497565;;
2021;08;06;20;1;0.000124567036;0.000129794620;0.000129654160;;
2021;08;06;21;1;0.000124527020;0.000127383472;0.000135351990;;
2021;08;06;22;1;0.000137711994;0.000131119778;0.000113259961;;
2021;08;06;23;1;0.000138172710;0.000123518571;0.000119282889;;
2021;08;06;24;1;0.000125130066;0.000113306026;0.000091978686;;
2021;08;07;1;1;0.000112665060;0.000105292185;0.000073593574;;
2021;08;07;2;1;0.000099102847;0.000096089271;0.000051997259;;
2021;08;07;3;1;0.000088657904;0.000090763227;0.000034659516;;
2021;08;07;4;1;0.000082078487;0.000087948061;0.000026331126;;
2021;08;07;5;1;0.000078121445;0.000086551240;0.000021424985;;
2021;08;07;6;1;0.000076137031;0.000087174767;0.000022965505;;
2021;08;07;7;1;0.000076078351;0.000089695698;0.000029208893;;
2021;08;07;8;1;0.000074514890;0.000085349038;0.000038736593;;
2021;08;07;9;1;0.000082392296;0.000092001572;0.000032326231;;
2021;08;07;10;1;0.000097470585;0.000105548354;0.000032385761;;
2021;08;07;11;1;0.000110660512;0.000118254476;0.000039450953;;
2021;08;07;12;1;0.000117441442;0.000122873550;0.000087962079;;
2021;08;07;13;1;0.000123022959;0.000127151887;0.000102188292;;
2021;08;07;14;1;0.000132845429;0.000126931604;0.000126414090;;
2021;08;07;15;1;0.000138023710;0.000121091531;0.000092133533;;
2021;08;07;16;1;0.000132247319;0.000116820305;0.000065474266;;
2021;08;07;17;1;0.000126776498;0.000115045975;0.000067202087;;
2021;08;07;18;1;0.000123986029;0.000113773766;0.000075892012;;
2021;08;07;19;1;0.000122233391;0.000114323306;0.000059593865;;
2021;08;07;20;1;0.000120512828;0.000116400037;0.000081617054;;
2021;08;07;21;1;0.000121132312;0.000119716337;0.000123116709;;
2021;08;07;22;1;0.000135814585;0.000127881109;0.000083022542;;
2021;08;07;23;1;0.000136023457;0.000122952158;0.000105233032;;
2021;08;07;24;1;0.000124114531;0.000113730404;0.000073348195;;
2021;08;08;1;1;0.000109278780;0.000101556218;0.000059818360;;
2021;08;08;2;1;0.000096788159;0.000092809267;0.000032233358;;
2021;08;08;3;1;0.000086954734;0.000087616929;0.000037808186;;
2021;08;08;4;1;0.000080408841;0.000084867696;0.000013563651;;
2021;08;08;5;1;0.000076597307;0.000083861082;0.000015379684;;
2021;08;08;6;1;0.000074518261;0.000084075310;0.000012062594;;
2021;08;08;7;1;0.000073926887;0.000085349160;0.000022910808;;
2021;08;08;8;1;0.000071068045;0.000078823054;0.000006523447;;
2021;08;08;9;1;0.000076791415;0.000080560506;0.000013749438;;
2021;08;08;10;1;0.000090260820;0.000088189082;0.000025260824;;
2021;08;08;11;1;0.000103336161;0.000095356047;0.000035872806;;
2021;08;08;12;1;0.000111179509;0.000099920209;0.000037783578;;
2021;08;08;13;1;0.000116601041;0.000103869294;0.000055269664;;
2021;08;08;14;1;0.000124647901;0.000106508051;0.000089107431;;
2021;08;08;15;1;0.000129377965;0.000105249191;0.000064485171;;
2021;08;08;16;1;0.000123317521;0.000102458384;0.000054099578;;
2021;08;08;17;1;0.000118399162;0.000099568004;0.000056133387;;
2021;08;08;18;1;0.000116746630;0.000096727342;0.000068555251;;
2021;08;08;19;1;0.000116817382;0.000096527840;0.000058177040;;
2021;08;08;20;1;0.000116786313;0.000098538798;0.000074950739;;
2021;08;08;21;1;0.000119523203;0.000102174544;0.000097455524;;
2021;08;08;22;1;0.000136824224;0.000113733590;0.000087493179;;
2021;08;08;23;1;0.000138494051;0.000111517391;0.000081615679;;
2021;08;08;24;1;0.000125093634;0.000102663590;0.000051023641;;
2021;08;09;1;1;0.000107637208;0.000091418131;0.000036875692;;
2021;08;09;2;1;0.000092457007;0.000084300117;0.000019158672;;
2021;08;09;3;1;0.000082928040;0.000080667657;0.000015279130;;
2021;08;09;4;1;0.000077226078;0.000078993010;0.000014426908;;
2021;08;09;5;1;0.000073888655;0.000078323757;0.000009867369;;
2021;08;09;6;1;0.000072170963;0.000080094760;0.000029573899;;
2021;08;09;7;1;0.000074158046;0.000087047335;0.000016469866;;
2021;08;09;8;1;0.000075617788;0.000094911315;0.000034408108;;
2021;08;09;9;1;0.000083142648;0.000118489305;0.000060794338;;
2021;08;09;10;1;0.000095953664;0.000135846087;0.000133289660;;
2021;08;09;11;1;0.000106030091;0.000146559280;0.000141001233;;
2021;08;09;12;1;0.000110943173;0.000151298919;0.000136073488;;
2021;08;09;13;1;0.000116759752;0.000154942338;0.000143067947;;
2021;08;09;14;1;0.000127106959;0.000152994398;0.000156323420;;
2021;08;09;15;1;0.000132531923;0.000140753873;0.000141409528;;
2021;08;09;16;1;0.000127468739;0.000131159599;0.000118594020;;
2021;08;09;17;1;0.000123701794;0.000129794964;0.000124869881;;
2021;08;09;18;1;0.000122743814;0.000130303653;0.000130517710;;
2021;08;09;19;1;0.000121278843;0.000128063134;0.000109200273;;
2021;08;09;20;1;0.000119413374;0.000123782144;0.000120109907;;
2021;08;09;21;1;0.000121483053;0.000119383189;0.000099840674;;
2021;08;09;22;1;0.000139192731;0.000122685051;0.000103047643;;
2021;08;09;23;1;0.000139541906;0.000113443191;0.000068257965;;
2021;08;09;24;1;0.000124103858;0.000103137834;0.000079791177;;
2021;08;10;1;1;0.000106860149;0.000095236625;0.000050932151;;
2021;08;10;2;1;0.000091562237;0.000088367454;0.000033624772;;
2021;08;10;3;1;0.000081810732;0.000084291244;0.000034033447;;
2021;08;10;4;1;0.000076321784;0.000082388854;0.000020534664;;
2021;08;10;5;1;0.000073060324;0.000081662679;0.000018153424;;
2021;08;10;6;1;0.000071635486;0.000083351227;0.000021426067;;
2021;08;10;7;1;0.000073686045;0.000090007832;0.000021827337;;
2021;08;10;8;1;0.000075898351;0.000097876329;0.000028759082;;
2021;08;10;9;1;0.000083781840;0.000121082128;0.000061182358;;
2021;08;10;10;1;0.000096463530;0.000138068712;0.000098551392;;
2021;08;10;11;1;0.000106623669;0.000149645548;0.000144697922;;
2021;08;10;12;1;0.000111645903;0.000154672828;0.000141934851;;
2021;08;10;13;1;0.000117506714;0.000158641042;0.000125028280;;
2021;08;10;14;1;0.000127778031;0.000156393921;0.000124297015;;
2021;08;10;15;1;0.000132066138;0.000144347847;0.000137716655;;
2021;08;10;16;1;0.000126508674;0.000135190932;0.000131276894;;
2021;08;10;17;1;0.000122650632;0.000133705147;0.000117705447;;
2021;08;10;18;1;0.000122021617;0.000134078063;0.000108292491;;
2021;08;10;19;1;0.000121227429;0.000131300424;0.000099177133;;
2021;08;10;20;1;0.000119598813;0.000127359371;0.000098943869;;
2021;08;10;21;1;0.000121701977;0.000123107974;0.000102795044;;
2021;08;10;22;1;0.000138725926;0.000125535968;0.000106290769;;
2021;08;10;23;1;0.000138769712;0.000116542337;0.000094893216;;
2021;08;10;24;1;0.000123436136;0.000105406569;0.000067540662;;
2021;08;11;1;1;0.000109280981;0.000098670219;0.000052793668;;
2021;08;11;2;1;0.000093767992;0.000091608256;0.000034853723;;
2021;08;11;3;1;0.000083738356;0.000087363712;0.000035277335;;
2021;08;11;4;1;0.000078102082;0.000085383775;0.000021285185;;
2021;08;11;5;1;0.000074781724;0.000084639855;0.000018816913;;
2021;08;11;6;1;0.000073372152;0.000086415404;0.000022209168;;
2021;08;11;7;1;0.000075686415;0.000093429645;0.000022625104;;
2021;08;11;8;1;0.000078026336;0.000101635262;0.000029810197;;
2021;08;11;9;1;0.000086130517;0.000125732963;0.000063418510;;
2021;08;11;10;1;0.000099452728;0.000143545666;0.000102153344;;
2021;08;11;11;1;0.000109704769;0.000155448933;0.000149986482;;
2021;08;11;12;1;0.000115018808;0.000160757426;0.000147122423;;
2021;08;11;13;1;0.000121289133;0.000165014932;0.000129597934;;
2021;08;11;14;1;0.000131871203;0.000162667627;0.000128839942;;
2021;08;11;15;1;0.000136574315;0.000150268536;0.000142750056;;
2021;08;11;16;1;0.000131209855;0.000140910493;0.000136074929;;
2021;08;11;17;1;0.000127532689;0.000139512360;0.000122007459;;
2021;08;11;18;1;0.000126522505;0.000139734639;0.000112250470;;
2021;08;11;19;1;0.000125381667;0.000136693169;0.000102801955;;
2021;08;11;20;1;0.000123450317;0.000132477954;0.000102560165;;
2021;08;11;21;1;0.000125865453;0.000128161091;0.000106552097;;
2021;08;11;22;1;0.000142931029;0.000130479576;0.000110175587;;
2021;08;11;23;1;0.000143154631;0.000121196491;0.000098361465;;
2021;08;11;24;1;0.000127583372;0.000109707149;0.000070009203;;
2021;08;12;1;1;0.000112681866;0.000102016700;0.000054298076;;
2021;08;12;2;1;0.000096422491;0.000094604399;0.000035846914;;
2021;08;12;3;1;0.000086196890;0.000090260239;0.000036282597;;
2021;08;12;4;1;0.000080147273;0.000088097712;0.000021891727;;
2021;08;12;5;1;0.000076543207;0.000087234214;0.000019353120;;
2021;08;12;6;1;0.000074812764;0.000088918922;0.000022842040;;
2021;08;12;7;1;0.000077153426;0.000096126263;0.000023269829;;
2021;08;12;8;1;0.000079644832;0.000104628559;0.000030659668;;
2021;08;12;9;1;0.000087538344;0.000129202448;0.000065225683;;
2021;08;12;10;1;0.000101436882;0.000147726721;0.000105064304;;
2021;08;12;11;1;0.000112073732;0.000160085162;0.000154260495;;
2021;08;12;12;1;0.000117485895;0.000165542060;0.000151314822;;
2021;08;12;13;1;0.000124106203;0.000170050343;0.000133290955;;
2021;08;12;14;1;0.000134932143;0.000167630187;0.000132511364;;
2021;08;12;15;1;0.000140088534;0.000155014629;0.000146817860;;
2021;08;12;16;1;0.000134686760;0.000145407342;0.000139952518;;
2021;08;12;17;1;0.000130601852;0.000143819290;0.000125484182;;
2021;08;12;18;1;0.000129805613;0.000144160999;0.000115449158;;
2021;08;12;19;1;0.000128600298;0.000141006857;0.000105731398;;
2021;08;12;20;1;0.000126785969;0.000136735086;0.000105482718;;
2021;08;12;21;1;0.000128609219;0.000131993462;0.000109588404;;
2021;08;12;22;1;0.000146306332;0.000134482431;0.000113315149;;
2021;08;12;23;1;0.000146869947;0.000125036772;0.000101164372;;
2021;08;12;24;1;0.000130813808;0.000113153483;0.000072004184;;
2021;08;13;1;1;0.000115054195;0.000104382234;0.000063241452;;
2021;08;13;2;1;0.000098726625;0.000096188342;0.000037391357;;
2021;08;13;3;1;0.000087783363;0.000091619009;0.000027068547;;
2021;08;13;4;1;0.000081683462;0.000089195433;0.000020355248;;
2021;08;13;5;1;0.000078029005;0.000088152278;0.000015041015;;
2021;08;13;6;1;0.000076373625;0.000090068427;0.000021609823;;
2021;08;13;7;1;0.000078426291;0.000096843697;0.000033209438;;
2021;08;13;8;1;0.000080263085;0.000104517384;0.000036617494;;
2021;08;13;9;1;0.000088551747;0.000128158981;0.000067628993;;
2021;08;13;10;1;0.000102722214;0.000146581466;0.000108186661;;
2021;08;13;11;1;0.000113935744;0.000160044414;0.000132375103;;
2021;08;13;12;1;0.000120049154;0.000165556256;0.000158975442;;
2021;08;13;13;1;0.000126907941;0.000170099021;0.000164471678;;
2021;08;13;14;1;0.000138071523;0.000168651693;0.000152833161;;
2021;08;13;15;1;0.000144259918;0.000155197875;0.000172175579;;
2021;08;13;16;1;0.000139862862;0.000143784685;0.000151265984;;
2021;08;13;17;1;0.000136000652;0.000141346436;0.000115191723;;
2021;08;13;18;1;0.000134713247;0.000141227736;0.000115850271;;
2021;08;13;19;1;0.000133138043;0.000139503255;0.000105224584;;
2021;08;13;20;1;0.000130485842;0.000136884776;0.000135752593;;
2021;08;13;21;1;0.000130483688;0.000134358647;0.000141718427;;
2021;08;13;22;1;0.000144776602;0.000138495015;0.000118587274;;
2021;08;13;23;1;0.000145062145;0.000130393960;0.000124893497;;
2021;08;13;24;1;0.000131712475;0.000119746204;0.000096305009;;
2021;08;14;1;1;0.000120974634;0.000115721508;0.000080502272;;
2021;08;14;2;1;0.000105972304;0.000105420169;0.000056878573;;
2021;08;14;3;1;0.000094881027;0.000099612264;0.000037913225;;
2021;08;14;4;1;0.000087644623;0.000096431764;0.000028802997;;
2021;08;14;5;1;0.000083425533;0.000094903367;0.000023436285;;
2021;08;14;6;1;0.000081265646;0.000095566853;0.000025121423;;
2021;08;14;7;1;0.000081096973;0.000098275446;0.000031950917;;
2021;08;14;8;1;0.000079387455;0.000093492759;0.000042373044;;
2021;08;14;9;1;0.000087194564;0.000100497554;0.000035360900;;
2021;08;14;10;1;0.000103716434;0.000115562383;0.000035426018;;
2021;08;14;11;1;0.000118072711;0.000129623021;0.000043154465;;
2021;08;14;12;1;0.000125876933;0.000134944348;0.000096219639;;
2021;08;14;13;1;0.000132455483;0.000139909495;0.000111781357;;
2021;08;14;14;1;0.000143199039;0.000139736295;0.000138281385;;
2021;08;14;15;1;0.000149505697;0.000133582953;0.000100782694;;
2021;08;14;16;1;0.000144086604;0.000129191379;0.000071620752;;
2021;08;14;17;1;0.000138526177;0.000127385808;0.000073510775;;
2021;08;14;18;1;0.000135792922;0.000126101214;0.000083016479;;
2021;08;14;19;1;0.000134331690;0.000126893903;0.000065188321;;
2021;08;14;20;1;0.000131619733;0.000128858298;0.000089278966;;
2021;08;14;21;1;0.000132102609;0.000132445420;0.000134674459;;
2021;08;14;22;1;0.000147895357;0.000141391506;0.000090816397;;
2021;08;14;23;1;0.000148048036;0.000135914183;0.000115111927;;
2021;08;14;24;1;0.000135151698;0.000125746050;0.000080233857;;
2021;08;15;1;1;0.000120690942;0.000115543620;0.000067518222;;
2021;08;15;2;1;0.000106777457;0.000105541864;0.000036382459;;
2021;08;15;3;1;0.000095773281;0.000099568323;0.000042674882;;
2021;08;15;4;1;0.000088381563;0.000096360276;0.000015309574;;
2021;08;15;5;1;0.000083963297;0.000095107030;0.000017359368;;
2021;08;15;6;1;0.000081186204;0.000095103045;0.000013615300;;
2021;08;15;7;1;0.000080517268;0.000096531016;0.000025859904;;
2021;08;15;8;1;0.000077476814;0.000089187031;0.000007363150;;
2021;08;15;9;1;0.000083392272;0.000091005668;0.000015519275;;
2021;08;15;10;1;0.000098264613;0.000099729477;0.000028512415;;
2021;08;15;11;1;0.000112559085;0.000107857562;0.000040490380;;
2021;08;15;12;1;0.000121745753;0.000113274093;0.000042647107;;
2021;08;15;13;1;0.000129032688;0.000118275919;0.000062384015;;
2021;08;15;14;1;0.000138469170;0.000121478612;0.000100577403;;
2021;08;15;15;1;0.000144433416;0.000120294800;0.000072785749;;
2021;08;15;16;1;0.000138668558;0.000117465888;0.000061063314;;
2021;08;15;17;1;0.000133851892;0.000114410876;0.000063358917;;
2021;08;15;18;1;0.000132104927;0.000111190493;0.000077379732;;
2021;08;15;19;1;0.000132064336;0.000110919102;0.000065665630;;
2021;08;15;20;1;0.000131350245;0.000112982047;0.000084598452;;
2021;08;15;21;1;0.000133917093;0.000116958893;0.000110000068;;
2021;08;15;22;1;0.000152539351;0.000129916752;0.000098755364;;
2021;08;15;23;1;0.000153815104;0.000127180352;0.000092121307;;
2021;08;15;24;1;0.000139238026;0.000117192704;0.000057591441;;
2021;08;16;1;1;0.000116404150;0.000098758554;0.000039146320;;
2021;08;16;2;1;0.000099964818;0.000091059790;0.000020338371;;
2021;08;16;3;1;0.000089211959;0.000086945296;0.000016219945;;
2021;08;16;4;1;0.000082637707;0.000084943012;0.000015315247;;
2021;08;16;5;1;0.000078757887;0.000084080364;0.000010474954;;
2021;08;16;6;1;0.000076633428;0.000085838100;0.000031394916;;
2021;08;16;7;1;0.000077692259;0.000092753296;0.000017484001;;
2021;08;16;8;1;0.000078503989;0.000100742864;0.000036526793;;
2021;08;16;9;1;0.000085519754;0.000125284386;0.000064537760;;
2021;08;16;10;1;0.000098797817;0.000143701603;0.000141496994;;
2021;08;16;11;1;0.000109507572;0.000155235573;0.000149683409;;
2021;08;16;12;1;0.000115311902;0.000160684906;0.000144452236;;
2021;08;16;13;1;0.000121841441;0.000164829381;0.000151877381;;
2021;08;16;14;1;0.000133072433;0.000162979279;0.000165949062;;
2021;08;16;15;1;0.000139716095;0.000150379134;0.000150116845;;
2021;08;16;16;1;0.000134942951;0.000140377671;0.000125896468;;
2021;08;16;17;1;0.000130638054;0.000138774393;0.000132558766;;
2021;08;16;18;1;0.000129310273;0.000139174414;0.000138554361;;
2021;08;16;19;1;0.000127479804;0.000136651170;0.000115924299;;
2021;08;16;20;1;0.000125078260;0.000131886659;0.000127505696;;
2021;08;16;21;1;0.000127436381;0.000127280395;0.000105988381;;
2021;08;16;22;1;0.000146063137;0.000130818693;0.000109392820;;
2021;08;16;23;1;0.000146285279;0.000120912464;0.000072460961;;
2021;08;16;24;1;0.000129961349;0.000109877832;0.000084704333;;
2021;08;17;1;1;0.000110140655;0.000097948688;0.000052005519;;
2021;08;17;2;1;0.000094267536;0.000090840245;0.000034333397;;
2021;08;17;3;1;0.000084259567;0.000086663230;0.000034750685;;
2021;08;17;4;1;0.000078329673;0.000084577983;0.000020967422;;
2021;08;17;5;1;0.000074866000;0.000083776014;0.000018535998;;
2021;08;17;6;1;0.000073144189;0.000085376507;0.000021877610;;
2021;08;17;7;1;0.000075106726;0.000092125920;0.000022287337;;
2021;08;17;8;1;0.000077299785;0.000100145245;0.000029365165;;
2021;08;17;9;1;0.000084959406;0.000123662291;0.000062471744;;
2021;08;17;10;1;0.000097879111;0.000141047765;0.000100628312;;
2021;08;17;11;1;0.000108135604;0.000152843131;0.000147747356;;
2021;08;17;12;1;0.000113277660;0.000158006361;0.000144926054;;
2021;08;17;13;1;0.000119316717;0.000162112894;0.000127663186;;
2021;08;17;14;1;0.000129562723;0.000159720435;0.000126916510;;
2021;08;17;15;1;0.000134341522;0.000147617947;0.000140618962;;
2021;08;17;16;1;0.000128798576;0.000138303820;0.000134043486;;
2021;08;17;17;1;0.000125168435;0.000136921858;0.000120186028;;
2021;08;17;18;1;0.000124338839;0.000137216077;0.000110574699;;
2021;08;17;19;1;0.000123138218;0.000134192944;0.000101267240;;
2021;08;17;20;1;0.000121171237;0.000130022905;0.000101029060;;
2021;08;17;21;1;0.000123275363;0.000125671583;0.000104961396;;
2021;08;17;22;1;0.000140649625;0.000128198958;0.000108530792;;
2021;08;17;23;1;0.000140435067;0.000118919744;0.000096893041;;
2021;08;17;24;1;0.000125082032;0.000107617287;0.000068964046;;
2021;08;18;1;1;0.000108935319;0.000097127064;0.000051746805;;
2021;08;18;2;1;0.000093373387;0.000090135543;0.000034162597;;
2021;08;18;3;1;0.000083632446;0.000086067820;0.000034577809;;
2021;08;18;4;1;0.000077870744;0.000084055001;0.000020863114;;
2021;08;18;5;1;0.000074631551;0.000083356424;0.000018443787;;
2021;08;18;6;1;0.000072879536;0.000084930930;0.000021768775;;
2021;08;18;7;1;0.000075083231;0.000091775000;0.000022176463;;
2021;08;18;8;1;0.000077196843;0.000099719677;0.000029219081;;
2021;08;18;9;1;0.000084919173;0.000123180104;0.000062160964;;
2021;08;18;10;1;0.000097769318;0.000140458824;0.000100127712;;
2021;08;18;11;1;0.000107953467;0.000152168790;0.000147012351;;
2021;08;18;12;1;0.000112790828;0.000157136097;0.000144205085;;
2021;08;18;13;1;0.000118876935;0.000161261623;0.000127028094;;
2021;08;18;14;1;0.000129086821;0.000158882677;0.000126285133;;
2021;08;18;15;1;0.000133827905;0.000146834431;0.000139919419;;
2021;08;18;16;1;0.000128369300;0.000137598417;0.000133376654;;
2021;08;18;17;1;0.000124515901;0.000136114545;0.000119588133;;
2021;08;18;18;1;0.000124007383;0.000136554965;0.000110024619;;
2021;08;18;19;1;0.000122629605;0.000133463229;0.000100763462;;
2021;08;18;20;1;0.000120531958;0.000129252920;0.000100526466;;
2021;08;18;21;1;0.000122708916;0.000124963586;0.000104439241;;
2021;08;18;22;1;0.000140043218;0.000127491971;0.000107990879;;
2021;08;18;23;1;0.000139755171;0.000118237000;0.000096411023;;
2021;08;18;24;1;0.000124563759;0.000107031464;0.000068620968;;
2021;08;19;1;1;0.000108585827;0.000096685011;0.000051521846;;
2021;08;19;2;1;0.000093060896;0.000089719940;0.000034014082;;
2021;08;19;3;1;0.000083216941;0.000085610727;0.000034427489;;
2021;08;19;4;1;0.000077442377;0.000083589401;0.000020772416;;
2021;08;19;5;1;0.000074191615;0.000082880606;0.000018363606;;
2021;08;19;6;1;0.000072539176;0.000084491129;0.000021674139;;
2021;08;19;7;1;0.000074817622;0.000091344240;0.000022080056;;
2021;08;19;8;1;0.000077145867;0.000099373658;0.000029092057;;
2021;08;19;9;1;0.000084822510;0.000122726502;0.000061890731;;
2021;08;19;10;1;0.000097713547;0.000139974645;0.000099692427;;
2021;08;19;11;1;0.000107732189;0.000151549545;0.000146373244;;
2021;08;19;12;1;0.000112516061;0.000156471023;0.000143578182;;
2021;08;19;13;1;0.000118482923;0.000160519710;0.000126475865;;
2021;08;19;14;1;0.000128780609;0.000158214862;0.000125736134;;
2021;08;19;15;1;0.000133361485;0.000146148445;0.000139311147;;
2021;08;19;16;1;0.000127927706;0.000136958208;0.000132796826;;
2021;08;19;17;1;0.000123819268;0.000135357146;0.000119068248;;
2021;08;19;18;1;0.000123149529;0.000135718448;0.000109546309;;
2021;08;19;19;1;0.000121953136;0.000132725076;0.000100325413;;
2021;08;19;20;1;0.000120076329;0.000128632945;0.000100089448;;
2021;08;19;21;1;0.000122242288;0.000124363009;0.000103985212;;
2021;08;19;22;1;0.000139637002;0.000126928015;0.000107521410;;
2021;08;19;23;1;0.000139227126;0.000117669881;0.000095991896;;
2021;08;19;24;1;0.000123953239;0.000106466761;0.000068322652;;
2021;08;20;1;1;0.000109123156;0.000097895022;0.000059704463;;
2021;08;20;2;1;0.000093910172;0.000090323404;0.000035300121;;
2021;08;20;3;1;0.000083913421;0.000086215217;0.000025554649;;
2021;08;20;4;1;0.000078228634;0.000084001892;0.000019216813;;
2021;08;20;5;1;0.000074795512;0.000083051011;0.000014199796;;
2021;08;20;6;1;0.000073229206;0.000084865579;0.000020401222;;
2021;08;20;7;1;0.000075485816;0.000091398715;0.000031352090;;
2021;08;20;8;1;0.000077370339;0.000098702028;0.000034569539;;
2021;08;20;9;1;0.000085444798;0.000121074368;0.000063846617;;
2021;08;20;10;1;0.000098761704;0.000138267786;0.000102135962;;
2021;08;20;11;1;0.000109407822;0.000150888601;0.000124971584;;
2021;08;20;12;1;0.000114813170;0.000155819665;0.000150084211;;
2021;08;20;13;1;0.000121073894;0.000159929173;0.000155273052;;
2021;08;20;14;1;0.000131467240;0.000158437766;0.000144285458;;
2021;08;20;15;1;0.000136931535;0.000145605175;0.000162546086;;
2021;08;20;16;1;0.000132474593;0.000134775211;0.000142805930;;
2021;08;20;17;1;0.000128770744;0.000132470157;0.000108749242;;
2021;08;20;18;1;0.000127662616;0.000132407914;0.000109370959;;
2021;08;20;19;1;0.000126106154;0.000130763352;0.000099339549;;
2021;08;20;20;1;0.000123653776;0.000128334858;0.000128160177;;
2021;08;20;21;1;0.000123726792;0.000125999214;0.000133792352;;
2021;08;20;22;1;0.000137842736;0.000130103538;0.000111954886;;
2021;08;20;23;1;0.000137088835;0.000122103500;0.000117908412;;
2021;08;20;24;1;0.000124048946;0.000111969583;0.000090918831;;
2021;08;21;1;1;0.000112602667;0.000105825360;0.000074122989;;
2021;08;21;2;1;0.000099101058;0.000096597435;0.000052371315;;
2021;08;21;3;1;0.000088729675;0.000091275772;0.000034908848;;
2021;08;21;4;1;0.000082062937;0.000088407277;0.000026520546;;
2021;08;21;5;1;0.000078094972;0.000086997693;0.000021579111;;
2021;08;21;6;1;0.000076047609;0.000087593337;0.000023130713;;
2021;08;21;7;1;0.000076091709;0.000090177950;0.000029419014;;
2021;08;21;8;1;0.000074537190;0.000085812906;0.000039015255;;
2021;08;21;9;1;0.000082148766;0.000092374475;0.000032558778;;
2021;08;21;10;1;0.000097382615;0.000106069199;0.000032618736;;
2021;08;21;11;1;0.000110928611;0.000119005309;0.000039734754;;
2021;08;21;12;1;0.000117823330;0.000123697144;0.000088594857;;
2021;08;21;13;1;0.000123472987;0.000128026197;0.000102923410;;
2021;08;21;14;1;0.000133247641;0.000127770048;0.000127323482;;
2021;08;21;15;1;0.000138731602;0.000121999564;0.000092796319;;
2021;08;21;16;1;0.000133563002;0.000117935800;0.000065945272;;
2021;08;21;17;1;0.000128115359;0.000116174244;0.000067685523;;
2021;08;21;18;1;0.000125549929;0.000114988212;0.000076437961;;
2021;08;21;19;1;0.000124273986;0.000115740628;0.000060022569;;
2021;08;21;20;1;0.000122077004;0.000117660769;0.000082204187;;
2021;08;21;21;1;0.000122735473;0.000121025104;0.000124002381;;
2021;08;21;22;1;0.000137988056;0.000129431259;0.000083619786;;
2021;08;21;23;1;0.000137466757;0.000124161544;0.000105990054;;
2021;08;21;24;1;0.000125386320;0.000114831349;0.000073875844;;
2021;08;22;1;1;0.000111865315;0.000105602163;0.000062259940;;
2021;08;22;2;1;0.000099124281;0.000096525387;0.000033549013;;
2021;08;22;3;1;0.000089205645;0.000091191878;0.000039351386;;
2021;08;22;4;1;0.000082409711;0.000088294396;0.000014117273;;
2021;08;22;5;1;0.000078309098;0.000087155105;0.000016007430;;
2021;08;22;6;1;0.000076188737;0.000087380251;0.000012554948;;
2021;08;22;7;1;0.000075744251;0.000088783759;0.000023845949;;
2021;08;22;8;1;0.000072974466;0.000082071896;0.000006789712;;
2021;08;22;9;1;0.000078320384;0.000083642061;0.000014310643;;
2021;08;22;10;1;0.000092360764;0.000091690329;0.000026291884;;
2021;08;22;11;1;0.000105427477;0.000099017386;0.000037337011;;
2021;08;22;12;1;0.000113389032;0.000103742388;0.000039325775;;
2021;08;22;13;1;0.000119541837;0.000108081394;0.000057525583;;
2021;08;22;14;1;0.000128921218;0.000111240099;0.000092744491;;
2021;08;22;15;1;0.000134621925;0.000110207176;0.000067117235;;
2021;08;22;16;1;0.000129074664;0.000107553618;0.000056307737;;
2021;08;22;17;1;0.000124116448;0.000104586119;0.000058424560;;
2021;08;22;18;1;0.000122451846;0.000101626307;0.000071353441;;
2021;08;22;19;1;0.000122374929;0.000101364186;0.000060551627;;
2021;08;22;20;1;0.000122162229;0.000103411838;0.000078009971;;
2021;08;22;21;1;0.000124830255;0.000107154878;0.000101433324;;
2021;08;22;22;1;0.000143444095;0.000119473199;0.000091064351;;
2021;08;22;23;1;0.000144079851;0.000116762613;0.000084946951;;
2021;08;22;24;1;0.000130468197;0.000107608193;0.000053106251;;
2021;08;23;1;1;0.000113833983;0.000098348385;0.000039484172;;
2021;08;23;2;1;0.000097692185;0.000090655849;0.000020513901;;
2021;08;23;3;1;0.000087279153;0.000086602983;0.000016359931;;
2021;08;23;4;1;0.000081172467;0.000084758230;0.000015447425;;
2021;08;23;5;1;0.000077618031;0.000084018828;0.000010565358;;
2021;08;23;6;1;0.000075572921;0.000085803675;0.000031665870;;
2021;08;23;7;1;0.000077905481;0.000093379787;0.000017634896;;
2021;08;23;8;1;0.000079922665;0.000102080490;0.000036842037;;
2021;08;23;9;1;0.000087668674;0.000127312757;0.000065094753;;
2021;08;23;10;1;0.000101211729;0.000145983955;0.000142718184;;
2021;08;23;11;1;0.000112247233;0.000157738733;0.000150975251;;
2021;08;23;12;1;0.000117601098;0.000162929197;0.000145698931;;
2021;08;23;13;1;0.000124245955;0.000167124677;0.000153188158;;
2021;08;23;14;1;0.000135571065;0.000165186779;0.000167381285;;
2021;08;23;15;1;0.000141669742;0.000152115048;0.000151412428;;
2021;08;23;16;1;0.000136450404;0.000141830625;0.000126983017;;
2021;08;23;17;1;0.000132198131;0.000140255860;0.000133702814;;
2021;08;23;18;1;0.000130944988;0.000140701322;0.000139750154;;
2021;08;23;19;1;0.000128946487;0.000138084231;0.000116924783;;
2021;08;23;20;1;0.000126500924;0.000133262293;0.000128606133;;
2021;08;23;21;1;0.000128855088;0.000128594636;0.000106903113;;
2021;08;23;22;1;0.000148064816;0.000132313527;0.000110336934;;
2021;08;23;23;1;0.000147007064;0.000121842574;0.000073086336;;
2021;08;23;24;1;0.000130420750;0.000110657126;0.000085435373;;
2021;08;24;1;1;0.000111693571;0.000100510766;0.000053495957;;
2021;08;24;2;1;0.000095894996;0.000093341669;0.000035317365;;
2021;08;24;3;1;0.000085837606;0.000089105389;0.000035746612;;
2021;08;24;4;1;0.000080073311;0.000087091739;0.000021568331;;
2021;08;24;5;1;0.000076507859;0.000086254177;0.000019067226;;
2021;08;24;6;1;0.000074949950;0.000088004036;0.000022504605;;
2021;08;24;7;1;0.000077209949;0.000095092442;0.000022926075;;
2021;08;24;8;1;0.000080051504;0.000103694631;0.000030206748;;
2021;08;24;9;1;0.000088100714;0.000128112054;0.000064262136;;
2021;08;24;10;1;0.000101515120;0.000146131396;0.000103512240;;
2021;08;24;11;1;0.000111681835;0.000158070475;0.000151981679;;
2021;08;24;12;1;0.000116702338;0.000163239349;0.000149079521;;
2021;08;24;13;1;0.000123020325;0.000167537477;0.000131321913;;
2021;08;24;14;1;0.000133444321;0.000164993246;0.000130553837;;
2021;08;24;15;1;0.000137783795;0.000152220017;0.000144648991;;
2021;08;24;16;1;0.000131882862;0.000142516645;0.000137885067;;
2021;08;24;17;1;0.000127717471;0.000140883493;0.000123630465;;
2021;08;24;18;1;0.000126952939;0.000141224846;0.000113743684;;
2021;08;24;19;1;0.000125657095;0.000138081135;0.000104169480;;
2021;08;24;20;1;0.000123866712;0.000133889365;0.000103924473;;
2021;08;24;21;1;0.000126339936;0.000129548515;0.000107969508;;
2021;08;24;22;1;0.000143940192;0.000132073595;0.000111641199;;
2021;08;24;23;1;0.000142717453;0.000122148658;0.000099669920;;
2021;08;24;24;1;0.000126724127;0.000110394367;0.000070940502;;
2021;08;25;1;1;0.000109947005;0.000099037439;0.000052902787;;
2021;08;25;2;1;0.000094272827;0.000091921493;0.000034925762;;
2021;08;25;3;1;0.000084427252;0.000087768557;0.000035350249;;
2021;08;25;4;1;0.000078510351;0.000085669671;0.000021329179;;
2021;08;25;5;1;0.000075313410;0.000084991230;0.000018855806;;
2021;08;25;6;1;0.000073912945;0.000086783187;0.000022255072;;
2021;08;25;7;1;0.000076553394;0.000093989857;0.000022671868;;
2021;08;25;8;1;0.000079170848;0.000102381767;0.000029871812;;
2021;08;25;9;1;0.000087114465;0.000126480188;0.000063549590;;
2021;08;25;10;1;0.000100525166;0.000144359228;0.000102364485;;
2021;08;25;11;1;0.000111024773;0.000156410804;0.000150296488;;
2021;08;25;12;1;0.000115978387;0.000161503088;0.000147426510;;
2021;08;25;13;1;0.000122185015;0.000165714444;0.000129865800;;
2021;08;25;14;1;0.000132466069;0.000163160849;0.000129106241;;
2021;08;25;15;1;0.000136815834;0.000150549650;0.000143045106;;
2021;08;25;16;1;0.000130886179;0.000140920418;0.000136356181;;
2021;08;25;17;1;0.000126756420;0.000139307285;0.000122259636;;
2021;08;25;18;1;0.000125954112;0.000139624408;0.000112482480;;
2021;08;25;19;1;0.000124673093;0.000136518332;0.000103014436;;
2021;08;25;20;1;0.000122738587;0.000132302027;0.000102772146;;
2021;08;25;21;1;0.000125314919;0.000128066903;0.000106772329;;
2021;08;25;22;1;0.000142735125;0.000130549109;0.000110403308;;
2021;08;25;23;1;0.000141677927;0.000120795123;0.000098564768;;
2021;08;25;24;1;0.000126110882;0.000109285321;0.000070153905;;
2021;08;26;1;1;0.000110563776;0.000100242265;0.000053614288;;
2021;08;26;2;1;0.000094788655;0.000093033985;0.000035395486;;
2021;08;26;3;1;0.000084849377;0.000088813069;0.000035825683;;
2021;08;26;4;1;0.000079072246;0.000086769283;0.000021616040;;
2021;08;26;5;1;0.000075814550;0.000086063768;0.000019109402;;
2021;08;26;6;1;0.000074320597;0.000087836482;0.000022554385;;
2021;08;26;7;1;0.000076868701;0.000095073667;0.000022976787;;
2021;08;26;8;1;0.000079593230;0.000103616367;0.000030273564;;
2021;08;26;9;1;0.000087774673;0.000128128657;0.000064404282;;
2021;08;26;10;1;0.000101146854;0.000146155697;0.000103741207;;
2021;08;26;11;1;0.000111708948;0.000158355996;0.000152317859;;
2021;08;26;12;1;0.000117110040;0.000163758007;0.000149409282;;
2021;08;26;13;1;0.000123405084;0.000168044103;0.000131612394;;
2021;08;26;14;1;0.000134123155;0.000165629430;0.000130842619;;
2021;08;26;15;1;0.000138887236;0.000152996638;0.000144968951;;
2021;08;26;16;1;0.000133018167;0.000143279209;0.000138190066;;
2021;08;26;17;1;0.000129010596;0.000141727000;0.000123903933;;
2021;08;26;18;1;0.000128015787;0.000141965677;0.000113995282;;
2021;08;26;19;1;0.000126696616;0.000138799133;0.000104399900;;
2021;08;26;20;1;0.000124632964;0.000134467716;0.000104154352;;
2021;08;26;21;1;0.000126913114;0.000130017631;0.000108208334;;
2021;08;26;22;1;0.000144965316;0.000132698119;0.000111888147;;
2021;08;26;23;1;0.000143983764;0.000122817402;0.000099890387;;
2021;08;26;24;1;0.000128029905;0.000111065633;0.000071097420;;
2021;08;27;1;1;0.000112494742;0.000102171783;0.000062249832;;
2021;08;27;2;1;0.000097015990;0.000094354460;0.000036805064;;
2021;08;27;3;1;0.000086439148;0.000089951811;0.000026644115;;
2021;08;27;4;1;0.000080589077;0.000087645364;0.000020036079;;
2021;08;27;5;1;0.000077190751;0.000086720074;0.000014805173;;
2021;08;27;6;1;0.000075687463;0.000088672021;0.000021270983;;
2021;08;27;7;1;0.000078145885;0.000095564034;0.000032688717;;
2021;08;27;8;1;0.000080721215;0.000103543013;0.000036043335;;
2021;08;27;9;1;0.000088934434;0.000126882393;0.000066568577;;
2021;08;27;10;1;0.000102691611;0.000144838211;0.000106490304;;
2021;08;27;11;1;0.000113661560;0.000157999997;0.000130299473;;
2021;08;27;12;1;0.000119476748;0.000163278567;0.000156482721;;
2021;08;27;13;1;0.000126049724;0.000167617319;0.000161892777;;
2021;08;27;14;1;0.000136726432;0.000165981178;0.000150436751;;
2021;08;27;15;1;0.000142098887;0.000152397222;0.000169475881;;
2021;08;27;16;1;0.000137608164;0.000141120507;0.000148894147;;
2021;08;27;17;1;0.000133728078;0.000138692387;0.000113385527;;
2021;08;27;18;1;0.000132587017;0.000138631479;0.000114033749;;
2021;08;27;19;1;0.000131068146;0.000136952740;0.000103574672;;
2021;08;27;20;1;0.000127970744;0.000134166109;0.000133624004;;
2021;08;27;21;1;0.000127934481;0.000131675749;0.000139496294;;
2021;08;27;22;1;0.000142574703;0.000135982143;0.000116727836;;
2021;08;27;23;1;0.000141000082;0.000127315788;0.000122935178;;
2021;08;27;24;1;0.000127743586;0.000116810117;0.000094794955;;
2021;08;28;1;1;0.000113807273;0.000106181927;0.000074022598;;
2021;08;28;2;1;0.000100042977;0.000096874801;0.000052300385;;
2021;08;28;3;1;0.000089645920;0.000091569338;0.000034861568;;
2021;08;28;4;1;0.000082904773;0.000088688443;0.000026484627;;
2021;08;28;5;1;0.000078928878;0.000087289746;0.000021549885;;
2021;08;28;6;1;0.000076801089;0.000087858418;0.000023099385;;
2021;08;28;7;1;0.000076814012;0.000090435641;0.000029379170;;
2021;08;28;8;1;0.000075377343;0.000086122103;0.000038962414;;
2021;08;28;9;1;0.000082640544;0.000092498930;0.000032514681;;
2021;08;28;10;1;0.000097657540;0.000106070080;0.000032574558;;
2021;08;28;11;1;0.000110755805;0.000118786044;0.000039680938;;
2021;08;28;12;1;0.000117608033;0.000123455193;0.000088474866;;
2021;08;28;13;1;0.000123103007;0.000127712644;0.000102784013;;
2021;08;28;14;1;0.000132498069;0.000127314530;0.000127151038;;
2021;08;28;15;1;0.000137638533;0.000121447127;0.000092670639;;
2021;08;28;16;1;0.000132147299;0.000117264981;0.000065855957;;
2021;08;28;17;1;0.000126841794;0.000115546257;0.000067593851;;
2021;08;28;18;1;0.000124592855;0.000114480024;0.000076334435;;
2021;08;28;19;1;0.000123377887;0.000115249140;0.000059941276;;
2021;08;28;20;1;0.000121094300;0.000117119168;0.000082092852;;
2021;08;28;21;1;0.000122089290;0.000120611740;0.000123834436;;
2021;08;28;22;1;0.000137571801;0.000129111773;0.000083506534;;
2021;08;28;23;1;0.000136592265;0.000123677982;0.000105846503;;
2021;08;28;24;1;0.000124573987;0.000114378569;0.000073775788;;
2021;08;29;1;1;0.000109868202;0.000102802524;0.000060632769;;
2021;08;29;2;1;0.000097178271;0.000093893763;0.000032672206;;
2021;08;29;3;1;0.000087253295;0.000088618641;0.000038322933;;
2021;08;29;4;1;0.000080857129;0.000085916455;0.000013748316;;
2021;08;29;5;1;0.000076938939;0.000084857151;0.000015589074;;
2021;08;29;6;1;0.000074767387;0.000085033652;0.000012226823;;
2021;08;29;7;1;0.000074474642;0.000086470756;0.000023222732;;
2021;08;29;8;1;0.000072080101;0.000080089703;0.000006612262;;
2021;08;29;9;1;0.000077490548;0.000081678093;0.000013936632;;
2021;08;29;10;1;0.000090666705;0.000089239404;0.000025604743;;
2021;08;29;11;1;0.000103586027;0.000096406848;0.000036361204;;
2021;08;29;12;1;0.000112094819;0.000101269524;0.000038297991;;
2021;08;29;13;1;0.000118089851;0.000105472436;0.000056022145;;
2021;08;29;14;1;0.000126259714;0.000108159327;0.000090320602;;
2021;08;29;15;1;0.000131157849;0.000106918056;0.000065363118;;
2021;08;29;16;1;0.000125097603;0.000104112193;0.000054836128;;
2021;08;29;17;1;0.000120501520;0.000101314883;0.000056897627;;
2021;08;29;18;1;0.000118788884;0.000098413627;0.000069488611;;
2021;08;29;19;1;0.000118881492;0.000098218207;0.000058969103;;
2021;08;29;20;1;0.000118635757;0.000100188065;0.000075971171;;
2021;08;29;21;1;0.000121763598;0.000104010010;0.000098782352;;
2021;08;29;22;1;0.000140130223;0.000116040230;0.000088684373;;
2021;08;29;23;1;0.000139933635;0.000113125829;0.000082726853;;
2021;08;29;24;1;0.000126484382;0.000104176084;0.000051718313;;
2021;08;30;1;1;0.000110892226;0.000095830418;0.000038697887;;
2021;08;30;2;1;0.000095519115;0.000088474405;0.000020105389;;
2021;08;30;3;1;0.000085523861;0.000084598207;0.000016034141;;
2021;08;30;4;1;0.000079750317;0.000082889859;0.000015139806;;
2021;08;30;5;1;0.000076208567;0.000082143979;0.000010354961;;
2021;08;30;6;1;0.000074576533;0.000084069779;0.000031035279;;
2021;08;30;7;1;0.000077325553;0.000091720571;0.000017283716;;
2021;08;30;8;1;0.000079674659;0.000100454735;0.000036108368;;
2021;08;30;9;1;0.000087338479;0.000125244463;0.000063798462;;
2021;08;30;10;1;0.000100577947;0.000143457254;0.000139876106;;
2021;08;30;11;1;0.000110976698;0.000154673470;0.000147968743;;
2021;08;30;12;1;0.000116346946;0.000159807080;0.000142797495;;
2021;08;30;13;1;0.000122796992;0.000163852736;0.000150137582;;
2021;08;30;14;1;0.000133512133;0.000161708671;0.000164048068;;
2021;08;30;15;1;0.000138890959;0.000148627358;0.000148397213;;
2021;08;30;16;1;0.000133290867;0.000138366528;0.000124454288;;
2021;08;30;17;1;0.000129019859;0.000136778060;0.000131040267;;
2021;08;30;18;1;0.000127707316;0.000137171885;0.000136967181;;
2021;08;30;19;1;0.000126063104;0.000134759087;0.000114596353;;
2021;08;30;20;1;0.000124070864;0.000130230470;0.000126045081;;
2021;08;30;21;1;0.000126703775;0.000125805273;0.000104774253;;
2021;08;30;22;1;0.000145890764;0.000129556171;0.000108139693;;
2021;08;30;23;1;0.000143872644;0.000118960326;0.000071630900;;
2021;08;30;24;1;0.000127914996;0.000108138498;0.000083734020;;
2021;08;31;1;1;0.000110161723;0.000099943314;0.000053527220;;
2021;08;31;2;1;0.000094739252;0.000092880531;0.000035338004;;
2021;08;31;3;1;0.000084809502;0.000088668513;0.000035767502;;
2021;08;31;4;1;0.000079124155;0.000086669795;0.000021580936;;
2021;08;31;5;1;0.000075793603;0.000085930778;0.000019078368;;
2021;08;31;6;1;0.000074405107;0.000087753492;0.000022517757;;
2021;08;31;7;1;0.000077158558;0.000095090699;0.000022939473;;
2021;08;31;8;1;0.000080291107;0.000103855047;0.000030224401;;
2021;08;31;9;1;0.000088405791;0.000128334558;0.000064299691;;
2021;08;31;10;1;0.000101886548;0.000146396787;0.000103572733;;
2021;08;31;11;1;0.000112386858;0.000158533849;0.000152070498;;
2021;08;31;12;1;0.000117556185;0.000163786291;0.000149166644;;
2021;08;31;13;1;0.000123625184;0.000167929864;0.000131398657;;
2021;08;31;14;1;0.000134139022;0.000165400804;0.000130630133;;
2021;08;31;15;1;0.000138494158;0.000152593799;0.000144733524;;
2021;08;31;16;1;0.000132338271;0.000142763284;0.000137965648;;
2021;08;31;17;1;0.000128029385;0.000141066786;0.000123702715;;
2021;08;31;18;1;0.000127215405;0.000141386214;0.000113810156;;
2021;08;31;19;1;0.000125969102;0.000138263013;0.000104230356;;
2021;08;31;20;1;0.000123899275;0.000133940194;0.000103985207;;
2021;08;31;21;1;0.000126781272;0.000129774469;0.000108032605;;
2021;08;31;22;1;0.000144652404;0.000132386598;0.000111706442;;
2021;08;31;23;1;0.000142882679;0.000122241460;0.000099728167;;
2021;08;31;24;1;0.000126849666;0.000110470375;0.000070981959;;
