AŃO;MES;DIA;HORA;VERANO(1)/INVIERNO(0);COEF. PERFIL A;COEF. PERFIL B;COEF. PERFIL C;COEF. PERFIL D;
2018;02;01;1;0;0.000098319193;0.000230370655;0.000084749777;0.000176955785;
2018;02;01;2;0;0.000077723082;0.000211007878;0.000081743152;0.000190144640;
2018;02;01;3;0;0.000068769862;0.000195545225;0.000080152026;0.000185057767;
2018;02;01;4;0;0.000064967523;0.000185774232;0.000079262277;0.000178647690;
2018;02;01;5;0;0.000064109175;0.000182047026;0.000079500703;0.000169643050;
2018;02;01;6;0;0.000066687597;0.000192274463;0.000082311233;0.000166093725;
2018;02;01;7;0;0.000079807409;0.000201906225;0.000094622135;0.000167046952;
2018;02;01;8;0;0.000111986710;0.000205270262;0.000118910953;0.000162136325;
2018;02;01;9;0;0.000135381418;0.000159286640;0.000154639115;0.000084425119;
2018;02;01;10;0;0.000147816215;0.000143341579;0.000181236844;0.000071925318;
2018;02;01;11;0;0.000158992008;0.000136361100;0.000189361891;0.000069719905;
2018;02;01;12;0;0.000159768829;0.000120752485;0.000187812314;0.000066501509;
2018;02;01;13;0;0.000161303044;0.000090241365;0.000185392606;0.000063426216;
2018;02;01;14;0;0.000164134167;0.000090573537;0.000173124985;0.000063960444;
2018;02;01;15;0;0.000156764830;0.000088584218;0.000149697739;0.000062169663;
2018;02;01;16;0;0.000148868089;0.000083652536;0.000142720044;0.000057003851;
2018;02;01;17;0;0.000148245520;0.000080831145;0.000144982827;0.000054646967;
2018;02;01;18;0;0.000155016128;0.000081436073;0.000148314997;0.000059292743;
2018;02;01;19;0;0.000167715256;0.000100236463;0.000151724336;0.000071620070;
2018;02;01;20;0;0.000187744013;0.000174106420;0.000158915344;0.000214820564;
2018;02;01;21;0;0.000196249130;0.000189020763;0.000142608867;0.000240547754;
2018;02;01;22;0;0.000190539832;0.000193329933;0.000120649951;0.000244120174;
2018;02;01;23;0;0.000165151559;0.000242404180;0.000103098088;0.000227675412;
2018;02;01;24;0;0.000131602274;0.000247224427;0.000092255171;0.000194399993;
2018;02;02;1;0;0.000102131690;0.000236125589;0.000087876405;0.000178554802;
2018;02;02;2;0;0.000081712356;0.000215627207;0.000084352747;0.000188451562;
2018;02;02;3;0;0.000071407134;0.000200192786;0.000082528142;0.000185410947;
2018;02;02;4;0;0.000067094364;0.000190361604;0.000081551628;0.000178225319;
2018;02;02;5;0;0.000066097915;0.000185776732;0.000081694753;0.000170062266;
2018;02;02;6;0;0.000068532849;0.000195848744;0.000084742820;0.000168786244;
2018;02;02;7;0;0.000081783483;0.000205475387;0.000097086714;0.000166510246;
2018;02;02;8;0;0.000113678622;0.000208425209;0.000120970104;0.000160642969;
2018;02;02;9;0;0.000138639220;0.000162764438;0.000156838922;0.000083080413;
2018;02;02;10;0;0.000152508236;0.000147698938;0.000183622253;0.000073675778;
2018;02;02;11;0;0.000163321572;0.000140453608;0.000192088906;0.000073245367;
2018;02;02;12;0;0.000164042955;0.000123692580;0.000190637169;0.000071374897;
2018;02;02;13;0;0.000164984168;0.000092331058;0.000187630777;0.000068748926;
2018;02;02;14;0;0.000167720870;0.000092680590;0.000174615254;0.000067795891;
2018;02;02;15;0;0.000161485934;0.000091280919;0.000149776865;0.000065264082;
2018;02;02;16;0;0.000154203854;0.000086402133;0.000138544879;0.000061995223;
2018;02;02;17;0;0.000152654873;0.000083610981;0.000137874505;0.000059421004;
2018;02;02;18;0;0.000157616513;0.000083974859;0.000140817093;0.000061633607;
2018;02;02;19;0;0.000168165840;0.000101280098;0.000146629618;0.000072875947;
2018;02;02;20;0;0.000184204032;0.000174095970;0.000157930203;0.000214521577;
2018;02;02;21;0;0.000188352892;0.000186580144;0.000146517981;0.000238930466;
2018;02;02;22;0;0.000185337632;0.000190711436;0.000127208275;0.000241686599;
2018;02;02;23;0;0.000165718931;0.000243263953;0.000110608519;0.000225859711;
2018;02;02;24;0;0.000138790845;0.000252410598;0.000100262088;0.000197116030;
2018;02;03;1;0;0.000110695066;0.000239356054;0.000091238740;0.000183378044;
2018;02;03;2;0;0.000089637874;0.000219958489;0.000085912457;0.000193367697;
2018;02;03;3;0;0.000077308326;0.000202853198;0.000083088145;0.000189085426;
2018;02;03;4;0;0.000070754033;0.000191829943;0.000081444170;0.000181539508;
2018;02;03;5;0;0.000068200212;0.000186352392;0.000081188301;0.000171170064;
2018;02;03;6;0;0.000068393237;0.000196001750;0.000082242184;0.000171065041;
2018;02;03;7;0;0.000072742273;0.000200688359;0.000086761197;0.000169067149;
2018;02;03;8;0;0.000082834489;0.000190204870;0.000091199922;0.000150502765;
2018;02;03;9;0;0.000105241160;0.000142183930;0.000092753950;0.000070881443;
2018;02;03;10;0;0.000136405020;0.000140147841;0.000105855433;0.000066979690;
2018;02;03;11;0;0.000159515755;0.000142867341;0.000120087230;0.000073497352;
2018;02;03;12;0;0.000164519065;0.000129493412;0.000124251251;0.000069840261;
2018;02;03;13;0;0.000165378984;0.000096586443;0.000125668782;0.000067727561;
2018;02;03;14;0;0.000170569874;0.000096878248;0.000119981940;0.000065959340;
2018;02;03;15;0;0.000166217342;0.000095290648;0.000107789237;0.000069202932;
2018;02;03;16;0;0.000151834153;0.000087402600;0.000102603935;0.000063293145;
2018;02;03;17;0;0.000142779632;0.000081875411;0.000101473923;0.000057494954;
2018;02;03;18;0;0.000140878212;0.000080068657;0.000105060329;0.000055985572;
2018;02;03;19;0;0.000149836141;0.000096285763;0.000111997604;0.000064619924;
2018;02;03;20;0;0.000163488435;0.000167663412;0.000129928131;0.000204175433;
2018;02;03;21;0;0.000172837663;0.000180450074;0.000129506670;0.000230839797;
2018;02;03;22;0;0.000174117466;0.000185900146;0.000118913227;0.000236006550;
2018;02;03;23;0;0.000157451163;0.000239024011;0.000108085634;0.000223265559;
2018;02;03;24;0;0.000134991099;0.000249688293;0.000099867382;0.000194045796;
2018;02;04;1;0;0.000114507150;0.000242305362;0.000094548916;0.000181771631;
2018;02;04;2;0;0.000093406758;0.000223015095;0.000088091535;0.000187962749;
2018;02;04;3;0;0.000080013065;0.000205487089;0.000084733873;0.000180898198;
2018;02;04;4;0;0.000072943216;0.000193765535;0.000083124703;0.000175561611;
2018;02;04;5;0;0.000069764454;0.000188309672;0.000082454547;0.000166491984;
2018;02;04;6;0;0.000069305766;0.000197931685;0.000083296287;0.000165533453;
2018;02;04;7;0;0.000071470419;0.000201987047;0.000085766076;0.000165961898;
2018;02;04;8;0;0.000077646517;0.000190253172;0.000086023429;0.000150856073;
2018;02;04;9;0;0.000092843891;0.000137267809;0.000079769480;0.000065975911;
2018;02;04;10;0;0.000120057549;0.000132330064;0.000083304729;0.000058980157;
2018;02;04;11;0;0.000144846828;0.000138893170;0.000089204087;0.000064743712;
2018;02;04;12;0;0.000156005921;0.000130741449;0.000093933408;0.000069441715;
2018;02;04;13;0;0.000159645693;0.000099651436;0.000097305644;0.000066853403;
2018;02;04;14;0;0.000166289114;0.000098982528;0.000097076828;0.000065381644;
2018;02;04;15;0;0.000164062467;0.000096146902;0.000093288609;0.000068556857;
2018;02;04;16;0;0.000147823855;0.000085962881;0.000089608204;0.000061105142;
2018;02;04;17;0;0.000139037921;0.000080650837;0.000087016826;0.000057302327;
2018;02;04;18;0;0.000137470769;0.000078995654;0.000085997491;0.000056468455;
2018;02;04;19;0;0.000151179117;0.000097457313;0.000091762336;0.000070123661;
2018;02;04;20;0;0.000173428039;0.000172420894;0.000108808845;0.000216468565;
2018;02;04;21;0;0.000188573688;0.000187500673;0.000110166975;0.000242084446;
2018;02;04;22;0;0.000188612375;0.000192952535;0.000105874995;0.000243318080;
2018;02;04;23;0;0.000164282246;0.000244713245;0.000098036668;0.000227598575;
2018;02;04;24;0;0.000133129476;0.000251452068;0.000090560717;0.000194382457;
2018;02;05;1;0;0.000102609632;0.000239123552;0.000086135374;0.000179259886;
2018;02;05;2;0;0.000081935877;0.000218656516;0.000083376147;0.000186748983;
2018;02;05;3;0;0.000072131551;0.000201967023;0.000081797611;0.000179435081;
2018;02;05;4;0;0.000067836957;0.000191677312;0.000081291104;0.000173768410;
2018;02;05;5;0;0.000066825216;0.000186989029;0.000081763733;0.000166866672;
2018;02;05;6;0;0.000069390608;0.000198217090;0.000084778580;0.000166858423;
2018;02;05;7;0;0.000083110702;0.000208976935;0.000098030479;0.000169123806;
2018;02;05;8;0;0.000115476085;0.000210204071;0.000123259503;0.000162040579;
2018;02;05;9;0;0.000140149589;0.000162663235;0.000162078755;0.000083209666;
2018;02;05;10;0;0.000154695371;0.000147905690;0.000191092844;0.000072575864;
2018;02;05;11;0;0.000167422187;0.000142372685;0.000200098925;0.000071880362;
2018;02;05;12;0;0.000169188647;0.000125371796;0.000198583048;0.000069184171;
2018;02;05;13;0;0.000170655390;0.000093145171;0.000195111587;0.000067102218;
2018;02;05;14;0;0.000173905535;0.000093496530;0.000181367846;0.000066569051;
2018;02;05;15;0;0.000165329036;0.000091296072;0.000156596890;0.000065014561;
2018;02;05;16;0;0.000156306717;0.000085756284;0.000149082738;0.000058924287;
2018;02;05;17;0;0.000155487609;0.000082496280;0.000151605779;0.000058306024;
2018;02;05;18;0;0.000162114963;0.000082759367;0.000155479714;0.000061710559;
2018;02;05;19;0;0.000174733379;0.000101649928;0.000157623786;0.000073800753;
2018;02;05;20;0;0.000196136474;0.000178451102;0.000164683084;0.000220749519;
2018;02;05;21;0;0.000205368162;0.000194121103;0.000147979263;0.000248174314;
2018;02;05;22;0;0.000199987043;0.000199089237;0.000124783055;0.000251329317;
2018;02;05;23;0;0.000172781134;0.000250036497;0.000106853032;0.000235128484;
2018;02;05;24;0;0.000137191107;0.000254131821;0.000096131959;0.000198698235;
2018;02;06;1;0;0.000102970824;0.000237265175;0.000088850174;0.000181630046;
2018;02;06;2;0;0.000081388458;0.000217133702;0.000085673194;0.000194433446;
2018;02;06;3;0;0.000072000642;0.000201014648;0.000083976712;0.000188383632;
2018;02;06;4;0;0.000068013679;0.000190869194;0.000083029868;0.000181437067;
2018;02;06;5;0;0.000067114163;0.000187024016;0.000083277330;0.000172223466;
2018;02;06;6;0;0.000069811691;0.000197500531;0.000086217018;0.000168495498;
2018;02;06;7;0;0.000083544627;0.000207371027;0.000099108519;0.000169368864;
2018;02;06;8;0;0.000117233722;0.000210858744;0.000124555180;0.000164518876;
2018;02;06;9;0;0.000141766466;0.000163914716;0.000162075078;0.000086338522;
2018;02;06;10;0;0.000154828393;0.000147739092;0.000190051602;0.000074060218;
2018;02;06;11;0;0.000166566185;0.000140705368;0.000198647718;0.000072142817;
2018;02;06;12;0;0.000167315646;0.000124312453;0.000196870671;0.000068130010;
2018;02;06;13;0;0.000168939041;0.000092956881;0.000194372697;0.000065145354;
2018;02;06;14;0;0.000171852228;0.000093130169;0.000181401166;0.000065182750;
2018;02;06;15;0;0.000164122187;0.000091037565;0.000156826901;0.000063216513;
2018;02;06;16;0;0.000155860408;0.000085987757;0.000149527600;0.000058017683;
2018;02;06;17;0;0.000155194043;0.000083040921;0.000151869836;0.000055484186;
2018;02;06;18;0;0.000162300480;0.000083719461;0.000155395663;0.000060378054;
2018;02;06;19;0;0.000175597321;0.000103050320;0.000158969512;0.000072940146;
2018;02;06;20;0;0.000196594736;0.000179143536;0.000166550279;0.000219572655;
2018;02;06;21;0;0.000205520166;0.000194599152;0.000149488527;0.000246466953;
2018;02;06;22;0;0.000199555441;0.000199120478;0.000126488369;0.000250578853;
2018;02;06;23;0;0.000172953724;0.000249559434;0.000108071945;0.000233276558;
2018;02;06;24;0;0.000137787310;0.000254166680;0.000096660798;0.000197994576;
2018;02;07;1;0;0.000104054308;0.000238670723;0.000089790234;0.000181990667;
2018;02;07;2;0;0.000082242009;0.000218374529;0.000086573659;0.000194640125;
2018;02;07;3;0;0.000072759830;0.000202231439;0.000084868884;0.000188857183;
2018;02;07;4;0;0.000068730886;0.000192025477;0.000083912123;0.000181895531;
2018;02;07;5;0;0.000067825751;0.000188221477;0.000084171812;0.000172916872;
2018;02;07;6;0;0.000070549190;0.000198719183;0.000087136421;0.000168997979;
2018;02;07;7;0;0.000084434412;0.000208758140;0.000100182520;0.000170263245;
2018;02;07;8;0;0.000118486737;0.000212317027;0.000125914354;0.000165552621;
2018;02;07;9;0;0.000143271774;0.000164979620;0.000163820987;0.000086722597;
2018;02;07;10;0;0.000156462348;0.000148641682;0.000192074217;0.000074266172;
2018;02;07;11;0;0.000168321611;0.000141553017;0.000200756101;0.000072318263;
2018;02;07;12;0;0.000169119177;0.000125239657;0.000199054803;0.000068716512;
2018;02;07;13;0;0.000170725012;0.000093535039;0.000196448442;0.000065358275;
2018;02;07;14;0;0.000173700665;0.000093811819;0.000183405236;0.000065704105;
2018;02;07;15;0;0.000165907312;0.000091769602;0.000158597386;0.000063919045;
2018;02;07;16;0;0.000157546229;0.000086648044;0.000151197558;0.000058571394;
2018;02;07;17;0;0.000156886831;0.000083723908;0.000153593698;0.000056144779;
2018;02;07;18;0;0.000164032967;0.000084291569;0.000157087137;0.000060734904;
2018;02;07;19;0;0.000177452045;0.000103685436;0.000160664210;0.000073159677;
2018;02;07;20;0;0.000198677361;0.000180280985;0.000168336162;0.000220411314;
2018;02;07;21;0;0.000207708732;0.000195899173;0.000151108032;0.000247761164;
2018;02;07;22;0;0.000201686184;0.000200484559;0.000127865914;0.000252076826;
2018;02;07;23;0;0.000174803263;0.000251293389;0.000109252464;0.000234767877;
2018;02;07;24;0;0.000139271335;0.000256048839;0.000097731468;0.000199650574;
2018;02;08;1;0;0.000105155037;0.000240353576;0.000090766311;0.000183342183;
2018;02;08;2;0;0.000083109634;0.000219876898;0.000087509794;0.000195943666;
2018;02;08;3;0;0.000073531966;0.000203698524;0.000085797197;0.000190432935;
2018;02;08;4;0;0.000069459060;0.000193398426;0.000084827025;0.000183331666;
2018;02;08;5;0;0.000068541670;0.000189522999;0.000085082929;0.000174105853;
2018;02;08;6;0;0.000071290693;0.000200039974;0.000088071811;0.000169962829;
2018;02;08;7;0;0.000085320348;0.000210123315;0.000101254378;0.000171155269;
2018;02;08;8;0;0.000119731579;0.000213722648;0.000127264937;0.000166477044;
2018;02;08;9;0;0.000144785454;0.000166129919;0.000165597472;0.000087338646;
2018;02;08;10;0;0.000158112757;0.000149663004;0.000194150609;0.000074760096;
2018;02;08;11;0;0.000170089386;0.000142486739;0.000202907905;0.000072712800;
2018;02;08;12;0;0.000170893479;0.000126057601;0.000201184019;0.000069072098;
2018;02;08;13;0;0.000172497570;0.000094085121;0.000198506995;0.000065513572;
2018;02;08;14;0;0.000175507644;0.000094374932;0.000185334563;0.000065895020;
2018;02;08;15;0;0.000167634161;0.000092323567;0.000160267548;0.000064114109;
2018;02;08;16;0;0.000159189275;0.000087181672;0.000152795982;0.000058780849;
2018;02;08;17;0;0.000158518805;0.000084226174;0.000155209240;0.000056307146;
2018;02;08;18;0;0.000165747173;0.000084821427;0.000158754543;0.000060985153;
2018;02;08;19;0;0.000179293477;0.000104291739;0.000162346020;0.000073321857;
2018;02;08;20;0;0.000200746777;0.000181377148;0.000170111383;0.000221123112;
2018;02;08;21;0;0.000209849304;0.000196961443;0.000152668239;0.000247862715;
2018;02;08;22;0;0.000203756725;0.000201524967;0.000129176068;0.000251938346;
2018;02;08;23;0;0.000176628831;0.000252862891;0.000110410641;0.000235695922;
2018;02;08;24;0;0.000140742547;0.000257831270;0.000098790975;0.000201050981;
2018;02;09;1;0;0.000106686116;0.000243027910;0.000091900066;0.000183756475;
2018;02;09;2;0;0.000085341444;0.000221700644;0.000088184566;0.000193081725;
2018;02;09;3;0;0.000074565161;0.000205610049;0.000086246130;0.000189081536;
2018;02;09;4;0;0.000070057901;0.000195449887;0.000085216485;0.000181499023;
2018;02;09;5;0;0.000069018887;0.000190766479;0.000085369624;0.000173280470;
2018;02;09;6;0;0.000071555054;0.000201001014;0.000088539017;0.000171571407;
2018;02;09;7;0;0.000085402942;0.000211073479;0.000101466608;0.000169943832;
2018;02;09;8;0;0.000118706062;0.000214064503;0.000126419797;0.000163821205;
2018;02;09;9;0;0.000144780869;0.000167239939;0.000163927890;0.000084882255;
2018;02;09;10;0;0.000159262016;0.000151747163;0.000191916345;0.000075244789;
2018;02;09;11;0;0.000170545569;0.000144259330;0.000200745069;0.000074706416;
2018;02;09;12;0;0.000171302187;0.000127058929;0.000199235649;0.000072835125;
2018;02;09;13;0;0.000172264693;0.000094776763;0.000196047331;0.000069941723;
2018;02;09;14;0;0.000175128360;0.000095155753;0.000182460886;0.000069035578;
2018;02;09;15;0;0.000168628959;0.000093754990;0.000156526718;0.000066568035;
2018;02;09;16;0;0.000161008083;0.000088688906;0.000144758555;0.000063065264;
2018;02;09;17;0;0.000159382020;0.000085795694;0.000144042331;0.000060360894;
2018;02;09;18;0;0.000164588014;0.000086249769;0.000147162511;0.000062861606;
2018;02;09;19;0;0.000175588696;0.000103969589;0.000153210338;0.000074159805;
2018;02;09;20;0;0.000192337946;0.000178736599;0.000165023468;0.000218394811;
2018;02;09;21;0;0.000196670438;0.000191556095;0.000153099350;0.000243259164;
2018;02;09;22;0;0.000193525834;0.000195820735;0.000132927515;0.000246192496;
2018;02;09;23;0;0.000173039959;0.000249777542;0.000115580877;0.000230056418;
2018;02;09;24;0;0.000144924101;0.000259188766;0.000104771985;0.000200843661;
2018;02;10;1;0;0.000113676520;0.000243568173;0.000093759840;0.000186601236;
2018;02;10;2;0;0.000092045525;0.000223732555;0.000088273632;0.000196403045;
2018;02;10;3;0;0.000079383089;0.000206307153;0.000085368007;0.000191949119;
2018;02;10;4;0;0.000072644734;0.000194964862;0.000083660128;0.000183753657;
2018;02;10;5;0;0.000070016569;0.000189298763;0.000083382765;0.000172864687;
2018;02;10;6;0;0.000070216662;0.000199133419;0.000084469768;0.000172881025;
2018;02;10;7;0;0.000074688908;0.000204014061;0.000089128515;0.000171297604;
2018;02;10;8;0;0.000085043069;0.000193245753;0.000093670437;0.000152105807;
2018;02;10;9;0;0.000108042793;0.000144421894;0.000095258855;0.000071559436;
2018;02;10;10;0;0.000140054798;0.000142467124;0.000108742943;0.000067856605;
2018;02;10;11;0;0.000163800393;0.000145319308;0.000123387788;0.000074654067;
2018;02;10;12;0;0.000168948084;0.000131762506;0.000127681350;0.000071047596;
2018;02;10;13;0;0.000169820171;0.000098240887;0.000129121321;0.000068784101;
2018;02;10;14;0;0.000175154580;0.000098551572;0.000123284042;0.000067028877;
2018;02;10;15;0;0.000170687097;0.000096943425;0.000110758417;0.000070345710;
2018;02;10;16;0;0.000155918667;0.000088923816;0.000105432357;0.000064354736;
2018;02;10;17;0;0.000146609708;0.000083263499;0.000104255755;0.000058348153;
2018;02;10;18;0;0.000144649383;0.000081399454;0.000107928693;0.000056735979;
2018;02;10;19;0;0.000153773110;0.000097603240;0.000114944663;0.000064661657;
2018;02;10;20;0;0.000167808453;0.000170106379;0.000133385732;0.000205102719;
2018;02;10;21;0;0.000177428564;0.000183227284;0.000132988803;0.000232707230;
2018;02;10;22;0;0.000178754001;0.000188835224;0.000122126442;0.000238324927;
2018;02;10;23;0;0.000161653899;0.000242887949;0.000111020008;0.000225820767;
2018;02;10;24;0;0.000138593561;0.000253716294;0.000102577514;0.000196239391;
2018;02;11;1;0;0.000112319874;0.000240384212;0.000092786741;0.000183790325;
2018;02;11;2;0;0.000091610877;0.000221079388;0.000086427748;0.000189447134;
2018;02;11;3;0;0.000078473047;0.000203679314;0.000083130048;0.000182255944;
2018;02;11;4;0;0.000071527570;0.000191873184;0.000081524678;0.000176143189;
2018;02;11;5;0;0.000068412795;0.000186508794;0.000080872866;0.000167202122;
2018;02;11;6;0;0.000067962127;0.000196024457;0.000081696397;0.000166196655;
2018;02;11;7;0;0.000070091825;0.000200161368;0.000084135593;0.000167070579;
2018;02;11;8;0;0.000076142112;0.000188433163;0.000084373211;0.000151497152;
2018;02;11;9;0;0.000091038862;0.000135900170;0.000078228655;0.000066148222;
2018;02;11;10;0;0.000117725624;0.000131025832;0.000081698629;0.000059159163;
2018;02;11;11;0;0.000141989820;0.000137269773;0.000087430496;0.000064409280;
2018;02;11;12;0;0.000152875961;0.000128945385;0.000092002156;0.000068461881;
2018;02;11;13;0;0.000156345307;0.000097916153;0.000095186440;0.000064855010;
2018;02;11;14;0;0.000162783223;0.000097015818;0.000094883187;0.000062753451;
2018;02;11;15;0;0.000160598540;0.000094220062;0.000091174985;0.000065763636;
2018;02;11;16;0;0.000144718059;0.000084292888;0.000087596416;0.000058767434;
2018;02;11;17;0;0.000136121294;0.000079099730;0.000085068917;0.000055154386;
2018;02;11;18;0;0.000134588906;0.000077482151;0.000084074707;0.000054360251;
2018;02;11;19;0;0.000147998555;0.000095545136;0.000089696862;0.000067354846;
2018;02;11;20;0;0.000169868618;0.000169572491;0.000106471526;0.000210806098;
2018;02;11;21;0;0.000184730586;0.000184566451;0.000107832216;0.000236669179;
2018;02;11;22;0;0.000184801355;0.000190136010;0.000103668078;0.000238982971;
2018;02;11;23;0;0.000160989228;0.000241378282;0.000096024619;0.000224493270;
2018;02;11;24;0;0.000130490379;0.000248361044;0.000088742162;0.000192850357;
2018;02;12;1;0;0.000099835740;0.000235468944;0.000083799837;0.000178345031;
2018;02;12;2;0;0.000079725456;0.000215389590;0.000081124775;0.000186083910;
2018;02;12;3;0;0.000070179433;0.000198844468;0.000079574828;0.000178392527;
2018;02;12;4;0;0.000066002947;0.000188746209;0.000079086598;0.000172888417;
2018;02;12;5;0;0.000065025751;0.000184252742;0.000079564032;0.000166517746;
2018;02;12;6;0;0.000067508634;0.000195083771;0.000082464968;0.000165654874;
2018;02;12;7;0;0.000080845383;0.000205501226;0.000095328695;0.000167282544;
2018;02;12;8;0;0.000112310584;0.000206507605;0.000119823895;0.000159582674;
2018;02;12;9;0;0.000136272714;0.000159556006;0.000157480172;0.000081394463;
2018;02;12;10;0;0.000150419691;0.000145101475;0.000185679902;0.000071041527;
2018;02;12;11;0;0.000162796797;0.000139684252;0.000194435803;0.000070387285;
2018;02;12;12;0;0.000164528713;0.000123068418;0.000192996281;0.000067900508;
2018;02;12;13;0;0.000165986124;0.000091536424;0.000189693459;0.000066175438;
2018;02;12;14;0;0.000169130475;0.000091826894;0.000176296223;0.000065481807;
2018;02;12;15;0;0.000160832024;0.000089807809;0.000152298484;0.000064387949;
2018;02;12;16;0;0.000152020320;0.000084242892;0.000144924273;0.000058014905;
2018;02;12;17;0;0.000151185775;0.000080919027;0.000147303124;0.000057039226;
2018;02;12;18;0;0.000157616816;0.000081137090;0.000151042287;0.000060241375;
2018;02;12;19;0;0.000169867602;0.000099595109;0.000153093536;0.000071841260;
2018;02;12;20;0;0.000190727086;0.000175132382;0.000160037873;0.000216432356;
2018;02;12;21;0;0.000199712204;0.000190557123;0.000143816798;0.000243579808;
2018;02;12;22;0;0.000194501904;0.000195570375;0.000121301278;0.000247420898;
2018;02;12;23;0;0.000168072820;0.000245885210;0.000103909408;0.000232556644;
2018;02;12;24;0;0.000133459742;0.000249992709;0.000093493655;0.000196801121;
2018;02;13;1;0;0.000101556507;0.000235269327;0.000087610018;0.000180658488;
2018;02;13;2;0;0.000080272479;0.000215337854;0.000084481385;0.000193513631;
2018;02;13;3;0;0.000071015188;0.000199382617;0.000082812710;0.000187619240;
2018;02;13;4;0;0.000067089607;0.000189435196;0.000081895631;0.000181184171;
2018;02;13;5;0;0.000066205550;0.000185673790;0.000082147759;0.000172210537;
2018;02;13;6;0;0.000068866398;0.000196072578;0.000085047197;0.000168484976;
2018;02;13;7;0;0.000082418509;0.000205949689;0.000097775982;0.000169653345;
2018;02;13;8;0;0.000115644227;0.000209311123;0.000122860737;0.000164422761;
2018;02;13;9;0;0.000139806261;0.000162445009;0.000159783085;0.000085668343;
2018;02;13;10;0;0.000152689216;0.000146423908;0.000187367997;0.000073506693;
2018;02;13;11;0;0.000164253084;0.000139393104;0.000195814731;0.000071472163;
2018;02;13;12;0;0.000165036038;0.000123349562;0.000194166286;0.000067962159;
2018;02;13;13;0;0.000166588175;0.000092073965;0.000191589605;0.000064491185;
2018;02;13;14;0;0.000169511255;0.000092410186;0.000178910212;0.000065025439;
2018;02;13;15;0;0.000161890073;0.000090345697;0.000154680200;0.000063100272;
2018;02;13;16;0;0.000153733893;0.000085311753;0.000147467840;0.000057844901;
2018;02;13;17;0;0.000153080987;0.000082402198;0.000149786357;0.000055360174;
2018;02;13;18;0;0.000160048548;0.000082944631;0.000153183203;0.000059834876;
2018;02;13;19;0;0.000173109896;0.000101915977;0.000156613844;0.000071727553;
2018;02;13;20;0;0.000193834143;0.000177305145;0.000164123399;0.000216637005;
2018;02;13;21;0;0.000202641077;0.000192641502;0.000147320219;0.000243394983;
2018;02;13;22;0;0.000196764605;0.000197146053;0.000124659644;0.000247622288;
2018;02;13;23;0;0.000170544441;0.000247167507;0.000106521368;0.000230856098;
2018;02;13;24;0;0.000135882860;0.000251896186;0.000095294903;0.000196489751;
2018;02;14;1;0;0.000100440766;0.000234192796;0.000086668582;0.000181758063;
2018;02;14;2;0;0.000079386511;0.000214287462;0.000083565037;0.000194446769;
2018;02;14;3;0;0.000070229324;0.000198375669;0.000081909653;0.000188393608;
2018;02;14;4;0;0.000066337657;0.000188316235;0.000080979316;0.000181255580;
2018;02;14;5;0;0.000065468717;0.000184665530;0.000081241558;0.000172642604;
2018;02;14;6;0;0.000068096088;0.000194942184;0.000084099492;0.000168671852;
2018;02;14;7;0;0.000081493558;0.000204716668;0.000096679201;0.000169682677;
2018;02;14;8;0;0.000114340062;0.000207987741;0.000121469070;0.000164195330;
2018;02;14;9;0;0.000138218434;0.000161339263;0.000157947623;0.000085365696;
2018;02;14;10;0;0.000150945977;0.000145374520;0.000185193331;0.000073130949;
2018;02;14;11;0;0.000162373047;0.000138369685;0.000193530647;0.000071052432;
2018;02;14;12;0;0.000163150797;0.000122460830;0.000191910267;0.000067603187;
2018;02;14;13;0;0.000164682546;0.000091401742;0.000189357415;0.000064123929;
2018;02;14;14;0;0.000167548796;0.000091658846;0.000176776403;0.000064423091;
2018;02;14;15;0;0.000160015248;0.000089609111;0.000152834230;0.000062509353;
2018;02;14;16;0;0.000151950925;0.000084607559;0.000145702963;0.000057278212;
2018;02;14;17;0;0.000151320552;0.000081770417;0.000148022988;0.000054957517;
2018;02;14;18;0;0.000158194354;0.000082266130;0.000151353756;0.000059266456;
2018;02;14;19;0;0.000171085700;0.000101015664;0.000154709592;0.000070838306;
2018;02;14;20;0;0.000191566025;0.000175730375;0.000162125164;0.000213912545;
2018;02;14;21;0;0.000200270648;0.000190935155;0.000145527663;0.000240367967;
2018;02;14;22;0;0.000194437605;0.000195248008;0.000123110792;0.000243736819;
2018;02;14;23;0;0.000168524935;0.000244765643;0.000105194651;0.000227150076;
2018;02;14;24;0;0.000134318271;0.000249943326;0.000094170328;0.000194987959;
2018;02;15;1;0;0.000097225615;0.000229811601;0.000083871532;0.000179873627;
2018;02;15;2;0;0.000076848143;0.000210325356;0.000080874106;0.000192620280;
2018;02;15;3;0;0.000067984358;0.000194718646;0.000079273447;0.000186677832;
2018;02;15;4;0;0.000064219981;0.000184894795;0.000078380111;0.000179819993;
2018;02;15;5;0;0.000063373443;0.000181219162;0.000078620702;0.000170907336;
2018;02;15;6;0;0.000065916212;0.000191295915;0.000081385190;0.000166959229;
2018;02;15;7;0;0.000078884385;0.000200881811;0.000093557914;0.000167948780;
2018;02;15;8;0;0.000110654243;0.000203813689;0.000117494287;0.000161540150;
2018;02;15;9;0;0.000133760680;0.000158085686;0.000152774132;0.000083948271;
2018;02;15;10;0;0.000146064941;0.000142367982;0.000179096028;0.000071752641;
2018;02;15;11;0;0.000157093469;0.000135357986;0.000187089699;0.000069380615;
2018;02;15;12;0;0.000157837418;0.000119756702;0.000185503245;0.000065920771;
2018;02;15;13;0;0.000159330448;0.000089420944;0.000183061266;0.000062640664;
2018;02;15;14;0;0.000162102953;0.000089670604;0.000170897334;0.000062928410;
2018;02;15;15;0;0.000154830883;0.000087721724;0.000147783116;0.000061228564;
2018;02;15;16;0;0.000146994319;0.000082712352;0.000140823312;0.000055773907;
2018;02;15;17;0;0.000146369125;0.000079888361;0.000143035570;0.000053367994;
2018;02;15;18;0;0.000153039651;0.000080440682;0.000146295465;0.000057760925;
2018;02;15;19;0;0.000165522609;0.000098815578;0.000149560199;0.000069159422;
2018;02;15;20;0;0.000185367140;0.000172071661;0.000156779996;0.000209748429;
2018;02;15;21;0;0.000193805835;0.000187051227;0.000140752583;0.000236192512;
2018;02;15;22;0;0.000188200604;0.000191517191;0.000119121267;0.000240805311;
2018;02;15;23;0;0.000163135997;0.000240236998;0.000101806740;0.000225010712;
2018;02;15;24;0;0.000130008085;0.000245148636;0.000091116342;0.000192576502;
2018;02;16;1;0;0.000097206423;0.000229919364;0.000083628171;0.000177613461;
2018;02;16;2;0;0.000077778914;0.000210075401;0.000080289545;0.000187913251;
2018;02;16;3;0;0.000067959432;0.000194861550;0.000078528982;0.000184171282;
2018;02;16;4;0;0.000063850774;0.000185220602;0.000077589782;0.000176739481;
2018;02;16;5;0;0.000062904902;0.000180802020;0.000077731926;0.000168832453;
2018;02;16;6;0;0.000065213060;0.000190445538;0.000080609559;0.000166986458;
2018;02;16;7;0;0.000077828606;0.000199913206;0.000092367554;0.000165147153;
2018;02;16;8;0;0.000108153269;0.000202464227;0.000115030141;0.000158200126;
2018;02;16;9;0;0.000131866455;0.000157862760;0.000149060321;0.000081258520;
2018;02;16;10;0;0.000145050404;0.000143206117;0.000174497143;0.000071960975;
2018;02;16;11;0;0.000155304986;0.000136023674;0.000182472622;0.000071183234;
2018;02;16;12;0;0.000155977863;0.000119731003;0.000181063156;0.000069214738;
2018;02;16;13;0;0.000156854676;0.000089312048;0.000178166581;0.000066469423;
2018;02;16;14;0;0.000159444383;0.000089609356;0.000165782330;0.000065420964;
2018;02;16;15;0;0.000153524988;0.000088283095;0.000142214955;0.000063060088;
2018;02;16;16;0;0.000146587733;0.000083516108;0.000131524624;0.000059751525;
2018;02;16;17;0;0.000145108485;0.000080795501;0.000130875998;0.000057200069;
2018;02;16;18;0;0.000149821191;0.000081134961;0.000133662663;0.000059287917;
2018;02;16;19;0;0.000159800068;0.000097675142;0.000139094967;0.000069532616;
2018;02;16;20;0;0.000175097820;0.000168231524;0.000149913258;0.000206476074;
2018;02;16;21;0;0.000179077002;0.000180509830;0.000139135416;0.000231170226;
2018;02;16;22;0;0.000176216931;0.000184549192;0.000120807862;0.000234079167;
2018;02;16;23;0;0.000157569392;0.000235454763;0.000105050914;0.000218956777;
2018;02;16;24;0;0.000131977931;0.000244445028;0.000095242214;0.000191552206;
2018;02;17;1;0;0.000104326598;0.000231164751;0.000085912301;0.000179604567;
2018;02;17;2;0;0.000084481299;0.000212437689;0.000080897802;0.000189415554;
2018;02;17;3;0;0.000072860358;0.000195906736;0.000078236909;0.000185182614;
2018;02;17;4;0;0.000066676420;0.000185148673;0.000076673401;0.000177329292;
2018;02;17;5;0;0.000064263567;0.000179757767;0.000076417754;0.000166783106;
2018;02;17;6;0;0.000064450931;0.000189162237;0.000077422882;0.000167051416;
2018;02;17;7;0;0.000068561556;0.000193894011;0.000081706354;0.000165880303;
2018;02;17;8;0;0.000078065605;0.000183650271;0.000085868561;0.000147261278;
2018;02;17;9;0;0.000099166993;0.000137156999;0.000087304791;0.000069075780;
2018;02;17;10;0;0.000128539484;0.000135239034;0.000099647908;0.000065370262;
2018;02;17;11;0;0.000150288328;0.000137702229;0.000113001127;0.000071367562;
2018;02;17;12;0;0.000155014132;0.000124869419;0.000116937417;0.000067952426;
2018;02;17;13;0;0.000155819856;0.000093121302;0.000118264655;0.000065846941;
2018;02;17;14;0;0.000160711931;0.000093406919;0.000112914592;0.000064140676;
2018;02;17;15;0;0.000156621062;0.000091911803;0.000101453181;0.000067407856;
2018;02;17;16;0;0.000143060093;0.000084274590;0.000096561653;0.000061560162;
2018;02;17;17;0;0.000134526233;0.000078936129;0.000095494532;0.000055892612;
2018;02;17;18;0;0.000132733738;0.000077190761;0.000098868134;0.000054414309;
2018;02;17;19;0;0.000141107386;0.000092562535;0.000105297344;0.000062031268;
2018;02;17;20;0;0.000154008440;0.000161458438;0.000122225194;0.000197494050;
2018;02;17;21;0;0.000162851913;0.000174005105;0.000121883159;0.000224592128;
2018;02;17;22;0;0.000164048753;0.000179201500;0.000111901004;0.000229294113;
2018;02;17;23;0;0.000148333844;0.000230296221;0.000101694953;0.000216452924;
2018;02;17;24;0;0.000127184599;0.000240687301;0.000093977761;0.000188516154;
2018;02;18;1;0;0.000106223510;0.000231814585;0.000087618486;0.000177217099;
2018;02;18;2;0;0.000086658779;0.000213495953;0.000081651813;0.000183763753;
2018;02;18;3;0;0.000074243316;0.000196886057;0.000078562125;0.000177533549;
2018;02;18;4;0;0.000067686287;0.000185705198;0.000077077035;0.000172505611;
2018;02;18;5;0;0.000064740308;0.000180538810;0.000076464381;0.000163851142;
2018;02;18;6;0;0.000064309688;0.000189676641;0.000077233065;0.000162595606;
2018;02;18;7;0;0.000066329519;0.000193760003;0.000079550005;0.000163745161;
2018;02;18;8;0;0.000072054634;0.000182400491;0.000079773760;0.000148456985;
2018;02;18;9;0;0.000086142709;0.000131467164;0.000073948739;0.000064646643;
2018;02;18;10;0;0.000111390451;0.000126725942;0.000077223624;0.000057764531;
2018;02;18;11;0;0.000134335537;0.000132685625;0.000082625070;0.000062727805;
2018;02;18;12;0;0.000144635251;0.000124641395;0.000086945958;0.000066679809;
2018;02;18;13;0;0.000147927751;0.000094686902;0.000089967608;0.000063279714;
2018;02;18;14;0;0.000153999612;0.000093745176;0.000089658341;0.000061027745;
2018;02;18;15;0;0.000151941421;0.000091074713;0.000086164104;0.000064050747;
2018;02;18;16;0;0.000136923108;0.000081500786;0.000082789615;0.000057302998;
2018;02;18;17;0;0.000128778496;0.000076440821;0.000080387207;0.000053661630;
2018;02;18;18;0;0.000127342464;0.000074925961;0.000079464803;0.000053037294;
2018;02;18;19;0;0.000140021568;0.000092359058;0.000084768327;0.000065609373;
2018;02;18;20;0;0.000160738842;0.000164077409;0.000100653844;0.000206220054;
2018;02;18;21;0;0.000174823056;0.000178714223;0.000101964696;0.000232241462;
2018;02;18;22;0;0.000174869681;0.000183978499;0.000098004326;0.000233798182;
2018;02;18;23;0;0.000152314385;0.000233351042;0.000090751183;0.000218771145;
2018;02;18;24;0;0.000123454297;0.000240047357;0.000083862335;0.000187752641;
2018;02;19;1;0;0.000094858869;0.000228155719;0.000079551744;0.000174075336;
2018;02;19;2;0;0.000075771310;0.000209034224;0.000077053396;0.000182890269;
2018;02;19;3;0;0.000066706233;0.000193107846;0.000075598228;0.000175852840;
2018;02;19;4;0;0.000062739161;0.000183348496;0.000075140904;0.000170617571;
2018;02;19;5;0;0.000061806874;0.000178924676;0.000075586185;0.000164103266;
2018;02;19;6;0;0.000064174678;0.000189583380;0.000078361262;0.000163813175;
2018;02;19;7;0;0.000076857337;0.000199779537;0.000090595627;0.000165704276;
2018;02;19;8;0;0.000106784881;0.000200919996;0.000113905516;0.000158608518;
2018;02;19;9;0;0.000129540112;0.000155036762;0.000149637190;0.000080431703;
2018;02;19;10;0;0.000142944932;0.000140735337;0.000176325781;0.000069642964;
2018;02;19;11;0;0.000154668660;0.000135279722;0.000184549095;0.000068556949;
2018;02;19;12;0;0.000156288539;0.000119071050;0.000183122870;0.000065855902;
2018;02;19;13;0;0.000157661052;0.000088523186;0.000179961841;0.000064057858;
2018;02;19;14;0;0.000160619055;0.000088709467;0.000167192315;0.000063098251;
2018;02;19;15;0;0.000152720638;0.000086699083;0.000144400571;0.000061859723;
2018;02;19;16;0;0.000144361010;0.000081352606;0.000137423358;0.000055812292;
2018;02;19;17;0;0.000143570255;0.000078148392;0.000139682468;0.000054889759;
2018;02;19;18;0;0.000149679830;0.000078366591;0.000143232906;0.000057993349;
2018;02;19;19;0;0.000161337733;0.000096279755;0.000145221281;0.000069419737;
2018;02;19;20;0;0.000181171307;0.000169423881;0.000151844675;0.000209798743;
2018;02;19;21;0;0.000189738234;0.000184532626;0.000136500067;0.000237157834;
2018;02;19;22;0;0.000184799000;0.000189454047;0.000115143554;0.000241263265;
2018;02;19;23;0;0.000159661873;0.000237959071;0.000098601869;0.000225806649;
2018;02;19;24;0;0.000126791324;0.000242052507;0.000088732643;0.000191488556;
2018;02;20;1;0;0.000094797501;0.000225977305;0.000081712982;0.000176568444;
2018;02;20;2;0;0.000074942915;0.000207046779;0.000078822074;0.000189980599;
2018;02;20;3;0;0.000066308925;0.000191857097;0.000077285425;0.000184834944;
2018;02;20;4;0;0.000062645305;0.000182316738;0.000076433969;0.000178630071;
2018;02;20;5;0;0.000061820410;0.000178707895;0.000076670791;0.000169843067;
2018;02;20;6;0;0.000064301287;0.000188652994;0.000079367771;0.000165958692;
2018;02;20;7;0;0.000076945302;0.000198007110;0.000091223481;0.000166581958;
2018;02;20;8;0;0.000107954752;0.000201126549;0.000114606202;0.000161020880;
2018;02;20;9;0;0.000130478408;0.000155864265;0.000148975243;0.000083356864;
2018;02;20;10;0;0.000142469296;0.000140299698;0.000174614553;0.000071097522;
2018;02;20;11;0;0.000153202210;0.000133265574;0.000182350760;0.000068466361;
2018;02;20;12;0;0.000153934388;0.000117936063;0.000180820130;0.000065125359;
2018;02;20;13;0;0.000155394083;0.000088073680;0.000178448032;0.000061921898;
2018;02;20;14;0;0.000158093995;0.000088305865;0.000166582007;0.000062164670;
2018;02;20;15;0;0.000150990220;0.000086347023;0.000144029411;0.000060365548;
2018;02;20;16;0;0.000143366019;0.000081477391;0.000137280801;0.000055166896;
2018;02;20;17;0;0.000142757286;0.000078698975;0.000139439420;0.000052797121;
2018;02;20;18;0;0.000149251412;0.000079205445;0.000142594806;0.000057024862;
2018;02;20;19;0;0.000161417267;0.000097268603;0.000145762286;0.000068185015;
2018;02;20;20;0;0.000180781848;0.000169447103;0.000152819463;0.000207169248;
2018;02;20;21;0;0.000189056446;0.000184459584;0.000137261761;0.000234730395;
2018;02;20;22;0;0.000183545133;0.000188595716;0.000116111955;0.000237847624;
2018;02;20;23;0;0.000159081537;0.000236403284;0.000099211144;0.000221567048;
2018;02;20;24;0;0.000126766478;0.000241116943;0.000088778618;0.000189223039;
2018;02;21;1;0;0.000095353192;0.000226643871;0.000082193971;0.000176451043;
2018;02;21;2;0;0.000075368328;0.000207428453;0.000079256837;0.000188955683;
2018;02;21;3;0;0.000066691566;0.000192318327;0.000077726243;0.000184278022;
2018;02;21;4;0;0.000063007436;0.000182766004;0.000076871471;0.000178137966;
2018;02;21;5;0;0.000062171058;0.000179032041;0.000077092989;0.000168896615;
2018;02;21;6;0;0.000064666240;0.000188998343;0.000079805370;0.000165031769;
2018;02;21;7;0;0.000077398567;0.000198624482;0.000091765690;0.000166579376;
2018;02;21;8;0;0.000108580817;0.000201643827;0.000115266447;0.000160641187;
2018;02;21;9;0;0.000131237068;0.000156279341;0.000149837998;0.000083194153;
2018;02;21;10;0;0.000143300452;0.000140689769;0.000175632604;0.000070995523;
2018;02;21;11;0;0.000154122121;0.000133772167;0.000183476150;0.000068670327;
2018;02;21;12;0;0.000154847501;0.000118333032;0.000181909768;0.000065196605;
2018;02;21;13;0;0.000156320632;0.000088386339;0.000179534349;0.000062038909;
2018;02;21;14;0;0.000159018142;0.000088557521;0.000167557099;0.000062094193;
2018;02;21;15;0;0.000151885808;0.000086637464;0.000144897230;0.000060431049;
2018;02;21;16;0;0.000144233388;0.000081809298;0.000138140525;0.000055396261;
2018;02;21;17;0;0.000143620892;0.000079019312;0.000140312508;0.000053016045;
2018;02;21;18;0;0.000150179483;0.000079608021;0.000143535793;0.000057513522;
2018;02;21;19;0;0.000162417270;0.000097749932;0.000146717495;0.000068734158;
2018;02;21;20;0;0.000181906764;0.000170312962;0.000153829260;0.000208973661;
2018;02;21;21;0;0.000190217273;0.000185310426;0.000138146096;0.000236253035;
2018;02;21;22;0;0.000184715766;0.000189733472;0.000116915232;0.000240838792;
2018;02;21;23;0;0.000160091997;0.000237792393;0.000099892321;0.000224200329;
2018;02;21;24;0;0.000127570031;0.000242515448;0.000089385871;0.000191415843;
2018;02;22;1;0;0.000097269084;0.000229317790;0.000083872104;0.000177816455;
2018;02;22;2;0;0.000076894456;0.000210068349;0.000080899787;0.000191170249;
2018;02;22;3;0;0.000068031860;0.000194592147;0.000079313831;0.000185722817;
2018;02;22;4;0;0.000064267893;0.000184826923;0.000078427451;0.000179116235;
2018;02;22;5;0;0.000063421658;0.000181168466;0.000078670501;0.000170299841;
2018;02;22;6;0;0.000065962827;0.000191180267;0.000081427995;0.000166121545;
2018;02;22;7;0;0.000078945512;0.000200841772;0.000093619786;0.000167398238;
2018;02;22;8;0;0.000110760184;0.000203997016;0.000117614910;0.000161791018;
2018;02;22;9;0;0.000133900720;0.000158312825;0.000152958336;0.000084274420;
2018;02;22;10;0;0.000146230907;0.000142648696;0.000179343949;0.000072196755;
2018;02;22;11;0;0.000157247027;0.000135495976;0.000187289281;0.000069523753;
2018;02;22;12;0;0.000157970749;0.000119783434;0.000185651880;0.000065829508;
2018;02;22;13;0;0.000159463485;0.000089435650;0.000183204367;0.000062537788;
2018;02;22;14;0;0.000162250885;0.000089727109;0.000171057455;0.000062952180;
2018;02;22;15;0;0.000154960283;0.000087736604;0.000147898875;0.000061129906;
2018;02;22;16;0;0.000147136076;0.000082790167;0.000140969842;0.000055870052;
2018;02;22;17;0;0.000146501331;0.000079934217;0.000143166913;0.000053375084;
2018;02;22;18;0;0.000153167858;0.000080455191;0.000146410627;0.000057669374;
2018;02;22;19;0;0.000165670170;0.000098865259;0.000149694009;0.000069146381;
2018;02;22;20;0;0.000185553076;0.000172273695;0.000156955276;0.000210326506;
2018;02;22;21;0;0.000194049632;0.000187556868;0.000140981698;0.000238409179;
2018;02;22;22;0;0.000188428232;0.000191978375;0.000119303591;0.000242738416;
2018;02;22;23;0;0.000163334908;0.000240829148;0.000101964545;0.000226864835;
2018;02;22;24;0;0.000130151729;0.000245585240;0.000091236741;0.000193600620;
2018;02;23;1;0;0.000100552329;0.000234142686;0.000086519124;0.000178326317;
2018;02;23;2;0;0.000080456088;0.000213933563;0.000083065028;0.000188661056;
2018;02;23;3;0;0.000070308818;0.000198612374;0.000081267165;0.000185587836;
2018;02;23;4;0;0.000066054535;0.000188724285;0.000080286495;0.000177846181;
2018;02;23;5;0;0.000065075015;0.000184204544;0.000080431086;0.000169810527;
2018;02;23;6;0;0.000067473722;0.000194217294;0.000083435627;0.000168647345;
2018;02;23;7;0;0.000080528505;0.000203901008;0.000095610363;0.000166883843;
2018;02;23;8;0;0.000111918314;0.000206649825;0.000119096653;0.000160371177;
2018;02;23;9;0;0.000136486033;0.000161332317;0.000154395541;0.000082833317;
2018;02;23;10;0;0.000150149845;0.000146458660;0.000180786132;0.000073582463;
2018;02;23;11;0;0.000160753730;0.000139054921;0.000189022689;0.000072655683;
2018;02;23;12;0;0.000161451924;0.000122406962;0.000187566603;0.000070666091;
2018;02;23;13;0;0.000162349200;0.000091273411;0.000184542555;0.000067751897;
2018;02;23;14;0;0.000165037455;0.000091603271;0.000171731407;0.000066764654;
2018;02;23;15;0;0.000158906853;0.000090235393;0.000147311717;0.000064318297;
2018;02;23;16;0;0.000151725885;0.000085361245;0.000136237322;0.000060938658;
2018;02;23;17;0;0.000150200135;0.000082598199;0.000135575111;0.000058390932;
2018;02;23;18;0;0.000155071499;0.000082923785;0.000138449866;0.000060455315;
2018;02;23;19;0;0.000165382935;0.000099766492;0.000144046867;0.000070709452;
2018;02;23;20;0;0.000181225543;0.000171892906;0.000155268134;0.000210287735;
2018;02;23;21;0;0.000185371507;0.000184602760;0.000144148111;0.000236346091;
2018;02;23;22;0;0.000182424857;0.000188819739;0.000125179382;0.000239780114;
2018;02;23;23;0;0.000163101609;0.000240737193;0.000108827206;0.000223623924;
2018;02;23;24;0;0.000136608587;0.000249895832;0.000098661506;0.000195524611;
2018;02;24;1;0;0.000108294508;0.000236225106;0.000089231879;0.000181907812;
2018;02;24;2;0;0.000087692415;0.000217058317;0.000084019779;0.000191730911;
2018;02;24;3;0;0.000075637080;0.000200283670;0.000081271910;0.000187911466;
2018;02;24;4;0;0.000069230785;0.000189503488;0.000079678385;0.000180837717;
2018;02;24;5;0;0.000066729148;0.000184046324;0.000079421414;0.000170327380;
2018;02;24;6;0;0.000066921866;0.000193643400;0.000080461639;0.000170481723;
2018;02;24;7;0;0.000071186758;0.000198431723;0.000084905299;0.000169082991;
2018;02;24;8;0;0.000081058155;0.000187996126;0.000089238042;0.000150270081;
2018;02;24;9;0;0.000102982184;0.000140515503;0.000090754869;0.000070736202;
2018;02;24;10;0;0.000133480872;0.000138526415;0.000103579793;0.000066888567;
2018;02;24;11;0;0.000156067980;0.000141061143;0.000117463174;0.000073049816;
2018;02;24;12;0;0.000160947396;0.000127781261;0.000121512421;0.000069238848;
2018;02;24;13;0;0.000161777633;0.000095270498;0.000122881977;0.000067026112;
2018;02;24;14;0;0.000166853349;0.000095550984;0.000117318242;0.000065254408;
2018;02;24;15;0;0.000162566914;0.000093885520;0.000105358972;0.000068149639;
2018;02;24;16;0;0.000148484728;0.000086062009;0.000100270484;0.000062167208;
2018;02;24;17;0;0.000139627617;0.000080611380;0.000099162850;0.000056445484;
2018;02;24;18;0;0.000137757762;0.000078796534;0.000102652038;0.000054851969;
2018;02;24;19;0;0.000146436815;0.000094442734;0.000109310024;0.000062392223;
2018;02;24;20;0;0.000159836687;0.000164810875;0.000126901386;0.000199050894;
2018;02;24;21;0;0.000169055197;0.000177873464;0.000126606756;0.000227792599;
2018;02;24;22;0;0.000170314644;0.000183295204;0.000116260972;0.000233165624;
2018;02;24;23;0;0.000154017355;0.000235720635;0.000105681755;0.000220763618;
2018;02;24;24;0;0.000132052555;0.000246298206;0.000097654321;0.000192073689;
2018;02;25;1;0;0.000108416943;0.000234886759;0.000089480098;0.000179616307;
2018;02;25;2;0;0.000088439569;0.000216198868;0.000083370358;0.000185785718;
2018;02;25;3;0;0.000075766807;0.000199344629;0.000080211056;0.000179356542;
2018;02;25;4;0;0.000069070831;0.000187952513;0.000078684785;0.000173991599;
2018;02;25;5;0;0.000066063827;0.000182710937;0.000078057545;0.000165213308;
2018;02;25;6;0;0.000065636290;0.000192167465;0.000078870812;0.000164721847;
2018;02;25;7;0;0.000067693878;0.000196236406;0.000081227501;0.000165636666;
2018;02;25;8;0;0.000073526016;0.000184569916;0.000081432183;0.000149603200;
2018;02;25;9;0;0.000087919295;0.000133190174;0.000075516168;0.000065486323;
2018;02;25;10;0;0.000113699885;0.000128469031;0.000078877314;0.000058676587;
2018;02;25;11;0;0.000137126105;0.000134542332;0.000084401088;0.000063781177;
2018;02;25;12;0;0.000147612182;0.000126243954;0.000088781661;0.000067471770;
2018;02;25;13;0;0.000150940873;0.000095784055;0.000091828685;0.000063684226;
2018;02;25;14;0;0.000157146500;0.000094867986;0.000091524773;0.000061520940;
2018;02;25;15;0;0.000155023756;0.000092085367;0.000087932276;0.000064325732;
2018;02;25;16;0;0.000139697614;0.000082393974;0.000084484712;0.000057514660;
2018;02;25;17;0;0.000131376627;0.000077238426;0.000082018948;0.000053737255;
2018;02;25;18;0;0.000129887441;0.000075622824;0.000081047611;0.000052849090;
2018;02;25;19;0;0.000142793722;0.000093114118;0.000086424951;0.000065044779;
2018;02;25;20;0;0.000163944254;0.000165560804;0.000102649925;0.000205254725;
2018;02;25;21;0;0.000178387811;0.000180808212;0.000104078387;0.000233857414;
2018;02;25;22;0;0.000178472081;0.000186363665;0.000100077058;0.000236679099;
2018;02;25;23;0;0.000155465010;0.000236493253;0.000092685853;0.000221933687;
2018;02;25;24;0;0.000125992830;0.000243105108;0.000085629602;0.000189881362;
2018;02;26;1;0;0.000097318501;0.000231585993;0.000081642157;0.000175524758;
2018;02;26;2;0;0.000077716366;0.000211855545;0.000079038193;0.000183206923;
2018;02;26;3;0;0.000068422429;0.000195779874;0.000077554241;0.000176409302;
2018;02;26;4;0;0.000064351216;0.000185849576;0.000077080112;0.000171015600;
2018;02;26;5;0;0.000063402084;0.000181487264;0.000077554272;0.000164961888;
2018;02;26;6;0;0.000065834867;0.000192365779;0.000080411032;0.000164910245;
2018;02;26;7;0;0.000078859504;0.000202926516;0.000092998180;0.000167592407;
2018;02;26;8;0;0.000109546453;0.000203858757;0.000116883068;0.000159642931;
2018;02;26;9;0;0.000132935082;0.000157624187;0.000153652649;0.000081675835;
2018;02;26;10;0;0.000146709141;0.000143188903;0.000181101663;0.000070943913;
2018;02;26;11;0;0.000158725378;0.000137553853;0.000189508990;0.000069652487;
2018;02;26;12;0;0.000160358592;0.000120940803;0.000187976090;0.000066593719;
2018;02;26;13;0;0.000161734808;0.000089806445;0.000184658118;0.000064442607;
2018;02;26;14;0;0.000164784926;0.000090046893;0.000171588027;0.000063635375;
2018;02;26;15;0;0.000156702082;0.000088075019;0.000148235700;0.000062597348;
2018;02;26;16;0;0.000148133739;0.000082674550;0.000141090742;0.000056569046;
2018;02;26;17;0;0.000147338960;0.000079472080;0.000143442537;0.000055797188;
2018;02;26;18;0;0.000153621274;0.000079732506;0.000147112231;0.000059076187;
2018;02;26;19;0;0.000165586812;0.000097960554;0.000149155672;0.000070728562;
2018;02;26;20;0;0.000185933586;0.000172330316;0.000155943140;0.000213470243;
2018;02;26;21;0;0.000194730638;0.000187726335;0.000140191445;0.000241454547;
2018;02;26;22;0;0.000189644853;0.000192631634;0.000118236692;0.000245071829;
2018;02;26;23;0;0.000163849035;0.000241954267;0.000101251214;0.000229387412;
2018;02;26;24;0;0.000130116129;0.000246112955;0.000091116364;0.000194515484;
2018;02;27;1;0;0.000101482771;0.000234825785;0.000087509838;0.000179396221;
2018;02;27;2;0;0.000080226072;0.000215122707;0.000084409765;0.000192899338;
2018;02;27;3;0;0.000070979649;0.000199276193;0.000082755364;0.000187399298;
2018;02;27;4;0;0.000067054646;0.000189310513;0.000081835533;0.000180872953;
2018;02;27;5;0;0.000066171569;0.000185560173;0.000082088760;0.000171946761;
2018;02;27;6;0;0.000068826679;0.000195877083;0.000084975296;0.000167933161;
2018;02;27;7;0;0.000082376594;0.000205828748;0.000097706655;0.000169400757;
2018;02;27;8;0;0.000115571233;0.000209034143;0.000122743494;0.000163653275;
2018;02;27;9;0;0.000139716154;0.000162217504;0.000159626382;0.000085242908;
2018;02;27;10;0;0.000152635065;0.000146474081;0.000187292893;0.000073701739;
2018;02;27;11;0;0.000164210100;0.000139518557;0.000195772633;0.000071833860;
2018;02;27;12;0;0.000165032970;0.000123640341;0.000194218914;0.000068733603;
2018;02;27;13;0;0.000166590693;0.000092309760;0.000191654465;0.000065281559;
2018;02;27;14;0;0.000169515979;0.000092653576;0.000178975298;0.000065838848;
2018;02;27;15;0;0.000161911386;0.000090639914;0.000154768573;0.000064059862;
2018;02;27;16;0;0.000153702837;0.000085418981;0.000147453724;0.000058225879;
2018;02;27;17;0;0.000153052509;0.000082513697;0.000149776809;0.000055748151;
2018;02;27;18;0;0.000160023757;0.000083072462;0.000153182986;0.000060304250;
2018;02;27;19;0;0.000173042206;0.000101928608;0.000156539672;0.000071849292;
2018;02;27;20;0;0.000193747676;0.000177268480;0.000164027595;0.000216693189;
2018;02;27;21;0;0.000202572008;0.000192723472;0.000147265235;0.000244128160;
2018;02;27;22;0;0.000196660829;0.000197009615;0.000124566626;0.000247177411;
2018;02;27;23;0;0.000170432189;0.000246803127;0.000106414044;0.000229669357;
2018;02;27;24;0;0.000135814205;0.000251755098;0.000095228013;0.000196245673;
2018;02;28;1;0;0.000099861893;0.000233220733;0.000086143387;0.000180661967;
2018;02;28;2;0;0.000078929582;0.000213407469;0.000083059907;0.000193306416;
2018;02;28;3;0;0.000069841133;0.000197832925;0.000081451906;0.000188401912;
2018;02;28;4;0;0.000065978454;0.000187928782;0.000080545025;0.000181798689;
2018;02;28;5;0;0.000065103343;0.000184100988;0.000080778868;0.000172409749;
2018;02;28;6;0;0.000067716610;0.000194355833;0.000083621904;0.000168480390;
2018;02;28;7;0;0.000081026897;0.000203910653;0.000096100434;0.000168790099;
2018;02;28;8;0;0.000113620231;0.000206455465;0.000120603593;0.000160869163;
2018;02;28;9;0;0.000137341790;0.000160106021;0.000156807467;0.000083542487;
2018;02;28;10;0;0.000150015900;0.000144422349;0.000183923537;0.000071924572;
2018;02;28;11;0;0.000161430329;0.000137759668;0.000192341395;0.000070542028;
2018;02;28;12;0;0.000162257060;0.000122162163;0.000190856777;0.000067692511;
2018;02;28;13;0;0.000163832326;0.000091352019;0.000188437283;0.000064734816;
2018;02;28;14;0;0.000166699785;0.000091661374;0.000175951140;0.000065193315;
2018;02;28;15;0;0.000159201935;0.000089603362;0.000152116024;0.000063233201;
2018;02;28;16;0;0.000151177426;0.000084598145;0.000145016009;0.000057929196;
2018;02;28;17;0;0.000150498754;0.000081594143;0.000147224369;0.000055097272;
2018;02;28;18;0;0.000157378974;0.000082225759;0.000150620885;0.000059847024;
2018;02;28;19;0;0.000170192797;0.000100927440;0.000153940508;0.000071423171;
2018;02;28;20;0;0.000190480702;0.000175103465;0.000161174369;0.000213145533;
2018;02;28;21;0;0.000199151419;0.000190342608;0.000144696612;0.000239995325;
2018;02;28;22;0;0.000193352094;0.000194648865;0.000122409172;0.000243396372;
2018;02;28;23;0;0.000167590262;0.000244068420;0.000104602840;0.000227048990;
2018;02;28;24;0;0.000133554288;0.000249018662;0.000093613870;0.000194184613;
