AŃO;MES;DIA;HORA;VERANO(1)/INVIERNO(0);COEF. PERFIL A;COEF. PERFIL B;COEF. PERFIL C;COEF. PERFIL D;
2020;08;01;1;1;0.000120244205;0.000139516189;0.000116480843;0.000164570727;
2020;08;01;2;1;0.000104173996;0.000127694006;0.000105538327;0.000171094885;
2020;08;01;3;1;0.000092365514;0.000118230259;0.000099553570;0.000166047275;
2020;08;01;4;1;0.000084849738;0.000112347283;0.000096329026;0.000159620282;
2020;08;01;5;1;0.000080327366;0.000108664946;0.000094971853;0.000154281415;
2020;08;01;6;1;0.000077983045;0.000106919071;0.000095664993;0.000149586145;
2020;08;01;7;1;0.000078093418;0.000105776829;0.000098015476;0.000146102311;
2020;08;01;8;1;0.000080863440;0.000079630683;0.000093461555;0.000097761621;
2020;08;01;9;1;0.000092236519;0.000073907255;0.000101287665;0.000066904552;
2020;08;01;10;1;0.000110603484;0.000085815282;0.000117424132;0.000074471399;
2020;08;01;11;1;0.000127606248;0.000096074229;0.000132795445;0.000080983391;
2020;08;01;12;1;0.000136645380;0.000100946055;0.000139013781;0.000083981155;
2020;08;01;13;1;0.000144016644;0.000103381071;0.000143577682;0.000084910564;
2020;08;01;14;1;0.000155021562;0.000106774944;0.000143550435;0.000083747438;
2020;08;01;15;1;0.000159879103;0.000107983616;0.000136388921;0.000082691068;
2020;08;01;16;1;0.000153462514;0.000103048635;0.000132354963;0.000078796832;
2020;08;01;17;1;0.000147218313;0.000098943405;0.000129320493;0.000075664966;
2020;08;01;18;1;0.000144624450;0.000097193947;0.000128739903;0.000075948656;
2020;08;01;19;1;0.000143337240;0.000096663938;0.000129894383;0.000075994120;
2020;08;01;20;1;0.000140960801;0.000096109188;0.000132141488;0.000077622032;
2020;08;01;21;1;0.000141270338;0.000099014764;0.000135282122;0.000080157783;
2020;08;01;22;1;0.000152862409;0.000137669858;0.000142392805;0.000140870796;
2020;08;01;23;1;0.000150453851;0.000153566543;0.000136297554;0.000185186147;
2020;08;01;24;1;0.000134722632;0.000148381001;0.000125365744;0.000171770746;
2020;08;02;1;1;0.000115691676;0.000135470212;0.000111844406;0.000160618497;
2020;08;02;2;1;0.000100943991;0.000124360226;0.000101604026;0.000165037094;
2020;08;02;3;1;0.000089979821;0.000115754782;0.000096137010;0.000160716829;
2020;08;02;4;1;0.000082837897;0.000110118505;0.000093273354;0.000155144827;
2020;08;02;5;1;0.000078413712;0.000106532965;0.000091822924;0.000150024545;
2020;08;02;6;1;0.000075926428;0.000104544244;0.000091961445;0.000145932503;
2020;08;02;7;1;0.000075520805;0.000103217669;0.000093183255;0.000143086611;
2020;08;02;8;1;0.000076834772;0.000076236868;0.000085543994;0.000095767226;
2020;08;02;9;1;0.000085425178;0.000068045550;0.000087343700;0.000061929451;
2020;08;02;10;1;0.000101005305;0.000077980529;0.000095863228;0.000068456052;
2020;08;02;11;1;0.000115824415;0.000087412979;0.000104187010;0.000074255962;
2020;08;02;12;1;0.000125433508;0.000093078347;0.000109823529;0.000077891017;
2020;08;02;13;1;0.000132629226;0.000095914610;0.000114401243;0.000079400833;
2020;08;02;14;1;0.000142764728;0.000098731713;0.000117491236;0.000077495027;
2020;08;02;15;1;0.000148798271;0.000100658664;0.000116661345;0.000078010832;
2020;08;02;16;1;0.000142649761;0.000096163419;0.000114400117;0.000074411562;
2020;08;02;17;1;0.000137540569;0.000092862649;0.000110820292;0.000072396307;
2020;08;02;18;1;0.000135379323;0.000091321113;0.000107667016;0.000071238588;
2020;08;02;19;1;0.000135342284;0.000091322222;0.000107612577;0.000072112791;
2020;08;02;20;1;0.000134902239;0.000091622030;0.000109843780;0.000073659223;
2020;08;02;21;1;0.000137542080;0.000095673584;0.000113497213;0.000077584515;
2020;08;02;22;1;0.000152262004;0.000136110500;0.000126261544;0.000140066351;
2020;08;02;23;1;0.000151116332;0.000151785366;0.000123653331;0.000182499807;
2020;08;02;24;1;0.000134404997;0.000146629921;0.000113603900;0.000170560500;
2020;08;03;1;1;0.000110417003;0.000129208221;0.000097279780;0.000156941682;
2020;08;03;2;1;0.000093410059;0.000116530516;0.000089706139;0.000159854433;
2020;08;03;3;1;0.000082733995;0.000107884818;0.000085660866;0.000154320453;
2020;08;03;4;1;0.000076563873;0.000102930767;0.000083960465;0.000149067275;
2020;08;03;5;1;0.000072896902;0.000099990601;0.000083073254;0.000144923638;
2020;08;03;6;1;0.000071213464;0.000098493510;0.000084850836;0.000140643454;
2020;08;03;7;1;0.000073654538;0.000098845064;0.000091864579;0.000139157831;
2020;08;03;8;1;0.000080392853;0.000078473314;0.000100490720;0.000097952821;
2020;08;03;9;1;0.000093189787;0.000075873102;0.000127136533;0.000069020870;
2020;08;03;10;1;0.000110194783;0.000086273838;0.000146863928;0.000076165105;
2020;08;03;11;1;0.000123912488;0.000093718413;0.000160611437;0.000080840805;
2020;08;03;12;1;0.000130680385;0.000096708924;0.000166508915;0.000082485418;
2020;08;03;13;1;0.000138021548;0.000099225328;0.000170357623;0.000082901769;
2020;08;03;14;1;0.000149573114;0.000103723452;0.000168388943;0.000082246067;
2020;08;03;15;1;0.000153629466;0.000104717813;0.000155282713;0.000081665815;
2020;08;03;16;1;0.000147984891;0.000099498517;0.000144795620;0.000078224484;
2020;08;03;17;1;0.000144580719;0.000096486703;0.000142601489;0.000076353477;
2020;08;03;18;1;0.000144840302;0.000096311111;0.000143787360;0.000077684989;
2020;08;03;19;1;0.000143795123;0.000096003559;0.000141948112;0.000077731990;
2020;08;03;20;1;0.000140429962;0.000094780511;0.000136998933;0.000078611620;
2020;08;03;21;1;0.000140065284;0.000097484843;0.000131775095;0.000081068883;
2020;08;03;22;1;0.000152866472;0.000134283429;0.000132430315;0.000140428762;
2020;08;03;23;1;0.000150047242;0.000148484243;0.000121834213;0.000180171460;
2020;08;03;24;1;0.000130615768;0.000141534045;0.000109716490;0.000166765400;
2020;08;04;1;1;0.000108059382;0.000128355791;0.000099839691;0.000154397961;
2020;08;04;2;1;0.000091149831;0.000115739464;0.000092030710;0.000161509914;
2020;08;04;3;1;0.000080848635;0.000107408302;0.000087934018;0.000157047466;
2020;08;04;4;1;0.000074915514;0.000102640656;0.000085838505;0.000151306322;
2020;08;04;5;1;0.000071473637;0.000099895095;0.000085069160;0.000145698721;
2020;08;04;6;1;0.000070049066;0.000098639003;0.000086823398;0.000140694465;
2020;08;04;7;1;0.000072687039;0.000099118206;0.000093651659;0.000138255809;
2020;08;04;8;1;0.000079999370;0.000079124920;0.000101683867;0.000097330103;
2020;08;04;9;1;0.000093137739;0.000076526506;0.000127131751;0.000069135892;
2020;08;04;10;1;0.000109955929;0.000086941546;0.000146636373;0.000076102032;
2020;08;04;11;1;0.000123275558;0.000094147828;0.000160188642;0.000080447453;
2020;08;04;12;1;0.000129669131;0.000096916391;0.000165878739;0.000081637416;
2020;08;04;13;1;0.000136872564;0.000099393930;0.000169890687;0.000082347511;
2020;08;04;14;1;0.000147719689;0.000103657598;0.000167778856;0.000081230436;
2020;08;04;15;1;0.000150150226;0.000103750392;0.000154925143;0.000080220698;
2020;08;04;16;1;0.000143946313;0.000098146195;0.000145161650;0.000076898104;
2020;08;04;17;1;0.000140667277;0.000095147555;0.000143005862;0.000075022590;
2020;08;04;18;1;0.000141160601;0.000095128522;0.000144017157;0.000075811444;
2020;08;04;19;1;0.000140416728;0.000094974395;0.000141527904;0.000076043825;
2020;08;04;20;1;0.000137590012;0.000094069340;0.000137352273;0.000077101034;
2020;08;04;21;1;0.000137754901;0.000097181684;0.000132292076;0.000079881130;
2020;08;04;22;1;0.000149921769;0.000134342122;0.000133030520;0.000139611806;
2020;08;04;23;1;0.000146607209;0.000148351010;0.000122509609;0.000178438780;
2020;08;04;24;1;0.000127695917;0.000141557397;0.000110235115;0.000165324066;
2020;08;05;1;1;0.000110573910;0.000130777104;0.000102537793;0.000156073147;
2020;08;05;2;1;0.000093262030;0.000117910340;0.000094513321;0.000163240669;
2020;08;05;3;1;0.000082595689;0.000109237083;0.000090237102;0.000158393445;
2020;08;05;4;1;0.000076588955;0.000104470894;0.000088118304;0.000152753614;
2020;08;05;5;1;0.000073117028;0.000101748735;0.000087356598;0.000147222999;
2020;08;05;6;1;0.000071622798;0.000100411643;0.000089135411;0.000142063444;
2020;08;05;7;1;0.000074352749;0.000100948837;0.000096166601;0.000139686595;
2020;08;05;8;1;0.000081791312;0.000080540951;0.000104388411;0.000098267786;
2020;08;05;9;1;0.000095192923;0.000077867840;0.000130491782;0.000069770442;
2020;08;05;10;1;0.000112452926;0.000088527419;0.000150558745;0.000076868187;
2020;08;05;11;1;0.000126285692;0.000096043276;0.000164610422;0.000081446482;
2020;08;05;12;1;0.000133014013;0.000099015378;0.000170571931;0.000082805868;
2020;08;05;13;1;0.000140484856;0.000101612134;0.000174748190;0.000083593503;
2020;08;05;14;1;0.000151623210;0.000105974723;0.000172579064;0.000082462994;
2020;08;05;15;1;0.000154303208;0.000106211149;0.000159453643;0.000081573576;
2020;08;05;16;1;0.000148059251;0.000100573343;0.000149471092;0.000078291641;
2020;08;05;17;1;0.000144620259;0.000097450954;0.000147217512;0.000076333633;
2020;08;05;18;1;0.000145007682;0.000097342128;0.000148197401;0.000077047879;
2020;08;05;19;1;0.000144257643;0.000097194960;0.000145643063;0.000077294495;
2020;08;05;20;1;0.000141317202;0.000096241246;0.000141327670;0.000078341236;
2020;08;05;21;1;0.000141275351;0.000099260638;0.000136019141;0.000080998124;
2020;08;05;22;1;0.000153578316;0.000137042655;0.000136700630;0.000141340430;
2020;08;05;23;1;0.000150265375;0.000151425468;0.000125924031;0.000180785880;
2020;08;05;24;1;0.000130971047;0.000144599929;0.000113346070;0.000167656020;
2020;08;06;1;1;0.000112219677;0.000132428842;0.000104145080;0.000157431103;
2020;08;06;2;1;0.000094609881;0.000119343209;0.000095974326;0.000164564063;
2020;08;06;3;1;0.000083890034;0.000110712137;0.000091687007;0.000159944051;
2020;08;06;4;1;0.000077717414;0.000105773140;0.000089492747;0.000154051850;
2020;08;06;5;1;0.000074089561;0.000102855407;0.000088656531;0.000148182989;
2020;08;06;6;1;0.000072476222;0.000101349383;0.000090400292;0.000142717134;
2020;08;06;7;1;0.000075209172;0.000101847093;0.000097512243;0.000140252457;
2020;08;06;8;1;0.000082745398;0.000081270663;0.000105856843;0.000098685551;
2020;08;06;9;1;0.000096186029;0.000078466874;0.000132247201;0.000069948072;
2020;08;06;10;1;0.000113729766;0.000089299110;0.000152652962;0.000077162376;
2020;08;06;11;1;0.000127801210;0.000096949383;0.000166953023;0.000081831175;
2020;08;06;12;1;0.000134701496;0.000100024846;0.000173057767;0.000083275520;
2020;08;06;13;1;0.000142397151;0.000102752362;0.000177375771;0.000084174488;
2020;08;06;14;1;0.000153772407;0.000107229941;0.000175222770;0.000083099982;
2020;08;06;15;1;0.000156528195;0.000107497972;0.000161915963;0.000082231136;
2020;08;06;16;1;0.000150080823;0.000101706550;0.000151721759;0.000078840235;
2020;08;06;17;1;0.000146589575;0.000098545023;0.000149431536;0.000076864657;
2020;08;06;18;1;0.000147099578;0.000098522214;0.000150486338;0.000077669702;
2020;08;06;19;1;0.000146409291;0.000098425934;0.000147928335;0.000077970355;
2020;08;06;20;1;0.000143420703;0.000097456933;0.000143542991;0.000079023075;
2020;08;06;21;1;0.000143402821;0.000100533749;0.000138162739;0.000081723009;
2020;08;06;22;1;0.000155781852;0.000138692221;0.000138806533;0.000142466150;
2020;08;06;23;1;0.000152163279;0.000152960018;0.000127755336;0.000181798195;
2020;08;06;24;1;0.000132532546;0.000145951977;0.000114954071;0.000168431724;
2020;08;07;1;1;0.000112748177;0.000129313748;0.000106350926;0.000162331633;
2020;08;07;2;1;0.000095429651;0.000116579370;0.000097431382;0.000169767394;
2020;08;07;3;1;0.000084445359;0.000107735737;0.000093060901;0.000165099440;
2020;08;07;4;1;0.000078212144;0.000102821615;0.000090504013;0.000158726850;
2020;08;07;5;1;0.000074411199;0.000099682558;0.000089519536;0.000152996281;
2020;08;07;6;1;0.000072912498;0.000098410112;0.000091333954;0.000147866426;
2020;08;07;7;1;0.000075554756;0.000099006640;0.000098254175;0.000145988201;
2020;08;07;8;1;0.000082772805;0.000079005191;0.000105731091;0.000102754399;
2020;08;07;9;1;0.000096112942;0.000077048172;0.000130795328;0.000071704866;
2020;08;07;10;1;0.000113596249;0.000087773979;0.000150935822;0.000078832527;
2020;08;07;11;1;0.000127733952;0.000095559596;0.000165604984;0.000082855552;
2020;08;07;12;1;0.000134879059;0.000098900971;0.000171832433;0.000085280311;
2020;08;07;13;1;0.000142516178;0.000101633328;0.000176119220;0.000086366591;
2020;08;07;14;1;0.000153935406;0.000106129995;0.000174407671;0.000085405435;
2020;08;07;15;1;0.000157341580;0.000106803661;0.000160513109;0.000084466611;
2020;08;07;16;1;0.000151664737;0.000101503171;0.000148792337;0.000081476454;
2020;08;07;17;1;0.000148006301;0.000098389958;0.000145369548;0.000079173141;
2020;08;07;18;1;0.000147894389;0.000098086981;0.000146086820;0.000079382371;
2020;08;07;19;1;0.000146766359;0.000097838686;0.000145237136;0.000080024331;
2020;08;07;20;1;0.000143479939;0.000096904529;0.000143034664;0.000081554742;
2020;08;07;21;1;0.000141768305;0.000098610335;0.000139575961;0.000083289847;
2020;08;07;22;1;0.000151187027;0.000133328764;0.000142108433;0.000145565258;
2020;08;07;23;1;0.000147414848;0.000147013259;0.000132313635;0.000186399300;
2020;08;07;24;1;0.000131105566;0.000141613364;0.000120670222;0.000174121102;
2020;08;08;1;1;0.000114626631;0.000134089135;0.000110570145;0.000160500826;
2020;08;08;2;1;0.000099194046;0.000122571526;0.000100125715;0.000166599983;
2020;08;08;3;1;0.000087997334;0.000113555099;0.000094473447;0.000161805055;
2020;08;08;4;1;0.000080947101;0.000108068038;0.000091475735;0.000155836393;
2020;08;08;5;1;0.000076648237;0.000104549454;0.000090196060;0.000150666413;
2020;08;08;6;1;0.000074431905;0.000102901385;0.000090866898;0.000146137480;
2020;08;08;7;1;0.000074676983;0.000102014259;0.000093186486;0.000143106499;
2020;08;08;8;1;0.000077302068;0.000076772024;0.000088843082;0.000095716638;
2020;08;08;9;1;0.000088147040;0.000071229635;0.000096267571;0.000065477001;
2020;08;08;10;1;0.000105835998;0.000082824901;0.000111675873;0.000073013475;
2020;08;08;11;1;0.000122050043;0.000092679063;0.000126266358;0.000079346854;
2020;08;08;12;1;0.000130562089;0.000097268056;0.000132111839;0.000082166769;
2020;08;08;13;1;0.000137455512;0.000099493907;0.000136375068;0.000082950413;
2020;08;08;14;1;0.000147807680;0.000102643388;0.000136279324;0.000081698019;
2020;08;08;15;1;0.000152544238;0.000103884762;0.000129525227;0.000080744645;
2020;08;08;16;1;0.000146434845;0.000099146739;0.000125699797;0.000076951402;
2020;08;08;17;1;0.000140482736;0.000095201575;0.000122820606;0.000073897361;
2020;08;08;18;1;0.000137908568;0.000093443810;0.000122225199;0.000074100734;
2020;08;08;19;1;0.000136683157;0.000092935772;0.000123322200;0.000074146582;
2020;08;08;20;1;0.000134385960;0.000092378666;0.000125441139;0.000075710553;
2020;08;08;21;1;0.000134538582;0.000095059465;0.000128354952;0.000078068518;
2020;08;08;22;1;0.000145905777;0.000132500989;0.000135253106;0.000137628631;
2020;08;08;23;1;0.000143440100;0.000147610262;0.000129388139;0.000180632860;
2020;08;08;24;1;0.000128469691;0.000142659694;0.000119023292;0.000167596867;
2020;08;09;1;1;0.000112818482;0.000132530899;0.000109268995;0.000157907680;
2020;08;09;2;1;0.000098492893;0.000121738396;0.000099292993;0.000162378059;
2020;08;09;3;1;0.000087768764;0.000113276679;0.000093936552;0.000158061026;
2020;08;09;4;1;0.000080879932;0.000107875897;0.000091182460;0.000152783677;
2020;08;09;5;1;0.000076565742;0.000104371482;0.000089767917;0.000147755173;
2020;08;09;6;1;0.000074273898;0.000102633107;0.000089986355;0.000144093231;
2020;08;09;7;1;0.000073935538;0.000101419913;0.000091217847;0.000141438880;
2020;08;09;8;1;0.000075240140;0.000074929086;0.000083750102;0.000094695631;
2020;08;09;9;1;0.000083714512;0.000066933577;0.000085543896;0.000061299758;
2020;08;09;10;1;0.000099204072;0.000076897139;0.000093992215;0.000067971591;
2020;08;09;11;1;0.000113962058;0.000086369708;0.000102244432;0.000073913818;
2020;08;09;12;1;0.000123514245;0.000092048239;0.000107818546;0.000077617165;
2020;08;09;13;1;0.000130596975;0.000094850667;0.000112311728;0.000079118815;
2020;08;09;14;1;0.000140560222;0.000097623280;0.000115338711;0.000077206295;
2020;08;09;15;1;0.000146505523;0.000099532118;0.000114526412;0.000077723136;
2020;08;09;16;1;0.000140346094;0.000095007780;0.000112264138;0.000074059940;
2020;08;09;17;1;0.000135182146;0.000091643388;0.000108695711;0.000071953097;
2020;08;09;18;1;0.000133161790;0.000090200200;0.000105644168;0.000070879092;
2020;08;09;19;1;0.000132932514;0.000090056245;0.000105513957;0.000071604990;
2020;08;09;20;1;0.000132607795;0.000090433355;0.000107745295;0.000073222999;
2020;08;09;21;1;0.000135324157;0.000094526798;0.000111378391;0.000077222043;
2020;08;09;22;1;0.000149873324;0.000134545392;0.000123932098;0.000139497762;
2020;08;09;23;1;0.000148741767;0.000150035272;0.000121371115;0.000181750195;
2020;08;09;24;1;0.000132400144;0.000145069583;0.000111552439;0.000170050518;
2020;08;10;1;1;0.000109675459;0.000128580703;0.000096481713;0.000156695938;
2020;08;10;2;1;0.000092720694;0.000115878581;0.000088940202;0.000159456897;
2020;08;10;3;1;0.000082083385;0.000107223240;0.000084908610;0.000153833065;
2020;08;10;4;1;0.000075872698;0.000102166371;0.000083174163;0.000148355115;
2020;08;10;5;1;0.000072229307;0.000099233482;0.000082289871;0.000144204738;
2020;08;10;6;1;0.000070453029;0.000097580928;0.000083986507;0.000139646522;
2020;08;10;7;1;0.000072742720;0.000097741959;0.000090850871;0.000137840553;
2020;08;10;8;1;0.000079372164;0.000077569805;0.000099366180;0.000096981782;
2020;08;10;9;1;0.000091898380;0.000074901403;0.000125640161;0.000068224629;
2020;08;10;10;1;0.000108818908;0.000085300857;0.000145235434;0.000075432936;
2020;08;10;11;1;0.000122610113;0.000092867642;0.000158988623;0.000080286945;
2020;08;10;12;1;0.000129301321;0.000095826418;0.000164823012;0.000081915358;
2020;08;10;13;1;0.000136740182;0.000098460079;0.000168740575;0.000082475848;
2020;08;10;14;1;0.000148406567;0.000103094919;0.000166915441;0.000081993935;
2020;08;10;15;1;0.000152557069;0.000104178630;0.000153987583;0.000081508573;
2020;08;10;16;1;0.000146888765;0.000098939016;0.000143556940;0.000078027488;
2020;08;10;17;1;0.000143604480;0.000096014473;0.000141428194;0.000076230997;
2020;08;10;18;1;0.000143912243;0.000095876666;0.000142629163;0.000077597638;
2020;08;10;19;1;0.000142807028;0.000095520890;0.000140771878;0.000077594178;
2020;08;10;20;1;0.000139578137;0.000094389018;0.000135918771;0.000078560734;
2020;08;10;21;1;0.000139209734;0.000097077778;0.000130732790;0.000081012335;
2020;08;10;22;1;0.000152206577;0.000133990303;0.000131501643;0.000140681154;
2020;08;10;23;1;0.000148885494;0.000147593770;0.000120771644;0.000179633030;
2020;08;10;24;1;0.000129602469;0.000140682852;0.000108758748;0.000166263527;
2020;08;11;1;1;0.000105929460;0.000126396341;0.000097461629;0.000153284233;
2020;08;11;2;1;0.000089288035;0.000113880370;0.000089805682;0.000160183222;
2020;08;11;3;1;0.000079110109;0.000105553976;0.000085760588;0.000155520353;
2020;08;11;4;1;0.000073379927;0.000100983867;0.000083759875;0.000150049054;
2020;08;11;5;1;0.000070034915;0.000098323734;0.000083024654;0.000144563880;
2020;08;11;6;1;0.000068543105;0.000096936763;0.000084677342;0.000139328329;
2020;08;11;7;1;0.000071155449;0.000097455044;0.000091356693;0.000136996755;
2020;08;11;8;1;0.000078301549;0.000077783845;0.000099184317;0.000096423078;
2020;08;11;9;1;0.000090914215;0.000075002918;0.000123839385;0.000068233233;
2020;08;11;10;1;0.000107413770;0.000085283795;0.000142893739;0.000075189309;
2020;08;11;11;1;0.000120591535;0.000092494266;0.000156207493;0.000079635145;
2020;08;11;12;1;0.000127043319;0.000095378910;0.000161881855;0.000080987987;
2020;08;11;13;1;0.000134096040;0.000097813159;0.000165794355;0.000081688108;
2020;08;11;14;1;0.000144661379;0.000101960547;0.000163698880;0.000080531841;
2020;08;11;15;1;0.000147125407;0.000102116393;0.000151200997;0.000079593544;
2020;08;11;16;1;0.000140752439;0.000096376866;0.000141524048;0.000076076580;
2020;08;11;17;1;0.000137355160;0.000093288153;0.000139325400;0.000074078048;
2020;08;11;18;1;0.000137548627;0.000093052832;0.000140163795;0.000074639746;
2020;08;11;19;1;0.000136752309;0.000092848154;0.000137705131;0.000074814253;
2020;08;11;20;1;0.000134023234;0.000091981513;0.000133654345;0.000075872950;
2020;08;11;21;1;0.000134415190;0.000095206743;0.000128841539;0.000078796747;
2020;08;11;22;1;0.000146619583;0.000131944526;0.000129707677;0.000138151990;
2020;08;11;23;1;0.000142590467;0.000144815032;0.000119120000;0.000175230630;
2020;08;11;24;1;0.000123976072;0.000137909961;0.000107089475;0.000161950618;
2020;08;12;1;1;0.000102206858;0.000122747504;0.000093757487;0.000150493988;
2020;08;12;2;1;0.000086096183;0.000110515756;0.000086365360;0.000157130484;
2020;08;12;3;1;0.000076291964;0.000102450008;0.000082480697;0.000152583351;
2020;08;12;4;1;0.000070778510;0.000098033634;0.000080563754;0.000147251473;
2020;08;12;5;1;0.000067552410;0.000095451685;0.000079856854;0.000141869237;
2020;08;12;6;1;0.000066171680;0.000094197206;0.000081482453;0.000136898014;
2020;08;12;7;1;0.000068673594;0.000094670101;0.000087897018;0.000134552364;
2020;08;12;8;1;0.000075577700;0.000075569084;0.000095432834;0.000094715168;
2020;08;12;9;1;0.000087812779;0.000072923834;0.000119196693;0.000067089771;
2020;08;12;10;1;0.000103736513;0.000082908226;0.000137528093;0.000073916480;
2020;08;12;11;1;0.000116483096;0.000089934985;0.000150354730;0.000078305758;
2020;08;12;12;1;0.000122741175;0.000092761740;0.000155833020;0.000079659581;
2020;08;12;13;1;0.000129609444;0.000095173561;0.000159632818;0.000080395063;
2020;08;12;14;1;0.000139831655;0.000099217181;0.000157621125;0.000079265192;
2020;08;12;15;1;0.000142124746;0.000099300034;0.000145541746;0.000078273956;
2020;08;12;16;1;0.000135931813;0.000093690782;0.000136208694;0.000074787318;
2020;08;12;17;1;0.000132706326;0.000090730260;0.000134120663;0.000072864903;
2020;08;12;18;1;0.000133012852;0.000090591899;0.000134988443;0.000073509191;
2020;08;12;19;1;0.000132184378;0.000090348271;0.000132591264;0.000073635861;
2020;08;12;20;1;0.000129634085;0.000089572245;0.000128734385;0.000074748093;
2020;08;12;21;1;0.000129938124;0.000092653523;0.000124062871;0.000077566335;
2020;08;12;22;1;0.000141774962;0.000128445215;0.000124914190;0.000136046303;
2020;08;12;23;1;0.000138306754;0.000141460057;0.000114896251;0.000173301756;
2020;08;12;24;1;0.000120332979;0.000134816341;0.000103327180;0.000160318802;
2020;08;13;1;1;0.000102785441;0.000123256136;0.000094516516;0.000150675862;
2020;08;13;2;1;0.000086549527;0.000110925170;0.000087047527;0.000157234113;
2020;08;13;3;1;0.000076729279;0.000102882460;0.000083151657;0.000152781680;
2020;08;13;4;1;0.000071154258;0.000098401341;0.000081202125;0.000147356284;
2020;08;13;5;1;0.000067884320;0.000095767745;0.000080473949;0.000141892073;
2020;08;13;6;1;0.000066531873;0.000094564298;0.000082134093;0.000137019121;
2020;08;13;7;1;0.000069126230;0.000095159704;0.000088650310;0.000134885650;
2020;08;13;8;1;0.000076110298;0.000075998144;0.000096272475;0.000095009577;
2020;08;13;9;1;0.000088506737;0.000073407198;0.000120296212;0.000067378079;
2020;08;13;10;1;0.000104622477;0.000083516509;0.000138840434;0.000074299595;
2020;08;13;11;1;0.000117546844;0.000090653895;0.000151833939;0.000078775821;
2020;08;13;12;1;0.000123894570;0.000093530489;0.000157386814;0.000080166920;
2020;08;13;13;1;0.000130728638;0.000095881809;0.000161163706;0.000080822222;
2020;08;13;14;1;0.000141022688;0.000099942573;0.000159123475;0.000079673428;
2020;08;13;15;1;0.000143496156;0.000100150665;0.000147011652;0.000078799421;
2020;08;13;16;1;0.000137359947;0.000094582520;0.000137642586;0.000075378290;
2020;08;13;17;1;0.000133973339;0.000091497307;0.000135468137;0.000073344072;
2020;08;13;18;1;0.000134307277;0.000091376280;0.000136357084;0.000074011315;
2020;08;13;19;1;0.000133587422;0.000091219061;0.000133994149;0.000074228862;
2020;08;13;20;1;0.000130940678;0.000090382363;0.000130061948;0.000075294711;
2020;08;13;21;1;0.000131162295;0.000093423909;0.000125301273;0.000078063104;
2020;08;13;22;1;0.000142998836;0.000129400673;0.000126111984;0.000136768602;
2020;08;13;23;1;0.000139638382;0.000142668450;0.000116055519;0.000174459769;
2020;08;13;24;1;0.000121455071;0.000135922684;0.000104353941;0.000161323109;
2020;08;14;1;1;0.000102337106;0.000119483075;0.000095481506;0.000154739035;
2020;08;14;2;1;0.000086565463;0.000107644580;0.000087447080;0.000161691644;
2020;08;14;3;1;0.000076630676;0.000099520868;0.000083540399;0.000157328958;
2020;08;14;4;1;0.000070976150;0.000094984224;0.000081246141;0.000151261863;
2020;08;14;5;1;0.000067669798;0.000092301138;0.000080447203;0.000146230317;
2020;08;14;6;1;0.000066277177;0.000091077677;0.000082059166;0.000141240135;
2020;08;14;7;1;0.000068711232;0.000091677618;0.000088297289;0.000139537344;
2020;08;14;8;1;0.000075274653;0.000073155927;0.000095015859;0.000098212689;
2020;08;14;9;1;0.000087371268;0.000071311938;0.000117516557;0.000068497131;
2020;08;14;10;1;0.000103173624;0.000081159694;0.000135553162;0.000075213393;
2020;08;14;11;1;0.000116158021;0.000088480349;0.000148819520;0.000079187859;
2020;08;14;12;1;0.000122453430;0.000091406430;0.000154288668;0.000081318508;
2020;08;14;13;1;0.000129194291;0.000093776298;0.000158020028;0.000082183974;
2020;08;14;14;1;0.000139475586;0.000097870433;0.000156444614;0.000081212587;
2020;08;14;15;1;0.000142423247;0.000098385417;0.000143910832;0.000080211811;
2020;08;14;16;1;0.000137202823;0.000093440757;0.000133362692;0.000077308123;
2020;08;14;17;1;0.000133775612;0.000090486404;0.000130237651;0.000075030942;
2020;08;14;18;1;0.000133626645;0.000090171929;0.000130856806;0.000075191909;
2020;08;14;19;1;0.000132671819;0.000089992180;0.000130127311;0.000075851059;
2020;08;14;20;1;0.000129779168;0.000089192592;0.000128192679;0.000077366241;
2020;08;14;21;1;0.000128513588;0.000090984832;0.000125230920;0.000079253813;
2020;08;14;22;1;0.000137556516;0.000123521962;0.000127737956;0.000139220060;
2020;08;14;23;1;0.000134186535;0.000136269787;0.000118961544;0.000178387628;
2020;08;14;24;1;0.000119103061;0.000130974262;0.000108384596;0.000166177644;
2020;08;15;1;1;0.000107832695;0.000127853530;0.000103512897;0.000154981078;
2020;08;15;2;1;0.000094184893;0.000117503999;0.000094084546;0.000159474412;
2020;08;15;3;1;0.000083911541;0.000109310304;0.000088999098;0.000155188661;
2020;08;15;4;1;0.000077254828;0.000103993123;0.000086350074;0.000149817805;
2020;08;15;5;1;0.000073122676;0.000100597627;0.000085003745;0.000144856372;
2020;08;15;6;1;0.000070894977;0.000098861874;0.000085187098;0.000141159052;
2020;08;15;7;1;0.000070707142;0.000097901035;0.000086435713;0.000138926799;
2020;08;15;8;1;0.000072192617;0.000072595353;0.000079489794;0.000093442879;
2020;08;15;9;1;0.000080447341;0.000064960067;0.000081253992;0.000060619405;
2020;08;15;10;1;0.000095201000;0.000074515291;0.000089217817;0.000067087387;
2020;08;15;11;1;0.000109263698;0.000083609227;0.000097007484;0.000072858410;
2020;08;15;12;1;0.000118101022;0.000088837728;0.000102157710;0.000076220333;
2020;08;15;13;1;0.000124406588;0.000091162284;0.000106215970;0.000077291828;
2020;08;15;14;1;0.000133419869;0.000093455324;0.000108883659;0.000075050375;
2020;08;15;15;1;0.000138669746;0.000094983539;0.000107963018;0.000075257230;
2020;08;15;16;1;0.000132473964;0.000090388734;0.000105684284;0.000071436589;
2020;08;15;17;1;0.000127511157;0.000087120634;0.000102289706;0.000069337237;
2020;08;15;18;1;0.000125621670;0.000085760882;0.000099424647;0.000068314204;
2020;08;15;19;1;0.000125609383;0.000085778579;0.000099383346;0.000069169056;
2020;08;15;20;1;0.000125159587;0.000086028351;0.000101427682;0.000070619125;
2020;08;15;21;1;0.000127740472;0.000089935163;0.000104856200;0.000074487582;
2020;08;15;22;1;0.000141760962;0.000128298723;0.000116791779;0.000134939830;
2020;08;15;23;1;0.000139985929;0.000142273868;0.000114090755;0.000174592332;
2020;08;15;24;1;0.000124400872;0.000137313166;0.000104774516;0.000162979780;
2020;08;16;1;1;0.000100406841;0.000120534889;0.000095871176;0.000149195066;
2020;08;16;2;1;0.000087714253;0.000110799271;0.000087146628;0.000153557499;
2020;08;16;3;1;0.000078128686;0.000103046619;0.000082426838;0.000149382350;
2020;08;16;4;1;0.000072066606;0.000098239820;0.000080049083;0.000144590366;
2020;08;16;5;1;0.000068275258;0.000095130141;0.000078837596;0.000139982093;
2020;08;16;6;1;0.000066182588;0.000093468853;0.000079000141;0.000136372830;
2020;08;16;7;1;0.000065969998;0.000092502453;0.000080135378;0.000134111391;
2020;08;16;8;1;0.000067150932;0.000068360164;0.000073583731;0.000089822303;
2020;08;16;9;1;0.000074799117;0.000061142922;0.000075201981;0.000058237713;
2020;08;16;10;1;0.000088583405;0.000070195307;0.000082603398;0.000064519236;
2020;08;16;11;1;0.000101703686;0.000078792391;0.000089830730;0.000070103507;
2020;08;16;12;1;0.000110003708;0.000083782445;0.000094631791;0.000073407111;
2020;08;16;13;1;0.000116056378;0.000086122632;0.000098467279;0.000074599111;
2020;08;16;14;1;0.000124572093;0.000088373563;0.000100983912;0.000072522561;
2020;08;16;15;1;0.000129519662;0.000089854018;0.000100147777;0.000072758229;
2020;08;16;16;1;0.000123702886;0.000085484442;0.000098022210;0.000069041297;
2020;08;16;17;1;0.000119053574;0.000082382043;0.000094867762;0.000067000483;
2020;08;16;18;1;0.000117356375;0.000081147687;0.000092236920;0.000066064252;
2020;08;16;19;1;0.000117509357;0.000081290845;0.000092263168;0.000067021229;
2020;08;16;20;1;0.000117405278;0.000081772736;0.000094288011;0.000068683927;
2020;08;16;21;1;0.000119953167;0.000085587307;0.000097525833;0.000072554520;
2020;08;16;22;1;0.000133553447;0.000122538830;0.000108804616;0.000132032931;
2020;08;16;23;1;0.000132227803;0.000136282824;0.000106428899;0.000171451652;
2020;08;16;24;1;0.000117383174;0.000131377836;0.000097686741;0.000159815704;
2020;08;17;1;1;0.000099335676;0.000118457590;0.000086789305;0.000148495709;
2020;08;17;2;1;0.000084007564;0.000106795109;0.000080019238;0.000151181143;
2020;08;17;3;1;0.000074475585;0.000098974042;0.000076446777;0.000146135307;
2020;08;17;4;1;0.000068953424;0.000094477837;0.000074946955;0.000141250983;
2020;08;17;5;1;0.000065739366;0.000091916335;0.000074205133;0.000137580651;
2020;08;17;6;1;0.000064298314;0.000090660789;0.000075838637;0.000133739230;
2020;08;17;7;1;0.000066602381;0.000091136574;0.000082168962;0.000132603775;
2020;08;17;8;1;0.000072730469;0.000072392196;0.000089906209;0.000093401911;
2020;08;17;9;1;0.000084224709;0.000069916868;0.000113689654;0.000065723937;
2020;08;17;10;1;0.000099373575;0.000079305712;0.000131185664;0.000072303810;
2020;08;17;11;1;0.000111760125;0.000086162697;0.000143475665;0.000076757829;
2020;08;17;12;1;0.000118004261;0.000089029510;0.000148832020;0.000078448846;
2020;08;17;13;1;0.000124450570;0.000091197203;0.000152160714;0.000078684009;
2020;08;17;14;1;0.000134924877;0.000095377525;0.000150434490;0.000078109271;
2020;08;17;15;1;0.000139055251;0.000096655763;0.000138961454;0.000077924687;
2020;08;17;16;1;0.000134030490;0.000091902555;0.000129617374;0.000074706329;
2020;08;17;17;1;0.000130752309;0.000088973234;0.000127558105;0.000072768753;
2020;08;17;18;1;0.000130925332;0.000088764814;0.000128588556;0.000073989305;
2020;08;17;19;1;0.000130057794;0.000088539770;0.000126981442;0.000074095155;
2020;08;17;20;1;0.000127160851;0.000087524006;0.000122624888;0.000075053852;
2020;08;17;21;1;0.000127121433;0.000090250857;0.000118083756;0.000077647243;
2020;08;17;22;1;0.000139802382;0.000125376406;0.000119126288;0.000135930558;
2020;08;17;23;1;0.000136842257;0.000138206108;0.000109443101;0.000173723191;
2020;08;17;24;1;0.000118878705;0.000131439964;0.000098456840;0.000160345685;
2020;08;18;1;1;0.000101494380;0.000121945078;0.000093183834;0.000149596393;
2020;08;18;2;1;0.000085611962;0.000109958599;0.000085895366;0.000156486642;
2020;08;18;3;1;0.000075840036;0.000101899368;0.000082019547;0.000151894352;
2020;08;18;4;1;0.000070351853;0.000097495323;0.000080109166;0.000146564968;
2020;08;18;5;1;0.000067213914;0.000095035478;0.000079446909;0.000141408440;
2020;08;18;6;1;0.000065846505;0.000093796568;0.000081068164;0.000136471576;
2020;08;18;7;1;0.000068438898;0.000094425113;0.000087515617;0.000134414265;
2020;08;18;8;1;0.000075350821;0.000075408510;0.000095038407;0.000094673071;
2020;08;18;9;1;0.000087473323;0.000072698765;0.000118652849;0.000066978991;
2020;08;18;10;1;0.000103367354;0.000082680646;0.000136921727;0.000073826004;
2020;08;18;11;1;0.000116034876;0.000089659151;0.000149670187;0.000078178247;
2020;08;18;12;1;0.000122104620;0.000092339171;0.000155019436;0.000079381369;
2020;08;18;13;1;0.000128834890;0.000094656442;0.000158736276;0.000080026013;
2020;08;18;14;1;0.000138944999;0.000098637946;0.000156706816;0.000078861439;
2020;08;18;15;1;0.000141027664;0.000098568252;0.000144596906;0.000077725513;
2020;08;18;16;1;0.000134947302;0.000093049790;0.000135357419;0.000074312256;
2020;08;18;17;1;0.000131689362;0.000090067064;0.000133254328;0.000072359306;
2020;08;18;18;1;0.000132200463;0.000090086418;0.000134221458;0.000073158270;
2020;08;18;19;1;0.000131634451;0.000090039767;0.000131966961;0.000073483864;
2020;08;18;20;1;0.000129200666;0.000089347760;0.000128180776;0.000074678811;
2020;08;18;21;1;0.000129712631;0.000092587127;0.000123628650;0.000077668574;
2020;08;18;22;1;0.000141922893;0.000128749518;0.000124651500;0.000136749318;
2020;08;18;23;1;0.000138364965;0.000141696899;0.000114619499;0.000174045143;
2020;08;18;24;1;0.000120308915;0.000134949169;0.000103045956;0.000160868899;
2020;08;19;1;1;0.000104383832;0.000124832942;0.000096079666;0.000151916246;
2020;08;19;2;1;0.000087930475;0.000112394012;0.000088504746;0.000158616416;
2020;08;19;3;1;0.000077905821;0.000104173977;0.000084517653;0.000153994306;
2020;08;19;4;1;0.000072261866;0.000099662003;0.000082545493;0.000148573331;
2020;08;19;5;1;0.000068946698;0.000097003579;0.000081808556;0.000143080635;
2020;08;19;6;1;0.000067538002;0.000095729404;0.000083474455;0.000138067601;
2020;08;19;7;1;0.000070113540;0.000096243509;0.000090059907;0.000135761094;
2020;08;19;8;1;0.000077205696;0.000076872948;0.000097808511;0.000095640638;
2020;08;19;9;1;0.000089510846;0.000074004073;0.000122032869;0.000067541552;
2020;08;19;10;1;0.000105847971;0.000084229819;0.000140869960;0.000074518136;
2020;08;19;11;1;0.000118807435;0.000091328848;0.000153977999;0.000078900310;
2020;08;19;12;1;0.000125063354;0.000094093209;0.000159507324;0.000080151304;
2020;08;19;13;1;0.000132162313;0.000096621608;0.000163458600;0.000080977507;
2020;08;19;14;1;0.000142752197;0.000100857418;0.000161492470;0.000079969192;
2020;08;19;15;1;0.000145365240;0.000101151860;0.000149256455;0.000079174526;
2020;08;19;16;1;0.000139327047;0.000095663705;0.000139833916;0.000075871351;
2020;08;19;17;1;0.000135941575;0.000092580781;0.000137649986;0.000073861273;
2020;08;19;18;1;0.000136354822;0.000092514390;0.000138591126;0.000074589676;
2020;08;19;19;1;0.000135762508;0.000092459976;0.000136259144;0.000074914895;
2020;08;19;20;1;0.000133046859;0.000091592187;0.000132247549;0.000075970246;
2020;08;19;21;1;0.000133246098;0.000094654082;0.000127394167;0.000078742593;
2020;08;19;22;1;0.000145529088;0.000131363301;0.000128333220;0.000138298131;
2020;08;19;23;1;0.000141705747;0.000144375762;0.000117931510;0.000175716805;
2020;08;19;24;1;0.000123128571;0.000137394864;0.000105986891;0.000162258114;
2020;08;20;1;1;0.000104771780;0.000125205456;0.000096469080;0.000152189535;
2020;08;20;2;1;0.000088167829;0.000112602549;0.000088818301;0.000158678588;
2020;08;20;3;1;0.000078201805;0.000104494421;0.000084863680;0.000154289070;
2020;08;20;4;1;0.000072513259;0.000099933129;0.000082870206;0.000148791795;
2020;08;20;5;1;0.000069216304;0.000097313951;0.000082148005;0.000143376665;
2020;08;20;6;1;0.000067772690;0.000095989403;0.000083802657;0.000138269839;
2020;08;20;7;1;0.000070307068;0.000096428457;0.000090381951;0.000135824984;
2020;08;20;8;1;0.000077377027;0.000076974426;0.000098131963;0.000095613553;
2020;08;20;9;1;0.000089765956;0.000074153653;0.000122474772;0.000067581696;
2020;08;20;10;1;0.000106112598;0.000084367340;0.000141355409;0.000074526283;
2020;08;20;11;1;0.000119265863;0.000091615828;0.000154612868;0.000079057943;
2020;08;20;12;1;0.000125635965;0.000094464131;0.000160222300;0.000080391576;
2020;08;20;13;1;0.000132658697;0.000096914180;0.000164124229;0.000081127688;
2020;08;20;14;1;0.000143167533;0.000101068057;0.000162081661;0.000080023747;
2020;08;20;15;1;0.000145909016;0.000101456427;0.000149863199;0.000079319617;
2020;08;20;16;1;0.000139695809;0.000095835601;0.000140325675;0.000075895517;
2020;08;20;17;1;0.000136357102;0.000092789249;0.000138162362;0.000073926683;
2020;08;20;18;1;0.000136663406;0.000092641228;0.000139051896;0.000074573794;
2020;08;20;19;1;0.000136089218;0.000092601470;0.000136721901;0.000074913873;
2020;08;20;20;1;0.000133496350;0.000091831146;0.000132761121;0.000076071387;
2020;08;20;21;1;0.000133768097;0.000094957694;0.000127923225;0.000078906296;
2020;08;20;22;1;0.000146223451;0.000131909012;0.000128921316;0.000138748541;
2020;08;20;23;1;0.000142374501;0.000144967138;0.000118468971;0.000176276109;
2020;08;20;24;1;0.000123930619;0.000138231224;0.000106565340;0.000163177276;
2020;08;21;1;1;0.000106736141;0.000123559883;0.000100157140;0.000157665093;
2020;08;21;2;1;0.000090439242;0.000111526531;0.000091807031;0.000165135454;
2020;08;21;3;1;0.000080100011;0.000103167279;0.000087727572;0.000160791652;
2020;08;21;4;1;0.000074150215;0.000098406515;0.000085295719;0.000154477460;
2020;08;21;5;1;0.000070786219;0.000095762385;0.000084510784;0.000149603885;
2020;08;21;6;1;0.000069330090;0.000094494076;0.000086204408;0.000144500947;
2020;08;21;7;1;0.000071862438;0.000095096172;0.000092748769;0.000142720574;
2020;08;21;8;1;0.000078722628;0.000075879304;0.000099803323;0.000100445772;
2020;08;21;9;1;0.000091235523;0.000073842599;0.000123345058;0.000069907325;
2020;08;21;10;1;0.000107664372;0.000083977036;0.000142228498;0.000076690102;
2020;08;21;11;1;0.000121012971;0.000091383175;0.000156018710;0.000080556697;
2020;08;21;12;1;0.000127637902;0.000094459888;0.000161794393;0.000082784125;
2020;08;21;13;1;0.000134971690;0.000097154917;0.000165896155;0.000083930917;
2020;08;21;14;1;0.000145669537;0.000101363161;0.000164217808;0.000082904779;
2020;08;21;15;1;0.000148845416;0.000101970559;0.000151110788;0.000081957428;
2020;08;21;16;1;0.000143328500;0.000096799896;0.000140005011;0.000078943897;
2020;08;21;17;1;0.000139890265;0.000093845151;0.000136793815;0.000076726615;
2020;08;21;18;1;0.000139711887;0.000093502199;0.000137433010;0.000076873960;
2020;08;21;19;1;0.000138850656;0.000093418247;0.000136734455;0.000077654200;
2020;08;21;20;1;0.000135697349;0.000092492861;0.000134639051;0.000079103519;
2020;08;21;21;1;0.000134261808;0.000094263861;0.000131473372;0.000080939525;
2020;08;21;22;1;0.000143878179;0.000128140708;0.000134184386;0.000142413028;
2020;08;21;23;1;0.000140058127;0.000141035106;0.000124833172;0.000181947334;
2020;08;21;24;1;0.000124438815;0.000135704722;0.000113791171;0.000169728203;
2020;08;22;1;1;0.000109604034;0.000129241688;0.000105255585;0.000156891932;
2020;08;22;2;1;0.000094843226;0.000118134305;0.000095310958;0.000162843308;
2020;08;22;3;1;0.000084138153;0.000109445031;0.000089930810;0.000158157762;
2020;08;22;4;1;0.000077347601;0.000104082517;0.000087049423;0.000152188169;
2020;08;22;5;1;0.000073258877;0.000100722681;0.000085842811;0.000147192108;
2020;08;22;6;1;0.000071161194;0.000099166889;0.000086493835;0.000142825090;
2020;08;22;7;1;0.000071453882;0.000098401337;0.000088737953;0.000140022004;
2020;08;22;8;1;0.000074144554;0.000074252309;0.000084703664;0.000093969458;
2020;08;22;9;1;0.000084484328;0.000068835498;0.000091748444;0.000064216122;
2020;08;22;10;1;0.000101453017;0.000080053919;0.000106441269;0.000071621771;
2020;08;22;11;1;0.000117010829;0.000089591270;0.000120355946;0.000077848146;
2020;08;22;12;1;0.000125070301;0.000093942876;0.000125877174;0.000080524009;
2020;08;22;13;1;0.000131621720;0.000096050395;0.000129913625;0.000081247226;
2020;08;22;14;1;0.000141629930;0.000099165011;0.000129866370;0.000080095196;
2020;08;22;15;1;0.000145921905;0.000100176270;0.000123325725;0.000078975377;
2020;08;22;16;1;0.000139813064;0.000095406841;0.000119569881;0.000075068335;
2020;08;22;17;1;0.000133991060;0.000091505012;0.000116770429;0.000071985379;
2020;08;22;18;1;0.000131581363;0.000089849993;0.000116224568;0.000072218039;
2020;08;22;19;1;0.000130407413;0.000089357836;0.000117265659;0.000072258943;
2020;08;22;20;1;0.000128167876;0.000088785297;0.000119258505;0.000073744601;
2020;08;22;21;1;0.000128706635;0.000091672911;0.000122215615;0.000076365052;
2020;08;22;22;1;0.000140203527;0.000128413712;0.000129070919;0.000135459477;
2020;08;22;23;1;0.000137264747;0.000142400460;0.000123218493;0.000176767196;
2020;08;22;24;1;0.000122904753;0.000137582245;0.000113332117;0.000163947159;
2020;08;23;1;1;0.000106451959;0.000126401082;0.000102274616;0.000153564185;
2020;08;23;2;1;0.000092927931;0.000116098318;0.000092933628;0.000157895895;
2020;08;23;3;1;0.000082837511;0.000108068961;0.000087934896;0.000153770029;
2020;08;23;4;1;0.000076280412;0.000102833663;0.000085325751;0.000148486691;
2020;08;23;5;1;0.000072220493;0.000099506764;0.000084007180;0.000143624567;
2020;08;23;6;1;0.000070071224;0.000097868868;0.000084219044;0.000140099994;
2020;08;23;7;1;0.000069851819;0.000096865742;0.000085432708;0.000137792437;
2020;08;23;8;1;0.000071207917;0.000071702932;0.000078506169;0.000092478461;
2020;08;23;9;1;0.000079076617;0.000063915627;0.000080110835;0.000059705719;
2020;08;23;10;1;0.000093698816;0.000073421812;0.000088018513;0.000066194588;
2020;08;23;11;1;0.000107527061;0.000082371808;0.000095697419;0.000071877903;
2020;08;23;12;1;0.000116401238;0.000087671365;0.000100854793;0.000075354194;
2020;08;23;13;1;0.000122775623;0.000090095488;0.000104929530;0.000076551625;
2020;08;23;14;1;0.000131912380;0.000092550053;0.000107663554;0.000074521181;
2020;08;23;15;1;0.000137287861;0.000094204402;0.000106825293;0.000074866458;
2020;08;23;16;1;0.000131253574;0.000089723018;0.000104610407;0.000071140627;
2020;08;23;17;1;0.000126409906;0.000086534831;0.000101279737;0.000069105715;
2020;08;23;18;1;0.000124584900;0.000085220834;0.000098461983;0.000068122697;
2020;08;23;19;1;0.000124610222;0.000085266963;0.000098435835;0.000069004093;
2020;08;23;20;1;0.000124283542;0.000085606838;0.000100508763;0.000070545327;
2020;08;23;21;1;0.000127110386;0.000089701984;0.000104013191;0.000074626680;
2020;08;23;22;1;0.000141829594;0.000128739966;0.000116168308;0.000136213464;
2020;08;23;23;1;0.000140013041;0.000142716542;0.000113466162;0.000176166028;
2020;08;23;24;1;0.000124514742;0.000137850875;0.000104238449;0.000164613833;
2020;08;24;1;1;0.000107898305;0.000126578417;0.000095365442;0.000154251077;
2020;08;24;2;1;0.000091356378;0.000114265600;0.000087978361;0.000157296651;
2020;08;24;3;1;0.000080943874;0.000105829563;0.000084026416;0.000151924676;
2020;08;24;4;1;0.000074990752;0.000101094717;0.000082404734;0.000146978816;
2020;08;24;5;1;0.000071450389;0.000098285108;0.000081563629;0.000143034230;
2020;08;24;6;1;0.000069787243;0.000096792835;0.000083301967;0.000138770423;
2020;08;24;7;1;0.000072298980;0.000097317345;0.000090261888;0.000137622047;
2020;08;24;8;1;0.000079138107;0.000077505253;0.000098877604;0.000097256348;
2020;08;24;9;1;0.000091561184;0.000074778944;0.000124977397;0.000068348931;
2020;08;24;10;1;0.000108474631;0.000085209359;0.000144506090;0.000075623458;
2020;08;24;11;1;0.000122133576;0.000092693173;0.000158133242;0.000080408238;
2020;08;24;12;1;0.000129022710;0.000095831248;0.000164078447;0.000082237546;
2020;08;24;13;1;0.000136375918;0.000098409130;0.000167935750;0.000082741245;
2020;08;24;14;1;0.000147898479;0.000102954196;0.000166056585;0.000082170184;
2020;08;24;15;1;0.000151905924;0.000103938452;0.000153130360;0.000081587600;
2020;08;24;16;1;0.000146240696;0.000098695141;0.000142747308;0.000078087676;
2020;08;24;17;1;0.000142836796;0.000095678016;0.000140564516;0.000076190524;
2020;08;24;18;1;0.000143067002;0.000095484409;0.000141720522;0.000077499363;
2020;08;24;19;1;0.000142022704;0.000095170597;0.000139901923;0.000077537119;
2020;08;24;20;1;0.000138759209;0.000094003493;0.000135053298;0.000078461910;
2020;08;24;21;1;0.000138659507;0.000096888248;0.000130025203;0.000081127166;
2020;08;24;22;1;0.000152053274;0.000134167689;0.000130984041;0.000141457350;
2020;08;24;23;1;0.000148328393;0.000147339888;0.000120131255;0.000179938636;
2020;08;24;24;1;0.000129190406;0.000140528897;0.000108212662;0.000166676723;
2020;08;25;1;1;0.000110895141;0.000130980024;0.000103154703;0.000155858824;
2020;08;25;2;1;0.000093398933;0.000117905201;0.000095013926;0.000162691679;
2020;08;25;3;1;0.000082849521;0.000109426707;0.000090788025;0.000158211198;
2020;08;25;4;1;0.000076923979;0.000104803050;0.000088713834;0.000152852576;
2020;08;25;5;1;0.000073359768;0.000101953022;0.000087901075;0.000147102629;
2020;08;25;6;1;0.000071918137;0.000100702612;0.000089727212;0.000142104105;
2020;08;25;7;1;0.000074838213;0.000101511248;0.000096920310;0.000140193832;
2020;08;25;8;1;0.000082559113;0.000081245561;0.000105354976;0.000099015540;
2020;08;25;9;1;0.000095799967;0.000078288483;0.000131504646;0.000070009005;
2020;08;25;10;1;0.000113243081;0.000089069567;0.000151776013;0.000077200514;
2020;08;25;11;1;0.000127141834;0.000096605098;0.000165920959;0.000081770697;
2020;08;25;12;1;0.000134001271;0.000099665277;0.000171984685;0.000083209357;
2020;08;25;13;1;0.000141690971;0.000102410290;0.000176297243;0.000084135539;
2020;08;25;14;1;0.000152994854;0.000106861284;0.000174149046;0.000083050019;
2020;08;25;15;1;0.000155679310;0.000107084533;0.000160894100;0.000082139657;
2020;08;25;16;1;0.000149178343;0.000101248653;0.000150719332;0.000078687831;
2020;08;25;17;1;0.000145696331;0.000098092568;0.000148438237;0.000076707489;
2020;08;25;18;1;0.000146185610;0.000098056744;0.000149476996;0.000077497946;
2020;08;25;19;1;0.000145474538;0.000097942176;0.000146923443;0.000077779366;
2020;08;25;20;1;0.000142506733;0.000096979217;0.000142568761;0.000078830790;
2020;08;25;21;1;0.000142663322;0.000100176977;0.000137308960;0.000081662736;
2020;08;25;22;1;0.000155886246;0.000139099038;0.000138353557;0.000143517414;
2020;08;25;23;1;0.000151440470;0.000152486157;0.000126992240;0.000181765921;
2020;08;25;24;1;0.000131843167;0.000145426591;0.000114241395;0.000168296168;
2020;08;26;1;1;0.000114150732;0.000134256109;0.000106206863;0.000158632589;
2020;08;26;2;1;0.000096154046;0.000120872794;0.000097831666;0.000165619434;
2020;08;26;3;1;0.000085245909;0.000112111560;0.000093454183;0.000160934438;
2020;08;26;4;1;0.000079092402;0.000107289233;0.000091286365;0.000155329525;
2020;08;26;5;1;0.000075390045;0.000104313770;0.000090427277;0.000149383319;
2020;08;26;6;1;0.000073801187;0.000102868174;0.000092238846;0.000144016341;
2020;08;26;7;1;0.000076639743;0.000103456907;0.000099531369;0.000141672718;
2020;08;26;8;1;0.000084506105;0.000082758774;0.000108167562;0.000099993348;
2020;08;26;9;1;0.000097997764;0.000079690999;0.000134973331;0.000070638473;
2020;08;26;10;1;0.000115882851;0.000090701699;0.000155807079;0.000077934147;
2020;08;26;11;1;0.000130190565;0.000098446790;0.000170383005;0.000082622975;
2020;08;26;12;1;0.000137216828;0.000101567258;0.000176611236;0.000084078700;
2020;08;26;13;1;0.000145066209;0.000104344837;0.000181024176;0.000084994473;
2020;08;26;14;1;0.000156763556;0.000108975841;0.000178889230;0.000083990299;
2020;08;26;15;1;0.000159439541;0.000109146814;0.000165234695;0.000083015842;
2020;08;26;16;1;0.000152812855;0.000103222006;0.000154801389;0.000079549718;
2020;08;26;17;1;0.000149176419;0.000099952618;0.000152422906;0.000077497531;
2020;08;26;18;1;0.000149736184;0.000099959716;0.000153519728;0.000078338817;
2020;08;26;19;1;0.000148969457;0.000099814371;0.000150877606;0.000078595239;
2020;08;26;20;1;0.000145943606;0.000098842959;0.000146412433;0.000079667673;
2020;08;26;21;1;0.000146077910;0.000102081888;0.000140998387;0.000082509063;
2020;08;26;22;1;0.000159432599;0.000141562117;0.000141988213;0.000144773099;
2020;08;26;23;1;0.000155062050;0.000155382487;0.000130402872;0.000183645499;
2020;08;26;24;1;0.000134961775;0.000148147002;0.000117294621;0.000169976563;
2020;08;27;1;1;0.000115066415;0.000135169342;0.000107119631;0.000159359227;
2020;08;27;2;1;0.000096897015;0.000121655463;0.000098657989;0.000166310619;
2020;08;27;3;1;0.000085850702;0.000112758852;0.000094213966;0.000161465287;
2020;08;27;4;1;0.000079641466;0.000107890493;0.000092021581;0.000155808967;
2020;08;27;5;1;0.000075979687;0.000105000143;0.000091195327;0.000150026264;
2020;08;27;6;1;0.000074451494;0.000103658240;0.000093067720;0.000144834502;
2020;08;27;7;1;0.000077365761;0.000104327546;0.000100458529;0.000142607870;
2020;08;27;8;1;0.000085215573;0.000083356129;0.000109117175;0.000100503579;
2020;08;27;9;1;0.000098819087;0.000080264942;0.000136157273;0.000070997537;
2020;08;27;10;1;0.000116755831;0.000091269497;0.000157108080;0.000078238420;
2020;08;27;11;1;0.000131222706;0.000099106225;0.000171839230;0.000082990817;
2020;08;27;12;1;0.000138291519;0.000102236780;0.000178112252;0.000084441835;
2020;08;27;13;1;0.000146124358;0.000104970388;0.000182514000;0.000085298284;
2020;08;27;14;1;0.000158079286;0.000109761997;0.000180459988;0.000084418100;
2020;08;27;15;1;0.000160797183;0.000109948958;0.000166695717;0.000083452620;
2020;08;27;16;1;0.000154231205;0.000104068392;0.000156229586;0.000080052588;
2020;08;27;17;1;0.000150667267;0.000100851188;0.000153883516;0.000078063783;
2020;08;27;18;1;0.000151067531;0.000100736067;0.000154906080;0.000078791755;
2020;08;27;19;1;0.000150117719;0.000100458601;0.000152150545;0.000078921205;
2020;08;27;20;1;0.000146926257;0.000099374024;0.000147576138;0.000079890750;
2020;08;27;21;1;0.000147202086;0.000102739353;0.000142187125;0.000082849834;
2020;08;27;22;1;0.000160450066;0.000142267618;0.000143091595;0.000145108533;
2020;08;27;23;1;0.000155809134;0.000155887523;0.000131313650;0.000183675144;
2020;08;27;24;1;0.000135544635;0.000148546461;0.000118084509;0.000169886665;
2020;08;28;1;1;0.000111806723;0.000128470321;0.000105150104;0.000161862426;
2020;08;28;2;1;0.000094674833;0.000115876168;0.000096352632;0.000169381216;
2020;08;28;3;1;0.000083792614;0.000107107559;0.000092038697;0.000164766074;
2020;08;28;4;1;0.000077648681;0.000102282314;0.000089533471;0.000158523352;
2020;08;28;5;1;0.000074000651;0.000099347143;0.000088634425;0.000153162126;
2020;08;28;6;1;0.000072487746;0.000098045527;0.000090416290;0.000147965127;
2020;08;28;7;1;0.000075212604;0.000098782915;0.000097330249;0.000146350922;
2020;08;28;8;1;0.000082549103;0.000078987550;0.000104832285;0.000103273473;
2020;08;28;9;1;0.000095513579;0.000076727554;0.000129454293;0.000071711769;
2020;08;28;10;1;0.000112728752;0.000087271577;0.000149283926;0.000078684728;
2020;08;28;11;1;0.000126695035;0.000094959665;0.000163751954;0.000082642265;
2020;08;28;12;1;0.000133620607;0.000098148246;0.000169807417;0.000084918018;
2020;08;28;13;1;0.000141121383;0.000100808111;0.000174003687;0.000085944491;
2020;08;28;14;1;0.000152325377;0.000105188852;0.000172254253;0.000084907858;
2020;08;28;15;1;0.000155364722;0.000105606548;0.000158361998;0.000083727119;
2020;08;28;16;1;0.000149600912;0.000100247606;0.000146720702;0.000080644602;
2020;08;28;17;1;0.000145823884;0.000097048371;0.000143262932;0.000078239250;
2020;08;28;18;1;0.000145600411;0.000096666025;0.000143913818;0.000078361437;
2020;08;28;19;1;0.000144428810;0.000096376040;0.000143046558;0.000078948744;
2020;08;28;20;1;0.000141109906;0.000095392076;0.000140835144;0.000080391256;
2020;08;28;21;1;0.000139679259;0.000097266511;0.000137554862;0.000082307399;
2020;08;28;22;1;0.000149466693;0.000132010013;0.000140288470;0.000144530635;
2020;08;28;23;1;0.000144827407;0.000144549727;0.000130210426;0.000183472022;
2020;08;28;24;1;0.000128463651;0.000138830873;0.000118595321;0.000170756007;
2020;08;29;1;1;0.000103441467;0.000123486373;0.000098013512;0.000153333205;
2020;08;29;2;1;0.000089635881;0.000113049174;0.000088815206;0.000159459076;
2020;08;29;3;1;0.000079555326;0.000104788069;0.000083820541;0.000154972546;
2020;08;29;4;1;0.000073089989;0.000099586485;0.000081109567;0.000148999051;
2020;08;29;5;1;0.000069247922;0.000096405336;0.000079997510;0.000144171099;
2020;08;29;6;1;0.000067293558;0.000094961176;0.000080620729;0.000139977940;
2020;08;29;7;1;0.000067460328;0.000094057519;0.000082645340;0.000136919688;
2020;08;29;8;1;0.000069971575;0.000070942126;0.000078870948;0.000091836353;
2020;08;29;9;1;0.000079527092;0.000065581642;0.000085321512;0.000062538380;
2020;08;29;10;1;0.000095254626;0.000076051691;0.000098858494;0.000069500583;
2020;08;29;11;1;0.000109662665;0.000084940504;0.000111681098;0.000075351444;
2020;08;29;12;1;0.000116907650;0.000088805835;0.000116650842;0.000077656557;
2020;08;29;13;1;0.000122732929;0.000090553296;0.000120245325;0.000078089976;
2020;08;29;14;1;0.000131763901;0.000093252799;0.000120063985;0.000076739370;
2020;08;29;15;1;0.000135467785;0.000093981072;0.000113895101;0.000075443410;
2020;08;29;16;1;0.000129343528;0.000089159316;0.000110234084;0.000071362960;
2020;08;29;17;1;0.000123792407;0.000085386169;0.000107582247;0.000068304607;
2020;08;29;18;1;0.000121522407;0.000083808226;0.000107060328;0.000068490808;
2020;08;29;19;1;0.000120506581;0.000083401652;0.000108050232;0.000068583311;
2020;08;29;20;1;0.000118710292;0.000083079613;0.000110013390;0.000070217410;
2020;08;29;21;1;0.000119669159;0.000086149465;0.000112958378;0.000073102575;
2020;08;29;22;1;0.000130691643;0.000121019750;0.000119445169;0.000130135964;
2020;08;29;23;1;0.000127693106;0.000133899320;0.000113913465;0.000169343488;
2020;08;29;24;1;0.000114257775;0.000129272210;0.000104738765;0.000156914836;
2020;08;30;1;1;0.000096973952;0.000117175519;0.000092129721;0.000146673883;
2020;08;30;2;1;0.000084757032;0.000107770151;0.000083766290;0.000151065761;
2020;08;30;3;1;0.000075573303;0.000100345508;0.000079270839;0.000147171126;
2020;08;30;4;1;0.000069744795;0.000095718523;0.000077003620;0.000142550226;
2020;08;30;5;1;0.000066102908;0.000092731239;0.000075853873;0.000138086303;
2020;08;30;6;1;0.000064198476;0.000091304103;0.000076082328;0.000134881015;
2020;08;30;7;1;0.000063994530;0.000090363490;0.000077177279;0.000132649839;
2020;08;30;8;1;0.000065309556;0.000066972665;0.000070959241;0.000089165533;
2020;08;30;9;1;0.000072364918;0.000059551582;0.000072328408;0.000057389767;
2020;08;30;10;1;0.000085817665;0.000068472088;0.000079501311;0.000063700338;
2020;08;30;11;1;0.000098412762;0.000076757874;0.000086406765;0.000069100597;
2020;08;30;12;1;0.000106334272;0.000081525411;0.000090977828;0.000072253133;
2020;08;30;13;1;0.000112004312;0.000083652576;0.000094588906;0.000073262206;
2020;08;30;14;1;0.000120196066;0.000085817821;0.000096995654;0.000071200973;
2020;08;30;15;1;0.000124761560;0.000087093986;0.000096112157;0.000071267364;
2020;08;30;16;1;0.000118781667;0.000082567453;0.000093923615;0.000067329412;
2020;08;30;17;1;0.000114185538;0.000079468843;0.000090849035;0.000065234024;
2020;08;30;18;1;0.000112492842;0.000078227926;0.000088304322;0.000064270737;
2020;08;30;19;1;0.000112579322;0.000078319374;0.000088305979;0.000065153179;
2020;08;30;20;1;0.000112525014;0.000078818933;0.000090262312;0.000066806770;
2020;08;30;21;1;0.000115650314;0.000083040974;0.000093638310;0.000071155856;
2020;08;30;22;1;0.000129285667;0.000119429838;0.000104679284;0.000130219005;
2020;08;30;23;1;0.000127496549;0.000132242169;0.000102190919;0.000168169519;
2020;08;30;24;1;0.000113236321;0.000127549199;0.000093819002;0.000156858499;
2020;08;31;1;1;0.000099561164;0.000118463447;0.000087373436;0.000147846289;
2020;08;31;2;1;0.000084351613;0.000107016372;0.000080631398;0.000150899803;
2020;08;31;3;1;0.000074903042;0.000099359475;0.000077094780;0.000146194641;
2020;08;31;4;1;0.000069435095;0.000094976247;0.000075629156;0.000141551072;
2020;08;31;5;1;0.000066268585;0.000092509780;0.000074920199;0.000138075318;
2020;08;31;6;1;0.000064813048;0.000091241510;0.000076567921;0.000134211102;
2020;08;31;7;1;0.000067328743;0.000092013852;0.000083078005;0.000133605117;
2020;08;31;8;1;0.000073817125;0.000073413400;0.000091081716;0.000094630142;
2020;08;31;9;1;0.000085324428;0.000070756906;0.000115069286;0.000066416472;
2020;08;31;10;1;0.000100905976;0.000080466711;0.000132932198;0.000073302816;
2020;08;31;11;1;0.000113428614;0.000087376995;0.000145350895;0.000077765777;
2020;08;31;12;1;0.000119625940;0.000090166874;0.000150689271;0.000079349753;
2020;08;31;13;1;0.000126324264;0.000092495263;0.000154159065;0.000079731055;
2020;08;31;14;1;0.000136799536;0.000096611855;0.000152323687;0.000079022051;
2020;08;31;15;1;0.000140149041;0.000097260138;0.000140287404;0.000078185353;
2020;08;31;16;1;0.000134753637;0.000092225307;0.000130693891;0.000074700922;
2020;08;31;17;1;0.000131613331;0.000089403048;0.000128693759;0.000072882906;
2020;08;31;18;1;0.000131815174;0.000089214466;0.000129746920;0.000074127100;
2020;08;31;19;1;0.000131016484;0.000089044786;0.000128161711;0.000074292233;
2020;08;31;20;1;0.000128249273;0.000088138578;0.000123837670;0.000075376731;
2020;08;31;21;1;0.000128768264;0.000091324812;0.000119511094;0.000078453835;
2020;08;31;22;1;0.000141589361;0.000126843724;0.000120557115;0.000137307257;
2020;08;31;23;1;0.000137533186;0.000138639283;0.000110331616;0.000173632372;
2020;08;31;24;1;0.000119426882;0.000131787952;0.000099234783;0.000160164064;
