AŃO;MES;DIA;HORA;VERANO(1)/INVIERNO(0);COEF. PERFIL A;COEF. PERFIL B;COEF. PERFIL C;COEF. PERFIL D;
2015;08;01;1;1;0.000099709367;0.000107057298;0.000054372862;0.000207779302;
2015;08;01;2;1;0.000085629016;0.000101173701;0.000052186267;0.000174166055;
2015;08;01;3;1;0.000075693202;0.000096226437;0.000051011194;0.000168296854;
2015;08;01;4;1;0.000070049466;0.000094601109;0.000050744714;0.000164725739;
2015;08;01;5;1;0.000067476638;0.000092928554;0.000050921628;0.000162737338;
2015;08;01;6;1;0.000066325350;0.000091692953;0.000052468289;0.000162003310;
2015;08;01;7;1;0.000067482135;0.000089796993;0.000056494535;0.000163072812;
2015;08;01;8;1;0.000071085806;0.000055060908;0.000060870465;0.000085706833;
2015;08;01;9;1;0.000082855221;0.000039032264;0.000071382996;0.000045013177;
2015;08;01;10;1;0.000100120066;0.000044847673;0.000102838686;0.000042723677;
2015;08;01;11;1;0.000114937158;0.000049381788;0.000129338942;0.000047912647;
2015;08;01;12;1;0.000121390490;0.000049825582;0.000135136552;0.000050126831;
2015;08;01;13;1;0.000126651621;0.000049688295;0.000134991572;0.000052463458;
2015;08;01;14;1;0.000132618391;0.000050375325;0.000129780155;0.000052105533;
2015;08;01;15;1;0.000131626623;0.000049594928;0.000083329183;0.000052815794;
2015;08;01;16;1;0.000122468469;0.000046260214;0.000080881178;0.000050399897;
2015;08;01;17;1;0.000116771173;0.000044003908;0.000083271066;0.000047260624;
2015;08;01;18;1;0.000115116327;0.000044207370;0.000089076586;0.000045408123;
2015;08;01;19;1;0.000115213583;0.000044564408;0.000093765586;0.000043949663;
2015;08;01;20;1;0.000114698052;0.000044823528;0.000097743090;0.000052756971;
2015;08;01;21;1;0.000118663766;0.000050807868;0.000092693731;0.000055082391;
2015;08;01;22;1;0.000130661469;0.000095167618;0.000081388670;0.000172831121;
2015;08;01;23;1;0.000127179542;0.000112366443;0.000072812829;0.000238183311;
2015;08;01;24;1;0.000111508809;0.000110445424;0.000064628252;0.000218248412;
2015;08;02;1;1;0.000097746551;0.000107000148;0.000053776264;0.000209547146;
2015;08;02;2;1;0.000084622825;0.000101097397;0.000053367287;0.000173589050;
2015;08;02;3;1;0.000075464883;0.000096966268;0.000052939969;0.000166942135;
2015;08;02;4;1;0.000070348244;0.000095584304;0.000052486306;0.000162805471;
2015;08;02;5;1;0.000067350004;0.000094160974;0.000052489018;0.000160359286;
2015;08;02;6;1;0.000066169217;0.000092736898;0.000053771395;0.000159900597;
2015;08;02;7;1;0.000067133848;0.000090538310;0.000055767242;0.000162877128;
2015;08;02;8;1;0.000068638724;0.000054185381;0.000057429712;0.000087250760;
2015;08;02;9;1;0.000077053746;0.000036951335;0.000062133659;0.000045141618;
2015;08;02;10;1;0.000091176778;0.000041960741;0.000082213730;0.000043714276;
2015;08;02;11;1;0.000105224293;0.000046652701;0.000104525880;0.000045255284;
2015;08;02;12;1;0.000112616709;0.000049068745;0.000108996456;0.000048711143;
2015;08;02;13;1;0.000117919335;0.000049228959;0.000109659299;0.000049364273;
2015;08;02;14;1;0.000124159086;0.000049476203;0.000103676350;0.000048224325;
2015;08;02;15;1;0.000127083268;0.000049455566;0.000066235793;0.000051252689;
2015;08;02;16;1;0.000119731782;0.000046507676;0.000068109780;0.000051809606;
2015;08;02;17;1;0.000115304791;0.000044582868;0.000073521370;0.000049196194;
2015;08;02;18;1;0.000114225155;0.000043899774;0.000082658708;0.000045639144;
2015;08;02;19;1;0.000116088400;0.000044514033;0.000084481946;0.000044180596;
2015;08;02;20;1;0.000117932351;0.000045086618;0.000083384211;0.000052164935;
2015;08;02;21;1;0.000123741320;0.000051437952;0.000079877303;0.000058861868;
2015;08;02;22;1;0.000138591240;0.000098822580;0.000072590043;0.000180151427;
2015;08;02;23;1;0.000136080921;0.000116415206;0.000066227882;0.000244656579;
2015;08;02;24;1;0.000117725463;0.000115302498;0.000058347170;0.000224754357;
2015;08;03;1;1;0.000098705217;0.000108324591;0.000060651665;0.000207447940;
2015;08;03;2;1;0.000083271415;0.000101544590;0.000062017294;0.000176532330;
2015;08;03;3;1;0.000073580245;0.000096648125;0.000063733802;0.000171674042;
2015;08;03;4;1;0.000068866172;0.000095020977;0.000065518606;0.000167054817;
2015;08;03;5;1;0.000067224092;0.000094141312;0.000073283687;0.000166249840;
2015;08;03;6;1;0.000066703208;0.000092727539;0.000077905802;0.000164558764;
2015;08;03;7;1;0.000071586811;0.000091860112;0.000089469307;0.000164943524;
2015;08;03;8;1;0.000081528378;0.000056936577;0.000102161829;0.000083898455;
2015;08;03;9;1;0.000095441067;0.000044451910;0.000124446659;0.000044287847;
2015;08;03;10;1;0.000115640198;0.000049873664;0.000155398715;0.000050416002;
2015;08;03;11;1;0.000129601425;0.000052888840;0.000206707412;0.000056454939;
2015;08;03;12;1;0.000137140079;0.000053730326;0.000216363004;0.000061424021;
2015;08;03;13;1;0.000142481388;0.000054007696;0.000219851228;0.000062253962;
2015;08;03;14;1;0.000148728560;0.000054825966;0.000213499639;0.000057371242;
2015;08;03;15;1;0.000145078322;0.000054179844;0.000153472190;0.000063523200;
2015;08;03;16;1;0.000135315414;0.000050025525;0.000147411693;0.000064638325;
2015;08;03;17;1;0.000133482815;0.000047800369;0.000149603608;0.000060907952;
2015;08;03;18;1;0.000137975540;0.000048327297;0.000159506462;0.000056920221;
2015;08;03;19;1;0.000140584516;0.000048551443;0.000163920166;0.000054846871;
2015;08;03;20;1;0.000138851417;0.000048103924;0.000159890876;0.000056186861;
2015;08;03;21;1;0.000136589087;0.000053063404;0.000141243399;0.000059028053;
2015;08;03;22;1;0.000145021166;0.000099144354;0.000110242766;0.000166370712;
2015;08;03;23;1;0.000141425937;0.000118002108;0.000094561170;0.000240875343;
2015;08;03;24;1;0.000120614961;0.000115432317;0.000087172139;0.000221896893;
2015;08;04;1;1;0.000100824206;0.000108653150;0.000080655994;0.000207147397;
2015;08;04;2;1;0.000084345938;0.000101760936;0.000078557271;0.000175413678;
2015;08;04;3;1;0.000074949969;0.000096813602;0.000076331183;0.000169477004;
2015;08;04;4;1;0.000070026860;0.000095560458;0.000074364065;0.000164534653;
2015;08;04;5;1;0.000067745080;0.000094267473;0.000073941375;0.000164116461;
2015;08;04;6;1;0.000067647350;0.000093096893;0.000079213013;0.000161740527;
2015;08;04;7;1;0.000071825747;0.000092611260;0.000089657762;0.000162458975;
2015;08;04;8;1;0.000082029155;0.000059313196;0.000102280696;0.000085654033;
2015;08;04;9;1;0.000096454393;0.000045464989;0.000121481909;0.000046719917;
2015;08;04;10;1;0.000116976435;0.000051102488;0.000153386584;0.000048628570;
2015;08;04;11;1;0.000132035975;0.000053955532;0.000203069420;0.000053595654;
2015;08;04;12;1;0.000138419024;0.000054259919;0.000211955511;0.000057965849;
2015;08;04;13;1;0.000143873709;0.000053794237;0.000215214816;0.000057628049;
2015;08;04;14;1;0.000149957029;0.000054574190;0.000208541368;0.000060817617;
2015;08;04;15;1;0.000145573518;0.000054089395;0.000151075708;0.000062397898;
2015;08;04;16;1;0.000136719170;0.000050462884;0.000146274480;0.000058917923;
2015;08;04;17;1;0.000134673487;0.000048169879;0.000149462337;0.000057481409;
2015;08;04;18;1;0.000138972257;0.000048302053;0.000157666286;0.000055557461;
2015;08;04;19;1;0.000140878407;0.000048699002;0.000161532792;0.000051983381;
2015;08;04;20;1;0.000138510232;0.000048680948;0.000158896419;0.000055441684;
2015;08;04;21;1;0.000137538266;0.000053891389;0.000142138314;0.000059228344;
2015;08;04;22;1;0.000145365234;0.000101568359;0.000110914281;0.000174180245;
2015;08;04;23;1;0.000139926465;0.000118036023;0.000095076254;0.000241476149;
2015;08;04;24;1;0.000120106586;0.000115645523;0.000087509505;0.000220548730;
2015;08;05;1;1;0.000101423682;0.000109209650;0.000081445394;0.000207340420;
2015;08;05;2;1;0.000084879744;0.000102295530;0.000079441943;0.000175623180;
2015;08;05;3;1;0.000075379319;0.000097302217;0.000077015056;0.000169609659;
2015;08;05;4;1;0.000070401245;0.000096030170;0.000074921872;0.000164620298;
2015;08;05;5;1;0.000068069032;0.000094712509;0.000074336769;0.000164138345;
2015;08;05;6;1;0.000068012005;0.000093555896;0.000079821326;0.000161829595;
2015;08;05;7;1;0.000072191390;0.000093058294;0.000090244227;0.000162515002;
2015;08;05;8;1;0.000082276135;0.000059556947;0.000102143800;0.000085561257;
2015;08;05;9;1;0.000096719248;0.000045647725;0.000121191118;0.000046660862;
2015;08;05;10;1;0.000117355811;0.000051316659;0.000153306657;0.000048583716;
2015;08;05;11;1;0.000132663775;0.000054209793;0.000204126641;0.000053601841;
2015;08;05;12;1;0.000139138307;0.000054523849;0.000213419603;0.000057990086;
2015;08;05;13;1;0.000144732805;0.000054070228;0.000217342774;0.000057682749;
2015;08;05;14;1;0.000151100428;0.000054885351;0.000211903144;0.000060944437;
2015;08;05;15;1;0.000146646916;0.000054393174;0.000153358531;0.000062517324;
2015;08;05;16;1;0.000137647957;0.000050736156;0.000148168444;0.000059007175;
2015;08;05;17;1;0.000135451800;0.000048413808;0.000150833987;0.000057528376;
2015;08;05;18;1;0.000139888967;0.000048560305;0.000159595376;0.000055634067;
2015;08;05;19;1;0.000141930873;0.000048974048;0.000164046909;0.000052086249;
2015;08;05;20;1;0.000139437075;0.000048942804;0.000160900768;0.000055521732;
2015;08;05;21;1;0.000138595599;0.000054199752;0.000144472049;0.000059354327;
2015;08;05;22;1;0.000146511732;0.000102156109;0.000112840785;0.000174573933;
2015;08;05;23;1;0.000140947649;0.000118695309;0.000096506650;0.000241924720;
2015;08;05;24;1;0.000120998437;0.000116296555;0.000088867828;0.000220977754;
2015;08;06;1;1;0.000101636029;0.000109217096;0.000082375136;0.000207702904;
2015;08;06;2;1;0.000084985891;0.000102273078;0.000080082887;0.000175828546;
2015;08;06;3;1;0.000075452109;0.000097271371;0.000077550505;0.000169774764;
2015;08;06;4;1;0.000070418097;0.000095975709;0.000075235136;0.000164698091;
2015;08;06;5;1;0.000068081210;0.000094656810;0.000074630878;0.000164209044;
2015;08;06;6;1;0.000067881177;0.000093433106;0.000079497984;0.000161664594;
2015;08;06;7;1;0.000071992431;0.000092909450;0.000089593443;0.000162255956;
2015;08;06;8;1;0.000081917738;0.000059428883;0.000100782514;0.000085330477;
2015;08;06;9;1;0.000096382673;0.000045563389;0.000119975186;0.000046563245;
2015;08;06;10;1;0.000116990493;0.000051228337;0.000151983168;0.000048494373;
2015;08;06;11;1;0.000132288284;0.000054121791;0.000202579758;0.000053513739;
2015;08;06;12;1;0.000138757577;0.000054437087;0.000211881924;0.000057898517;
2015;08;06;13;1;0.000144370328;0.000053988456;0.000215978554;0.000057600840;
2015;08;06;14;1;0.000150856663;0.000054819156;0.000211300233;0.000060895315;
2015;08;06;15;1;0.000146589061;0.000054350555;0.000153615613;0.000062519647;
2015;08;06;16;1;0.000137643257;0.000050702745;0.000148614344;0.000059024085;
2015;08;06;17;1;0.000135409053;0.000048377186;0.000151132617;0.000057533642;
2015;08;06;18;1;0.000139878507;0.000048527601;0.000160057707;0.000055648401;
2015;08;06;19;1;0.000141839384;0.000048931391;0.000164175403;0.000052079135;
2015;08;06;20;1;0.000139256033;0.000048889113;0.000160631677;0.000055489071;
2015;08;06;21;1;0.000138491026;0.000054150475;0.000144526586;0.000059341704;
2015;08;06;22;1;0.000146514182;0.000102090194;0.000113224541;0.000174629384;
2015;08;06;23;1;0.000140782714;0.000118570364;0.000096391550;0.000241803840;
2015;08;06;24;1;0.000120821686;0.000116162516;0.000088662586;0.000220823091;
2015;08;07;1;1;0.000102449222;0.000110831124;0.000082352983;0.000206660706;
2015;08;07;2;1;0.000086735952;0.000103591679;0.000080264427;0.000177875899;
2015;08;07;3;1;0.000076746301;0.000098770302;0.000078017541;0.000171475048;
2015;08;07;4;1;0.000071625978;0.000097268369;0.000075580482;0.000167689155;
2015;08;07;5;1;0.000069252803;0.000095698331;0.000074869650;0.000164030892;
2015;08;07;6;1;0.000068947225;0.000094489563;0.000079763465;0.000160359749;
2015;08;07;7;1;0.000073027534;0.000093249000;0.000090217966;0.000160952893;
2015;08;07;8;1;0.000081803700;0.000058662061;0.000101888956;0.000086043089;
2015;08;07;9;1;0.000096201567;0.000045411926;0.000121399273;0.000047303117;
2015;08;07;10;1;0.000115031013;0.000050752449;0.000153227592;0.000048854667;
2015;08;07;11;1;0.000129930588;0.000053627362;0.000206611259;0.000051729677;
2015;08;07;12;1;0.000137322851;0.000053874538;0.000216269416;0.000055994320;
2015;08;07;13;1;0.000143574453;0.000054309341;0.000220667043;0.000057545136;
2015;08;07;14;1;0.000149118383;0.000054725541;0.000215219468;0.000056507319;
2015;08;07;15;1;0.000146337827;0.000054114630;0.000156144181;0.000059044745;
2015;08;07;16;1;0.000136594952;0.000050774558;0.000150711855;0.000057645821;
2015;08;07;17;1;0.000133434863;0.000048497539;0.000152858409;0.000055597696;
2015;08;07;18;1;0.000135910812;0.000048281196;0.000161567804;0.000052073486;
2015;08;07;19;1;0.000137549958;0.000048906851;0.000165384625;0.000050845561;
2015;08;07;20;1;0.000134664292;0.000049047713;0.000162084214;0.000055791101;
2015;08;07;21;1;0.000134462652;0.000054146514;0.000144634888;0.000055509427;
2015;08;07;22;1;0.000141919828;0.000100394391;0.000111938184;0.000171356154;
2015;08;07;23;1;0.000136240193;0.000118407430;0.000093896480;0.000243043767;
2015;08;07;24;1;0.000119198987;0.000116524299;0.000086720101;0.000221855472;
2015;08;08;1;1;0.000103193271;0.000109712735;0.000058530797;0.000209658907;
2015;08;08;2;1;0.000088492743;0.000103632059;0.000055853691;0.000175567186;
2015;08;08;3;1;0.000078142200;0.000098529084;0.000054369376;0.000169527984;
2015;08;08;4;1;0.000072265631;0.000096841718;0.000053941309;0.000165851348;
2015;08;08;5;1;0.000069547125;0.000095099341;0.000053937566;0.000163745148;
2015;08;08;6;1;0.000068399474;0.000093853525;0.000055690318;0.000163070988;
2015;08;08;7;1;0.000069590236;0.000091911968;0.000059954315;0.000164144097;
2015;08;08;8;1;0.000073270447;0.000056348120;0.000064481767;0.000086240513;
2015;08;08;9;1;0.000084997725;0.000039879362;0.000074284510;0.000045145474;
2015;08;08;10;1;0.000102750251;0.000045827370;0.000107176897;0.000042861151;
2015;08;08;11;1;0.000118023468;0.000050470426;0.000135081475;0.000048085636;
2015;08;08;12;1;0.000124637957;0.000050922302;0.000141083292;0.000050304447;
2015;08;08;13;1;0.000130151649;0.000050797033;0.000141393961;0.000052680556;
2015;08;08;14;1;0.000136209074;0.000051489720;0.000135654418;0.000052301495;
2015;08;08;15;1;0.000135262113;0.000050701367;0.000087272707;0.000053033850;
2015;08;08;16;1;0.000126113125;0.000047326403;0.000085363228;0.000050680852;
2015;08;08;17;1;0.000119870373;0.000044969227;0.000086873413;0.000047421282;
2015;08;08;18;1;0.000117887538;0.000045139488;0.000092102922;0.000045486743;
2015;08;08;19;1;0.000117952568;0.000045499506;0.000096838936;0.000044016907;
2015;08;08;20;1;0.000117084964;0.000045718335;0.000099844959;0.000052732170;
2015;08;08;21;1;0.000121189405;0.000051830772;0.000094824604;0.000055074456;
2015;08;08;22;1;0.000133944876;0.000097209924;0.000084436131;0.000173255396;
2015;08;08;23;1;0.000129645335;0.000114558310;0.000073865791;0.000237850054;
2015;08;08;24;1;0.000113881215;0.000112670886;0.000066046970;0.000218219807;
2015;08;09;1;1;0.000097794739;0.000106510678;0.000054895921;0.000210165019;
2015;08;09;2;1;0.000084558122;0.000100592468;0.000054186587;0.000173951886;
2015;08;09;3;1;0.000075378568;0.000096469904;0.000053659679;0.000167248219;
2015;08;09;4;1;0.000070368585;0.000095141914;0.000053493062;0.000163265110;
2015;08;09;5;1;0.000067311037;0.000093697650;0.000053305379;0.000160716651;
2015;08;09;6;1;0.000066054110;0.000092243995;0.000054356211;0.000160129174;
2015;08;09;7;1;0.000066944474;0.000090023677;0.000056135527;0.000162988497;
2015;08;09;8;1;0.000068347261;0.000053850851;0.000057494224;0.000087224381;
2015;08;09;9;1;0.000076519887;0.000036689175;0.000061561696;0.000045044232;
2015;08;09;10;1;0.000090437951;0.000041646018;0.000081093711;0.000043584354;
2015;08;09;11;1;0.000104289709;0.000046290241;0.000102796302;0.000045096345;
2015;08;09;12;1;0.000111385450;0.000048652749;0.000106353044;0.000048470765;
2015;08;09;13;1;0.000116766589;0.000048831270;0.000107478017;0.000049160285;
2015;08;09;14;1;0.000123048792;0.000049090713;0.000101942466;0.000048052878;
2015;08;09;15;1;0.000125681318;0.000049034264;0.000064625418;0.000050995928;
2015;08;09;16;1;0.000118400165;0.000046109968;0.000066435499;0.000051546746;
2015;08;09;17;1;0.000113948633;0.000044191599;0.000071549359;0.000048924587;
2015;08;09;18;1;0.000112783312;0.000043501329;0.000080183539;0.000045359802;
2015;08;09;19;1;0.000114611448;0.000044108499;0.000081918882;0.000043907141;
2015;08;09;20;1;0.000116529063;0.000044688881;0.000081097147;0.000051872064;
2015;08;09;21;1;0.000122370626;0.000050999084;0.000077912995;0.000058565274;
2015;08;09;22;1;0.000137621062;0.000098118877;0.000071906722;0.000179753574;
2015;08;09;23;1;0.000134388355;0.000115368655;0.000064223269;0.000243195728;
2015;08;09;24;1;0.000116416695;0.000114318196;0.000056879033;0.000223617572;
2015;08;10;1;1;0.000096376974;0.000105779312;0.000059401591;0.000206851072;
2015;08;10;2;1;0.000081290888;0.000099152446;0.000060672904;0.000176001194;
2015;08;10;3;1;0.000071825657;0.000094369573;0.000062327959;0.000171150563;
2015;08;10;4;1;0.000067273813;0.000092804549;0.000064251797;0.000166630633;
2015;08;10;5;1;0.000065624769;0.000091923725;0.000071679749;0.000165749474;
2015;08;10;6;1;0.000065064990;0.000090518569;0.000075976693;0.000163974208;
2015;08;10;7;1;0.000069681764;0.000089606233;0.000086580964;0.000164118249;
2015;08;10;8;1;0.000079124169;0.000055482806;0.000097768325;0.000083308259;
2015;08;10;9;1;0.000092176479;0.000043244382;0.000116892668;0.000043828973;
2015;08;10;10;1;0.000111481575;0.000048488529;0.000144944407;0.000049831153;
2015;08;10;11;1;0.000124922699;0.000051417594;0.000192661473;0.000055794675;
2015;08;10;12;1;0.000131858677;0.000052190868;0.000199704639;0.000060601219;
2015;08;10;13;1;0.000137132720;0.000052478255;0.000203761874;0.000061462494;
2015;08;10;14;1;0.000143455863;0.000053312510;0.000199625402;0.000056725886;
2015;08;10;15;1;0.000140283160;0.000052729170;0.000144884001;0.000062916122;
2015;08;10;16;1;0.000131075916;0.000048716136;0.000140081711;0.000064099405;
2015;08;10;17;1;0.000129438139;0.000046566373;0.000142724681;0.000060444515;
2015;08;10;18;1;0.000133853716;0.000047086901;0.000152419891;0.000056504353;
2015;08;10;19;1;0.000136476216;0.000047316249;0.000157033540;0.000054471350;
2015;08;10;20;1;0.000134957084;0.000046899697;0.000153878304;0.000055848788;
2015;08;10;21;1;0.000132950400;0.000051760789;0.000136685834;0.000058731401;
2015;08;10;22;1;0.000141782056;0.000096856554;0.000108552953;0.000166037071;
2015;08;10;23;1;0.000138069610;0.000115222816;0.000092589693;0.000240156341;
2015;08;10;24;1;0.000117738731;0.000112709219;0.000085308633;0.000221217084;
2015;08;11;1;1;0.000098982069;0.000106739698;0.000079056394;0.000206642089;
2015;08;11;2;1;0.000082818051;0.000099974595;0.000077036580;0.000175005401;
2015;08;11;3;1;0.000073663054;0.000095145832;0.000075119822;0.000169194989;
2015;08;11;4;1;0.000068812617;0.000093908732;0.000073134703;0.000164241403;
2015;08;11;5;1;0.000066546597;0.000092626660;0.000072620809;0.000163783534;
2015;08;11;6;1;0.000066481827;0.000091491437;0.000077930857;0.000161464999;
2015;08;11;7;1;0.000070393062;0.000090927127;0.000087293834;0.000161872502;
2015;08;11;8;1;0.000080003003;0.000058136993;0.000097767086;0.000085059065;
2015;08;11;9;1;0.000094142633;0.000044574972;0.000116449347;0.000046419462;
2015;08;11;10;1;0.000114109280;0.000050092534;0.000146716887;0.000048297330;
2015;08;11;11;1;0.000128847912;0.000052896089;0.000194502593;0.000053244389;
2015;08;11;12;1;0.000134926929;0.000053174215;0.000202146003;0.000057541941;
2015;08;11;13;1;0.000140201862;0.000052712331;0.000205031375;0.000057194697;
2015;08;11;14;1;0.000146452763;0.000053517082;0.000200383546;0.000060451973;
2015;08;11;15;1;0.000142443121;0.000053076663;0.000146208793;0.000062104490;
2015;08;11;16;1;0.000133641029;0.000049500316;0.000141021177;0.000058599001;
2015;08;11;17;1;0.000131351960;0.000047215045;0.000142917876;0.000057083366;
2015;08;11;18;1;0.000135469035;0.000047335566;0.000150431751;0.000055151588;
2015;08;11;19;1;0.000137474088;0.000047742290;0.000154730358;0.000051641810;
2015;08;11;20;1;0.000135169496;0.000047725361;0.000152232688;0.000055079173;
2015;08;11;21;1;0.000134685782;0.000052896587;0.000137969385;0.000058981574;
2015;08;11;22;1;0.000143047985;0.000099860833;0.000109719490;0.000174038923;
2015;08;11;23;1;0.000137131181;0.000115887927;0.000092573365;0.000240598563;
2015;08;11;24;1;0.000117674561;0.000113530147;0.000085112965;0.000219705284;
2015;08;12;1;1;0.000099399966;0.000107128726;0.000079569101;0.000206683451;
2015;08;12;2;1;0.000083216940;0.000100359420;0.000077711413;0.000175111846;
2015;08;12;3;1;0.000074012332;0.000095509620;0.000075756263;0.000169289206;
2015;08;12;4;1;0.000069215736;0.000094304002;0.000074062163;0.000164458960;
2015;08;12;5;1;0.000066972321;0.000093033772;0.000073689622;0.000164061186;
2015;08;12;6;1;0.000066822096;0.000091853169;0.000078701143;0.000161596754;
2015;08;12;7;1;0.000070755650;0.000091287629;0.000088168547;0.000162008184;
2015;08;12;8;1;0.000080393785;0.000058362134;0.000098649340;0.000085114774;
2015;08;12;9;1;0.000094324698;0.000044702342;0.000116184429;0.000046355857;
2015;08;12;10;1;0.000114438553;0.000050252095;0.000146914328;0.000048262721;
2015;08;12;11;1;0.000129106978;0.000053048754;0.000194095537;0.000053174352;
2015;08;12;12;1;0.000135505184;0.000053369200;0.000203503114;0.000057555994;
2015;08;12;13;1;0.000140955716;0.000052925362;0.000207273951;0.000057251451;
2015;08;12;14;1;0.000147123081;0.000053718664;0.000201956745;0.000060478799;
2015;08;12;15;1;0.000143146323;0.000053283196;0.000147552750;0.000062147427;
2015;08;12;16;1;0.000134252215;0.000049686700;0.000142126927;0.000058624851;
2015;08;12;17;1;0.000131960939;0.000047393854;0.000144071948;0.000057111020;
2015;08;12;18;1;0.000136135728;0.000047519487;0.000151808846;0.000055189113;
2015;08;12;19;1;0.000138138727;0.000047926359;0.000156096691;0.000051673865;
2015;08;12;20;1;0.000135713737;0.000047896074;0.000153108547;0.000055082786;
2015;08;12;21;1;0.000135304091;0.000053096082;0.000139059674;0.000059008304;
2015;08;12;22;1;0.000143842020;0.000100270423;0.000110990646;0.000174232458;
2015;08;12;23;1;0.000137915905;0.000116370021;0.000093709581;0.000240894303;
2015;08;12;24;1;0.000118395324;0.000114018158;0.000086288856;0.000220036053;
2015;08;13;1;1;0.000099232207;0.000106344785;0.000081048742;0.000207392175;
2015;08;13;2;1;0.000083201743;0.000099677998;0.000079565870;0.000175896993;
2015;08;13;3;1;0.000073911242;0.000094822680;0.000077206398;0.000169909902;
2015;08;13;4;1;0.000069094764;0.000093613577;0.000075363666;0.000165018728;
2015;08;13;5;1;0.000066838867;0.000092344826;0.000074915114;0.000164591732;
2015;08;13;6;1;0.000066628978;0.000091144516;0.000079744276;0.000162018496;
2015;08;13;7;1;0.000070437560;0.000090532225;0.000088827404;0.000162249237;
2015;08;13;8;1;0.000079953826;0.000057859143;0.000099052398;0.000085183088;
2015;08;13;9;1;0.000093707843;0.000044300452;0.000116212338;0.000046358505;
2015;08;13;10;1;0.000113385373;0.000049754269;0.000145456167;0.000048176237;
2015;08;13;11;1;0.000128047179;0.000052541230;0.000192930398;0.000053115642;
2015;08;13;12;1;0.000133943355;0.000052797864;0.000199675178;0.000057360053;
2015;08;13;13;1;0.000139081483;0.000052326536;0.000201974896;0.000056986164;
2015;08;13;14;1;0.000144979486;0.000053087059;0.000195859331;0.000060144797;
2015;08;13;15;1;0.000140806806;0.000052623649;0.000142168725;0.000061727074;
2015;08;13;16;1;0.000131896327;0.000049050965;0.000136302765;0.000058179162;
2015;08;13;17;1;0.000129598133;0.000046781752;0.000137955677;0.000056662817;
2015;08;13;18;1;0.000133899861;0.000046930326;0.000146172346;0.000054813140;
2015;08;13;19;1;0.000135901750;0.000047336082;0.000150417827;0.000051330233;
2015;08;13;20;1;0.000133674386;0.000047325480;0.000148207700;0.000054761199;
2015;08;13;21;1;0.000133185169;0.000052451834;0.000134288380;0.000058637703;
2015;08;13;22;1;0.000141415750;0.000099012405;0.000106657260;0.000172992611;
2015;08;13;23;1;0.000135226521;0.000114804943;0.000089096979;0.000238740433;
2015;08;13;24;1;0.000115945121;0.000112437523;0.000081659436;0.000217885550;
2015;08;14;1;1;0.000096514487;0.000104507834;0.000077191655;0.000205210495;
2015;08;14;2;1;0.000081804867;0.000097721068;0.000075519410;0.000176768875;
2015;08;14;3;1;0.000072448499;0.000093202529;0.000073635294;0.000170515007;
2015;08;14;4;1;0.000067541238;0.000091750321;0.000071056139;0.000166624222;
2015;08;14;5;1;0.000065387771;0.000090309698;0.000070728259;0.000163134639;
2015;08;14;6;1;0.000065138247;0.000089187574;0.000075516484;0.000159549716;
2015;08;14;7;1;0.000068810360;0.000087935735;0.000084576883;0.000159846453;
2015;08;14;8;1;0.000076825086;0.000055256017;0.000094360482;0.000085256186;
2015;08;14;9;1;0.000089845855;0.000042693083;0.000110108872;0.000046690942;
2015;08;14;10;1;0.000107201075;0.000047678550;0.000137854993;0.000048151088;
2015;08;14;11;1;0.000120870679;0.000050348417;0.000184620326;0.000050922067;
2015;08;14;12;1;0.000127181049;0.000050503309;0.000189970156;0.000054951746;
2015;08;14;13;1;0.000132466552;0.000050844372;0.000191033140;0.000056326012;
2015;08;14;14;1;0.000137352764;0.000051204037;0.000185244268;0.000055246133;
2015;08;14;15;1;0.000134444538;0.000050586562;0.000133194266;0.000057623428;
2015;08;14;16;1;0.000124977861;0.000047396846;0.000126575875;0.000056098588;
2015;08;14;17;1;0.000122003520;0.000045260989;0.000128009022;0.000054080403;
2015;08;14;18;1;0.000124432043;0.000045080099;0.000135924398;0.000050699116;
2015;08;14;19;1;0.000126338649;0.000045715233;0.000140807247;0.000049613853;
2015;08;14;20;1;0.000124064219;0.000045894867;0.000139603074;0.000054553621;
2015;08;14;21;1;0.000124492354;0.000050752429;0.000126923043;0.000054463638;
2015;08;14;22;1;0.000132689407;0.000094418838;0.000101985363;0.000169265680;
2015;08;14;23;1;0.000127149274;0.000111290265;0.000084968339;0.000239779581;
2015;08;14;24;1;0.000111085374;0.000109466466;0.000078033001;0.000218659762;
2015;08;15;1;1;0.000097636437;0.000105952944;0.000055191313;0.000210757712;
2015;08;15;2;1;0.000084455031;0.000100079998;0.000054548166;0.000174491374;
2015;08;15;3;1;0.000075332075;0.000095998804;0.000054130158;0.000167837374;
2015;08;15;4;1;0.000070386376;0.000094706017;0.000054131800;0.000163939062;
2015;08;15;5;1;0.000067340788;0.000093274798;0.000053971212;0.000161401697;
2015;08;15;6;1;0.000066108562;0.000091840080;0.000055107325;0.000160854560;
2015;08;15;7;1;0.000067026709;0.000089642162;0.000056992536;0.000163772768;
2015;08;15;8;1;0.000068874951;0.000053742952;0.000059786967;0.000088036676;
2015;08;15;9;1;0.000077133092;0.000036619798;0.000064050882;0.000045473376;
2015;08;15;10;1;0.000091302898;0.000041589706;0.000084829700;0.000044046650;
2015;08;15;11;1;0.000105027406;0.000046187635;0.000106596504;0.000045496502;
2015;08;15;12;1;0.000111999439;0.000048518354;0.000109697063;0.000048848011;
2015;08;15;13;1;0.000116842025;0.000048614650;0.000108870326;0.000049377094;
2015;08;15;14;1;0.000122478316;0.000048783597;0.000101232398;0.000048088734;
2015;08;15;15;1;0.000124339413;0.000048624909;0.000062734873;0.000050819767;
2015;08;15;16;1;0.000116389460;0.000045624075;0.000062962733;0.000051142407;
2015;08;15;17;1;0.000111664331;0.000043678712;0.000067021801;0.000048436242;
2015;08;15;18;1;0.000110621422;0.000043009827;0.000075358056;0.000044934880;
2015;08;15;19;1;0.000112320949;0.000043597729;0.000076737154;0.000043470962;
2015;08;15;20;1;0.000114158687;0.000044166001;0.000075850403;0.000051344041;
2015;08;15;21;1;0.000120000512;0.000050420123;0.000073113848;0.000058009363;
2015;08;15;22;1;0.000135553573;0.000097154514;0.000068566246;0.000178593697;
2015;08;15;23;1;0.000131073984;0.000113854004;0.000058839226;0.000240005248;
2015;08;15;24;1;0.000113054791;0.000112650775;0.000051219436;0.000220029077;
2015;08;16;1;1;0.000093727837;0.000103170726;0.000050251069;0.000207977620;
2015;08;16;2;1;0.000081318694;0.000097551100;0.000050292602;0.000172544079;
2015;08;16;3;1;0.000072627990;0.000093613575;0.000050178195;0.000166110071;
2015;08;16;4;1;0.000067791457;0.000092320458;0.000049997523;0.000162138537;
2015;08;16;5;1;0.000064992937;0.000090989811;0.000050258768;0.000159856763;
2015;08;16;6;1;0.000063767242;0.000089572340;0.000051212451;0.000159251691;
2015;08;16;7;1;0.000064659769;0.000087431711;0.000052991406;0.000162152399;
2015;08;16;8;1;0.000066319925;0.000052383685;0.000055229827;0.000087053533;
2015;08;16;9;1;0.000074298202;0.000035697722;0.000059268811;0.000044976286;
2015;08;16;10;1;0.000087751546;0.000040510967;0.000077869213;0.000043497887;
2015;08;16;11;1;0.000101406737;0.000045061657;0.000099496820;0.000045072860;
2015;08;16;12;1;0.000108047000;0.000047322022;0.000102037974;0.000048365200;
2015;08;16;13;1;0.000113131159;0.000047476064;0.000102646166;0.000049012714;
2015;08;16;14;1;0.000118904855;0.000047685034;0.000096397262;0.000047821837;
2015;08;16;15;1;0.000121253395;0.000047603668;0.000060744221;0.000050694326;
2015;08;16;16;1;0.000113771554;0.000044702538;0.000061520772;0.000051100041;
2015;08;16;17;1;0.000109189000;0.000042801317;0.000065573651;0.000048407153;
2015;08;16;18;1;0.000108304602;0.000042164104;0.000074076194;0.000044946705;
2015;08;16;19;1;0.000110175821;0.000042768186;0.000075974546;0.000043538889;
2015;08;16;20;1;0.000112225864;0.000043358615;0.000075729210;0.000051502582;
2015;08;16;21;1;0.000117968860;0.000049498065;0.000073021819;0.000058188118;
2015;08;16;22;1;0.000133765198;0.000095500620;0.000069545723;0.000179609755;
2015;08;16;23;1;0.000129965947;0.000112095348;0.000060928263;0.000242158166;
2015;08;16;24;1;0.000112218124;0.000110950212;0.000053279415;0.000222163270;
2015;08;17;1;1;0.000093188155;0.000102673185;0.000056364651;0.000205574540;
2015;08;17;2;1;0.000078843365;0.000096343824;0.000058225161;0.000175287828;
2015;08;17;3;1;0.000069737567;0.000091730756;0.000060040532;0.000170583425;
2015;08;17;4;1;0.000065387796;0.000090243040;0.000062134286;0.000166201345;
2015;08;17;5;1;0.000063835403;0.000089411209;0.000069514382;0.000165413134;
2015;08;17;6;1;0.000063399858;0.000088097257;0.000074143219;0.000163836700;
2015;08;17;7;1;0.000067932758;0.000087223808;0.000084682721;0.000164036476;
2015;08;17;8;1;0.000077122814;0.000054003196;0.000095611850;0.000083254245;
2015;08;17;9;1;0.000089684870;0.000042064833;0.000113597864;0.000043746285;
2015;08;17;10;1;0.000108106512;0.000047111581;0.000139096788;0.000049622648;
2015;08;17;11;1;0.000121117825;0.000049954109;0.000184775369;0.000055553867;
2015;08;17;12;1;0.000127873510;0.000050709492;0.000191727984;0.000060349612;
2015;08;17;13;1;0.000132659912;0.000050945599;0.000193740685;0.000061103436;
2015;08;17;14;1;0.000138313854;0.000051696101;0.000187379588;0.000056264906;
2015;08;17;15;1;0.000134746299;0.000051063809;0.000134098538;0.000062242615;
2015;08;17;16;1;0.000125195213;0.000047086012;0.000126906743;0.000063167408;
2015;08;17;17;1;0.000123425847;0.000044982598;0.000128466498;0.000059497717;
2015;08;17;18;1;0.000127749017;0.000045499599;0.000137605689;0.000055653521;
2015;08;17;19;1;0.000130364464;0.000045734908;0.000142225457;0.000053683179;
2015;08;17;20;1;0.000129460059;0.000045398204;0.000141663831;0.000055201244;
2015;08;17;21;1;0.000128167373;0.000050189038;0.000128236291;0.000058248598;
2015;08;17;22;1;0.000137453064;0.000094097728;0.000104053120;0.000165312459;
2015;08;17;23;1;0.000133024542;0.000111701707;0.000086664042;0.000238086527;
2015;08;17;24;1;0.000113375241;0.000109244558;0.000079685316;0.000219228747;
2015;08;18;1;1;0.000094835496;0.000102801585;0.000074040630;0.000205121292;
2015;08;18;2;1;0.000079464072;0.000096334607;0.000072539338;0.000173892127;
2015;08;18;3;1;0.000070680138;0.000091681985;0.000070728716;0.000168119511;
2015;08;18;4;1;0.000066062552;0.000090507246;0.000069000193;0.000163259700;
2015;08;18;5;1;0.000063969141;0.000089311320;0.000068843038;0.000162949064;
2015;08;18;6;1;0.000063937914;0.000088231790;0.000074002076;0.000160696638;
2015;08;18;7;1;0.000067880261;0.000087768473;0.000083726162;0.000161399135;
2015;08;18;8;1;0.000077442574;0.000056191418;0.000095140652;0.000085034164;
2015;08;18;9;1;0.000090497517;0.000042979431;0.000110430504;0.000046183083;
2015;08;18;10;1;0.000109331012;0.000048244683;0.000137420098;0.000047942478;
2015;08;18;11;1;0.000123271808;0.000050919117;0.000181165584;0.000052799853;
2015;08;18;12;1;0.000128960598;0.000051169530;0.000187569675;0.000057022834;
2015;08;18;13;1;0.000133952838;0.000050718624;0.000189977527;0.000056664320;
2015;08;18;14;1;0.000139604087;0.000051452091;0.000184073198;0.000059796506;
2015;08;18;15;1;0.000135412206;0.000050980348;0.000132969014;0.000061315281;
2015;08;18;16;1;0.000126513202;0.000047476618;0.000126224198;0.000057687385;
2015;08;18;17;1;0.000124315405;0.000045281168;0.000127767287;0.000056186032;
2015;08;18;18;1;0.000128415254;0.000045421820;0.000135259637;0.000054344267;
2015;08;18;19;1;0.000130561238;0.000045841861;0.000140115239;0.000050951955;
2015;08;18;20;1;0.000128748714;0.000045871693;0.000139417282;0.000054452979;
2015;08;18;21;1;0.000128682322;0.000050895810;0.000127845453;0.000058434469;
2015;08;18;22;1;0.000137616369;0.000096312158;0.000104358588;0.000173245565;
2015;08;18;23;1;0.000131417089;0.000111621107;0.000086782633;0.000238865935;
2015;08;18;24;1;0.000112558127;0.000109279051;0.000079211526;0.000217839187;
2015;08;19;1;1;0.000094958753;0.000103104161;0.000073778365;0.000204979498;
2015;08;19;2;1;0.000079445141;0.000096566657;0.000071872453;0.000173587305;
2015;08;19;3;1;0.000070707818;0.000091922584;0.000070253280;0.000167897364;
2015;08;19;4;1;0.000066132629;0.000090765678;0.000068710714;0.000163119165;
2015;08;19;5;1;0.000064014493;0.000089555377;0.000068466483;0.000162769155;
2015;08;19;6;1;0.000063930057;0.000088447262;0.000073375526;0.000160426720;
2015;08;19;7;1;0.000067868230;0.000087981146;0.000083000949;0.000161121965;
2015;08;19;8;1;0.000077301749;0.000056295565;0.000093739151;0.000084791854;
2015;08;19;9;1;0.000090423718;0.000043074422;0.000109170933;0.000046083809;
2015;08;19;10;1;0.000109464562;0.000048385403;0.000136889600;0.000047906780;
2015;08;19;11;1;0.000123696357;0.000051106647;0.000181999134;0.000052841229;
2015;08;19;12;1;0.000129418518;0.000051359871;0.000188508153;0.000057071714;
2015;08;19;13;1;0.000134357238;0.000050898018;0.000190538017;0.000056692199;
2015;08;19;14;1;0.000140139046;0.000051648429;0.000185198123;0.000059859278;
2015;08;19;15;1;0.000136013809;0.000051185632;0.000134089291;0.000061405414;
2015;08;19;16;1;0.000127344179;0.000047702521;0.000128316438;0.000057856434;
2015;08;19;17;1;0.000125264121;0.000045513102;0.000130418169;0.000056391621;
2015;08;19;18;1;0.000129469267;0.000045663387;0.000138378911;0.000054564527;
2015;08;19;19;1;0.000131759949;0.000046100964;0.000143877358;0.000051192487;
2015;08;19;20;1;0.000129817914;0.000046117300;0.000142666192;0.000054677435;
2015;08;19;21;1;0.000129758920;0.000051169619;0.000130828597;0.000058678056;
2015;08;19;22;1;0.000138575325;0.000096784016;0.000106231766;0.000173801424;
2015;08;19;23;1;0.000132393555;0.000112185241;0.000088511284;0.000239707203;
2015;08;19;24;1;0.000113404946;0.000109834763;0.000080820673;0.000218620173;
2015;08;20;1;1;0.000096597401;0.000104806807;0.000075313289;0.000205334213;
2015;08;20;2;1;0.000080990900;0.000098234149;0.000073984648;0.000174146412;
2015;08;20;3;1;0.000072029415;0.000093485543;0.000072115874;0.000168350672;
2015;08;20;4;1;0.000067314978;0.000092283471;0.000070322783;0.000163469421;
2015;08;20;5;1;0.000065219259;0.000091081986;0.000070318520;0.000163222752;
2015;08;20;6;1;0.000065033697;0.000089907375;0.000074931327;0.000160703898;
2015;08;20;7;1;0.000069014359;0.000089422145;0.000084643449;0.000161359184;
2015;08;20;8;1;0.000078495434;0.000057189619;0.000095073639;0.000084833528;
2015;08;20;9;1;0.000091961958;0.000043782063;0.000111346196;0.000046155843;
2015;08;20;10;1;0.000111453286;0.000049199578;0.000140218863;0.000048019287;
2015;08;20;11;1;0.000126021919;0.000051977741;0.000186866320;0.000052988020;
2015;08;20;12;1;0.000132154766;0.000052276463;0.000195277425;0.000057320756;
2015;08;20;13;1;0.000137441846;0.000051837992;0.000198736860;0.000057009261;
2015;08;20;14;1;0.000143418652;0.000052610307;0.000193455668;0.000060212264;
2015;08;20;15;1;0.000139238131;0.000052144375;0.000140206294;0.000061780317;
2015;08;20;16;1;0.000130481790;0.000048611242;0.000134640599;0.000058246195;
2015;08;20;17;1;0.000128464095;0.000046394231;0.000137311066;0.000056806125;
2015;08;20;18;1;0.000132598833;0.000046525825;0.000144967287;0.000054914716;
2015;08;20;19;1;0.000134774482;0.000046951218;0.000150004857;0.000051476170;
2015;08;20;20;1;0.000132898271;0.000046981376;0.000149199801;0.000055011994;
2015;08;20;21;1;0.000132647304;0.000052102595;0.000136072663;0.000058978710;
2015;08;20;22;1;0.000141440829;0.000098495890;0.000109853043;0.000174505211;
2015;08;20;23;1;0.000134976505;0.000114124449;0.000091130941;0.000240487815;
2015;08;20;24;1;0.000115696188;0.000111759578;0.000083427953;0.000219435135;
2015;08;21;1;1;0.000098491483;0.000107148594;0.000077368052;0.000205058651;
2015;08;21;2;1;0.000083505036;0.000100199198;0.000075820730;0.000176671684;
2015;08;21;3;1;0.000074037433;0.000095602561;0.000074265530;0.000170552512;
2015;08;21;4;1;0.000069145284;0.000094171054;0.000072134326;0.000166865907;
2015;08;21;5;1;0.000066882355;0.000092664377;0.000071571117;0.000163272775;
2015;08;21;6;1;0.000066680855;0.000091538326;0.000076654483;0.000159773429;
2015;08;21;7;1;0.000070478185;0.000090270803;0.000086010718;0.000160131220;
2015;08;21;8;1;0.000079114879;0.000056829894;0.000097917148;0.000085728629;
2015;08;21;9;1;0.000092637254;0.000043927892;0.000114768037;0.000046989596;
2015;08;21;10;1;0.000110785867;0.000049096434;0.000144944558;0.000048535917;
2015;08;21;11;1;0.000125028392;0.000051862237;0.000194804021;0.000051361827;
2015;08;21;12;1;0.000131993074;0.000052081112;0.000203030964;0.000055553054;
2015;08;21;13;1;0.000137880092;0.000052485449;0.000206463894;0.000057056862;
2015;08;21;14;1;0.000143013459;0.000052863221;0.000200379076;0.000055976234;
2015;08;21;15;1;0.000139927593;0.000052218658;0.000143806003;0.000058368700;
2015;08;21;16;1;0.000130454099;0.000048975108;0.000138186567;0.000056938277;
2015;08;21;17;1;0.000127424417;0.000046777422;0.000140091639;0.000054911947;
2015;08;21;18;1;0.000129646035;0.000046551262;0.000147430677;0.000051392365;
2015;08;21;19;1;0.000131526074;0.000047193942;0.000152260804;0.000050264194;
2015;08;21;20;1;0.000128881491;0.000047344461;0.000149719041;0.000055187128;
2015;08;21;21;1;0.000129294673;0.000052351133;0.000135982991;0.000055086914;
2015;08;21;22;1;0.000137481439;0.000097313275;0.000108293500;0.000170922684;
2015;08;21;23;1;0.000131350642;0.000114584851;0.000089201190;0.000241632230;
2015;08;21;24;1;0.000114626679;0.000112663533;0.000081561538;0.000220178514;
2015;08;22;1;1;0.000099772143;0.000107067927;0.000054453538;0.000207671955;
2015;08;22;2;1;0.000085856172;0.000101254016;0.000052671398;0.000174318359;
2015;08;22;3;1;0.000075854114;0.000096285514;0.000051379117;0.000168383209;
2015;08;22;4;1;0.000070270480;0.000094692723;0.000051309580;0.000164927019;
2015;08;22;5;1;0.000067714847;0.000093030646;0.000051558826;0.000162978378;
2015;08;22;6;1;0.000066562555;0.000091795272;0.000053130611;0.000162248625;
2015;08;22;7;1;0.000067833990;0.000089948015;0.000057554939;0.000163503949;
2015;08;22;8;1;0.000071602858;0.000055192583;0.000062489510;0.000086055008;
2015;08;22;9;1;0.000082758428;0.000039011863;0.000071009391;0.000044934075;
2015;08;22;10;1;0.000100128704;0.000044843716;0.000102780361;0.000042685604;
2015;08;22;11;1;0.000115001660;0.000049385533;0.000129496479;0.000047885642;
2015;08;22;12;1;0.000121610928;0.000049850883;0.000135947891;0.000050141883;
2015;08;22;13;1;0.000126784014;0.000049700348;0.000135404879;0.000052451379;
2015;08;22;14;1;0.000132691601;0.000050378986;0.000129933807;0.000052075835;
2015;08;22;15;1;0.000131706150;0.000049599427;0.000083444062;0.000052787593;
2015;08;22;16;1;0.000122385599;0.000046243885;0.000080607706;0.000050328409;
2015;08;22;17;1;0.000116286560;0.000043935325;0.000081923559;0.000047080128;
2015;08;22;18;1;0.000114668401;0.000044142462;0.000087718511;0.000045242849;
2015;08;22;19;1;0.000114788429;0.000044502168;0.000092397689;0.000043795880;
2015;08;22;20;1;0.000114125836;0.000044740821;0.000095839504;0.000052525123;
2015;08;22;21;1;0.000118506286;0.000050778624;0.000092144871;0.000054979661;
2015;08;22;22;1;0.000131827407;0.000095446742;0.000084170966;0.000173725201;
2015;08;22;23;1;0.000126815577;0.000112243511;0.000071920067;0.000237489661;
2015;08;22;24;1;0.000111255847;0.000110347057;0.000063984727;0.000217701791;
2015;08;23;1;1;0.000096423227;0.000105356896;0.000053353699;0.000209559968;
2015;08;23;2;1;0.000083437215;0.000099529190;0.000052829017;0.000173543738;
2015;08;23;3;1;0.000074247260;0.000095391985;0.000051956810;0.000166651835;
2015;08;23;4;1;0.000069450506;0.000094143014;0.000052198159;0.000162905666;
2015;08;23;5;1;0.000066422899;0.000092709107;0.000051985975;0.000160346223;
2015;08;23;6;1;0.000065231566;0.000091294389;0.000053163710;0.000159842839;
2015;08;23;7;1;0.000066276377;0.000089173808;0.000055426826;0.000162977916;
2015;08;23;8;1;0.000068073230;0.000053453399;0.000058066987;0.000087581466;
2015;08;23;9;1;0.000075849974;0.000036358400;0.000061063425;0.000045079843;
2015;08;23;10;1;0.000089438571;0.000041237498;0.000079739556;0.000043549044;
2015;08;23;11;1;0.000103355805;0.000045869691;0.000101888453;0.000045125692;
2015;08;23;12;1;0.000110525829;0.000048231436;0.000105918729;0.000048544018;
2015;08;23;13;1;0.000115564632;0.000048365017;0.000105990852;0.000049146373;
2015;08;23;14;1;0.000121514532;0.000048585065;0.000099700708;0.000047966402;
2015;08;23;15;1;0.000124195944;0.000048540264;0.000063359131;0.000050927318;
2015;08;23;16;1;0.000116517872;0.000045580045;0.000064140569;0.000051330408;
2015;08;23;17;1;0.000112011799;0.000043666748;0.000068795111;0.000048681558;
2015;08;23;18;1;0.000111104436;0.000043016669;0.000077712500;0.000045201497;
2015;08;23;19;1;0.000113128549;0.000043646959;0.000079977036;0.000043813700;
2015;08;23;20;1;0.000114983049;0.000044216171;0.000079076329;0.000051749764;
2015;08;23;21;1;0.000120884477;0.000050479507;0.000076293358;0.000058473129;
2015;08;23;22;1;0.000136871560;0.000097345127;0.000072265142;0.000180307925;
2015;08;23;23;1;0.000132304696;0.000114060126;0.000062055953;0.000242245074;
2015;08;23;24;1;0.000114093722;0.000112846456;0.000053993805;0.000222051097;
2015;08;24;1;1;0.000094212863;0.000103658648;0.000057157752;0.000205645865;
2015;08;24;2;1;0.000079683489;0.000097256844;0.000058979898;0.000175307241;
2015;08;24;3;1;0.000070760963;0.000092727890;0.000061711261;0.000171071697;
2015;08;24;4;1;0.000066489915;0.000091292402;0.000064358683;0.000166925454;
2015;08;24;5;1;0.000064932357;0.000090461228;0.000072083209;0.000166171290;
2015;08;24;6;1;0.000064572351;0.000089172122;0.000077232158;0.000164734989;
2015;08;24;7;1;0.000069236796;0.000088308829;0.000088448397;0.000165013990;
2015;08;24;8;1;0.000078694073;0.000054696464;0.000100322850;0.000083816684;
2015;08;24;9;1;0.000091213347;0.000042556167;0.000117808761;0.000043941974;
2015;08;24;10;1;0.000110066898;0.000047679287;0.000144869173;0.000049881296;
2015;08;24;11;1;0.000123061507;0.000050520211;0.000190972758;0.000055764380;
2015;08;24;12;1;0.000129713478;0.000051255299;0.000196928244;0.000060510106;
2015;08;24;13;1;0.000134292677;0.000051457659;0.000197421254;0.000061179410;
2015;08;24;14;1;0.000139798371;0.000052187713;0.000189808954;0.000056274441;
2015;08;24;15;1;0.000136065997;0.000051532809;0.000135368872;0.000062213179;
2015;08;24;16;1;0.000126367286;0.000047511673;0.000127874801;0.000063119165;
2015;08;24;17;1;0.000124654594;0.000045398471;0.000129731367;0.000059476413;
2015;08;24;18;1;0.000128984073;0.000045915848;0.000138794901;0.000055622791;
2015;08;24;19;1;0.000131540025;0.000046143155;0.000143089303;0.000053629811;
2015;08;24;20;1;0.000130645419;0.000045805456;0.000142623524;0.000055151408;
2015;08;24;21;1;0.000129327868;0.000050637343;0.000129076115;0.000058191789;
2015;08;24;22;1;0.000139336806;0.000095088630;0.000106590397;0.000165675327;
2015;08;24;23;1;0.000134421763;0.000112755380;0.000087702302;0.000238090103;
2015;08;24;24;1;0.000114401982;0.000110220822;0.000080193662;0.000219015924;
2015;08;25;1;1;0.000096466614;0.000104597706;0.000075120226;0.000205220039;
2015;08;25;2;1;0.000080998275;0.000098087075;0.000074200038;0.000174223260;
2015;08;25;3;1;0.000072145356;0.000093394638;0.000072735703;0.000168601652;
2015;08;25;4;1;0.000067573159;0.000092264668;0.000071514899;0.000163964506;
2015;08;25;5;1;0.000065441025;0.000091049926;0.000071389176;0.000163668334;
2015;08;25;6;1;0.000065320312;0.000089906986;0.000076355615;0.000161254388;
2015;08;25;7;1;0.000069485818;0.000089496587;0.000087024055;0.000162182118;
2015;08;25;8;1;0.000079363293;0.000057320138;0.000099296462;0.000085513061;
2015;08;25;9;1;0.000092729413;0.000043840575;0.000115210149;0.000046438692;
2015;08;25;10;1;0.000111968118;0.000049202267;0.000143090551;0.000048190163;
2015;08;25;11;1;0.000126429499;0.000051955806;0.000189707474;0.000053125954;
2015;08;25;12;1;0.000132238878;0.000052207853;0.000196279827;0.000057367452;
2015;08;25;13;1;0.000137193751;0.000051726542;0.000197881856;0.000056959843;
2015;08;25;14;1;0.000143539828;0.000052545290;0.000194557013;0.000060270255;
2015;08;25;15;1;0.000138296740;0.000051942815;0.000137019686;0.000061514991;
2015;08;25;16;1;0.000129466139;0.000048406253;0.000131052915;0.000057954982;
2015;08;25;17;1;0.000127271712;0.000046174628;0.000132874843;0.000056463363;
2015;08;25;18;1;0.000131679248;0.000046343476;0.000141536462;0.000054672595;
2015;08;25;19;1;0.000133430283;0.000046718051;0.000144726180;0.000051141264;
2015;08;25;20;1;0.000131819178;0.000046777877;0.000145026461;0.000054724260;
2015;08;25;21;1;0.000131881337;0.000051918974;0.000133480921;0.000058765645;
2015;08;25;22;1;0.000141081645;0.000098259067;0.000109081683;0.000174265267;
2015;08;25;23;1;0.000133882942;0.000113631552;0.000088560978;0.000239234383;
2015;08;25;24;1;0.000114600843;0.000111224373;0.000080641163;0.000218084741;
2015;08;26;1;1;0.000097043207;0.000105557358;0.000074816546;0.000205237766;
2015;08;26;2;1;0.000081324710;0.000098920320;0.000073379872;0.000174004720;
2015;08;26;3;1;0.000072157924;0.000094062900;0.000070897630;0.000167943507;
2015;08;26;4;1;0.000067568718;0.000092916464;0.000069668602;0.000163296289;
2015;08;26;5;1;0.000065419023;0.000091684311;0.000069484459;0.000162970449;
2015;08;26;6;1;0.000065424842;0.000090593564;0.000074876599;0.000160780773;
2015;08;26;7;1;0.000069697001;0.000090224319;0.000085820015;0.000161865339;
2015;08;26;8;1;0.000079752654;0.000057823307;0.000098614455;0.000085455569;
2015;08;26;9;1;0.000093297768;0.000044244476;0.000114888779;0.000046446917;
2015;08;26;10;1;0.000112855821;0.000049686374;0.000143633035;0.000048258312;
2015;08;26;11;1;0.000127545317;0.000052483157;0.000191062280;0.000053233792;
2015;08;26;12;1;0.000133699642;0.000052777656;0.000199357114;0.000057571028;
2015;08;26;13;1;0.000139620029;0.000052409040;0.000206072367;0.000057420356;
2015;08;26;14;1;0.000145652937;0.000053185444;0.000200316837;0.000060635848;
2015;08;26;15;1;0.000141179770;0.000052685252;0.000144283302;0.000062145985;
2015;08;26;16;1;0.000132009166;0.000049077787;0.000137431418;0.000058501395;
2015;08;26;17;1;0.000129771630;0.000046815013;0.000139368320;0.000056995493;
2015;08;26;18;1;0.000133975019;0.000046951007;0.000147250635;0.000055105310;
2015;08;26;19;1;0.000135982588;0.000047357399;0.000151560332;0.000051604938;
2015;08;26;20;1;0.000134273624;0.000047410251;0.000151531393;0.000055201820;
2015;08;26;21;1;0.000134070872;0.000052585140;0.000138392353;0.000059197747;
2015;08;26;22;1;0.000143098683;0.000099441793;0.000112133272;0.000175271751;
2015;08;26;23;1;0.000135733215;0.000114979868;0.000090905808;0.000240536496;
2015;08;26;24;1;0.000116287385;0.000112578203;0.000083062692;0.000219405022;
2015;08;27;1;1;0.000099080520;0.000107159982;0.000078068841;0.000206209638;
2015;08;27;2;1;0.000083004176;0.000100410990;0.000076456155;0.000174788954;
2015;08;27;3;1;0.000073845781;0.000095568550;0.000074629378;0.000169012397;
2015;08;27;4;1;0.000069159354;0.000094408887;0.000073363135;0.000164352786;
2015;08;27;5;1;0.000066909333;0.000093133170;0.000072960153;0.000163940976;
2015;08;27;6;1;0.000066765596;0.000091954295;0.000077951161;0.000161488895;
2015;08;27;7;1;0.000071043826;0.000091543416;0.000088951779;0.000162449943;
2015;08;27;8;1;0.000081123789;0.000058626247;0.000101413638;0.000085640319;
2015;08;27;9;1;0.000094907568;0.000044859806;0.000118176834;0.000046549295;
2015;08;27;10;1;0.000114910170;0.000050393548;0.000148272580;0.000048395756;
2015;08;27;11;1;0.000130042506;0.000053254834;0.000198262155;0.000053435051;
2015;08;27;12;1;0.000136291763;0.000053550211;0.000206720330;0.000057781221;
2015;08;27;13;1;0.000141715793;0.000053097480;0.000210200205;0.000057459355;
2015;08;27;14;1;0.000147605354;0.000053854418;0.000203149585;0.000060610540;
2015;08;27;15;1;0.000142971542;0.000053334798;0.000145956678;0.000062089688;
2015;08;27;16;1;0.000134022174;0.000049726374;0.000140325269;0.000058550479;
2015;08;27;17;1;0.000131893390;0.000047451504;0.000142878620;0.000057086054;
2015;08;27;18;1;0.000136353245;0.000047612003;0.000151744482;0.000055245382;
2015;08;27;19;1;0.000138377912;0.000048021888;0.000156107880;0.000051731323;
2015;08;27;20;1;0.000136298520;0.000048034098;0.000154617624;0.000055241859;
2015;08;27;21;1;0.000136113683;0.000053279831;0.000141303194;0.000059246896;
2015;08;27;22;1;0.000145041912;0.000100698549;0.000113795289;0.000175219410;
2015;08;27;23;1;0.000137602189;0.000116441717;0.000092273876;0.000240498075;
2015;08;27;24;1;0.000117847221;0.000113995868;0.000084195075;0.000219317147;
2015;08;28;1;1;0.000099788844;0.000108595979;0.000078221834;0.000205176245;
2015;08;28;2;1;0.000084584334;0.000101543751;0.000076601550;0.000176742558;
2015;08;28;3;1;0.000074974179;0.000096876139;0.000074964941;0.000170588757;
2015;08;28;4;1;0.000070152055;0.000095487396;0.000073339893;0.000167117963;
2015;08;28;5;1;0.000067939954;0.000093999617;0.000073109603;0.000163658561;
2015;08;28;6;1;0.000067785850;0.000092881212;0.000078525567;0.000160233364;
2015;08;28;7;1;0.000071785434;0.000091656550;0.000088758562;0.000160807619;
2015;08;28;8;1;0.000080615515;0.000057710526;0.000101199947;0.000086115262;
2015;08;28;9;1;0.000094284368;0.000044590610;0.000118098641;0.000047163520;
2015;08;28;10;1;0.000112638109;0.000049819233;0.000148557699;0.000048680559;
2015;08;28;11;1;0.000127134799;0.000052628050;0.000199754615;0.000051519379;
2015;08;28;12;1;0.000134347494;0.000052867848;0.000208969178;0.000055760826;
2015;08;28;13;1;0.000140422521;0.000053289157;0.000212979542;0.000057293616;
2015;08;28;14;1;0.000145721610;0.000053681837;0.000207068866;0.000056227509;
2015;08;28;15;1;0.000142547295;0.000053023491;0.000148482440;0.000058622253;
2015;08;28;16;1;0.000132693449;0.000049703592;0.000141875008;0.000057125199;
2015;08;28;17;1;0.000129688583;0.000047482961;0.000144148360;0.000055114784;
2015;08;28;18;1;0.000132180916;0.000047281974;0.000152704127;0.000051644572;
2015;08;28;19;1;0.000134123327;0.000047937888;0.000157823009;0.000050517507;
2015;08;28;20;1;0.000131572934;0.000048109291;0.000155838521;0.000055507905;
2015;08;28;21;1;0.000131904801;0.000053184357;0.000141173562;0.000055381083;
2015;08;28;22;1;0.000140249692;0.000098860162;0.000112417047;0.000171829029;
2015;08;28;23;1;0.000133501113;0.000116258315;0.000091297513;0.000242295710;
2015;08;28;24;1;0.000116552316;0.000114325410;0.000083614753;0.000220846913;
2015;08;29;1;1;0.000101816993;0.000109070971;0.000056054231;0.000208295078;
2015;08;29;2;1;0.000087580884;0.000103133908;0.000054143112;0.000174793004;
2015;08;29;3;1;0.000077419277;0.000098091070;0.000052926362;0.000168903673;
2015;08;29;4;1;0.000071651412;0.000096436357;0.000052662886;0.000165326936;
2015;08;29;5;1;0.000069019204;0.000094731088;0.000052845167;0.000163330376;
2015;08;29;6;1;0.000067756738;0.000093431166;0.000054192937;0.000162453350;
2015;08;29;7;1;0.000068964198;0.000091511005;0.000058434850;0.000163567838;
2015;08;29;8;1;0.000072899980;0.000056179289;0.000063791493;0.000086173485;
2015;08;29;9;1;0.000084223414;0.000039703876;0.000072365555;0.000044983483;
2015;08;29;10;1;0.000101932511;0.000045644087;0.000104858003;0.000042741664;
2015;08;29;11;1;0.000117143518;0.000050277463;0.000132399970;0.000047968440;
2015;08;29;12;1;0.000123863245;0.000050749463;0.000138938245;0.000050225077;
2015;08;29;13;1;0.000129493211;0.000050644859;0.000139869198;0.000052639581;
2015;08;29;14;1;0.000135845372;0.000051377975;0.000135413446;0.000052347353;
2015;08;29;15;1;0.000135034535;0.000050608787;0.000087431091;0.000053116778;
2015;08;29;16;1;0.000125723350;0.000047216868;0.000085072062;0.000050710580;
2015;08;29;17;1;0.000119832058;0.000044908430;0.000087465458;0.000047540337;
2015;08;29;18;1;0.000118008869;0.000045099468;0.000093201823;0.000045643406;
2015;08;29;19;1;0.000118095336;0.000045461905;0.000098071102;0.000044173930;
2015;08;29;20;1;0.000117228087;0.000045680536;0.000101140731;0.000052920495;
2015;08;29;21;1;0.000121503402;0.000051812066;0.000096576127;0.000055322984;
2015;08;29;22;1;0.000135161790;0.000097389096;0.000088230810;0.000174809920;
2015;08;29;23;1;0.000129786635;0.000114455695;0.000074873437;0.000238672400;
2015;08;29;24;1;0.000113910775;0.000112538181;0.000066724899;0.000218849799;
2015;08;30;1;1;0.000099820764;0.000108764787;0.000055962587;0.000210697486;
2015;08;30;2;1;0.000086334829;0.000102730993;0.000055315343;0.000174426408;
2015;08;30;3;1;0.000076962583;0.000098520535;0.000054787343;0.000167704192;
2015;08;30;4;1;0.000071748824;0.000097118483;0.000054330623;0.000163555600;
2015;08;30;5;1;0.000068524326;0.000095592849;0.000053818836;0.000160829598;
2015;08;30;6;1;0.000067314896;0.000094143208;0.000055109443;0.000160356291;
2015;08;30;7;1;0.000068280831;0.000091904125;0.000057106347;0.000163315892;
2015;08;30;8;1;0.000070137372;0.000055090967;0.000059869943;0.000087766929;
2015;08;30;9;1;0.000078140354;0.000037470776;0.000062922104;0.000045171606;
2015;08;30;10;1;0.000092746294;0.000042595505;0.000084237493;0.000043835773;
2015;08;30;11;1;0.000107107814;0.000047369472;0.000107371343;0.000045402187;
2015;08;30;12;1;0.000114774978;0.000049844007;0.000112488633;0.000048911161;
2015;08;30;13;1;0.000120527140;0.000050056796;0.000114402361;0.000049666050;
2015;08;30;14;1;0.000126928673;0.000050311610;0.000108221967;0.000048525553;
2015;08;30;15;1;0.000129649702;0.000050254671;0.000068606486;0.000051499231;
2015;08;30;16;1;0.000122137828;0.000047257576;0.000070520223;0.000052055342;
2015;08;30;17;1;0.000117670870;0.000045308353;0.000076235242;0.000049443851;
2015;08;30;18;1;0.000116507589;0.000044605936;0.000085546256;0.000045852118;
2015;08;30;19;1;0.000118162421;0.000045197366;0.000086775559;0.000044322931;
2015;08;30;20;1;0.000119797778;0.000045746732;0.000085014970;0.000052260107;
2015;08;30;21;1;0.000125753123;0.000052199024;0.000081561796;0.000058987066;
2015;08;30;22;1;0.000142161202;0.000100606554;0.000076802641;0.000181696045;
2015;08;30;23;1;0.000137421375;0.000117882701;0.000065956440;0.000244114522;
2015;08;30;24;1;0.000118528617;0.000116635928;0.000057430376;0.000223793887;
2015;08;31;1;1;0.000099007963;0.000108867091;0.000060188767;0.000207093610;
2015;08;31;2;1;0.000083677214;0.000102115686;0.000061988037;0.000176448306;
2015;08;31;3;1;0.000074039570;0.000097237161;0.000064038884;0.000171753267;
2015;08;31;4;1;0.000069439064;0.000095668162;0.000066346197;0.000167369828;
2015;08;31;5;1;0.000067862512;0.000094820786;0.000074534709;0.000166697693;
2015;08;31;6;1;0.000067333213;0.000093395160;0.000079219876;0.000164996217;
2015;08;31;7;1;0.000072496048;0.000092624521;0.000092086254;0.000165750122;
2015;08;31;8;1;0.000083179226;0.000057558006;0.000108115098;0.000084742200;
2015;08;31;9;1;0.000096669847;0.000044824352;0.000128184601;0.000044509578;
2015;08;31;10;1;0.000116817966;0.000050245372;0.000158469260;0.000050575511;
2015;08;31;11;1;0.000131116720;0.000053310360;0.000211998346;0.000056691755;
2015;08;31;12;1;0.000138431847;0.000054116595;0.000220011432;0.000061586116;
2015;08;31;13;1;0.000143829872;0.000054396823;0.000223590614;0.000062420196;
2015;08;31;14;1;0.000149992362;0.000055202774;0.000216337729;0.000057486462;
2015;08;31;15;1;0.000146029444;0.000054515771;0.000154406252;0.000063566019;
2015;08;31;16;1;0.000136065976;0.000050318233;0.000147752827;0.000064637100;
2015;08;31;17;1;0.000134164617;0.000048072848;0.000149697798;0.000060888494;
2015;08;31;18;1;0.000138656415;0.000048600013;0.000159484821;0.000056895412;
2015;08;31;19;1;0.000140985502;0.000048790643;0.000162592568;0.000054744732;
2015;08;31;20;1;0.000139496679;0.000048370740;0.000159674667;0.000056151436;
2015;08;31;21;1;0.000138045402;0.000053467545;0.000144298462;0.000059234053;
2015;08;31;22;1;0.000147501196;0.000100117068;0.000115451953;0.000167681930;
2015;08;31;23;1;0.000141727166;0.000118555892;0.000093466290;0.000240310954;
2015;08;31;24;1;0.000120639673;0.000115897730;0.000085516501;0.000221084617;
