AŃO;MES;DIA;HORA;VERANO(1)/INVIERNO(0);COEF. PERFIL A;COEF. PERFIL B;COEF. PERFIL C;COEF. PERFIL D;
2021;04;01;1;1;0.000083216889;0.000108876563;0.000073965707;0.000113600344;
2021;04;01;2;1;0.000066188944;0.000092182187;0.000070588550;0.000125710399;
2021;04;01;3;1;0.000057153089;0.000081347008;0.000068989605;0.000125606796;
2021;04;01;4;1;0.000052815509;0.000075198543;0.000068199994;0.000120938787;
2021;04;01;5;1;0.000051069323;0.000072440640;0.000068489369;0.000115001153;
2021;04;01;6;1;0.000051422709;0.000072575948;0.000070394221;0.000108847107;
2021;04;01;7;1;0.000057344488;0.000078091550;0.000078072565;0.000106048631;
2021;04;01;8;1;0.000072515656;0.000083262268;0.000091061015;0.000093318068;
2021;04;01;9;1;0.000085756902;0.000085217929;0.000115688654;0.000072550533;
2021;04;01;10;1;0.000097620423;0.000091883788;0.000134393842;0.000078181951;
2021;04;01;11;1;0.000107311306;0.000097435198;0.000140762244;0.000081366525;
2021;04;01;12;1;0.000111248261;0.000098066583;0.000141387007;0.000081181628;
2021;04;01;13;1;0.000115912308;0.000098305831;0.000141167068;0.000080156546;
2021;04;01;14;1;0.000125410646;0.000101450216;0.000134310910;0.000078962778;
2021;04;01;15;1;0.000125011434;0.000101235421;0.000119907020;0.000075091374;
2021;04;01;16;1;0.000112157319;0.000089876611;0.000115353241;0.000068292145;
2021;04;01;17;1;0.000103600893;0.000082086818;0.000114849745;0.000064749948;
2021;04;01;18;1;0.000101407514;0.000080097319;0.000113550227;0.000064485485;
2021;04;01;19;1;0.000102863334;0.000081764023;0.000108124806;0.000066094231;
2021;04;01;20;1;0.000108963698;0.000087992025;0.000102604506;0.000070519790;
2021;04;01;21;1;0.000126865079;0.000107602586;0.000100987038;0.000080749354;
2021;04;01;22;1;0.000146653283;0.000140570366;0.000101800493;0.000126839956;
2021;04;01;23;1;0.000130807194;0.000132481461;0.000089909521;0.000127745283;
2021;04;01;24;1;0.000104924995;0.000123453122;0.000080276321;0.000120738795;
2021;04;02;1;1;0.000094381233;0.000118387324;0.000084862437;0.000118059961;
2021;04;02;2;1;0.000077261784;0.000102511305;0.000078847586;0.000124871700;
2021;04;02;3;1;0.000065890497;0.000090268208;0.000076267340;0.000122710725;
2021;04;02;4;1;0.000059423223;0.000082520015;0.000075065747;0.000118315328;
2021;04;02;5;1;0.000056366163;0.000078649620;0.000074793258;0.000113392197;
2021;04;02;6;1;0.000055428147;0.000078194199;0.000075273945;0.000109535138;
2021;04;02;7;1;0.000057037381;0.000081085361;0.000077212029;0.000106542015;
2021;04;02;8;1;0.000062003968;0.000075974804;0.000073279792;0.000086672742;
2021;04;02;9;1;0.000074679426;0.000075390979;0.000072010125;0.000062000478;
2021;04;02;10;1;0.000098077308;0.000093165522;0.000077321726;0.000072451186;
2021;04;02;11;1;0.000119627934;0.000110389081;0.000082265151;0.000081427817;
2021;04;02;12;1;0.000129878458;0.000117137054;0.000086244566;0.000084780299;
2021;04;02;13;1;0.000134648558;0.000116999589;0.000088820409;0.000084321932;
2021;04;02;14;1;0.000143031746;0.000117397201;0.000089350041;0.000082437229;
2021;04;02;15;1;0.000141569035;0.000115268986;0.000087151189;0.000079155761;
2021;04;02;16;1;0.000122592832;0.000098699491;0.000084301197;0.000070088642;
2021;04;02;17;1;0.000111080271;0.000088772875;0.000081443722;0.000065179916;
2021;04;02;18;1;0.000106503119;0.000085091417;0.000078815359;0.000063954475;
2021;04;02;19;1;0.000107902219;0.000086642584;0.000077567604;0.000065908932;
2021;04;02;20;1;0.000112466031;0.000091247054;0.000079698325;0.000069342757;
2021;04;02;21;1;0.000129490865;0.000109519596;0.000085884447;0.000079942270;
2021;04;02;22;1;0.000150446907;0.000143594066;0.000097141577;0.000128450321;
2021;04;02;23;1;0.000135405433;0.000136323970;0.000091870683;0.000131128442;
2021;04;02;24;1;0.000110390106;0.000129157554;0.000084781166;0.000124164515;
2021;04;03;1;1;0.000087142638;0.000110758712;0.000081430757;0.000115462291;
2021;04;03;2;1;0.000070574890;0.000095135145;0.000075948664;0.000126221637;
2021;04;03;3;1;0.000060475305;0.000083853516;0.000073407708;0.000125427304;
2021;04;03;4;1;0.000055404750;0.000077480025;0.000072477774;0.000120835719;
2021;04;03;5;1;0.000053014368;0.000074338870;0.000071927075;0.000115020562;
2021;04;03;6;1;0.000053018739;0.000074941887;0.000073321106;0.000110996405;
2021;04;03;7;1;0.000055564532;0.000078478198;0.000076444450;0.000107624868;
2021;04;03;8;1;0.000062291514;0.000074907037;0.000075590390;0.000087256094;
2021;04;03;9;1;0.000077968710;0.000078438623;0.000079752126;0.000066124789;
2021;04;03;10;1;0.000100861215;0.000096255511;0.000090240095;0.000077193366;
2021;04;03;11;1;0.000118252555;0.000109640834;0.000099825291;0.000084777933;
2021;04;03;12;1;0.000125030186;0.000112939695;0.000103778730;0.000086571207;
2021;04;03;13;1;0.000129074318;0.000112039944;0.000105238519;0.000085226999;
2021;04;03;14;1;0.000138860789;0.000114240595;0.000101853440;0.000084100983;
2021;04;03;15;1;0.000139538964;0.000114387221;0.000094833893;0.000080905048;
2021;04;03;16;1;0.000122730175;0.000099750832;0.000091250660;0.000072129875;
2021;04;03;17;1;0.000111036912;0.000089648576;0.000089397753;0.000066938644;
2021;04;03;18;1;0.000106460542;0.000085926665;0.000089733918;0.000065730255;
2021;04;03;19;1;0.000106681733;0.000086465814;0.000089449641;0.000066637101;
2021;04;03;20;1;0.000109655067;0.000089685287;0.000091804447;0.000070108332;
2021;04;03;21;1;0.000122674714;0.000104087940;0.000097626143;0.000078520017;
2021;04;03;22;1;0.000143978856;0.000138297214;0.000105125559;0.000127955653;
2021;04;03;23;1;0.000132455363;0.000133881030;0.000097771632;0.000131805678;
2021;04;03;24;1;0.000111031906;0.000128790661;0.000089701227;0.000125374574;
2021;04;04;1;1;0.000093111924;0.000116976375;0.000083690674;0.000117132680;
2021;04;04;2;1;0.000076079391;0.000101079639;0.000077695047;0.000123705652;
2021;04;04;3;1;0.000064932257;0.000089083342;0.000075177846;0.000121639534;
2021;04;04;4;1;0.000058497349;0.000081342315;0.000073959346;0.000117184202;
2021;04;04;5;1;0.000055547659;0.000077619147;0.000073725528;0.000112404318;
2021;04;04;6;1;0.000054626713;0.000077175007;0.000074201516;0.000108586429;
2021;04;04;7;1;0.000056131914;0.000079901917;0.000076063888;0.000105498211;
2021;04;04;8;1;0.000060811807;0.000074585180;0.000072082093;0.000085590566;
2021;04;04;9;1;0.000073430958;0.000074220124;0.000070913649;0.000061351719;
2021;04;04;10;1;0.000096658976;0.000091950907;0.000076220114;0.000071823577;
2021;04;04;11;1;0.000118360383;0.000109421073;0.000081231775;0.000080974130;
2021;04;04;12;1;0.000128584882;0.000116192136;0.000085185080;0.000084351016;
2021;04;04;13;1;0.000132845694;0.000115612666;0.000087596588;0.000083663828;
2021;04;04;14;1;0.000141225701;0.000116104365;0.000088148695;0.000081844136;
2021;04;04;15;1;0.000140274065;0.000114442694;0.000086111232;0.000078806261;
2021;04;04;16;1;0.000121353983;0.000097887530;0.000083260085;0.000069725513;
2021;04;04;17;1;0.000109924227;0.000088012961;0.000080427231;0.000064826513;
2021;04;04;18;1;0.000105329218;0.000084305213;0.000077810598;0.000063576302;
2021;04;04;19;1;0.000106703295;0.000085833527;0.000076575754;0.000065514521;
2021;04;04;20;1;0.000111832827;0.000090948636;0.000078867036;0.000069230133;
2021;04;04;21;1;0.000128496760;0.000108913068;0.000084913382;0.000079682473;
2021;04;04;22;1;0.000150247506;0.000143805477;0.000096312825;0.000128685731;
2021;04;04;23;1;0.000134813426;0.000136065548;0.000090965636;0.000131050069;
2021;04;04;24;1;0.000110002195;0.000129035419;0.000083977213;0.000124175039;
2021;04;05;1;1;0.000083488063;0.000110038498;0.000072985635;0.000115451538;
2021;04;05;2;1;0.000066689242;0.000093713483;0.000069788140;0.000123326172;
2021;04;05;3;1;0.000057500093;0.000082894799;0.000068540129;0.000122153983;
2021;04;05;4;1;0.000053053804;0.000076661150;0.000067828090;0.000117424667;
2021;04;05;5;1;0.000051240305;0.000073871703;0.000068027587;0.000112543911;
2021;04;05;6;1;0.000051482874;0.000073904115;0.000070088701;0.000108401971;
2021;04;05;7;1;0.000057583829;0.000079940481;0.000077711798;0.000107883900;
2021;04;05;8;1;0.000073012405;0.000084983414;0.000089516575;0.000095223459;
2021;04;05;9;1;0.000087503906;0.000087666399;0.000112963591;0.000074735434;
2021;04;05;10;1;0.000100443381;0.000095090240;0.000130521353;0.000081064927;
2021;04;05;11;1;0.000110407564;0.000100767768;0.000135782544;0.000083813135;
2021;04;05;12;1;0.000113928575;0.000100956614;0.000136092052;0.000083455842;
2021;04;05;13;1;0.000117901124;0.000100435094;0.000135771904;0.000082167203;
2021;04;05;14;1;0.000126934887;0.000102796912;0.000129383930;0.000080987429;
2021;04;05;15;1;0.000127002214;0.000102930296;0.000115862622;0.000077373981;
2021;04;05;16;1;0.000114128356;0.000091583591;0.000111569689;0.000070420089;
2021;04;05;17;1;0.000105822984;0.000084011665;0.000111577337;0.000066866526;
2021;04;05;18;1;0.000103777823;0.000082172642;0.000110169255;0.000066930760;
2021;04;05;19;1;0.000105398083;0.000084004446;0.000105266924;0.000068249738;
2021;04;05;20;1;0.000111881614;0.000090584244;0.000100154880;0.000072739837;
2021;04;05;21;1;0.000130701130;0.000111120509;0.000099696920;0.000083756063;
2021;04;05;22;1;0.000152063740;0.000146741313;0.000102231307;0.000132219742;
2021;04;05;23;1;0.000134747243;0.000137979553;0.000090386066;0.000133358631;
2021;04;05;24;1;0.000106858166;0.000127916194;0.000081216233;0.000125809262;
2021;04;06;1;1;0.000086166731;0.000110871710;0.000081581066;0.000115201751;
2021;04;06;2;1;0.000068876269;0.000094386139;0.000078025824;0.000127987572;
2021;04;06;3;1;0.000059784123;0.000083769957;0.000076435098;0.000128416304;
2021;04;06;4;1;0.000055573786;0.000077941842;0.000075758982;0.000124229544;
2021;04;06;5;1;0.000054011064;0.000075505204;0.000076252748;0.000118613148;
2021;04;06;6;1;0.000055015124;0.000076609447;0.000078777244;0.000113307450;
2021;04;06;7;1;0.000063010429;0.000084894436;0.000088391349;0.000112760757;
2021;04;06;8;1;0.000082138468;0.000093602639;0.000104461840;0.000101643899;
2021;04;06;9;1;0.000098591855;0.000097386742;0.000133570377;0.000079960419;
2021;04;06;10;1;0.000110505562;0.000103221825;0.000154135792;0.000085117306;
2021;04;06;11;1;0.000119907181;0.000107900074;0.000160531122;0.000087675268;
2021;04;06;12;1;0.000123905762;0.000108213651;0.000161016726;0.000087251855;
2021;04;06;13;1;0.000129058572;0.000108439041;0.000160742856;0.000086127668;
2021;04;06;14;1;0.000139619885;0.000111894604;0.000152930065;0.000084838419;
2021;04;06;15;1;0.000139095667;0.000111587067;0.000136495462;0.000080642251;
2021;04;06;16;1;0.000125813905;0.000099961052;0.000131776856;0.000073816063;
2021;04;06;17;1;0.000116990565;0.000091969656;0.000131579272;0.000070356966;
2021;04;06;18;1;0.000115133617;0.000090276627;0.000130396297;0.000070370700;
2021;04;06;19;1;0.000116934471;0.000092284376;0.000124233159;0.000072198371;
2021;04;06;20;1;0.000123867744;0.000099313043;0.000117887932;0.000077031057;
2021;04;06;21;1;0.000143456481;0.000120737323;0.000115767974;0.000087837816;
2021;04;06;22;1;0.000163910012;0.000155710104;0.000116115806;0.000136706875;
2021;04;06;23;1;0.000143872702;0.000144181365;0.000101831663;0.000135932481;
2021;04;06;24;1;0.000115072911;0.000133929276;0.000090806615;0.000128182516;
2021;04;07;1;1;0.000090523533;0.000115976412;0.000085571020;0.000118721796;
2021;04;07;2;1;0.000072316716;0.000098668016;0.000081821954;0.000131838162;
2021;04;07;3;1;0.000062772874;0.000087573919;0.000080155406;0.000132284142;
2021;04;07;4;1;0.000058345746;0.000081471440;0.000079442644;0.000127960290;
2021;04;07;5;1;0.000056579844;0.000078732235;0.000079883540;0.000121960852;
2021;04;07;6;1;0.000057535562;0.000079737247;0.000082467293;0.000116350082;
2021;04;07;7;1;0.000065687183;0.000088049446;0.000092404602;0.000115496596;
2021;04;07;8;1;0.000085262192;0.000096623313;0.000109003774;0.000103758123;
2021;04;07;9;1;0.000102062548;0.000100227782;0.000139211999;0.000081446727;
2021;04;07;10;1;0.000114460472;0.000106299415;0.000160685874;0.000086738577;
2021;04;07;11;1;0.000123985489;0.000110907037;0.000167227570;0.000089223332;
2021;04;07;12;1;0.000127938532;0.000111055498;0.000167630107;0.000088692533;
2021;04;07;13;1;0.000133758550;0.000111746846;0.000167618032;0.000087810501;
2021;04;07;14;1;0.000144144213;0.000114815689;0.000159201610;0.000086229745;
2021;04;07;15;1;0.000143244944;0.000114185342;0.000141938604;0.000081802314;
2021;04;07;16;1;0.000129242833;0.000102006381;0.000136882643;0.000074729117;
2021;04;07;17;1;0.000120464350;0.000094097296;0.000136818375;0.000071361487;
2021;04;07;18;1;0.000118624773;0.000092427604;0.000135623753;0.000071409875;
2021;04;07;19;1;0.000120726879;0.000094696410;0.000129328977;0.000073383804;
2021;04;07;20;1;0.000128031666;0.000102037547;0.000122785066;0.000078367310;
2021;04;07;21;1;0.000147926978;0.000123725260;0.000120451664;0.000089192638;
2021;04;07;22;1;0.000168604194;0.000159134793;0.000120681519;0.000138543001;
2021;04;07;23;1;0.000148226175;0.000147607277;0.000105910214;0.000137932263;
2021;04;07;24;1;0.000118466087;0.000136997860;0.000094413415;0.000129991420;
2021;04;08;1;1;0.000091872582;0.000117602536;0.000086622511;0.000119837502;
2021;04;08;2;1;0.000073271745;0.000099866959;0.000082767192;0.000132900488;
2021;04;08;3;1;0.000063526867;0.000088522806;0.000081039728;0.000133225085;
2021;04;08;4;1;0.000059045428;0.000082352465;0.000080318421;0.000128868501;
2021;04;08;5;1;0.000057294936;0.000079639780;0.000080786509;0.000122888700;
2021;04;08;6;1;0.000058109900;0.000080423200;0.000083303886;0.000116990592;
2021;04;08;7;1;0.000066515354;0.000089061691;0.000093447208;0.000116371906;
2021;04;08;8;1;0.000086414941;0.000097830480;0.000110278728;0.000104620449;
2021;04;08;9;1;0.000103255028;0.000101277293;0.000140728982;0.000082005329;
2021;04;08;10;1;0.000115836672;0.000107452195;0.000162460808;0.000087356839;
2021;04;08;11;1;0.000125501482;0.000112134888;0.000169088915;0.000089873447;
2021;04;08;12;1;0.000129539888;0.000112320593;0.000169516395;0.000089358854;
2021;04;08;13;1;0.000135135690;0.000112746521;0.000169342017;0.000088315913;
2021;04;08;14;1;0.000145396674;0.000115639698;0.000160727490;0.000086616409;
2021;04;08;15;1;0.000143945558;0.000114527253;0.000143064225;0.000081923351;
2021;04;08;16;1;0.000129925164;0.000102355370;0.000137991582;0.000074862744;
2021;04;08;17;1;0.000121201037;0.000094505936;0.000137976345;0.000071536192;
2021;04;08;18;1;0.000119110966;0.000092623893;0.000136651888;0.000071470563;
2021;04;08;19;1;0.000120832592;0.000094561663;0.000130127108;0.000073258795;
2021;04;08;20;1;0.000128193510;0.000101935878;0.000123563915;0.000078258031;
2021;04;08;21;1;0.000148523450;0.000123979093;0.000121361047;0.000089263632;
2021;04;08;22;1;0.000169269888;0.000159447491;0.000121586668;0.000138642904;
2021;04;08;23;1;0.000149056847;0.000148165675;0.000106782228;0.000138213487;
2021;04;08;24;1;0.000118843103;0.000137150666;0.000095091363;0.000130007590;
2021;04;09;1;1;0.000091941798;0.000120550923;0.000086148734;0.000122108865;
2021;04;09;2;1;0.000073495080;0.000102699242;0.000081930851;0.000137011084;
2021;04;09;3;1;0.000062964431;0.000090726140;0.000080023267;0.000137539210;
2021;04;09;4;1;0.000058361364;0.000084348498;0.000079336129;0.000133131862;
2021;04;09;5;1;0.000056389188;0.000081161450;0.000079354495;0.000125650445;
2021;04;09;6;1;0.000057267275;0.000081956404;0.000081949204;0.000119619735;
2021;04;09;7;1;0.000066058039;0.000090902585;0.000091727265;0.000118201270;
2021;04;09;8;1;0.000086545054;0.000099580542;0.000107944127;0.000105785658;
2021;04;09;9;1;0.000103488460;0.000103293750;0.000138597863;0.000084669770;
2021;04;09;10;1;0.000115265186;0.000108826462;0.000160759574;0.000089931346;
2021;04;09;11;1;0.000124410313;0.000113073852;0.000167219086;0.000092555586;
2021;04;09;12;1;0.000128012068;0.000112812815;0.000168128054;0.000091329827;
2021;04;09;13;1;0.000132986664;0.000112551623;0.000168716777;0.000090353318;
2021;04;09;14;1;0.000143045511;0.000114958601;0.000159984214;0.000088784368;
2021;04;09;15;1;0.000143244346;0.000115196948;0.000140877931;0.000085025449;
2021;04;09;16;1;0.000130734007;0.000104322883;0.000132655088;0.000078547414;
2021;04;09;17;1;0.000121920048;0.000096430479;0.000130021573;0.000074855690;
2021;04;09;18;1;0.000119469378;0.000094330778;0.000128570277;0.000074691896;
2021;04;09;19;1;0.000119890860;0.000095236323;0.000124955731;0.000075497522;
2021;04;09;20;1;0.000123957024;0.000099788041;0.000120638539;0.000078910227;
2021;04;09;21;1;0.000138420991;0.000116532836;0.000121489317;0.000088045501;
2021;04;09;22;1;0.000159555725;0.000152820438;0.000124008629;0.000137752222;
2021;04;09;23;1;0.000144470503;0.000146257017;0.000110302550;0.000138562985;
2021;04;09;24;1;0.000119211576;0.000140267743;0.000099458049;0.000132468828;
2021;04;10;1;1;0.000096782997;0.000121590631;0.000091487497;0.000123037519;
2021;04;10;2;1;0.000078508061;0.000104623719;0.000085387999;0.000134674165;
2021;04;10;3;1;0.000067158965;0.000092044422;0.000082469771;0.000133645596;
2021;04;10;4;1;0.000061452265;0.000084932490;0.000081382206;0.000128628068;
2021;04;10;5;1;0.000058783299;0.000081462172;0.000080753338;0.000122408730;
2021;04;10;6;1;0.000058367320;0.000081474772;0.000082061659;0.000117454036;
2021;04;10;7;1;0.000060844235;0.000084818394;0.000085358939;0.000113404502;
2021;04;10;8;1;0.000067989139;0.000080669091;0.000084286088;0.000091704930;
2021;04;10;9;1;0.000085068532;0.000084437273;0.000088912826;0.000069475985;
2021;04;10;10;1;0.000110602301;0.000104195381;0.000100825767;0.000081430795;
2021;04;10;11;1;0.000129619789;0.000118630809;0.000111515378;0.000089402422;
2021;04;10;12;1;0.000137487112;0.000122630870;0.000116093497;0.000091525604;
2021;04;10;13;1;0.000142565859;0.000122251027;0.000117954584;0.000090423066;
2021;04;10;14;1;0.000153591812;0.000124846028;0.000114231254;0.000089328803;
2021;04;10;15;1;0.000153507221;0.000124261216;0.000106107277;0.000085564445;
2021;04;10;16;1;0.000134698794;0.000108081054;0.000101993194;0.000076141330;
2021;04;10;17;1;0.000121435650;0.000096757820;0.000099768250;0.000070463237;
2021;04;10;18;1;0.000116140219;0.000092485716;0.000100034350;0.000069053938;
2021;04;10;19;1;0.000115854707;0.000092601509;0.000099520754;0.000069754781;
2021;04;10;20;1;0.000119420733;0.000096349107;0.000102266816;0.000073553573;
2021;04;10;21;1;0.000133346589;0.000111588118;0.000108662186;0.000082254520;
2021;04;10;22;1;0.000155660381;0.000147384758;0.000116728189;0.000133462313;
2021;04;10;23;1;0.000142478160;0.000141883697;0.000108322753;0.000136925134;
2021;04;10;24;1;0.000119393693;0.000136437353;0.000099369202;0.000130211592;
2021;04;11;1;1;0.000098272531;0.000122487186;0.000090045069;0.000121013162;
2021;04;11;2;1;0.000080371412;0.000105950994;0.000083628717;0.000127899592;
2021;04;11;3;1;0.000068368078;0.000093035276;0.000080802524;0.000125432280;
2021;04;11;4;1;0.000061691971;0.000085101916;0.000079548569;0.000120992725;
2021;04;11;5;1;0.000058481829;0.000081054750;0.000079238547;0.000115901113;
2021;04;11;6;1;0.000057573148;0.000080684980;0.000079787118;0.000112058870;
2021;04;11;7;1;0.000059052639;0.000083369667;0.000081724884;0.000108715192;
2021;04;11;8;1;0.000063837743;0.000077636655;0.000077373857;0.000088049011;
2021;04;11;9;1;0.000077478545;0.000077691423;0.000076289804;0.000063370572;
2021;04;11;10;1;0.000102244434;0.000096520098;0.000082087615;0.000074335192;
2021;04;11;11;1;0.000125111048;0.000114769151;0.000087457035;0.000083757849;
2021;04;11;12;1;0.000136899140;0.000122840250;0.000092001977;0.000087751288;
2021;04;11;13;1;0.000142208860;0.000122964697;0.000094831717;0.000087414553;
2021;04;11;14;1;0.000151895424;0.000124132520;0.000095626259;0.000085835078;
2021;04;11;15;1;0.000151063354;0.000122526115;0.000093469364;0.000082733449;
2021;04;11;16;1;0.000130396663;0.000104544702;0.000090285445;0.000073069754;
2021;04;11;17;1;0.000117536455;0.000093491163;0.000087026432;0.000067670745;
2021;04;11;18;1;0.000112941163;0.000089831631;0.000084298139;0.000066514301;
2021;04;11;19;1;0.000114604947;0.000091628305;0.000083019812;0.000068632368;
2021;04;11;20;1;0.000120209024;0.000097173852;0.000085531931;0.000072569482;
2021;04;11;21;1;0.000137416213;0.000115712637;0.000091885268;0.000083187711;
2021;04;11;22;1;0.000159538296;0.000151589417;0.000103899422;0.000133590533;
2021;04;11;23;1;0.000142983150;0.000143246544;0.000098081025;0.000135918890;
2021;04;11;24;1;0.000116711966;0.000135901288;0.000090560856;0.000128826834;
2021;04;12;1;1;0.000091746816;0.000118835881;0.000083656790;0.000121754474;
2021;04;12;2;1;0.000073496688;0.000101525605;0.000080092874;0.000130356909;
2021;04;12;3;1;0.000063364593;0.000089797124;0.000078658310;0.000129110320;
2021;04;12;4;1;0.000058718692;0.000083441261;0.000077990031;0.000124541677;
2021;04;12;5;1;0.000056859369;0.000080635664;0.000078309366;0.000119613491;
2021;04;12;6;1;0.000057494309;0.000081239239;0.000080909937;0.000115800338;
2021;04;12;7;1;0.000065285904;0.000089351548;0.000090298378;0.000116634890;
2021;04;12;8;1;0.000083918042;0.000096431766;0.000104636233;0.000104072229;
2021;04;12;9;1;0.000101166730;0.000100121990;0.000132384075;0.000082063471;
2021;04;12;10;1;0.000115180527;0.000107624649;0.000152418630;0.000088437748;
2021;04;12;11;1;0.000126199680;0.000113646903;0.000158338593;0.000091201622;
2021;04;12;12;1;0.000130322350;0.000113955112;0.000158749416;0.000090866345;
2021;04;12;13;1;0.000135026697;0.000113515278;0.000158456772;0.000089547288;
2021;04;12;14;1;0.000144805599;0.000115684667;0.000150745709;0.000087988268;
2021;04;12;15;1;0.000144409130;0.000115417187;0.000134800751;0.000083844596;
2021;04;12;16;1;0.000130336568;0.000103188210;0.000130051208;0.000076572990;
2021;04;12;17;1;0.000120710729;0.000094535111;0.000129993999;0.000072641527;
2021;04;12;18;1;0.000118173405;0.000092289431;0.000128257571;0.000072611756;
2021;04;12;19;1;0.000119690274;0.000094062360;0.000122404251;0.000073881757;
2021;04;12;20;1;0.000126988788;0.000101373558;0.000116434067;0.000078710642;
2021;04;12;21;1;0.000147062944;0.000123166596;0.000115463952;0.000090006592;
2021;04;12;22;1;0.000168995885;0.000160450412;0.000117753789;0.000140689747;
2021;04;12;23;1;0.000149256977;0.000150321977;0.000103958893;0.000141528135;
2021;04;12;24;1;0.000118227057;0.000139178305;0.000093366723;0.000133394714;
2021;04;13;1;1;0.000091585720;0.000117102608;0.000087078675;0.000119569928;
2021;04;13;2;1;0.000073074821;0.000099490358;0.000083218672;0.000132649505;
2021;04;13;3;1;0.000063442186;0.000088321133;0.000081529864;0.000133116876;
2021;04;13;4;1;0.000059053399;0.000082298110;0.000080855770;0.000128914069;
2021;04;13;5;1;0.000057228835;0.000079473950;0.000081281744;0.000122806679;
2021;04;13;6;1;0.000058298488;0.000080645404;0.000083975558;0.000117321886;
2021;04;13;7;1;0.000066703922;0.000089267572;0.000094183657;0.000116663325;
2021;04;13;8;1;0.000086628984;0.000098018861;0.000111128491;0.000104851399;
2021;04;13;9;1;0.000103935061;0.000101930785;0.000142067086;0.000082454253;
2021;04;13;10;1;0.000116174800;0.000107711594;0.000163743655;0.000087580200;
2021;04;13;11;1;0.000126873604;0.000113395507;0.000171019091;0.000090676029;
2021;04;13;12;1;0.000130988325;0.000113614209;0.000171469300;0.000090174266;
2021;04;13;13;1;0.000136609662;0.000114011035;0.000171272445;0.000089102528;
2021;04;13;14;1;0.000146899992;0.000116864315;0.000162519646;0.000087348771;
2021;04;13;15;1;0.000145761017;0.000116027466;0.000144800398;0.000082763419;
2021;04;13;16;1;0.000131733568;0.000103843853;0.000139744243;0.000075707800;
2021;04;13;17;1;0.000122704160;0.000095721900;0.000139638357;0.000072257896;
2021;04;13;18;1;0.000120860589;0.000094049189;0.000138434548;0.000072321383;
2021;04;13;19;1;0.000122735643;0.000096127541;0.000131884336;0.000074192349;
2021;04;13;20;1;0.000130306776;0.000103706660;0.000125271876;0.000079300838;
2021;04;13;21;1;0.000150417994;0.000125622409;0.000122842210;0.000090189520;
2021;04;13;22;1;0.000170462021;0.000160556552;0.000122767172;0.000139452268;
2021;04;13;23;1;0.000149865995;0.000148932608;0.000107743583;0.000138843141;
2021;04;13;24;1;0.000119794263;0.000138249833;0.000096054646;0.000130865791;
2021;04;14;1;1;0.000092180254;0.000117960775;0.000087011326;0.000120115549;
2021;04;14;2;1;0.000073378574;0.000099963063;0.000083070342;0.000133009228;
2021;04;14;3;1;0.000063590146;0.000088562923;0.000081320222;0.000133285236;
2021;04;14;4;1;0.000059150361;0.000082460673;0.000080623818;0.000129006634;
2021;04;14;5;1;0.000057343350;0.000079662565;0.000081060890;0.000122929529;
2021;04;14;6;1;0.000058344834;0.000080729743;0.000083702957;0.000117326435;
2021;04;14;7;1;0.000066799031;0.000089422948;0.000093903910;0.000116726469;
2021;04;14;8;1;0.000086675059;0.000098092009;0.000110757296;0.000104834965;
2021;04;14;9;1;0.000103721469;0.000101716141;0.000141432723;0.000082271802;
2021;04;14;10;1;0.000115788280;0.000107333915;0.000162921291;0.000087297644;
2021;04;14;11;1;0.000125713683;0.000112271673;0.000169725091;0.000089963486;
2021;04;14;12;1;0.000129796881;0.000112493779;0.000170176214;0.000089469295;
2021;04;14;13;1;0.000135437035;0.000112950914;0.000170019433;0.000088442352;
2021;04;14;14;1;0.000145511849;0.000115666014;0.000161269770;0.000086641587;
2021;04;14;15;1;0.000144404905;0.000114856161;0.000143696661;0.000082103214;
2021;04;14;16;1;0.000130626219;0.000102898281;0.000138733707;0.000075157931;
2021;04;14;17;1;0.000121886148;0.000095033920;0.000138733997;0.000071832901;
2021;04;14;18;1;0.000119771869;0.000093130693;0.000137396213;0.000071761147;
2021;04;14;19;1;0.000121749607;0.000095291908;0.000130951282;0.000073675169;
2021;04;14;20;1;0.000129603344;0.000103106340;0.000124529544;0.000078914307;
2021;04;14;21;1;0.000149837961;0.000125108715;0.000122196863;0.000089860553;
2021;04;14;22;1;0.000170093920;0.000160199995;0.000122213387;0.000139132104;
2021;04;14;23;1;0.000149105092;0.000148123180;0.000107120209;0.000138201853;
2021;04;14;24;1;0.000119249964;0.000137579711;0.000095521319;0.000130316964;
2021;04;15;1;1;0.000092341206;0.000118046663;0.000087524072;0.000120185386;
2021;04;15;2;1;0.000073682251;0.000100299326;0.000083646739;0.000133339086;
2021;04;15;3;1;0.000063947211;0.000089004943;0.000081936901;0.000133771891;
2021;04;15;4;1;0.000059593909;0.000083043405;0.000081301485;0.000129670377;
2021;04;15;5;1;0.000057714597;0.000080135582;0.000081705975;0.000123462106;
2021;04;15;6;1;0.000058660504;0.000081114383;0.000084330392;0.000117735927;
2021;04;15;7;1;0.000067031279;0.000089658370;0.000094528765;0.000116955023;
2021;04;15;8;1;0.000086484339;0.000097737487;0.000111217555;0.000104566753;
2021;04;15;9;1;0.000103707181;0.000101579804;0.000142147544;0.000082195818;
2021;04;15;10;1;0.000116379574;0.000107809594;0.000164120256;0.000087581055;
2021;04;15;11;1;0.000126640104;0.000113049006;0.000171142300;0.000090417191;
2021;04;15;12;1;0.000130983141;0.000113492120;0.000171728544;0.000090046073;
2021;04;15;13;1;0.000136252967;0.000113565611;0.000171339107;0.000088793983;
2021;04;15;14;1;0.000146989728;0.000116822347;0.000162811841;0.000087269811;
2021;04;15;15;1;0.000146034096;0.000116147148;0.000145140571;0.000082771559;
2021;04;15;16;1;0.000132055446;0.000104016184;0.000140107221;0.000075749464;
2021;04;15;17;1;0.000122899830;0.000095791235;0.000139949420;0.000072249015;
2021;04;15;18;1;0.000120832769;0.000093928335;0.000138632472;0.000072207678;
2021;04;15;19;1;0.000122721130;0.000096015845;0.000132079409;0.000074082320;
2021;04;15;20;1;0.000130377255;0.000103661440;0.000125493226;0.000079224727;
2021;04;15;21;1;0.000150631418;0.000125689126;0.000123106338;0.000090165806;
2021;04;15;22;1;0.000170800440;0.000160742010;0.000123061461;0.000139478274;
2021;04;15;23;1;0.000150336894;0.000149294372;0.000108056325;0.000138996572;
2021;04;15;24;1;0.000120280781;0.000138725778;0.000096371746;0.000131105654;
2021;04;16;1;1;0.000092303506;0.000120968829;0.000086193975;0.000122308676;
2021;04;16;2;1;0.000073937422;0.000103291181;0.000082048089;0.000137461802;
2021;04;16;3;1;0.000063303348;0.000091185523;0.000080115590;0.000137922208;
2021;04;16;4;1;0.000058629346;0.000084702051;0.000079400434;0.000133419121;
2021;04;16;5;1;0.000056735473;0.000081640585;0.000079471434;0.000126075104;
2021;04;16;6;1;0.000057589748;0.000082394875;0.000082050314;0.000119974170;
2021;04;16;7;1;0.000066336194;0.000091246315;0.000091784542;0.000118418969;
2021;04;16;8;1;0.000086941690;0.000099997299;0.000108030457;0.000106012684;
2021;04;16;9;1;0.000103962892;0.000103725796;0.000138709987;0.000084852059;
2021;04;16;10;1;0.000115312158;0.000108780708;0.000160597922;0.000089827065;
2021;04;16;11;1;0.000124070099;0.000112635136;0.000166821482;0.000092217183;
2021;04;16;12;1;0.000126863094;0.000111600117;0.000167269521;0.000090542822;
2021;04;16;13;1;0.000131462014;0.000111033544;0.000167670957;0.000089395715;
2021;04;16;14;1;0.000140857110;0.000112923493;0.000158722530;0.000087572147;
2021;04;16;15;1;0.000141366609;0.000113435034;0.000139902597;0.000084012877;
2021;04;16;16;1;0.000129432472;0.000103088866;0.000131920950;0.000077809401;
2021;04;16;17;1;0.000121032967;0.000095574083;0.000129454863;0.000074312011;
2021;04;16;18;1;0.000118903379;0.000093756749;0.000128152128;0.000074299941;
2021;04;16;19;1;0.000119485294;0.000094798788;0.000124623424;0.000075182675;
2021;04;16;20;1;0.000123730767;0.000099500727;0.000120399729;0.000078678786;
2021;04;16;21;1;0.000138602660;0.000116600124;0.000121414759;0.000088006519;
2021;04;16;22;1;0.000160410168;0.000153588256;0.000124152572;0.000138134538;
2021;04;16;23;1;0.000145489023;0.000147265467;0.000110511099;0.000139133219;
2021;04;16;24;1;0.000120044783;0.000141226213;0.000099642391;0.000133006650;
2021;04;17;1;1;0.000097513267;0.000122462872;0.000091844046;0.000123585985;
2021;04;17;2;1;0.000078743172;0.000104849808;0.000085551455;0.000134788269;
2021;04;17;3;1;0.000067432196;0.000092352228;0.000082666145;0.000133872588;
2021;04;17;4;1;0.000061738522;0.000085271634;0.000081597020;0.000128906846;
2021;04;17;5;1;0.000059203542;0.000082010926;0.000081054211;0.000122916000;
2021;04;17;6;1;0.000058715086;0.000081916898;0.000082324493;0.000117829494;
2021;04;17;7;1;0.000061210508;0.000085284507;0.000085634437;0.000113772393;
2021;04;17;8;1;0.000068417014;0.000081136780;0.000084567983;0.000092022188;
2021;04;17;9;1;0.000086172171;0.000085549296;0.000089466347;0.000070083176;
2021;04;17;10;1;0.000111571758;0.000105083096;0.000101271750;0.000081872302;
2021;04;17;11;1;0.000130107349;0.000118987326;0.000111766168;0.000089532585;
2021;04;17;12;1;0.000137100284;0.000122111627;0.000116021229;0.000091181029;
2021;04;17;13;1;0.000141478325;0.000121085393;0.000117632947;0.000089736858;
2021;04;17;14;1;0.000152089750;0.000123360385;0.000113811539;0.000088497841;
2021;04;17;15;1;0.000152591508;0.000123304104;0.000105894714;0.000085027939;
2021;04;17;16;1;0.000134376572;0.000107673556;0.000101948493;0.000075880160;
2021;04;17;17;1;0.000121302666;0.000096531053;0.000099781360;0.000070294264;
2021;04;17;18;1;0.000116100669;0.000092345796;0.000100080470;0.000068929722;
2021;04;17;19;1;0.000115931468;0.000092563685;0.000099610245;0.000069684868;
2021;04;17;20;1;0.000119234323;0.000096073628;0.000102260030;0.000073350259;
2021;04;17;21;1;0.000132771567;0.000110930612;0.000108525297;0.000081847907;
2021;04;17;22;1;0.000155636840;0.000147192777;0.000116791180;0.000133241940;
2021;04;17;23;1;0.000143651870;0.000143009656;0.000108777699;0.000137610810;
2021;04;17;24;1;0.000120673086;0.000137893164;0.000099892770;0.000131118709;
2021;04;18;1;1;0.000099204534;0.000123568474;0.000090392322;0.000121616585;
2021;04;18;2;1;0.000081103444;0.000106842603;0.000083937328;0.000128499044;
2021;04;18;3;1;0.000069135768;0.000094035766;0.000081174644;0.000126230311;
2021;04;18;4;1;0.000062478205;0.000086159099;0.000079967429;0.000121907888;
2021;04;18;5;1;0.000059307181;0.000082183984;0.000079702543;0.000116903043;
2021;04;18;6;1;0.000058179294;0.000081490448;0.000080130191;0.000112709564;
2021;04;18;7;1;0.000059626459;0.000084127314;0.000082047772;0.000109276879;
2021;04;18;8;1;0.000064432277;0.000078307747;0.000077665807;0.000088475630;
2021;04;18;9;1;0.000078260737;0.000078430340;0.000076602741;0.000063716412;
2021;04;18;10;1;0.000102935600;0.000097082726;0.000082306777;0.000074545339;
2021;04;18;11;1;0.000125329141;0.000114803893;0.000087500105;0.000083661969;
2021;04;18;12;1;0.000136524489;0.000122271965;0.000091867182;0.000087338839;
2021;04;18;13;1;0.000141327423;0.000121927365;0.000094549613;0.000086763710;
2021;04;18;14;1;0.000150478151;0.000122657777;0.000095210480;0.000084982357;
2021;04;18;15;1;0.000149078794;0.000120558630;0.000092905224;0.000081660274;
2021;04;18;16;1;0.000129365577;0.000103466541;0.000089948738;0.000072426227;
2021;04;18;17;1;0.000117004861;0.000092874771;0.000086831326;0.000067256918;
2021;04;18;18;1;0.000112394055;0.000089207471;0.000084097579;0.000066090719;
2021;04;18;19;1;0.000113915085;0.000090872950;0.000082780108;0.000068131526;
2021;04;18;20;1;0.000119954405;0.000096789934;0.000085430699;0.000072264559;
2021;04;18;21;1;0.000137631138;0.000115724801;0.000091923423;0.000083080714;
2021;04;18;22;1;0.000159613687;0.000151423410;0.000103892860;0.000133302855;
2021;04;18;23;1;0.000143637794;0.000143736800;0.000098250785;0.000136069093;
2021;04;18;24;1;0.000117380005;0.000136537764;0.000090762780;0.000129086170;
2021;04;19;1;1;0.000092442644;0.000119520512;0.000084662125;0.000122231801;
2021;04;19;2;1;0.000074115679;0.000102204217;0.000081084596;0.000130954280;
2021;04;19;3;1;0.000064017699;0.000090583779;0.000079696922;0.000129894447;
2021;04;19;4;1;0.000059323025;0.000084170840;0.000079019322;0.000125296588;
2021;04;19;5;1;0.000057567288;0.000081532451;0.000079416457;0.000120542577;
2021;04;19;6;1;0.000058188097;0.000082108469;0.000082040221;0.000116664658;
2021;04;19;7;1;0.000066397268;0.000090795782;0.000091753884;0.000117961646;
2021;04;19;8;1;0.000085162056;0.000097756083;0.000106224450;0.000105076378;
2021;04;19;9;1;0.000102906512;0.000101758062;0.000134532195;0.000083009980;
2021;04;19;10;1;0.000116688099;0.000108897000;0.000154616703;0.000089169650;
2021;04;19;11;1;0.000127978436;0.000115116320;0.000160691642;0.000092029008;
2021;04;19;12;1;0.000132008103;0.000115283192;0.000161027672;0.000091607130;
2021;04;19;13;1;0.000136409347;0.000114501408;0.000160544081;0.000090086252;
2021;04;19;14;1;0.000146213537;0.000116623794;0.000152697445;0.000088481875;
2021;04;19;15;1;0.000145430474;0.000116017428;0.000136389751;0.000084139015;
2021;04;19;16;1;0.000131181750;0.000103658013;0.000131550932;0.000076806292;
2021;04;19;17;1;0.000122079938;0.000095471151;0.000131769065;0.000073142167;
2021;04;19;18;1;0.000119402453;0.000093107473;0.000129956095;0.000073058024;
2021;04;19;19;1;0.000121495029;0.000095380678;0.000124275205;0.000074609262;
2021;04;19;20;1;0.000129229724;0.000103081228;0.000118343799;0.000079645395;
2021;04;19;21;1;0.000149446274;0.000125046070;0.000117285028;0.000090972847;
2021;04;19;22;1;0.000170686104;0.000161802416;0.000119292289;0.000141509698;
2021;04;19;23;1;0.000150291776;0.000151081058;0.000105177372;0.000142008918;
2021;04;19;24;1;0.000119078030;0.000139921256;0.000094472489;0.000133876415;
2021;04;20;1;1;0.000091549997;0.000117226523;0.000086449137;0.000119602077;
2021;04;20;2;1;0.000073023743;0.000099561606;0.000082606078;0.000132652757;
2021;04;20;3;1;0.000063384628;0.000088363995;0.000080922503;0.000133098253;
2021;04;20;4;1;0.000058919866;0.000082214941;0.000080206184;0.000128757358;
2021;04;20;5;1;0.000057108474;0.000079407675;0.000080633933;0.000122672465;
2021;04;20;6;1;0.000058007258;0.000080320774;0.000083200738;0.000116923392;
2021;04;20;7;1;0.000066194911;0.000088648274;0.000093207651;0.000116022899;
2021;04;20;8;1;0.000085866894;0.000097212598;0.000109920848;0.000104178593;
2021;04;20;9;1;0.000102872937;0.000100932602;0.000140434891;0.000081831565;
2021;04;20;10;1;0.000115232745;0.000106907339;0.000162013406;0.000087066297;
2021;04;20;11;1;0.000125033559;0.000111749649;0.000168733943;0.000089681168;
2021;04;20;12;1;0.000128827631;0.000111715305;0.000169030043;0.000089041938;
2021;04;20;13;1;0.000134286681;0.000112041322;0.000168798483;0.000087947657;
2021;04;20;14;1;0.000144932036;0.000115310146;0.000160428124;0.000086468075;
2021;04;20;15;1;0.000144173228;0.000114804725;0.000143095000;0.000082094198;
2021;04;20;16;1;0.000130814062;0.000103197900;0.000138335938;0.000075331561;
2021;04;20;17;1;0.000121851249;0.000095129507;0.000138232989;0.000071900512;
2021;04;20;18;1;0.000119777687;0.000093258699;0.000136920346;0.000071847928;
2021;04;20;19;1;0.000121739085;0.000095408678;0.000130490067;0.000073756353;
2021;04;20;20;1;0.000129159746;0.000102852997;0.000123910244;0.000078791645;
2021;04;20;21;1;0.000148746981;0.000124268791;0.000121383509;0.000089444544;
2021;04;20;22;1;0.000168765079;0.000159031008;0.000121370885;0.000138428536;
2021;04;20;23;1;0.000148539943;0.000147699159;0.000106570330;0.000137946566;
2021;04;20;24;1;0.000118770880;0.000137151441;0.000095021434;0.000130052573;
2021;04;21;1;1;0.000091835466;0.000117579606;0.000086565285;0.000119812857;
2021;04;21;2;1;0.000073369189;0.000100038397;0.000082775140;0.000133056451;
2021;04;21;3;1;0.000063627620;0.000088699774;0.000081056547;0.000133408547;
2021;04;21;4;1;0.000059131989;0.000082506207;0.000080330880;0.000129033660;
2021;04;21;5;1;0.000057377854;0.000079786839;0.000080798307;0.000123044285;
2021;04;21;6;1;0.000058211256;0.000080598287;0.000083326295;0.000117165832;
2021;04;21;7;1;0.000066242991;0.000088681619;0.000093235658;0.000116006907;
2021;04;21;8;1;0.000085763874;0.000097042780;0.000109861656;0.000104004891;
2021;04;21;9;1;0.000102870305;0.000100886876;0.000140431210;0.000081771470;
2021;04;21;10;1;0.000115090811;0.000106716889;0.000161923681;0.000086918838;
2021;04;21;11;1;0.000124849933;0.000111521346;0.000168623239;0.000089512463;
2021;04;21;12;1;0.000128745546;0.000111589347;0.000168980714;0.000088933350;
2021;04;21;13;1;0.000134359004;0.000112060227;0.000168835565;0.000087922480;
2021;04;21;14;1;0.000144746808;0.000115098657;0.000160336598;0.000086318648;
2021;04;21;15;1;0.000143967340;0.000114575154;0.000143004078;0.000081942575;
2021;04;21;16;1;0.000130318180;0.000102722850;0.000138105487;0.000075051023;
2021;04;21;17;1;0.000121337153;0.000094646776;0.000137976643;0.000071608202;
2021;04;21;18;1;0.000119622466;0.000093085916;0.000136840848;0.000071722636;
2021;04;21;19;1;0.000121442386;0.000095111945;0.000130349278;0.000073560831;
2021;04;21;20;1;0.000129084016;0.000102742841;0.000123876707;0.000078698687;
2021;04;21;21;1;0.000148887085;0.000124344967;0.000121431579;0.000089447625;
2021;04;21;22;1;0.000168842022;0.000159043291;0.000121393285;0.000138379903;
2021;04;21;23;1;0.000148815609;0.000147938426;0.000106655054;0.000138051515;
2021;04;21;24;1;0.000118949418;0.000137320447;0.000095082181;0.000130114916;
2021;04;22;1;1;0.000092184705;0.000118019649;0.000086955654;0.000120178775;
2021;04;22;2;1;0.000073381659;0.000100012275;0.000083016946;0.000133078558;
2021;04;22;3;1;0.000063641478;0.000088681284;0.000081295037;0.000133435796;
2021;04;22;4;1;0.000059044642;0.000082334879;0.000080507740;0.000128886192;
2021;04;22;5;1;0.000057277505;0.000079597182;0.000080966773;0.000122877259;
2021;04;22;6;1;0.000058244248;0.000080612134;0.000083584957;0.000117222993;
2021;04;22;7;1;0.000066570590;0.000089125336;0.000093702312;0.000116466261;
2021;04;22;8;1;0.000086032903;0.000097334717;0.000110325141;0.000104267497;
2021;04;22;9;1;0.000103366054;0.000101377406;0.000141126988;0.000082087308;
2021;04;22;10;1;0.000115804690;0.000107398489;0.000162823876;0.000087350150;
2021;04;22;11;1;0.000125878251;0.000112483742;0.000169710050;0.000090101161;
2021;04;22;12;1;0.000129955303;0.000112695380;0.000170154251;0.000089599804;
2021;04;22;13;1;0.000135790049;0.000113326037;0.000170100047;0.000088668811;
2021;04;22;14;1;0.000146672901;0.000116735988;0.000161722566;0.000087233230;
2021;04;22;15;1;0.000145493540;0.000115863199;0.000144071633;0.000082634765;
2021;04;22;16;1;0.000131353083;0.000103576220;0.000138976896;0.000075526686;
2021;04;22;17;1;0.000122383134;0.000095503880;0.000138888224;0.000072100708;
2021;04;22;18;1;0.000120018416;0.000093383717;0.000137428489;0.000071913595;
2021;04;22;19;1;0.000121604157;0.000095208826;0.000130796569;0.000073641114;
2021;04;22;20;1;0.000128865939;0.000102505323;0.000124138296;0.000078595615;
2021;04;22;21;1;0.000148162549;0.000123622059;0.000121519570;0.000089104689;
2021;04;22;22;1;0.000168525070;0.000158643360;0.000121638567;0.000138177182;
2021;04;22;23;1;0.000148874870;0.000147936988;0.000106977298;0.000138099533;
2021;04;22;24;1;0.000118877526;0.000137166957;0.000095328427;0.000130057055;
2021;04;23;1;1;0.000090105124;0.000118668964;0.000083116452;0.000120680866;
2021;04;23;2;1;0.000071913361;0.000100920470;0.000078992345;0.000135238718;
2021;04;23;3;1;0.000061690071;0.000089283505;0.000077197315;0.000135901489;
2021;04;23;4;1;0.000057130955;0.000082928529;0.000076505682;0.000131456573;
2021;04;23;5;1;0.000055177959;0.000079760085;0.000076508501;0.000124027823;
2021;04;23;6;1;0.000056021019;0.000080516919;0.000078997644;0.000118045351;
2021;04;23;7;1;0.000064433205;0.000089020193;0.000088312720;0.000116377638;
2021;04;23;8;1;0.000084060905;0.000097064734;0.000103737598;0.000103806642;
2021;04;23;9;1;0.000100654561;0.000100834641;0.000133276629;0.000083175925;
2021;04;23;10;1;0.000111028734;0.000105107825;0.000153936253;0.000087667369;
2021;04;23;11;1;0.000119417052;0.000108787493;0.000159876207;0.000089973642;
2021;04;23;12;1;0.000122589275;0.000108258879;0.000160582546;0.000088618333;
2021;04;23;13;1;0.000127480734;0.000108127758;0.000161214518;0.000087740380;
2021;04;23;14;1;0.000137309691;0.000110606089;0.000152960065;0.000086309725;
2021;04;23;15;1;0.000137277575;0.000110637181;0.000134597597;0.000082549096;
2021;04;23;16;1;0.000125734113;0.000100586331;0.000126938577;0.000076475676;
2021;04;23;17;1;0.000117433267;0.000093130375;0.000124500330;0.000072968432;
2021;04;23;18;1;0.000114853040;0.000090910787;0.000123007978;0.000072698169;
2021;04;23;19;1;0.000115488684;0.000091985781;0.000119654157;0.000073599140;
2021;04;23;20;1;0.000119223373;0.000096219850;0.000115443735;0.000076832931;
2021;04;23;21;1;0.000132797001;0.000112051000;0.000116130047;0.000085555130;
2021;04;23;22;1;0.000153888611;0.000147807501;0.000118811246;0.000134421073;
2021;04;23;23;1;0.000140358133;0.000142599767;0.000106016733;0.000135998394;
2021;04;23;24;1;0.000115862951;0.000136818896;0.000095609114;0.000130056436;
2021;04;24;1;1;0.000094664161;0.000119302219;0.000088914992;0.000121408668;
2021;04;24;2;1;0.000076674854;0.000102485966;0.000082933021;0.000132733745;
2021;04;24;3;1;0.000065827705;0.000090522834;0.000080224777;0.000132098165;
2021;04;24;4;1;0.000060022903;0.000083205616;0.000079045605;0.000126784136;
2021;04;24;5;1;0.000057463391;0.000079878445;0.000078463034;0.000120733117;
2021;04;24;6;1;0.000057193093;0.000080101341;0.000079817178;0.000116066168;
2021;04;24;7;1;0.000059591277;0.000083344096;0.000083006585;0.000112021174;
2021;04;24;8;1;0.000066393294;0.000079009964;0.000081858343;0.000090374677;
2021;04;24;9;1;0.000083396742;0.000083057804;0.000086497948;0.000068680481;
2021;04;24;10;1;0.000108265639;0.000102322700;0.000098023980;0.000080402694;
2021;04;24;11;1;0.000126531504;0.000116144532;0.000108286214;0.000088080194;
2021;04;24;12;1;0.000133867864;0.000119722107;0.000112605651;0.000089988341;
2021;04;24;13;1;0.000138501873;0.000119056492;0.000114298903;0.000088745885;
2021;04;24;14;1;0.000149532451;0.000121870318;0.000110793887;0.000087820760;
2021;04;24;15;1;0.000149405631;0.000121259631;0.000102901068;0.000084100082;
2021;04;24;16;1;0.000131428366;0.000105761672;0.000099019627;0.000074987473;
2021;04;24;17;1;0.000118811730;0.000094967287;0.000096975236;0.000069546516;
2021;04;24;18;1;0.000113424477;0.000090592632;0.000097156848;0.000068057172;
2021;04;24;19;1;0.000113558924;0.000091071553;0.000096811462;0.000068947283;
2021;04;24;20;1;0.000116655771;0.000094401490;0.000099335256;0.000072505416;
2021;04;24;21;1;0.000129636294;0.000108755630;0.000105328054;0.000080774561;
2021;04;24;22;1;0.000151071387;0.000143374816;0.000113060785;0.000130882164;
2021;04;24;23;1;0.000139187273;0.000139024324;0.000105220270;0.000134980081;
2021;04;24;24;1;0.000117098360;0.000134272302;0.000096689552;0.000128766024;
2021;04;25;1;1;0.000097670212;0.000121736387;0.000089626346;0.000120485591;
2021;04;25;2;1;0.000079937592;0.000105386996;0.000083266529;0.000127416483;
2021;04;25;3;1;0.000068166669;0.000092791728;0.000080538672;0.000125202971;
2021;04;25;4;1;0.000061615104;0.000085038810;0.000079347512;0.000120934979;
2021;04;25;5;1;0.000058594867;0.000081279064;0.000079147533;0.000116138491;
2021;04;25;6;1;0.000057647304;0.000080850870;0.000079673091;0.000112230911;
2021;04;25;7;1;0.000058865061;0.000083130212;0.000081449839;0.000108496527;
2021;04;25;8;1;0.000063409717;0.000077111261;0.000076995081;0.000087625137;
2021;04;25;9;1;0.000077277619;0.000077518276;0.000076052372;0.000063272482;
2021;04;25;10;1;0.000102139414;0.000096471829;0.000081887956;0.000074312651;
2021;04;25;11;1;0.000125082194;0.000114812409;0.000087274952;0.000083785718;
2021;04;25;12;1;0.000136729524;0.000122749888;0.000091770081;0.000087710119;
2021;04;25;13;1;0.000142284574;0.000123114390;0.000094666044;0.000087496859;
2021;04;25;14;1;0.000151749715;0.000124079465;0.000095396946;0.000085813952;
2021;04;25;15;1;0.000150009860;0.000121661908;0.000092998651;0.000082316173;
2021;04;25;16;1;0.000129621373;0.000103925523;0.000089871902;0.000072761370;
2021;04;25;17;1;0.000117235053;0.000093285813;0.000086756646;0.000067567541;
2021;04;25;18;1;0.000112599743;0.000089588884;0.000084019946;0.000066388574;
2021;04;25;19;1;0.000114407556;0.000091512134;0.000082792912;0.000068573684;
2021;04;25;20;1;0.000120128128;0.000097163223;0.000085337078;0.000072567920;
2021;04;25;21;1;0.000137662828;0.000116015224;0.000091774195;0.000083348939;
2021;04;25;22;1;0.000158575112;0.000150676212;0.000103419472;0.000133017067;
2021;04;25;23;1;0.000142475097;0.000142775763;0.000097734566;0.000135604513;
2021;04;25;24;1;0.000116434336;0.000135630590;0.000090287453;0.000128649400;
2021;04;26;1;1;0.000091416212;0.000118416898;0.000083601592;0.000121490954;
2021;04;26;2;1;0.000073418453;0.000101452154;0.000080128469;0.000130337731;
2021;04;26;3;1;0.000063266499;0.000089684208;0.000078676761;0.000129041758;
2021;04;26;4;1;0.000058564189;0.000083236562;0.000077971633;0.000124368413;
2021;04;26;5;1;0.000056851083;0.000080659056;0.000078375536;0.000119683285;
2021;04;26;6;1;0.000057513711;0.000081306080;0.000080995417;0.000115912468;
2021;04;26;7;1;0.000065277649;0.000089379296;0.000090375596;0.000116704871;
2021;04;26;8;1;0.000083425483;0.000095851192;0.000104462655;0.000103658673;
2021;04;26;9;1;0.000100770083;0.000099734745;0.000132276098;0.000081864202;
2021;04;26;10;1;0.000114651419;0.000107128569;0.000152249312;0.000088175563;
2021;04;26;11;1;0.000126116101;0.000113615348;0.000158436002;0.000091217098;
2021;04;26;12;1;0.000130586677;0.000114261537;0.000159033831;0.000091076381;
2021;04;26;13;1;0.000135863254;0.000114342328;0.000159028732;0.000090051091;
2021;04;26;14;1;0.000145788666;0.000116603305;0.000151328684;0.000088524761;
2021;04;26;15;1;0.000145074580;0.000116055976;0.000135194016;0.000084210469;
2021;04;26;16;1;0.000130835135;0.000103670244;0.000130386104;0.000076859413;
2021;04;26;17;1;0.000121583290;0.000095331692;0.000130521528;0.000073109802;
2021;04;26;18;1;0.000119218286;0.000093231283;0.000128868497;0.000073173085;
2021;04;26;19;1;0.000120693286;0.000094974589;0.000122962046;0.000074425527;
2021;04;26;20;1;0.000128030600;0.000102337206;0.000116955203;0.000079278699;
2021;04;26;21;1;0.000147474763;0.000123602892;0.000115709279;0.000090269692;
2021;04;26;22;1;0.000167970008;0.000159449536;0.000117547027;0.000140107330;
2021;04;26;23;1;0.000148506860;0.000149557160;0.000103824282;0.000141060347;
2021;04;26;24;1;0.000117750040;0.000138621765;0.000093286996;0.000133059712;
2021;04;27;1;1;0.000090423799;0.000115935587;0.000085372037;0.000118727176;
2021;04;27;2;1;0.000072088876;0.000098410161;0.000081558826;0.000131629313;
2021;04;27;3;1;0.000062507596;0.000087241138;0.000079860115;0.000131961385;
2021;04;27;4;1;0.000058178032;0.000081283357;0.000079196694;0.000127785675;
2021;04;27;5;1;0.000056463747;0.000078621940;0.000079664814;0.000121874238;
2021;04;27;6;1;0.000057432552;0.000079648579;0.000082250835;0.000116291624;
2021;04;27;7;1;0.000065398330;0.000087697979;0.000092057800;0.000115199470;
2021;04;27;8;1;0.000084513261;0.000095770533;0.000108385127;0.000103128134;
2021;04;27;9;1;0.000102178700;0.000100439882;0.000139024992;0.000081595960;
2021;04;27;10;1;0.000114310737;0.000106237672;0.000160298148;0.000086728389;
2021;04;27;11;1;0.000124225571;0.000111239581;0.000167060554;0.000089443322;
2021;04;27;12;1;0.000128438521;0.000111630339;0.000167605771;0.000089050091;
2021;04;27;13;1;0.000134241387;0.000112288418;0.000167572160;0.000088143739;
2021;04;27;14;1;0.000144266415;0.000115022218;0.000158966632;0.000086367466;
2021;04;27;15;1;0.000143156950;0.000114206556;0.000141638684;0.000081837758;
2021;04;27;16;1;0.000129578288;0.000102386826;0.000136784063;0.000074952151;
2021;04;27;17;1;0.000120589238;0.000094286237;0.000136627492;0.000071486122;
2021;04;27;18;1;0.000118477626;0.000092380871;0.000135300358;0.000071405288;
2021;04;27;19;1;0.000120488482;0.000094571825;0.000128979211;0.000073336197;
2021;04;27;20;1;0.000128191723;0.000102266308;0.000122625562;0.000078517657;
2021;04;27;21;1;0.000147143298;0.000123108995;0.000119951290;0.000088898736;
2021;04;27;22;1;0.000166452310;0.000157034053;0.000119783488;0.000137260045;
2021;04;27;23;1;0.000147148235;0.000146550985;0.000105378396;0.000137260330;
2021;04;27;24;1;0.000117541496;0.000135936518;0.000093918180;0.000129303766;
2021;04;28;1;1;0.000090216313;0.000115838443;0.000084683036;0.000118636848;
2021;04;28;2;1;0.000071833600;0.000098192274;0.000080856498;0.000131398500;
2021;04;28;3;1;0.000062181774;0.000086887029;0.000079114465;0.000131554288;
2021;04;28;4;1;0.000057739401;0.000080744619;0.000078377301;0.000127154664;
2021;04;28;5;1;0.000056100380;0.000078196684;0.000078878706;0.000121379550;
2021;04;28;6;1;0.000056928850;0.000079012474;0.000081355861;0.000115603318;
2021;04;28;7;1;0.000065013372;0.000087277065;0.000091170705;0.000114781723;
2021;04;28;8;1;0.000084016250;0.000095311129;0.000107341744;0.000102755114;
2021;04;28;9;1;0.000101134022;0.000099476758;0.000137423925;0.000081018290;
2021;04;28;10;1;0.000113203974;0.000105282401;0.000158490162;0.000086151955;
2021;04;28;11;1;0.000122829221;0.000110048153;0.000165062712;0.000088737607;
2021;04;28;12;1;0.000126771309;0.000110220388;0.000165474503;0.000088223933;
2021;04;28;13;1;0.000132405179;0.000110783770;0.000165390224;0.000087276879;
2021;04;28;14;1;0.000142829685;0.000113952764;0.000157154708;0.000085774438;
2021;04;28;15;1;0.000141835645;0.000113236536;0.000140069269;0.000081323430;
2021;04;28;16;1;0.000128319612;0.000101462530;0.000135239657;0.000074452189;
2021;04;28;17;1;0.000119582265;0.000093576903;0.000135165838;0.000071086952;
2021;04;28;18;1;0.000117400018;0.000091609930;0.000133809045;0.000070964158;
2021;04;28;19;1;0.000119492969;0.000093869523;0.000127604368;0.000072931866;
2021;04;28;20;1;0.000126496842;0.000100947486;0.000121053328;0.000077774102;
2021;04;28;21;1;0.000145167112;0.000121492719;0.000118403063;0.000088042376;
2021;04;28;22;1;0.000165030581;0.000155819551;0.000118492121;0.000136472738;
2021;04;28;23;1;0.000146002464;0.000145539607;0.000104276954;0.000136555639;
2021;04;28;24;1;0.000116826690;0.000135254406;0.000093005829;0.000128815364;
2021;04;29;1;1;0.000089888797;0.000115401257;0.000084536767;0.000118329965;
2021;04;29;2;1;0.000071572868;0.000097821719;0.000080716936;0.000131058755;
2021;04;29;3;1;0.000061971538;0.000086582899;0.000078986613;0.000131240294;
2021;04;29;4;1;0.000057714296;0.000080724348;0.000078351263;0.000127149019;
2021;04;29;5;1;0.000056138763;0.000078273565;0.000078890933;0.000121482115;
2021;04;29;6;1;0.000056905602;0.000078994924;0.000081329810;0.000115600652;
2021;04;29;7;1;0.000065053055;0.000087355841;0.000091181747;0.000114871845;
2021;04;29;8;1;0.000083927595;0.000095221986;0.000107277063;0.000102699865;
2021;04;29;9;1;0.000101037023;0.000099394343;0.000137346632;0.000080980825;
2021;04;29;10;1;0.000113032297;0.000105130490;0.000158362401;0.000086073891;
2021;04;29;11;1;0.000123033329;0.000110274876;0.000165158990;0.000088881693;
2021;04;29;12;1;0.000126888351;0.000110357798;0.000165517450;0.000088315272;
2021;04;29;13;1;0.000132607304;0.000110995595;0.000165476627;0.000087409101;
2021;04;29;14;1;0.000143000944;0.000114129471;0.000157214429;0.000085882066;
2021;04;29;15;1;0.000142179877;0.000113565557;0.000140197241;0.000081504789;
2021;04;29;16;1;0.000128720720;0.000101835544;0.000135404397;0.000074659591;
2021;04;29;17;1;0.000119774729;0.000093764367;0.000135241385;0.000071199350;
2021;04;29;18;1;0.000117785495;0.000091962528;0.000133981605;0.000071170866;
2021;04;29;19;1;0.000119348266;0.000093765642;0.000127518705;0.000072883579;
2021;04;29;20;1;0.000126141730;0.000100658027;0.000120887932;0.000077623933;
2021;04;29;21;1;0.000144504672;0.000120908768;0.000118151306;0.000087749766;
2021;04;29;22;1;0.000164949465;0.000155770709;0.000118449785;0.000136460492;
2021;04;29;23;1;0.000146070274;0.000145647370;0.000104283228;0.000136647254;
2021;04;29;24;1;0.000116764123;0.000135205417;0.000092970853;0.000128799330;
2021;04;30;1;1;0.000089453479;0.000117813365;0.000082818776;0.000120114794;
2021;04;30;2;1;0.000071573270;0.000100471163;0.000078796241;0.000134874448;
2021;04;30;3;1;0.000061185473;0.000088546452;0.000076888928;0.000135161513;
2021;04;30;4;1;0.000056714144;0.000082324707;0.000076229734;0.000130833496;
2021;04;30;5;1;0.000054999848;0.000079536862;0.000076369126;0.000123842465;
2021;04;30;6;1;0.000055932767;0.000080438270;0.000078910887;0.000118024432;
2021;04;30;7;1;0.000064343770;0.000088951647;0.000088222923;0.000116374345;
2021;04;30;8;1;0.000083930288;0.000096972272;0.000103624538;0.000103789953;
2021;04;30;9;1;0.000100646274;0.000100902312;0.000133216819;0.000083259941;
2021;04;30;10;1;0.000111456920;0.000105635189;0.000154131334;0.000088030684;
2021;04;30;11;1;0.000119468476;0.000108922133;0.000159840008;0.000090101181;
2021;04;30;12;1;0.000122425296;0.000108181595;0.000160422607;0.000088619311;
2021;04;30;13;1;0.000127286331;0.000108028236;0.000161040737;0.000087728251;
2021;04;30;14;1;0.000137306174;0.000110687234;0.000152895216;0.000086400806;
2021;04;30;15;1;0.000137595484;0.000111004175;0.000134677878;0.000082790022;
2021;04;30;16;1;0.000125979228;0.000100879335;0.000126994001;0.000076676571;
2021;04;30;17;1;0.000117876011;0.000093588801;0.000124653328;0.000073265779;
2021;04;30;18;1;0.000115194716;0.000091278527;0.000123116476;0.000072948394;
2021;04;30;19;1;0.000115795274;0.000092325373;0.000119742999;0.000073833712;
2021;04;30;20;1;0.000119633472;0.000096658605;0.000115568460;0.000077125594;
2021;04;30;21;1;0.000132987774;0.000112314284;0.000116154137;0.000085744635;
2021;04;30;22;1;0.000153619978;0.000147635564;0.000118671580;0.000134378761;
2021;04;30;23;1;0.000139822219;0.000142108045;0.000105795938;0.000135730931;
2021;04;30;24;1;0.000115398160;0.000136317687;0.000095402289;0.000129780962;
