AŃO;MES;DIA;HORA;VERANO(1)/INVIERNO(0);COEF. PERFIL A;COEF. PERFIL B;COEF. PERFIL C;COEF. PERFIL D;
2019;06;01;1;1;0.000091620704;0.000117303622;0.000098821527;0.000147649582;
2019;06;01;2;1;0.000077354212;0.000108048692;0.000090146735;0.000154501479;
2019;06;01;3;1;0.000068282351;0.000100515879;0.000085509308;0.000151064108;
2019;06;01;4;1;0.000063180822;0.000096969266;0.000082983642;0.000145254363;
2019;06;01;5;1;0.000060631628;0.000094767818;0.000082256465;0.000138267142;
2019;06;01;6;1;0.000059768810;0.000094079520;0.000082943171;0.000133342084;
2019;06;01;7;1;0.000061177666;0.000076559612;0.000080297306;0.000101352057;
2019;06;01;8;1;0.000066912961;0.000049104720;0.000077523911;0.000049277876;
2019;06;01;9;1;0.000081502616;0.000056674880;0.000089009493;0.000055195730;
2019;06;01;10;1;0.000101190849;0.000067025371;0.000103237394;0.000063012456;
2019;06;01;11;1;0.000115862046;0.000074170593;0.000116402130;0.000069149429;
2019;06;01;12;1;0.000120733320;0.000075814463;0.000121293029;0.000071081055;
2019;06;01;13;1;0.000124711059;0.000075249906;0.000124349166;0.000070183608;
2019;06;01;14;1;0.000131805660;0.000076531225;0.000122209368;0.000070124413;
2019;06;01;15;1;0.000130597898;0.000075991980;0.000114444357;0.000068859714;
2019;06;01;16;1;0.000118642505;0.000069369480;0.000111254232;0.000063531548;
2019;06;01;17;1;0.000111592411;0.000065036743;0.000108707246;0.000059519488;
2019;06;01;18;1;0.000110051492;0.000063867859;0.000109270207;0.000059417871;
2019;06;01;19;1;0.000110851335;0.000063945971;0.000109813407;0.000061188326;
2019;06;01;20;1;0.000111135915;0.000064712588;0.000112151295;0.000061533160;
2019;06;01;21;1;0.000114021561;0.000067106766;0.000113271020;0.000063912001;
2019;06;01;22;1;0.000121667488;0.000083835838;0.000112983891;0.000081013629;
2019;06;01;23;1;0.000121804186;0.000125016474;0.000115433928;0.000172196959;
2019;06;01;24;1;0.000108122155;0.000125898412;0.000106953401;0.000168422297;
2019;06;02;1;1;0.000093941036;0.000122314836;0.000098555473;0.000148290493;
2019;06;02;2;1;0.000080203963;0.000113394543;0.000089620140;0.000149645747;
2019;06;02;3;1;0.000070702207;0.000105823169;0.000084499049;0.000145372501;
2019;06;02;4;1;0.000064895177;0.000101587586;0.000082386349;0.000140464620;
2019;06;02;5;1;0.000062022905;0.000099017717;0.000081555449;0.000135629419;
2019;06;02;6;1;0.000060594941;0.000098128639;0.000081757791;0.000131896412;
2019;06;02;7;1;0.000060859275;0.000078901526;0.000077782397;0.000099637988;
2019;06;02;8;1;0.000064162605;0.000047323400;0.000070963108;0.000045507494;
2019;06;02;9;1;0.000075338469;0.000052944295;0.000076001003;0.000048730739;
2019;06;02;10;1;0.000092136291;0.000062357114;0.000083897295;0.000055408935;
2019;06;02;11;1;0.000106811858;0.000070865635;0.000090781959;0.000062866737;
2019;06;02;12;1;0.000114398289;0.000074288076;0.000095323996;0.000066783817;
2019;06;02;13;1;0.000119058353;0.000074566667;0.000099274392;0.000065074080;
2019;06;02;14;1;0.000125674530;0.000075249346;0.000100936086;0.000064979116;
2019;06;02;15;1;0.000126512077;0.000075306567;0.000099968788;0.000065524657;
2019;06;02;16;1;0.000115347540;0.000068399277;0.000097635578;0.000060025540;
2019;06;02;17;1;0.000109058995;0.000064388527;0.000094045391;0.000056678179;
2019;06;02;18;1;0.000107555864;0.000063128987;0.000091370645;0.000057119057;
2019;06;02;19;1;0.000109656655;0.000063425639;0.000090588361;0.000058237199;
2019;06;02;20;1;0.000112791818;0.000065318378;0.000092352973;0.000060581360;
2019;06;02;21;1;0.000119994120;0.000069572301;0.000094128305;0.000063697137;
2019;06;02;22;1;0.000131544655;0.000088569726;0.000099092101;0.000084153291;
2019;06;02;23;1;0.000129953443;0.000132400569;0.000104203359;0.000179776430;
2019;06;02;24;1;0.000110784383;0.000131873627;0.000096002773;0.000172885822;
2019;06;03;1;1;0.000088903999;0.000119696829;0.000087729512;0.000146286216;
2019;06;03;2;1;0.000073649419;0.000108793987;0.000082514015;0.000148236671;
2019;06;03;3;1;0.000065493193;0.000101729678;0.000079712202;0.000142503683;
2019;06;03;4;1;0.000061490484;0.000098833705;0.000078340111;0.000138112726;
2019;06;03;5;1;0.000059877712;0.000097024656;0.000078406572;0.000133330408;
2019;06;03;6;1;0.000060188120;0.000096246358;0.000080299253;0.000129203611;
2019;06;03;7;1;0.000066380439;0.000080713430;0.000083463110;0.000100143311;
2019;06;03;8;1;0.000081613605;0.000058073067;0.000094259640;0.000052413935;
2019;06;03;9;1;0.000097867174;0.000068346790;0.000128596109;0.000059566019;
2019;06;03;10;1;0.000109654029;0.000072146540;0.000154501049;0.000063463393;
2019;06;03;11;1;0.000118903764;0.000075103731;0.000166611664;0.000065007289;
2019;06;03;12;1;0.000123194786;0.000075603678;0.000170708468;0.000066973571;
2019;06;03;13;1;0.000128763927;0.000076109449;0.000174635630;0.000067186924;
2019;06;03;14;1;0.000136211713;0.000077985601;0.000169396140;0.000067546701;
2019;06;03;15;1;0.000133472691;0.000077092958;0.000152651812;0.000066500399;
2019;06;03;16;1;0.000126031044;0.000072106773;0.000146235355;0.000062749666;
2019;06;03;17;1;0.000124438367;0.000069576385;0.000147507322;0.000060213016;
2019;06;03;18;1;0.000129087672;0.000070308749;0.000150141245;0.000063129447;
2019;06;03;19;1;0.000130830003;0.000070758722;0.000144920332;0.000064396879;
2019;06;03;20;1;0.000131277400;0.000071864616;0.000136177444;0.000065749720;
2019;06;03;21;1;0.000134016426;0.000074805921;0.000124480164;0.000068518498;
2019;06;03;22;1;0.000140123370;0.000092831732;0.000115595761;0.000085222894;
2019;06;03;23;1;0.000135145808;0.000135555420;0.000111751667;0.000182610941;
2019;06;03;24;1;0.000112289977;0.000132138318;0.000100199601;0.000174464823;
2019;06;04;1;1;0.000089884553;0.000122443542;0.000092398671;0.000151368880;
2019;06;04;2;1;0.000074251770;0.000111783714;0.000086816894;0.000159178772;
2019;06;04;3;1;0.000066238858;0.000104850593;0.000083572399;0.000154155354;
2019;06;04;4;1;0.000062518430;0.000101955132;0.000082094479;0.000147600804;
2019;06;04;5;1;0.000060818447;0.000100156586;0.000081901837;0.000141287104;
2019;06;04;6;1;0.000061264060;0.000099836688;0.000083926722;0.000135417988;
2019;06;04;7;1;0.000067616483;0.000083753657;0.000086601587;0.000103454124;
2019;06;04;8;1;0.000083613941;0.000059721904;0.000097254836;0.000053644446;
2019;06;04;9;1;0.000100313756;0.000070048968;0.000130161253;0.000061157451;
2019;06;04;10;1;0.000112271147;0.000074154214;0.000155646155;0.000063604134;
2019;06;04;11;1;0.000121583227;0.000076578157;0.000168275103;0.000065880332;
2019;06;04;12;1;0.000125897354;0.000076749118;0.000173098796;0.000066801457;
2019;06;04;13;1;0.000131397474;0.000077497221;0.000177394875;0.000067321888;
2019;06;04;14;1;0.000138484475;0.000079537930;0.000172433007;0.000067942437;
2019;06;04;15;1;0.000134629210;0.000078214184;0.000155800589;0.000065883756;
2019;06;04;16;1;0.000126864771;0.000072934664;0.000149382894;0.000061500525;
2019;06;04;17;1;0.000126314892;0.000070646691;0.000150359865;0.000059638268;
2019;06;04;18;1;0.000130573920;0.000071578959;0.000152590473;0.000062941483;
2019;06;04;19;1;0.000132367640;0.000071910754;0.000147777123;0.000064321067;
2019;06;04;20;1;0.000131878912;0.000072675362;0.000139420022;0.000065597564;
2019;06;04;21;1;0.000133800229;0.000075635058;0.000128134116;0.000067775806;
2019;06;04;22;1;0.000139977860;0.000094139852;0.000118891257;0.000086260341;
2019;06;04;23;1;0.000135443336;0.000138111337;0.000115212994;0.000186483144;
2019;06;04;24;1;0.000113333558;0.000135597862;0.000103473952;0.000177982305;
2019;06;05;1;1;0.000087944831;0.000120713108;0.000090341788;0.000150390192;
2019;06;05;2;1;0.000072657960;0.000110233844;0.000084894262;0.000158228329;
2019;06;05;3;1;0.000064831039;0.000103448360;0.000081739263;0.000153375096;
2019;06;05;4;1;0.000061196150;0.000100616323;0.000080302246;0.000146920605;
2019;06;05;5;1;0.000059514292;0.000098774424;0.000080089815;0.000140465860;
2019;06;05;6;1;0.000059945491;0.000098441900;0.000082063249;0.000134592938;
2019;06;05;7;1;0.000066158544;0.000082576484;0.000084675334;0.000102809441;
2019;06;05;8;1;0.000081807599;0.000058876508;0.000095087596;0.000053299626;
2019;06;05;9;1;0.000098119515;0.000069013418;0.000127225546;0.000060693418;
2019;06;05;10;1;0.000109748687;0.000072956380;0.000152043296;0.000062961936;
2019;06;05;11;1;0.000118825044;0.000075302662;0.000164343256;0.000065154505;
2019;06;05;12;1;0.000122985231;0.000075392051;0.000168977200;0.000065940316;
2019;06;05;13;1;0.000128288562;0.000076032584;0.000173077134;0.000066304683;
2019;06;05;14;1;0.000135256852;0.000078099559;0.000168296968;0.000067017149;
2019;06;05;15;1;0.000131453516;0.000076749100;0.000152019643;0.000064908774;
2019;06;05;16;1;0.000123737965;0.000071390888;0.000145599707;0.000060317287;
2019;06;05;17;1;0.000123203856;0.000069154074;0.000146554575;0.000058494786;
2019;06;05;18;1;0.000127320751;0.000070020120;0.000148685245;0.000061661066;
2019;06;05;19;1;0.000129068708;0.000070343220;0.000143993885;0.000063009885;
2019;06;05;20;1;0.000128637769;0.000071148806;0.000135898917;0.000064354833;
2019;06;05;21;1;0.000130628299;0.000074197667;0.000125009466;0.000066738928;
2019;06;05;22;1;0.000136718913;0.000092442821;0.000116042445;0.000085094648;
2019;06;05;23;1;0.000132323078;0.000135699162;0.000112480468;0.000184153357;
2019;06;05;24;1;0.000110731211;0.000133253012;0.000101027654;0.000175814329;
2019;06;06;1;1;0.000086591154;0.000119217495;0.000088923030;0.000148900347;
2019;06;06;2;1;0.000071548472;0.000108898610;0.000083571435;0.000156739106;
2019;06;06;3;1;0.000063840998;0.000102194770;0.000080465510;0.000151928977;
2019;06;06;4;1;0.000060264641;0.000099408236;0.000079054851;0.000145564232;
2019;06;06;5;1;0.000058627171;0.000097659634;0.000078870994;0.000139351869;
2019;06;06;6;1;0.000059025420;0.000097230358;0.000080778100;0.000133273503;
2019;06;06;7;1;0.000065140428;0.000081552182;0.000083345843;0.000101782330;
2019;06;06;8;1;0.000080541495;0.000058134483;0.000093586297;0.000052748171;
2019;06;06;9;1;0.000096647396;0.000068218875;0.000125277030;0.000060186511;
2019;06;06;10;1;0.000108119430;0.000072142932;0.000149738697;0.000062477767;
2019;06;06;11;1;0.000117044337;0.000074438735;0.000161829118;0.000064615149;
2019;06;06;12;1;0.000121147820;0.000074535005;0.000166399919;0.000065406972;
2019;06;06;13;1;0.000126385105;0.000075186263;0.000170455105;0.000065797128;
2019;06;06;14;1;0.000133216029;0.000077185438;0.000165705094;0.000066434718;
2019;06;06;15;1;0.000129483607;0.000075868782;0.000149694088;0.000064372078;
2019;06;06;16;1;0.000121980451;0.000070700285;0.000143486198;0.000060015998;
2019;06;06;17;1;0.000121484013;0.000068523995;0.000144462980;0.000058262755;
2019;06;06;18;1;0.000125532003;0.000069367604;0.000146549890;0.000061392898;
2019;06;06;19;1;0.000127333356;0.000069785456;0.000142012846;0.000062895817;
2019;06;06;20;1;0.000126963796;0.000070655370;0.000134087951;0.000064355105;
2019;06;06;21;1;0.000128869038;0.000073605273;0.000123286798;0.000066610895;
2019;06;06;22;1;0.000134902909;0.000091743306;0.000114464798;0.000084994315;
2019;06;06;23;1;0.000130585657;0.000134718016;0.000110968409;0.000184042612;
2019;06;06;24;1;0.000109272615;0.000132277934;0.000099665285;0.000175685137;
2019;06;07;1;1;0.000086581404;0.000113969989;0.000092285505;0.000140648574;
2019;06;07;2;1;0.000072133477;0.000104266356;0.000086189527;0.000149843832;
2019;06;07;3;1;0.000063952383;0.000097553608;0.000082841710;0.000146895077;
2019;06;07;4;1;0.000059985449;0.000094584379;0.000081218857;0.000141163676;
2019;06;07;5;1;0.000058210248;0.000092909255;0.000081008746;0.000134247750;
2019;06;07;6;1;0.000058685900;0.000092552254;0.000082893421;0.000127980095;
2019;06;07;7;1;0.000064837623;0.000078063806;0.000085359283;0.000100047134;
2019;06;07;8;1;0.000079898909;0.000057384048;0.000094971780;0.000055790542;
2019;06;07;9;1;0.000095897237;0.000067141688;0.000126490998;0.000063198841;
2019;06;07;10;1;0.000107051492;0.000071462585;0.000150730744;0.000066518966;
2019;06;07;11;1;0.000115959917;0.000074085979;0.000162389829;0.000067934529;
2019;06;07;12;1;0.000120189132;0.000074645314;0.000167430037;0.000069619018;
2019;06;07;13;1;0.000125294007;0.000075097195;0.000171068070;0.000069701601;
2019;06;07;14;1;0.000131773685;0.000076749395;0.000166474602;0.000068874310;
2019;06;07;15;1;0.000129251415;0.000075601808;0.000149792029;0.000066982835;
2019;06;07;16;1;0.000121678495;0.000070877181;0.000140193569;0.000064456625;
2019;06;07;17;1;0.000119565502;0.000068849150;0.000138607102;0.000062795707;
2019;06;07;18;1;0.000122369714;0.000069281863;0.000138793457;0.000064619117;
2019;06;07;19;1;0.000123269725;0.000069504188;0.000136289729;0.000065584463;
2019;06;07;20;1;0.000121784443;0.000069878571;0.000131652266;0.000065875205;
2019;06;07;21;1;0.000121548380;0.000071065947;0.000124502079;0.000066976899;
2019;06;07;22;1;0.000125662719;0.000087141295;0.000119057729;0.000083670423;
2019;06;07;23;1;0.000123638171;0.000126960712;0.000118237987;0.000171423243;
2019;06;07;24;1;0.000107683886;0.000126233725;0.000108085398;0.000164421022;
2019;06;08;1;1;0.000090021220;0.000115749119;0.000097045733;0.000146269163;
2019;06;08;2;1;0.000076032072;0.000106707147;0.000088559768;0.000153290587;
2019;06;08;3;1;0.000067120184;0.000099284470;0.000084010135;0.000149925537;
2019;06;08;4;1;0.000062104354;0.000095777358;0.000081527267;0.000144148942;
2019;06;08;5;1;0.000059596616;0.000093595888;0.000080810171;0.000137196142;
2019;06;08;6;1;0.000058799569;0.000093100592;0.000081555599;0.000132785275;
2019;06;08;7;1;0.000060198498;0.000075800575;0.000078970947;0.000101021048;
2019;06;08;8;1;0.000065841998;0.000048618455;0.000076243362;0.000049119544;
2019;06;08;9;1;0.000080183873;0.000056090767;0.000087523650;0.000054977551;
2019;06;08;10;1;0.000099470084;0.000066206674;0.000101428941;0.000062542015;
2019;06;08;11;1;0.000113929626;0.000073320283;0.000114401052;0.000068727778;
2019;06;08;12;1;0.000118721558;0.000074947997;0.000119209784;0.000070652078;
2019;06;08;13;1;0.000122589259;0.000074329190;0.000122169822;0.000069656798;
2019;06;08;14;1;0.000129513483;0.000075528641;0.000120021495;0.000069487718;
2019;06;08;15;1;0.000128287364;0.000074944087;0.000112361025;0.000068148616;
2019;06;08;16;1;0.000116544105;0.000068413631;0.000109229553;0.000062876423;
2019;06;08;17;1;0.000109648041;0.000064179719;0.000106757483;0.000058970586;
2019;06;08;18;1;0.000108136944;0.000063030177;0.000107313296;0.000058876523;
2019;06;08;19;1;0.000108852832;0.000063014374;0.000107777420;0.000060468744;
2019;06;08;20;1;0.000109117163;0.000063749572;0.000110056713;0.000060774377;
2019;06;08;21;1;0.000111909696;0.000066053027;0.000111115120;0.000063028119;
2019;06;08;22;1;0.000119561590;0.000082753258;0.000110970433;0.000080305482;
2019;06;08;23;1;0.000119745311;0.000123518231;0.000113423590;0.000170981854;
2019;06;08;24;1;0.000106275539;0.000124338986;0.000105071961;0.000167111319;
2019;06;09;1;1;0.000091690113;0.000120139058;0.000096117839;0.000146543080;
2019;06;09;2;1;0.000078330113;0.000111532745;0.000087457012;0.000148254284;
2019;06;09;3;1;0.000069056900;0.000104108335;0.000082467346;0.000144077902;
2019;06;09;4;1;0.000063410904;0.000100034738;0.000080438297;0.000139449452;
2019;06;09;5;1;0.000060589953;0.000097451467;0.000079608160;0.000134517934;
2019;06;09;6;1;0.000059199326;0.000096592608;0.000079811531;0.000130855001;
2019;06;09;7;1;0.000059526948;0.000077873459;0.000076019367;0.000099328346;
2019;06;09;8;1;0.000062763139;0.000046716637;0.000069360368;0.000045386069;
2019;06;09;9;1;0.000073657936;0.000052205082;0.000074246872;0.000048499195;
2019;06;09;10;1;0.000090002408;0.000061363115;0.000081889355;0.000054943562;
2019;06;09;11;1;0.000104337932;0.000069735513;0.000088609113;0.000062337320;
2019;06;09;12;1;0.000111775950;0.000073144087;0.000093065169;0.000066287999;
2019;06;09;13;1;0.000116328669;0.000073417754;0.000096921520;0.000064590221;
2019;06;09;14;1;0.000122761223;0.000074045675;0.000098518204;0.000064425705;
2019;06;09;15;1;0.000123501575;0.000073995435;0.000097512665;0.000064797427;
2019;06;09;16;1;0.000112499914;0.000067068446;0.000095149836;0.000059135940;
2019;06;09;17;1;0.000106310928;0.000063060036;0.000091603069;0.000055716518;
2019;06;09;18;1;0.000104847549;0.000061828813;0.000088999378;0.000056153279;
2019;06;09;19;1;0.000106850255;0.000062058991;0.000088200097;0.000057150836;
2019;06;09;20;1;0.000109892475;0.000063893807;0.000089907792;0.000059421751;
2019;06;09;21;1;0.000116935684;0.000068089426;0.000091656533;0.000062534806;
2019;06;09;22;1;0.000128256970;0.000086783363;0.000096539022;0.000082794740;
2019;06;09;23;1;0.000126785061;0.000129918097;0.000101582314;0.000177344902;
2019;06;09;24;1;0.000108049538;0.000129309011;0.000093558713;0.000170329468;
2019;06;10;1;1;0.000084092304;0.000115259734;0.000082843932;0.000143413983;
2019;06;10;2;1;0.000069657406;0.000104741639;0.000077912246;0.000145280772;
2019;06;10;3;1;0.000061952631;0.000097975009;0.000075278063;0.000139754031;
2019;06;10;4;1;0.000058179503;0.000095235928;0.000073999079;0.000135579190;
2019;06;10;5;1;0.000056646708;0.000093468009;0.000074052884;0.000130826126;
2019;06;10;6;1;0.000056933198;0.000092693802;0.000075830922;0.000126724420;
2019;06;10;7;1;0.000062738941;0.000077587475;0.000078753827;0.000097884213;
2019;06;10;8;1;0.000077068993;0.000055711586;0.000088863401;0.000051042722;
2019;06;10;9;1;0.000092415630;0.000065564383;0.000121231713;0.000058002307;
2019;06;10;10;1;0.000103551751;0.000069218341;0.000145661345;0.000061811725;
2019;06;10;11;1;0.000112265157;0.000072023702;0.000157048871;0.000063264420;
2019;06;10;12;1;0.000116282933;0.000072455083;0.000160863958;0.000065099456;
2019;06;10;13;1;0.000121470754;0.000072845245;0.000164471405;0.000065153213;
2019;06;10;14;1;0.000128471532;0.000074607841;0.000159505620;0.000065450203;
2019;06;10;15;1;0.000125860762;0.000073717155;0.000143707667;0.000064378196;
2019;06;10;16;1;0.000118754089;0.000068830544;0.000137563576;0.000060557087;
2019;06;10;17;1;0.000117214248;0.000066364293;0.000138713815;0.000058028046;
2019;06;10;18;1;0.000121498761;0.000066943668;0.000141080545;0.000060643714;
2019;06;10;19;1;0.000123174444;0.000067416736;0.000136214271;0.000061935239;
2019;06;10;20;1;0.000123637503;0.000068523282;0.000128039942;0.000063324654;
2019;06;10;21;1;0.000126388452;0.000071549479;0.000117200522;0.000066363836;
2019;06;10;22;1;0.000132266865;0.000088973451;0.000108933743;0.000082851049;
2019;06;10;23;1;0.000127679493;0.000130178102;0.000105402913;0.000178157318;
2019;06;10;24;1;0.000106062265;0.000126831879;0.000094485666;0.000170056800;
2019;06;11;1;1;0.000085654721;0.000118222007;0.000087932239;0.000147999231;
2019;06;11;2;1;0.000070791371;0.000108047017;0.000082659718;0.000155940210;
2019;06;11;3;1;0.000063151857;0.000101345775;0.000079570543;0.000151020224;
2019;06;11;4;1;0.000059613910;0.000098581557;0.000078175318;0.000144690965;
2019;06;11;5;1;0.000057986460;0.000096818137;0.000077983204;0.000138439328;
2019;06;11;6;1;0.000058394666;0.000096446244;0.000079888419;0.000132533260;
2019;06;11;7;1;0.000064473386;0.000080978217;0.000082465047;0.000101407977;
2019;06;11;8;1;0.000079741842;0.000057767007;0.000092626433;0.000052623255;
2019;06;11;9;1;0.000095727771;0.000067852327;0.000124043878;0.000060147830;
2019;06;11;10;1;0.000107102531;0.000071773516;0.000148281214;0.000062466378;
2019;06;11;11;1;0.000115954433;0.000074073517;0.000160269070;0.000064628559;
2019;06;11;12;1;0.000119986642;0.000074122642;0.000164750411;0.000065346002;
2019;06;11;13;1;0.000125145737;0.000074731955;0.000168727658;0.000065674410;
2019;06;11;14;1;0.000131850492;0.000076640234;0.000163952192;0.000066187019;
2019;06;11;15;1;0.000128098282;0.000075254883;0.000148043473;0.000064011714;
2019;06;11;16;1;0.000120663117;0.000070111767;0.000141889590;0.000059654388;
2019;06;11;17;1;0.000120131268;0.000067900747;0.000142807033;0.000057829746;
2019;06;11;18;1;0.000124159201;0.000068768525;0.000144899220;0.000060988209;
2019;06;11;19;1;0.000125938163;0.000069179418;0.000140410278;0.000062475805;
2019;06;11;20;1;0.000125622623;0.000070105610;0.000132627570;0.000064031234;
2019;06;11;21;1;0.000127568709;0.000073112391;0.000122002364;0.000066407004;
2019;06;11;22;1;0.000133468015;0.000091014308;0.000113209776;0.000084541566;
2019;06;11;23;1;0.000129219100;0.000133700522;0.000109770766;0.000183193705;
2019;06;11;24;1;0.000108154585;0.000131349181;0.000098612873;0.000175043090;
2019;06;12;1;1;0.000086704057;0.000119312714;0.000089037955;0.000148944258;
2019;06;12;2;1;0.000071654537;0.000109029778;0.000083694366;0.000156899698;
2019;06;12;3;1;0.000063904393;0.000102203999;0.000080544492;0.000151779503;
2019;06;12;4;1;0.000060352741;0.000099523373;0.000079169515;0.000145701410;
2019;06;12;5;1;0.000058708712;0.000097756932;0.000078979789;0.000139442446;
2019;06;12;6;1;0.000059139292;0.000097447202;0.000080933011;0.000133659457;
2019;06;12;7;1;0.000065267249;0.000081737567;0.000083507154;0.000102085709;
2019;06;12;8;1;0.000080713296;0.000058291369;0.000093784851;0.000052946066;
2019;06;12;9;1;0.000096871865;0.000068432398;0.000125566556;0.000060459085;
2019;06;12;10;1;0.000108360434;0.000072353283;0.000150070756;0.000062736374;
2019;06;12;11;1;0.000117281881;0.000074621749;0.000162155700;0.000064828860;
2019;06;12;12;1;0.000121370854;0.000074686122;0.000166704357;0.000065572143;
2019;06;12;13;1;0.000126628958;0.000075353869;0.000170782035;0.000065987279;
2019;06;12;14;1;0.000133415277;0.000077280811;0.000165951037;0.000066506682;
2019;06;12;15;1;0.000129607433;0.000075869010;0.000149835528;0.000064297992;
2019;06;12;16;1;0.000122089830;0.000070690743;0.000143613219;0.000059931645;
2019;06;12;17;1;0.000121558951;0.000068470834;0.000144550438;0.000058112993;
2019;06;12;18;1;0.000125649240;0.000069364208;0.000146685079;0.000061316331;
2019;06;12;19;1;0.000127424862;0.000069747710;0.000142113275;0.000062761313;
2019;06;12;20;1;0.000127053891;0.000070615762;0.000134181567;0.000064215335;
2019;06;12;21;1;0.000128991159;0.000073604099;0.000123402218;0.000066532096;
2019;06;12;22;1;0.000135011307;0.000091712023;0.000114555463;0.000084844646;
2019;06;12;23;1;0.000130748255;0.000134807735;0.000111105310;0.000184053307;
2019;06;12;24;1;0.000109391781;0.000132319383;0.000099772833;0.000175583396;
2019;06;13;1;1;0.000087279278;0.000119902542;0.000089647710;0.000149446373;
2019;06;13;2;1;0.000072118288;0.000109528611;0.000084253942;0.000157324832;
2019;06;13;3;1;0.000064339235;0.000102748880;0.000081109799;0.000152397381;
2019;06;13;4;1;0.000060743842;0.000099980509;0.000079699488;0.000146100700;
2019;06;13;5;1;0.000059078169;0.000098164209;0.000079493705;0.000139716869;
2019;06;13;6;1;0.000059508669;0.000097842452;0.000081455818;0.000133894959;
2019;06;13;7;1;0.000065669317;0.000082052954;0.000084039443;0.000102228472;
2019;06;13;8;1;0.000081217289;0.000058527564;0.000094390524;0.000053038918;
2019;06;13;9;1;0.000097459383;0.000068681745;0.000126354955;0.000060520596;
2019;06;13;10;1;0.000109000323;0.000072590512;0.000150989038;0.000062758688;
2019;06;13;11;1;0.000117981308;0.000074876370;0.000163157408;0.000064867575;
2019;06;13;12;1;0.000122105855;0.000074956628;0.000167749536;0.000065636082;
2019;06;13;13;1;0.000127417125;0.000075655852;0.000171881544;0.000066097914;
2019;06;13;14;1;0.000134306019;0.000077670325;0.000167094510;0.000066742607;
2019;06;13;15;1;0.000130517821;0.000076311695;0.000150920072;0.000064618733;
2019;06;13;16;1;0.000122950258;0.000071107093;0.000144656071;0.000060236832;
2019;06;13;17;1;0.000122430244;0.000068892977;0.000145617471;0.000058438100;
2019;06;13;18;1;0.000126559464;0.000069803869;0.000147779092;0.000061678343;
2019;06;13;19;1;0.000128369774;0.000070217097;0.000143197538;0.000063176386;
2019;06;13;20;1;0.000127984368;0.000071076080;0.000135192972;0.000064615263;
2019;06;13;21;1;0.000129921675;0.000074065352;0.000124318834;0.000066915828;
2019;06;13;22;1;0.000135870470;0.000092108952;0.000115308956;0.000085036611;
2019;06;13;23;1;0.000131554748;0.000135331874;0.000111814400;0.000184325949;
2019;06;13;24;1;0.000110111000;0.000132955617;0.000100450156;0.000176132687;
2019;06;14;1;1;0.000087091416;0.000114409901;0.000092844359;0.000140889415;
2019;06;14;2;1;0.000072575645;0.000104725447;0.000086732094;0.000150246578;
2019;06;14;3;1;0.000064331190;0.000097937274;0.000083346085;0.000147165390;
2019;06;14;4;1;0.000060361076;0.000095029297;0.000081740865;0.000141619725;
2019;06;14;5;1;0.000058563439;0.000093305119;0.000081513648;0.000134574003;
2019;06;14;6;1;0.000059040561;0.000092941424;0.000083408068;0.000128277891;
2019;06;14;7;1;0.000065210437;0.000078339520;0.000085864191;0.000100157196;
2019;06;14;8;1;0.000080393265;0.000057644243;0.000095575085;0.000055953775;
2019;06;14;9;1;0.000096478594;0.000067426928;0.000127278717;0.000063350918;
2019;06;14;10;1;0.000107712133;0.000071783987;0.000151685841;0.000066709118;
2019;06;14;11;1;0.000116728748;0.000074496907;0.000163493335;0.000068258056;
2019;06;14;12;1;0.000120931968;0.000074982620;0.000168492507;0.000069820723;
2019;06;14;13;1;0.000126102137;0.000075482749;0.000172199703;0.000069981285;
2019;06;14;14;1;0.000132573679;0.000077077020;0.000167512762;0.000069042706;
2019;06;14;15;1;0.000130063863;0.000075961562;0.000150758338;0.000067205894;
2019;06;14;16;1;0.000122426277;0.000071191788;0.000141078296;0.000064634012;
2019;06;14;17;1;0.000120312606;0.000069170947;0.000139496086;0.000062995300;
2019;06;14;18;1;0.000123121888;0.000069589574;0.000139669511;0.000064797265;
2019;06;14;19;1;0.000124007985;0.000069787858;0.000137128476;0.000065722515;
2019;06;14;20;1;0.000122524456;0.000070177719;0.000132473985;0.000066037691;
2019;06;14;21;1;0.000122258518;0.000071332254;0.000125250034;0.000067077467;
2019;06;14;22;1;0.000126376096;0.000087435119;0.000119753268;0.000083739680;
2019;06;14;23;1;0.000124413035;0.000127559286;0.000118998541;0.000171979853;
2019;06;14;24;1;0.000108416797;0.000126983911;0.000108838908;0.000165319613;
2019;06;15;1;1;0.000090538539;0.000116329979;0.000097615383;0.000146936669;
2019;06;15;2;1;0.000076413285;0.000107064932;0.000089014703;0.000153530993;
2019;06;15;3;1;0.000067465120;0.000099645636;0.000084452221;0.000150237496;
2019;06;15;4;1;0.000062473541;0.000096301595;0.000082021968;0.000144926770;
2019;06;15;5;1;0.000059947450;0.000094095919;0.000081295849;0.000137904228;
2019;06;15;6;1;0.000059101980;0.000093440120;0.000081985095;0.000133063799;
2019;06;15;7;1;0.000060505823;0.000076070459;0.000079383837;0.000101217160;
2019;06;15;8;1;0.000066181185;0.000048796722;0.000076645525;0.000049224398;
2019;06;15;9;1;0.000080595758;0.000056294535;0.000087984021;0.000055091524;
2019;06;15;10;1;0.000099962476;0.000066418880;0.000101943525;0.000062622983;
2019;06;15;11;1;0.000114523081;0.000073598724;0.000115011059;0.000068890745;
2019;06;15;12;1;0.000119311633;0.000075191754;0.000119816971;0.000070749815;
2019;06;15;13;1;0.000123265719;0.000074663949;0.000122859026;0.000069911089;
2019;06;15;14;1;0.000130213079;0.000075848612;0.000120684610;0.000069707466;
2019;06;15;15;1;0.000128956462;0.000075229771;0.000112960902;0.000068311838;
2019;06;15;16;1;0.000117098418;0.000068602796;0.000109762529;0.000062908130;
2019;06;15;17;1;0.000110144884;0.000064324141;0.000107254373;0.000058945201;
2019;06;15;18;1;0.000108627321;0.000063172473;0.000107813153;0.000058851840;
2019;06;15;19;1;0.000109406310;0.000063235772;0.000108338708;0.000060580969;
2019;06;15;20;1;0.000109665793;0.000063965276;0.000110623626;0.000060872837;
2019;06;15;21;1;0.000112501591;0.000066316003;0.000111716505;0.000063198677;
2019;06;15;22;1;0.000120067889;0.000082883417;0.000111454012;0.000080172367;
2019;06;15;23;1;0.000120321783;0.000123876377;0.000113983599;0.000171110740;
2019;06;15;24;1;0.000106831199;0.000124816527;0.000105634275;0.000167519928;
2019;06;16;1;1;0.000092545158;0.000121071069;0.000097038657;0.000147505230;
2019;06;16;2;1;0.000079037750;0.000112324224;0.000088269373;0.000149051489;
2019;06;16;3;1;0.000069667782;0.000104802747;0.000083217853;0.000144742471;
2019;06;16;4;1;0.000063954060;0.000100638195;0.000081147778;0.000139932537;
2019;06;16;5;1;0.000061110931;0.000098046602;0.000080312928;0.000135001994;
2019;06;16;6;1;0.000059697578;0.000097142504;0.000080503576;0.000131228169;
2019;06;16;7;1;0.000060000683;0.000078235678;0.000076643692;0.000099425357;
2019;06;16;8;1;0.000063240033;0.000046895179;0.000069905026;0.000045361297;
2019;06;16;9;1;0.000074245053;0.000052448898;0.000074857571;0.000048547006;
2019;06;16;10;1;0.000090778618;0.000061741486;0.000082616440;0.000055147149;
2019;06;16;11;1;0.000105214604;0.000070130158;0.000089376178;0.000062511086;
2019;06;16;12;1;0.000112751989;0.000073613064;0.000093901515;0.000066563028;
2019;06;16;13;1;0.000117348987;0.000073895013;0.000097796292;0.000064868629;
2019;06;16;14;1;0.000123762536;0.000074423335;0.000099346843;0.000064540413;
2019;06;16;15;1;0.000124531313;0.000074403503;0.000098350526;0.000064961534;
2019;06;16;16;1;0.000113462899;0.000067472141;0.000095988525;0.000059339354;
2019;06;16;17;1;0.000107213887;0.000063430048;0.000092404420;0.000055892855;
2019;06;16;18;1;0.000105751351;0.000062209464;0.000089789220;0.000056360369;
2019;06;16;19;1;0.000107799344;0.000062478297;0.000089005984;0.000057423917;
2019;06;16;20;1;0.000110898496;0.000064365363;0.000090753758;0.000059773188;
2019;06;16;21;1;0.000118028145;0.000068621337;0.000092536173;0.000062954024;
2019;06;16;22;1;0.000129358026;0.000087310622;0.000097392359;0.000083087907;
2019;06;16;23;1;0.000127843269;0.000130637179;0.000102456018;0.000177800713;
2019;06;16;24;1;0.000109038667;0.000130261950;0.000094439014;0.000171328888;
2019;06;17;1;1;0.000087039522;0.000117843738;0.000085836569;0.000144803316;
2019;06;17;2;1;0.000072139546;0.000107227050;0.000080772446;0.000147023925;
2019;06;17;3;1;0.000064131536;0.000100196966;0.000078006668;0.000141166533;
2019;06;17;4;1;0.000060186346;0.000097249711;0.000076631210;0.000136575216;
2019;06;17;5;1;0.000058607239;0.000095467505;0.000076695516;0.000131840233;
2019;06;17;6;1;0.000058983421;0.000094969242;0.000078643372;0.000128419734;
2019;06;17;7;1;0.000065030660;0.000079583005;0.000081715426;0.000099400255;
2019;06;17;8;1;0.000079933003;0.000057224909;0.000092261558;0.000051966893;
2019;06;17;9;1;0.000095901250;0.000067428075;0.000125935011;0.000059184764;
2019;06;17;10;1;0.000107528004;0.000071293029;0.000151411848;0.000063244366;
2019;06;17;11;1;0.000116568719;0.000074171727;0.000163238751;0.000064713342;
2019;06;17;12;1;0.000120667667;0.000074513015;0.000167103326;0.000066423722;
2019;06;17;13;1;0.000126088701;0.000074965359;0.000170901648;0.000066560837;
2019;06;17;14;1;0.000133345791;0.000076766007;0.000165729494;0.000066842645;
2019;06;17;15;1;0.000130631078;0.000075843153;0.000149309519;0.000065737965;
2019;06;17;16;1;0.000123242058;0.000070798711;0.000142910860;0.000061809767;
2019;06;17;17;1;0.000121661948;0.000068285021;0.000144127044;0.000059264919;
2019;06;17;18;1;0.000126156555;0.000068940478;0.000146641369;0.000062032975;
2019;06;17;19;1;0.000127925207;0.000069463333;0.000141615091;0.000063413167;
2019;06;17;20;1;0.000128462697;0.000070674604;0.000133175301;0.000064954219;
2019;06;17;21;1;0.000131216821;0.000073661829;0.000121804426;0.000067847224;
2019;06;17;22;1;0.000137185789;0.000091396144;0.000113102420;0.000084361597;
2019;06;17;23;1;0.000132381180;0.000133616222;0.000109397933;0.000181147291;
2019;06;17;24;1;0.000110015013;0.000130308012;0.000098108896;0.000173211525;
2019;06;18;1;1;0.000088849227;0.000121391065;0.000091305260;0.000150484021;
2019;06;18;2;1;0.000073428584;0.000110933123;0.000085827026;0.000158531996;
2019;06;18;3;1;0.000065480662;0.000103966567;0.000082589450;0.000153299954;
2019;06;18;4;1;0.000061826942;0.000101185638;0.000081160579;0.000147018655;
2019;06;18;5;1;0.000060136570;0.000099366068;0.000080957754;0.000140641529;
2019;06;18;6;1;0.000060565989;0.000099006890;0.000082943962;0.000134696269;
2019;06;18;7;1;0.000066830702;0.000083013776;0.000085567880;0.000102803756;
2019;06;18;8;1;0.000082599189;0.000059123524;0.000096043897;0.000053190952;
2019;06;18;9;1;0.000099152213;0.000069436997;0.000128613073;0.000060784052;
2019;06;18;10;1;0.000111054824;0.000073633416;0.000153910817;0.000063414607;
2019;06;18;11;1;0.000120281692;0.000076062936;0.000166420647;0.000065719298;
2019;06;18;12;1;0.000124452552;0.000076096809;0.000171057740;0.000066422528;
2019;06;18;13;1;0.000129891564;0.000076841279;0.000175305877;0.000066944321;
2019;06;18;14;1;0.000136912492;0.000078884627;0.000170421297;0.000067592226;
2019;06;18;15;1;0.000133086350;0.000077552290;0.000153965987;0.000065514434;
2019;06;18;16;1;0.000125337276;0.000072220405;0.000147537207;0.000061007001;
2019;06;18;17;1;0.000124787180;0.000069946023;0.000148493971;0.000059146053;
2019;06;18;18;1;0.000128966955;0.000070834345;0.000150664487;0.000062366929;
2019;06;18;19;1;0.000130816451;0.000071259564;0.000145998779;0.000063891214;
2019;06;18;20;1;0.000130355867;0.000072045554;0.000137765938;0.000065205582;
2019;06;18;21;1;0.000132291482;0.000075026888;0.000126648859;0.000067447832;
2019;06;18;22;1;0.000138371733;0.000093340154;0.000117489601;0.000085771762;
2019;06;18;23;1;0.000133961984;0.000137107158;0.000113916561;0.000185838256;
2019;06;18;24;1;0.000112089818;0.000134600969;0.000102305776;0.000177342426;
2019;06;19;1;1;0.000089577163;0.000122128744;0.000092071568;0.000151096854;
2019;06;19;2;1;0.000073998388;0.000111498190;0.000086510189;0.000158897502;
2019;06;19;3;1;0.000066030129;0.000104645338;0.000083298994;0.000154049319;
2019;06;19;4;1;0.000062340176;0.000101825510;0.000081850527;0.000147683056;
2019;06;19;5;1;0.000060620687;0.000099937632;0.000081625667;0.000141131866;
2019;06;19;6;1;0.000061059234;0.000099597536;0.000083636028;0.000135217942;
2019;06;19;7;1;0.000067391613;0.000083556461;0.000086303159;0.000103309128;
2019;06;19;8;1;0.000083314750;0.000059546613;0.000096895137;0.000053512358;
2019;06;19;9;1;0.000099975627;0.000069876761;0.000129706857;0.000061060069;
2019;06;19;10;1;0.000111985694;0.000074112754;0.000155231678;0.000063722762;
2019;06;19;11;1;0.000121251092;0.000076502032;0.000167795160;0.000065950863;
2019;06;19;12;1;0.000125482488;0.000076573699;0.000172507563;0.000066716056;
2019;06;19;13;1;0.000130979236;0.000077339983;0.000176808882;0.000067267129;
2019;06;19;14;1;0.000138028211;0.000079356164;0.000171844146;0.000067855444;
2019;06;19;15;1;0.000134152244;0.000077991108;0.000155229875;0.000065731792;
2019;06;19;16;1;0.000126350661;0.000072641580;0.000148759571;0.000061228479;
2019;06;19;17;1;0.000125798333;0.000070356766;0.000149726899;0.000059365105;
2019;06;19;18;1;0.000130018389;0.000071258347;0.000151922929;0.000062610739;
2019;06;19;19;1;0.000131874228;0.000071675257;0.000147208498;0.000064123379;
2019;06;19;20;1;0.000131469204;0.000072540574;0.000138970108;0.000065564907;
2019;06;19;21;1;0.000133344104;0.000075442470;0.000127681892;0.000067657027;
2019;06;19;22;1;0.000139413103;0.000093765717;0.000118397282;0.000085886459;
2019;06;19;23;1;0.000134979530;0.000137754837;0.000114804603;0.000186144573;
2019;06;19;24;1;0.000112964275;0.000135299175;0.000103124345;0.000177780813;
2019;06;20;1;1;0.000088469611;0.000121267421;0.000090896312;0.000150896198;
2019;06;20;2;1;0.000073078353;0.000110694739;0.000085399959;0.000158644125;
2019;06;20;3;1;0.000065183020;0.000103797005;0.000082197006;0.000153554347;
2019;06;20;4;1;0.000061543956;0.000101013515;0.000080772361;0.000147244750;
2019;06;20;5;1;0.000059854946;0.000099173387;0.000080561927;0.000140798751;
2019;06;20;6;1;0.000060268572;0.000098764153;0.000082519553;0.000134724497;
2019;06;20;7;1;0.000066466551;0.000082707773;0.000085084000;0.000102594352;
2019;06;20;8;1;0.000082156468;0.000058917646;0.000095509321;0.000053102340;
2019;06;20;9;1;0.000098543094;0.000069070146;0.000127796484;0.000060482872;
2019;06;20;10;1;0.000110373958;0.000073246553;0.000152935510;0.000063103935;
2019;06;20;11;1;0.000119529332;0.000075641727;0.000165345421;0.000065363550;
2019;06;20;12;1;0.000123751238;0.000075783480;0.000170058553;0.000066234391;
2019;06;20;13;1;0.000129136792;0.000076493935;0.000174251100;0.000066705633;
2019;06;20;14;1;0.000136100574;0.000078506502;0.000169375563;0.000067317766;
2019;06;20;15;1;0.000132263423;0.000077135646;0.000152982247;0.000065179674;
2019;06;20;16;1;0.000124548618;0.000071814302;0.000146578483;0.000060667284;
2019;06;20;17;1;0.000123980241;0.000069524744;0.000147503163;0.000058773636;
2019;06;20;18;1;0.000128115193;0.000070385446;0.000149638413;0.000061938885;
2019;06;20;19;1;0.000129908321;0.000070752971;0.000144955212;0.000063363356;
2019;06;20;20;1;0.000129514839;0.000071614178;0.000136848740;0.000064799481;
2019;06;20;21;1;0.000131403531;0.000074533028;0.000125772717;0.000066955114;
2019;06;20;22;1;0.000137444873;0.000092729032;0.000116678435;0.000085151492;
2019;06;20;23;1;0.000133085936;0.000136260130;0.000113148152;0.000184621708;
2019;06;20;24;1;0.000111421706;0.000133946497;0.000101674911;0.000176600351;
2019;06;21;1;1;0.000088208462;0.000115539127;0.000094067503;0.000141909429;
2019;06;21;2;1;0.000073489835;0.000105704542;0.000087854780;0.000151193957;
2019;06;21;3;1;0.000065123526;0.000098790637;0.000084401609;0.000147924953;
2019;06;21;4;1;0.000061091341;0.000095810131;0.000082758215;0.000142223811;
2019;06;21;5;1;0.000059265502;0.000094048249;0.000082519184;0.000135086281;
2019;06;21;6;1;0.000059758385;0.000093717332;0.000084451164;0.000128853957;
2019;06;21;7;1;0.000065994569;0.000078969449;0.000086926535;0.000100550508;
2019;06;21;8;1;0.000081345028;0.000058083379;0.000096739811;0.000056130791;
2019;06;21;9;1;0.000097617294;0.000067935141;0.000128825189;0.000063542375;
2019;06;21;10;1;0.000109066098;0.000072450874;0.000153645339;0.000067122748;
2019;06;21;11;1;0.000118215449;0.000075217233;0.000165632540;0.000068728119;
2019;06;21;12;1;0.000122499684;0.000075746559;0.000170735424;0.000070367260;
2019;06;21;13;1;0.000127715835;0.000076222989;0.000174463227;0.000070480602;
2019;06;21;14;1;0.000134324930;0.000077905216;0.000169783864;0.000069651959;
2019;06;21;15;1;0.000131748754;0.000076733669;0.000152763785;0.000067728614;
2019;06;21;16;1;0.000124029374;0.000071938283;0.000142974739;0.000065174618;
2019;06;21;17;1;0.000121843865;0.000069838347;0.000141320041;0.000063426760;
2019;06;21;18;1;0.000124697947;0.000070272642;0.000141505999;0.000065260588;
2019;06;21;19;1;0.000125589556;0.000070465399;0.000138925103;0.000066179741;
2019;06;21;20;1;0.000124115658;0.000070896282;0.000134240510;0.000066560373;
2019;06;21;21;1;0.000123835981;0.000072048969;0.000126909688;0.000067585161;
2019;06;21;22;1;0.000127922022;0.000088180280;0.000121259830;0.000084142983;
2019;06;21;23;1;0.000125897279;0.000128559332;0.000120459567;0.000172599190;
2019;06;21;24;1;0.000109736461;0.000128048760;0.000110201562;0.000166075537;
2019;06;22;1;1;0.000093559368;0.000118942524;0.000100972108;0.000148585169;
2019;06;22;2;1;0.000079026778;0.000109671238;0.000092150249;0.000155769290;
2019;06;22;3;1;0.000069783064;0.000102106225;0.000087440205;0.000152521432;
2019;06;22;4;1;0.000064574358;0.000098520702;0.000084864005;0.000146701911;
2019;06;22;5;1;0.000061977094;0.000096312971;0.000084131422;0.000139721024;
2019;06;22;6;1;0.000061117528;0.000095693571;0.000084864883;0.000134948824;
2019;06;22;7;1;0.000062567109;0.000077898746;0.000082169448;0.000102635420;
2019;06;22;8;1;0.000068422092;0.000049946211;0.000079319137;0.000049870914;
2019;06;22;9;1;0.000083306876;0.000057592151;0.000091033624;0.000055764416;
2019;06;22;10;1;0.000103348109;0.000067984935;0.000105500504;0.000063448211;
2019;06;22;11;1;0.000118430722;0.000075376481;0.000119052993;0.000069870900;
2019;06;22;12;1;0.000123435725;0.000077083820;0.000124081141;0.000071884817;
2019;06;22;13;1;0.000127480720;0.000076479918;0.000127185800;0.000070926907;
2019;06;22;14;1;0.000134712087;0.000077754720;0.000124977896;0.000070821686;
2019;06;22;15;1;0.000133507282;0.000077245858;0.000117062921;0.000069607821;
2019;06;22;16;1;0.000121264679;0.000070486444;0.000113780216;0.000064176373;
2019;06;22;17;1;0.000114038228;0.000066056758;0.000111155383;0.000060078796;
2019;06;22;18;1;0.000112531549;0.000064959260;0.000111798592;0.000060126692;
2019;06;22;19;1;0.000113310615;0.000064987829;0.000112315900;0.000061830507;
2019;06;22;20;1;0.000113565644;0.000065719438;0.000114670852;0.000062097462;
2019;06;22;21;1;0.000116473428;0.000068096031;0.000115775027;0.000064403845;
2019;06;22;22;1;0.000124308259;0.000085110179;0.000115504306;0.000081704341;
2019;06;22;23;1;0.000124545534;0.000127143873;0.000118101558;0.000174226758;
2019;06;22;24;1;0.000110493458;0.000127877220;0.000109363570;0.000170015831;
2019;06;23;1;1;0.000096139281;0.000124360925;0.000100923474;0.000149795715;
2019;06;23;2;1;0.000082124420;0.000115431099;0.000091822270;0.000151495002;
2019;06;23;3;1;0.000072370140;0.000107638949;0.000086545439;0.000146959904;
2019;06;23;4;1;0.000066441596;0.000103385646;0.000084401237;0.000142135025;
2019;06;23;5;1;0.000063479384;0.000100692378;0.000083521734;0.000137050195;
2019;06;23;6;1;0.000062033622;0.000099846122;0.000083750198;0.000133418105;
2019;06;23;7;1;0.000062341752;0.000080392991;0.000079725907;0.000101038939;
2019;06;23;8;1;0.000065713662;0.000048198254;0.000072723075;0.000046113783;
2019;06;23;9;1;0.000077162145;0.000053927064;0.000077888393;0.000049386815;
2019;06;23;10;1;0.000094311270;0.000063429094;0.000085930382;0.000056016907;
2019;06;23;11;1;0.000109336358;0.000072088599;0.000092984509;0.000063564217;
2019;06;23;12;1;0.000117148929;0.000075639276;0.000097675795;0.000067636994;
2019;06;23;13;1;0.000121955424;0.000075971973;0.000101752340;0.000065982799;
2019;06;23;14;1;0.000128748029;0.000076688359;0.000103467916;0.000065918586;
2019;06;23;15;1;0.000129657713;0.000076815938;0.000102517196;0.000066579292;
2019;06;23;16;1;0.000118187664;0.000069732871;0.000100100866;0.000060933233;
2019;06;23;17;1;0.000111747662;0.000065648583;0.000096422945;0.000057542929;
2019;06;23;18;1;0.000110224368;0.000064387058;0.000093694940;0.000058027809;
2019;06;23;19;1;0.000112319411;0.000064613640;0.000092844921;0.000059038166;
2019;06;23;20;1;0.000115474994;0.000066468465;0.000094607846;0.000061291779;
2019;06;23;21;1;0.000122761084;0.000070681637;0.000096357808;0.000064252491;
2019;06;23;22;1;0.000134358016;0.000089644948;0.000101273386;0.000084308520;
2019;06;23;23;1;0.000132764038;0.000134084724;0.000106522242;0.000180311726;
2019;06;23;24;1;0.000113278488;0.000133815355;0.000098224222;0.000174021529;
2019;06;24;1;1;0.000083597850;0.000115280152;0.000082345030;0.000144406423;
2019;06;24;2;1;0.000069264196;0.000104817721;0.000077461350;0.000146434933;
2019;06;24;3;1;0.000061574031;0.000097943537;0.000074807321;0.000140605874;
2019;06;24;4;1;0.000057780962;0.000095045724;0.000073481651;0.000135999189;
2019;06;24;5;1;0.000056229026;0.000093170816;0.000073496338;0.000130956151;
2019;06;24;6;1;0.000056448727;0.000092159300;0.000075174881;0.000126260676;
2019;06;24;7;1;0.000062083178;0.000076793337;0.000077919518;0.000096727273;
2019;06;24;8;1;0.000076118481;0.000054900359;0.000087754863;0.000050036426;
2019;06;24;9;1;0.000091182251;0.000064457893;0.000119596634;0.000056615835;
2019;06;24;10;1;0.000102343177;0.000068316652;0.000143940697;0.000060768184;
2019;06;24;11;1;0.000111015795;0.000071175403;0.000155278898;0.000062340701;
2019;06;24;12;1;0.000114982905;0.000071593196;0.000159042752;0.000064135052;
2019;06;24;13;1;0.000120192464;0.000072088424;0.000162717307;0.000064366487;
2019;06;24;14;1;0.000127142952;0.000073864225;0.000157833509;0.000064711015;
2019;06;24;15;1;0.000124662058;0.000073120153;0.000142318615;0.000063868748;
2019;06;24;16;1;0.000117543571;0.000068167513;0.000136141835;0.000059909142;
2019;06;24;17;1;0.000115971638;0.000065662876;0.000137223640;0.000057308174;
2019;06;24;18;1;0.000120283660;0.000066328344;0.000139649617;0.000060043398;
2019;06;24;19;1;0.000122023752;0.000066898908;0.000134922448;0.000061492131;
2019;06;24;20;1;0.000122584792;0.000068126970;0.000126931577;0.000063089969;
2019;06;24;21;1;0.000125216421;0.000071011122;0.000116097074;0.000065907798;
2019;06;24;22;1;0.000130943295;0.000088154897;0.000107828227;0.000082030773;
2019;06;24;23;1;0.000126647372;0.000129549402;0.000104535905;0.000177790490;
2019;06;24;24;1;0.000105327614;0.000126555008;0.000093817771;0.000170521569;
2019;06;25;1;1;0.000092529830;0.000124637264;0.000095208919;0.000152214407;
2019;06;25;2;1;0.000076421268;0.000113732209;0.000089438989;0.000159926765;
2019;06;25;3;1;0.000068206422;0.000106792249;0.000086137153;0.000155175532;
2019;06;25;4;1;0.000064379892;0.000103858792;0.000084619672;0.000148615751;
2019;06;25;5;1;0.000062624563;0.000102008267;0.000084414729;0.000142209254;
2019;06;25;6;1;0.000063094073;0.000101720084;0.000086516363;0.000136387311;
2019;06;25;7;1;0.000069671544;0.000085432590;0.000089319013;0.000104413838;
2019;06;25;8;1;0.000086127629;0.000060874552;0.000100274432;0.000054070439;
2019;06;25;9;1;0.000103350548;0.000071434809;0.000134229885;0.000061697545;
2019;06;25;10;1;0.000115895768;0.000075960595;0.000160824801;0.000064691828;
2019;06;25;11;1;0.000125559141;0.000078516058;0.000173944116;0.000067119399;
2019;06;25;12;1;0.000129978679;0.000078641945;0.000178881229;0.000067980275;
2019;06;25;13;1;0.000135699629;0.000079465355;0.000183378291;0.000068598696;
2019;06;25;14;1;0.000143013944;0.000081551494;0.000178243173;0.000069220647;
2019;06;25;15;1;0.000139118339;0.000080307190;0.000161149658;0.000067294369;
2019;06;25;16;1;0.000131085029;0.000074873612;0.000154499875;0.000062798383;
2019;06;25;17;1;0.000130559394;0.000072578879;0.000155560993;0.000060979194;
2019;06;25;18;1;0.000134973560;0.000073551261;0.000157882824;0.000064379049;
2019;06;25;19;1;0.000136860815;0.000073933063;0.000152939516;0.000065856111;
2019;06;25;20;1;0.000136405928;0.000074782330;0.000144343836;0.000067265948;
2019;06;25;21;1;0.000138313247;0.000077725302;0.000132582715;0.000069334201;
2019;06;25;22;1;0.000144549271;0.000096512517;0.000122891453;0.000087865697;
2019;06;25;23;1;0.000140006361;0.000141912739;0.000119208382;0.000190723470;
2019;06;25;24;1;0.000117253041;0.000139605681;0.000107154851;0.000182682380;
2019;06;26;1;1;0.000096500375;0.000128867828;0.000099394932;0.000156092663;
2019;06;26;2;1;0.000079708311;0.000117619350;0.000093380376;0.000164071440;
2019;06;26;3;1;0.000071110484;0.000110337789;0.000089895562;0.000158927223;
2019;06;26;4;1;0.000067101961;0.000107237657;0.000088286780;0.000152032211;
2019;06;26;5;1;0.000065265060;0.000105300185;0.000088063033;0.000145412871;
2019;06;26;6;1;0.000065721069;0.000104881399;0.000090209793;0.000139168614;
2019;06;26;7;1;0.000072500718;0.000087887546;0.000093040098;0.000106100148;
2019;06;26;8;1;0.000089602505;0.000062587609;0.000104425664;0.000054885597;
2019;06;26;9;1;0.000107551513;0.000073494250;0.000139827416;0.000062704815;
2019;06;26;10;1;0.000120601106;0.000078142436;0.000167523642;0.000065736028;
2019;06;26;11;1;0.000130675854;0.000080798336;0.000181215827;0.000068244437;
2019;06;26;12;1;0.000135290783;0.000080948813;0.000186380399;0.000069152197;
2019;06;26;13;1;0.000141211522;0.000081751379;0.000191019967;0.000069711783;
2019;06;26;14;1;0.000148912833;0.000084013291;0.000185783019;0.000070519570;
2019;06;26;15;1;0.000144833192;0.000082701027;0.000167939354;0.000068511677;
2019;06;26;16;1;0.000136435700;0.000077061419;0.000160969069;0.000063868309;
2019;06;26;17;1;0.000135874582;0.000074682024;0.000162057888;0.000061991664;
2019;06;26;18;1;0.000140465183;0.000075678633;0.000164472860;0.000065441949;
2019;06;26;19;1;0.000142405405;0.000076042458;0.000159296573;0.000066897246;
2019;06;26;20;1;0.000141928353;0.000076911342;0.000150339650;0.000068321972;
2019;06;26;21;1;0.000143868104;0.000079881258;0.000138047015;0.000070331985;
2019;06;26;22;1;0.000150366508;0.000099207722;0.000127966491;0.000089159995;
2019;06;26;23;1;0.000145657543;0.000145915112;0.000124145613;0.000193630620;
2019;06;26;24;1;0.000121954135;0.000143457828;0.000111563884;0.000185267704;
2019;06;27;1;1;0.000098684018;0.000131070647;0.000101708892;0.000157900228;
2019;06;27;2;1;0.000081484618;0.000119538383;0.000095522240;0.000165742280;
2019;06;27;3;1;0.000072641143;0.000111947439;0.000091889130;0.000160051050;
2019;06;27;4;1;0.000068540311;0.000108779810;0.000090236740;0.000153048944;
2019;06;27;5;1;0.000066649947;0.000106762259;0.000089989028;0.000146253391;
2019;06;27;6;1;0.000067122728;0.000106362278;0.000092192484;0.000140027978;
2019;06;27;7;1;0.000074074355;0.000089203978;0.000095120164;0.000106919674;
2019;06;27;8;1;0.000091527986;0.000063494194;0.000106737703;0.000055260345;
2019;06;27;9;1;0.000109875780;0.000074579606;0.000142940282;0.000063166000;
2019;06;27;10;1;0.000123213411;0.000079305869;0.000171261464;0.000066235059;
2019;06;27;11;1;0.000133530692;0.000082035755;0.000185292881;0.000068815566;
2019;06;27;12;1;0.000138273487;0.000082225358;0.000190610929;0.000069787706;
2019;06;27;13;1;0.000144374594;0.000083106315;0.000195423264;0.000070453805;
2019;06;27;14;1;0.000152311436;0.000085486420;0.000190144277;0.000071392026;
2019;06;27;15;1;0.000148202520;0.000084233804;0.000171955797;0.000069482288;
2019;06;27;16;1;0.000139659086;0.000078553234;0.000164877146;0.000064868349;
2019;06;27;17;1;0.000139095692;0.000076141517;0.000166005505;0.000062982917;
2019;06;27;18;1;0.000143808946;0.000077174216;0.000168495503;0.000066513558;
2019;06;27;19;1;0.000145815763;0.000077570021;0.000163215459;0.000068032033;
2019;06;27;20;1;0.000145292502;0.000078413592;0.000154001315;0.000069412639;
2019;06;27;21;1;0.000147236758;0.000081389435;0.000141369462;0.000071372679;
2019;06;27;22;1;0.000153810759;0.000100965991;0.000130981125;0.000090293405;
2019;06;27;23;1;0.000149019845;0.000148559201;0.000127092336;0.000196227488;
2019;06;27;24;1;0.000124769841;0.000146059277;0.000114212482;0.000187758052;
2019;06;28;1;1;0.000100560397;0.000127104244;0.000107629119;0.000150469211;
2019;06;28;2;1;0.000083705054;0.000116045492;0.000100429950;0.000159715559;
2019;06;28;3;1;0.000074138481;0.000108328864;0.000096433947;0.000155926467;
2019;06;28;4;1;0.000069510378;0.000104929272;0.000094504948;0.000149573649;
2019;06;28;5;1;0.000067428930;0.000102984491;0.000094226414;0.000142024602;
2019;06;28;6;1;0.000067961602;0.000102521263;0.000096392631;0.000135217008;
2019;06;28;7;1;0.000075058164;0.000086397819;0.000099223730;0.000105532820;
2019;06;28;8;1;0.000092479333;0.000063488393;0.000110380499;0.000058813998;
2019;06;28;9;1;0.000111010414;0.000074306402;0.000147031770;0.000066663412;
2019;06;28;10;1;0.000124229816;0.000079540696;0.000175642211;0.000070902581;
2019;06;28;11;1;0.000134796696;0.000082782903;0.000189550142;0.000072928084;
2019;06;28;12;1;0.000139804635;0.000083533416;0.000195561645;0.000074941088;
2019;06;28;13;1;0.000145928425;0.000084284310;0.000200065631;0.000075427620;
2019;06;28;14;1;0.000153636620;0.000086344471;0.000194898266;0.000074852452;
2019;06;28;15;1;0.000150872527;0.000085280784;0.000175572906;0.000073148352;
2019;06;28;16;1;0.000142139722;0.000080089513;0.000164446132;0.000070611738;
2019;06;28;17;1;0.000139692634;0.000077824952;0.000162609918;0.000068835705;
2019;06;28;18;1;0.000142961574;0.000078304235;0.000162820208;0.000070816776;
2019;06;28;19;1;0.000143946244;0.000078472628;0.000159808905;0.000071738176;
2019;06;28;20;1;0.000142215153;0.000078899185;0.000154374774;0.000072061775;
2019;06;28;21;1;0.000141776464;0.000080030121;0.000145822825;0.000072922047;
2019;06;28;22;1;0.000146294714;0.000097704789;0.000139179000;0.000090379681;
2019;06;28;23;1;0.000143933081;0.000142339817;0.000138216221;0.000185139516;
2019;06;28;24;1;0.000125451519;0.000141761240;0.000126440488;0.000178115275;
2019;06;29;1;1;0.000106371706;0.000131049888;0.000115188402;0.000158575647;
2019;06;29;2;1;0.000089768606;0.000120588956;0.000105030444;0.000165633690;
2019;06;29;3;1;0.000079194761;0.000112032874;0.000099569443;0.000161558961;
2019;06;29;4;1;0.000073250933;0.000107988585;0.000096592870;0.000155106766;
2019;06;29;5;1;0.000070259477;0.000105413358;0.000095697462;0.000147331359;
2019;06;29;6;1;0.000069257365;0.000104639447;0.000096493194;0.000142061593;
2019;06;29;7;1;0.000070851577;0.000085046469;0.000093364610;0.000107730143;
2019;06;29;8;1;0.000077464633;0.000054499356;0.000090105973;0.000052289246;
2019;06;29;9;1;0.000094316846;0.000062842281;0.000103413857;0.000058467332;
2019;06;29;10;1;0.000117049086;0.000074245500;0.000119891533;0.000066630102;
2019;06;29;11;1;0.000134166252;0.000082369003;0.000135328015;0.000073462875;
2019;06;29;12;1;0.000139953060;0.000084396768;0.000141161345;0.000075846736;
2019;06;29;13;1;0.000144765927;0.000084036571;0.000144920211;0.000075325826;
2019;06;29;14;1;0.000153101609;0.000085595359;0.000142519695;0.000075466189;
2019;06;29;15;1;0.000151898707;0.000085247307;0.000133640153;0.000074505826;
2019;06;29;16;1;0.000138194974;0.000078077432;0.000130104755;0.000069154245;
2019;06;29;17;1;0.000130025760;0.000073256519;0.000127168025;0.000064878048;
2019;06;29;18;1;0.000128276255;0.000071998943;0.000127872394;0.000064863894;
2019;06;29;19;1;0.000129192506;0.000072066914;0.000128492107;0.000066763799;
2019;06;29;20;1;0.000129420392;0.000072797895;0.000131122513;0.000066919511;
2019;06;29;21;1;0.000132576102;0.000075225985;0.000132227494;0.000069065851;
2019;06;29;22;1;0.000141277811;0.000093693143;0.000131716637;0.000087064121;
2019;06;29;23;1;0.000141426245;0.000139692405;0.000134563094;0.000185001128;
2019;06;29;24;1;0.000125601126;0.000140833412;0.000124737815;0.000181305879;
2019;06;30;1;1;0.000108965377;0.000136617546;0.000114768262;0.000159313814;
2019;06;30;2;1;0.000093005859;0.000126575389;0.000104334509;0.000160589646;
2019;06;30;3;1;0.000081924173;0.000117915875;0.000098296667;0.000155507163;
2019;06;30;4;1;0.000075185196;0.000113160746;0.000095825932;0.000150170659;
2019;06;30;5;1;0.000071777522;0.000110017263;0.000094753927;0.000144331144;
2019;06;30;6;1;0.000070133062;0.000109058296;0.000094999969;0.000140426474;
2019;06;30;7;1;0.000070454450;0.000087733453;0.000090400504;0.000106177401;
2019;06;30;8;1;0.000074277296;0.000052617457;0.000082473534;0.000048486419;
2019;06;30;9;1;0.000087168280;0.000058794288;0.000088281334;0.000051802070;
2019;06;30;10;1;0.000106527699;0.000069134139;0.000097384010;0.000058726644;
2019;06;30;11;1;0.000123516735;0.000078599626;0.000105393483;0.000066683842;
2019;06;30;12;1;0.000132446104;0.000082619850;0.000110797452;0.000071191740;
2019;06;30;13;1;0.000137995168;0.000083141776;0.000115517857;0.000069691966;
2019;06;30;14;1;0.000145736511;0.000083999104;0.000117510165;0.000069735350;
2019;06;30;15;1;0.000146902076;0.000084316780;0.000116538186;0.000070704127;
2019;06;30;16;1;0.000134133878;0.000076838221;0.000113984585;0.000065160071;
2019;06;30;17;1;0.000126868412;0.000072394447;0.000109834153;0.000061622072;
2019;06;30;18;1;0.000125167240;0.000071040069;0.000106750803;0.000062200002;
2019;06;30;19;1;0.000127571609;0.000071322916;0.000105803326;0.000063337073;
2019;06;30;20;1;0.000131135449;0.000073345069;0.000107795659;0.000065715181;
2019;06;30;21;1;0.000139377924;0.000077954455;0.000109764561;0.000068828199;
2019;06;30;22;1;0.000152497287;0.000098799373;0.000115328282;0.000090198368;
2019;06;30;23;1;0.000150726835;0.000147859079;0.000121336758;0.000193084834;
2019;06;30;24;1;0.000128562176;0.000147449391;0.000111847512;0.000186089427;
