AŃO;MES;DIA;HORA;VERANO(1)/INVIERNO(0);COEF. PERFIL P2.0TD;COEF. PERFIL P3.0TD;COEF. PERFIL P3.0TDVE;RESERVADO;
2021;11;01;1;0;0.000097168286;0.000075377347;0.000065603037;;
2021;11;01;2;0;0.000082066306;0.000070210611;0.000035538408;;
2021;11;01;3;0;0.000071803501;0.000068066039;0.000038600336;;
2021;11;01;4;0;0.000065854802;0.000066819237;0.000040432483;;
2021;11;01;5;0;0.000063634035;0.000066789976;0.000025422236;;
2021;11;01;6;0;0.000063987980;0.000067460545;0.000042069011;;
2021;11;01;7;0;0.000066522789;0.000069514727;0.000052835261;;
2021;11;01;8;0;0.000070673689;0.000067457868;0.000031752447;;
2021;11;01;9;0;0.000080823691;0.000063761897;0.000029365646;;
2021;11;01;10;0;0.000102732984;0.000068025330;0.000061657241;;
2021;11;01;11;0;0.000119078654;0.000072905451;0.000087549441;;
2021;11;01;12;0;0.000124249766;0.000076574637;0.000084784521;;
2021;11;01;13;0;0.000123529575;0.000079056975;0.000124293774;;
2021;11;01;14;0;0.000129820172;0.000079526770;0.000139710768;;
2021;11;01;15;0;0.000129220373;0.000077142335;0.000132602848;;
2021;11;01;16;0;0.000114471554;0.000074144352;0.000144059732;;
2021;11;01;17;0;0.000106623524;0.000071864018;0.000119245827;;
2021;11;01;18;0;0.000106870276;0.000071688123;0.000122567787;;
2021;11;01;19;0;0.000125690893;0.000084959047;0.000116265009;;
2021;11;01;20;0;0.000138803252;0.000088883517;0.000102365262;;
2021;11;01;21;0;0.000148048029;0.000088287349;0.000139602223;;
2021;11;01;22;0;0.000148049775;0.000084525199;0.000124274689;;
2021;11;01;23;0;0.000133499829;0.000078283849;0.000088108867;;
2021;11;01;24;0;0.000111632640;0.000072712906;0.000059166666;;
2021;11;02;1;0;0.000088439430;0.000067286330;0.000053271403;;
2021;11;02;2;0;0.000072437123;0.000064258127;0.000046818383;;
2021;11;02;3;0;0.000064298054;0.000063253726;0.000042472283;;
2021;11;02;4;0;0.000060689043;0.000062929250;0.000034625057;;
2021;11;02;5;0;0.000059742200;0.000063216350;0.000025017625;;
2021;11;02;6;0;0.000062160705;0.000065568069;0.000028421855;;
2021;11;02;7;0;0.000072960353;0.000074841964;0.000025451132;;
2021;11;02;8;0;0.000095671308;0.000091677735;0.000038733279;;
2021;11;02;9;0;0.000104646044;0.000117346082;0.000095796957;;
2021;11;02;10;0;0.000105958437;0.000135752690;0.000175294663;;
2021;11;02;11;0;0.000109049480;0.000141463662;0.000213776746;;
2021;11;02;12;0;0.000108702179;0.000141071372;0.000212374275;;
2021;11;02;13;0;0.000109878329;0.000140766544;0.000195226837;;
2021;11;02;14;0;0.000117477017;0.000133381702;0.000190223588;;
2021;11;02;15;0;0.000118414380;0.000117690668;0.000192333265;;
2021;11;02;16;0;0.000111987488;0.000112933501;0.000193309116;;
2021;11;02;17;0;0.000107508392;0.000114021036;0.000176942360;;
2021;11;02;18;0;0.000111205960;0.000117932839;0.000170490717;;
2021;11;02;19;0;0.000129792784;0.000127977272;0.000177760239;;
2021;11;02;20;0;0.000144405962;0.000121984570;0.000185669460;;
2021;11;02;21;0;0.000156816521;0.000110641871;0.000168676781;;
2021;11;02;22;0;0.000158239269;0.000096246430;0.000148108581;;
2021;11;02;23;0;0.000143293126;0.000082891657;0.000101578132;;
2021;11;02;24;0;0.000117800839;0.000073896798;0.000087493262;;
2021;11;03;1;0;0.000094225586;0.000071167172;0.000055429087;;
2021;11;03;2;0;0.000077266968;0.000067998897;0.000048714696;;
2021;11;03;3;0;0.000068339252;0.000066834449;0.000044192564;;
2021;11;03;4;0;0.000064288578;0.000066397723;0.000036027497;;
2021;11;03;5;0;0.000063067637;0.000066602306;0.000026030929;;
2021;11;03;6;0;0.000065122547;0.000068854261;0.000029573042;;
2021;11;03;7;0;0.000075555591;0.000078208621;0.000026481995;;
2021;11;03;8;0;0.000098939935;0.000095746792;0.000040302116;;
2021;11;03;9;0;0.000107705091;0.000122306902;0.000099677079;;
2021;11;03;10;0;0.000109108635;0.000141520668;0.000182394729;;
2021;11;03;11;0;0.000112383304;0.000147525090;0.000222435475;;
2021;11;03;12;0;0.000111946697;0.000147071781;0.000220976198;;
2021;11;03;13;0;0.000113229088;0.000146792099;0.000203134228;;
2021;11;03;14;0;0.000120752936;0.000138939387;0.000197928329;;
2021;11;03;15;0;0.000121878361;0.000122663281;0.000200123455;;
2021;11;03;16;0;0.000114901506;0.000117547729;0.000201138832;;
2021;11;03;17;0;0.000110490514;0.000118765752;0.000184109163;;
2021;11;03;18;0;0.000114140693;0.000122774565;0.000177396206;;
2021;11;03;19;0;0.000133049855;0.000133160128;0.000184960169;;
2021;11;03;20;0;0.000148289822;0.000127017070;0.000193189742;;
2021;11;03;21;0;0.000161266901;0.000115276125;0.000175508798;;
2021;11;03;22;0;0.000162895164;0.000100320462;0.000154107512;;
2021;11;03;23;0;0.000147307214;0.000086350298;0.000105692413;;
2021;11;03;24;0;0.000120989434;0.000076949529;0.000091037054;;
2021;11;04;1;0;0.000095246449;0.000072071074;0.000056035453;;
2021;11;04;2;0;0.000078343362;0.000068953145;0.000049247609;;
2021;11;04;3;0;0.000069281895;0.000067768375;0.000044676008;;
2021;11;04;4;0;0.000064992831;0.000067244505;0.000036421619;;
2021;11;04;5;0;0.000063623716;0.000067390549;0.000026315693;;
2021;11;04;6;0;0.000065815107;0.000069722488;0.000029896556;;
2021;11;04;7;0;0.000076520095;0.000079265053;0.000026771694;;
2021;11;04;8;0;0.000100041820;0.000096974302;0.000040743000;;
2021;11;04;9;0;0.000108926824;0.000123885475;0.000100767494;;
2021;11;04;10;0;0.000110445624;0.000143401754;0.000184390033;;
2021;11;04;11;0;0.000113444655;0.000149310544;0.000224868804;;
2021;11;04;12;0;0.000112727522;0.000148697738;0.000223393563;;
2021;11;04;13;0;0.000113639565;0.000148205064;0.000205356411;;
2021;11;04;14;0;0.000121312106;0.000140335161;0.000200093562;;
2021;11;04;15;0;0.000122313908;0.000123839070;0.000202312702;;
2021;11;04;16;0;0.000115534151;0.000118772588;0.000203339187;;
2021;11;04;17;0;0.000111280032;0.000120086852;0.000186123222;;
2021;11;04;18;0;0.000114928525;0.000124128386;0.000179336828;;
2021;11;04;19;0;0.000134400266;0.000134811472;0.000186983538;;
2021;11;04;20;0;0.000149748017;0.000128575409;0.000195303138;;
2021;11;04;21;0;0.000163020339;0.000116741695;0.000177428774;;
2021;11;04;22;0;0.000164671779;0.000101597563;0.000155793369;;
2021;11;04;23;0;0.000149012018;0.000087473983;0.000106848633;;
2021;11;04;24;0;0.000121917227;0.000077822456;0.000092032952;;
2021;11;05;1;0;0.000097903859;0.000075384650;0.000062968329;;
2021;11;05;2;0;0.000080872994;0.000071941360;0.000042192106;;
2021;11;05;3;0;0.000071085294;0.000070384832;0.000044554037;;
2021;11;05;4;0;0.000066542025;0.000069813336;0.000031939144;;
2021;11;05;5;0;0.000065127736;0.000069973180;0.000046495661;;
2021;11;05;6;0;0.000067410689;0.000072297733;0.000031237216;;
2021;11;05;7;0;0.000077964102;0.000081609338;0.000025679813;;
2021;11;05;8;0;0.000101116857;0.000098886158;0.000038454622;;
2021;11;05;9;0;0.000110990228;0.000124693397;0.000096251891;;
2021;11;05;10;0;0.000114285578;0.000143877542;0.000168867486;;
2021;11;05;11;0;0.000117346969;0.000149667901;0.000248090545;;
2021;11;05;12;0;0.000116638449;0.000149990698;0.000241635920;;
2021;11;05;13;0;0.000117161387;0.000149645782;0.000217205708;;
2021;11;05;14;0;0.000124183302;0.000141586666;0.000202326531;;
2021;11;05;15;0;0.000126008126;0.000124042819;0.000182836704;;
2021;11;05;16;0;0.000119891725;0.000116031904;0.000172479019;;
2021;11;05;17;0;0.000115637205;0.000115037370;0.000176236316;;
2021;11;05;18;0;0.000118469630;0.000118565496;0.000178998743;;
2021;11;05;19;0;0.000135304176;0.000131729163;0.000146336443;;
2021;11;05;20;0;0.000145341263;0.000129302345;0.000187362442;;
2021;11;05;21;0;0.000152661231;0.000121328816;0.000142089495;;
2021;11;05;22;0;0.000155748857;0.000108510792;0.000147167152;;
2021;11;05;23;0;0.000145866250;0.000095455809;0.000117945149;;
2021;11;05;24;0;0.000125056580;0.000085913864;0.000103257021;;
2021;11;06;1;0;0.000104431596;0.000081400050;0.000104992085;;
2021;11;06;2;0;0.000086936128;0.000075574725;0.000050809840;;
2021;11;06;3;0;0.000075987663;0.000073273718;0.000040540528;;
2021;11;06;4;0;0.000070297484;0.000072325136;0.000033716745;;
2021;11;06;5;0;0.000067853673;0.000071839338;0.000053616278;;
2021;11;06;6;0;0.000068550082;0.000072768177;0.000035395635;;
2021;11;06;7;0;0.000072208090;0.000075933522;0.000053769835;;
2021;11;06;8;0;0.000079287619;0.000077405738;0.000031195484;;
2021;11;06;9;0;0.000093889956;0.000078745836;0.000047329213;;
2021;11;06;10;0;0.000116855120;0.000088641379;0.000065261753;;
2021;11;06;11;0;0.000129391911;0.000097734472;0.000074456166;;
2021;11;06;12;0;0.000130234870;0.000101633435;0.000125244069;;
2021;11;06;13;0;0.000128555706;0.000103417828;0.000141041435;;
2021;11;06;14;0;0.000135969637;0.000099887254;0.000174097153;;
2021;11;06;15;0;0.000136985831;0.000092752562;0.000174401342;;
2021;11;06;16;0;0.000124158166;0.000089203569;0.000157185401;;
2021;11;06;17;0;0.000115506565;0.000087440202;0.000138865312;;
2021;11;06;18;0;0.000115140391;0.000090851895;0.000124470434;;
2021;11;06;19;0;0.000131636551;0.000106231107;0.000133857889;;
2021;11;06;20;0;0.000139920432;0.000110925880;0.000131431687;;
2021;11;06;21;0;0.000146773635;0.000110679452;0.000156891449;;
2021;11;06;22;0;0.000150924905;0.000103809653;0.000156318169;;
2021;11;06;23;0;0.000142723707;0.000094633030;0.000113013614;;
2021;11;06;24;0;0.000125564060;0.000087122930;0.000080045643;;
2021;11;07;1;0;0.000103982935;0.000081741039;0.000070504817;;
2021;11;07;2;0;0.000087551383;0.000076038599;0.000038193795;;
2021;11;07;3;0;0.000076458301;0.000073656945;0.000041484506;;
2021;11;07;4;0;0.000070076894;0.000072287074;0.000043453550;;
2021;11;07;5;0;0.000067485144;0.000072151555;0.000027321754;;
2021;11;07;6;0;0.000067606831;0.000072760019;0.000045212356;;
2021;11;07;7;0;0.000070479567;0.000075063601;0.000056783048;;
2021;11;07;8;0;0.000074679981;0.000072760920;0.000034124952;;
2021;11;07;9;0;0.000084978297;0.000068628914;0.000031559812;;
2021;11;07;10;0;0.000108285287;0.000073295402;0.000066264195;;
2021;11;07;11;0;0.000125755857;0.000078617764;0.000094091030;;
2021;11;07;12;0;0.000131414088;0.000082626975;0.000091119518;;
2021;11;07;13;0;0.000130510537;0.000085266135;0.000133580854;;
2021;11;07;14;0;0.000136747902;0.000085663370;0.000150149788;;
2021;11;07;15;0;0.000136245278;0.000083127612;0.000142510772;;
2021;11;07;16;0;0.000121275404;0.000080061310;0.000154823701;;
2021;11;07;17;0;0.000112758954;0.000077540146;0.000128155731;;
2021;11;07;18;0;0.000113035912;0.000077356329;0.000131725903;;
2021;11;07;19;0;0.000133567329;0.000091858082;0.000124952190;;
2021;11;07;20;0;0.000147740415;0.000096167321;0.000110013870;;
2021;11;07;21;0;0.000158852972;0.000095849503;0.000150033132;;
2021;11;07;22;0;0.000159648300;0.000091960374;0.000133560344;;
2021;11;07;23;0;0.000144371496;0.000085273181;0.000094692254;;
2021;11;07;24;0;0.000120100240;0.000079030763;0.000063587527;;
2021;11;08;1;0;0.000095916009;0.000072530800;0.000039672300;;
2021;11;08;2;0;0.000078967204;0.000069321416;0.000029677461;;
2021;11;08;3;0;0.000070165982;0.000068364310;0.000025361614;;
2021;11;08;4;0;0.000065913597;0.000068066539;0.000025166214;;
2021;11;08;5;0;0.000064481500;0.000068391398;0.000040632239;;
2021;11;08;6;0;0.000066809426;0.000070955660;0.000026878286;;
2021;11;08;7;0;0.000077681960;0.000081030982;0.000018471455;;
2021;11;08;8;0;0.000101407900;0.000098998441;0.000025569419;;
2021;11;08;9;0;0.000110711994;0.000127896638;0.000105776259;;
2021;11;08;10;0;0.000112661877;0.000149317482;0.000200779183;;
2021;11;08;11;0;0.000116609792;0.000155164515;0.000253257904;;
2021;11;08;12;0;0.000116661167;0.000155117146;0.000259720044;;
2021;11;08;13;0;0.000117497867;0.000154121805;0.000222356870;;
2021;11;08;14;0;0.000125098456;0.000145732025;0.000216487131;;
2021;11;08;15;0;0.000126503389;0.000129054394;0.000212399250;;
2021;11;08;16;0;0.000119209209;0.000123754694;0.000225232034;;
2021;11;08;17;0;0.000114095134;0.000125128076;0.000209037138;;
2021;11;08;18;0;0.000117373387;0.000128706990;0.000212912561;;
2021;11;08;19;0;0.000137703039;0.000139170085;0.000185531819;;
2021;11;08;20;0;0.000153877923;0.000132154969;0.000178196584;;
2021;11;08;21;0;0.000168121296;0.000119281861;0.000205371071;;
2021;11;08;22;0;0.000170248349;0.000103401685;0.000208503666;;
2021;11;08;23;0;0.000153483198;0.000088994153;0.000118973479;;
2021;11;08;24;0;0.000124564361;0.000079666989;0.000088669499;;
2021;11;09;1;0;0.000098382957;0.000074596252;0.000057631816;;
2021;11;09;2;0;0.000080555784;0.000071229827;0.000050650598;;
2021;11;09;3;0;0.000071108823;0.000069951032;0.000045948758;;
2021;11;09;4;0;0.000066702098;0.000069408119;0.000037459215;;
2021;11;09;5;0;0.000065392691;0.000069602318;0.000027065387;;
2021;11;09;6;0;0.000067743679;0.000072054659;0.000030748263;;
2021;11;09;7;0;0.000078610539;0.000081848712;0.000027534379;;
2021;11;09;8;0;0.000102816369;0.000100152477;0.000041903705;;
2021;11;09;9;0;0.000111911158;0.000127927644;0.000103638205;;
2021;11;09;10;0;0.000112961211;0.000147798635;0.000189643020;;
2021;11;09;11;0;0.000115924872;0.000153830616;0.000231274969;;
2021;11;09;12;0;0.000115039948;0.000153113895;0.000229757701;;
2021;11;09;13;0;0.000115765388;0.000152492048;0.000211206698;;
2021;11;09;14;0;0.000123355581;0.000144281162;0.000205793919;;
2021;11;09;15;0;0.000124312432;0.000127293230;0.000208076279;;
2021;11;09;16;0;0.000117762961;0.000122236589;0.000209132006;;
2021;11;09;17;0;0.000113481675;0.000123614988;0.000191425586;;
2021;11;09;18;0;0.000117537411;0.000127930489;0.000184445858;;
2021;11;09;19;0;0.000137549273;0.000138982521;0.000192310410;;
2021;11;09;20;0;0.000152899622;0.000132422381;0.000200867023;;
2021;11;09;21;0;0.000166764038;0.000120330078;0.000182483446;;
2021;11;09;22;0;0.000168903339;0.000104839826;0.000160231681;;
2021;11;09;23;0;0.000153496688;0.000090430688;0.000109892585;;
2021;11;09;24;0;0.000125516005;0.000080433431;0.000094654829;;
2021;11;10;1;0;0.000099015773;0.000075630069;0.000058552086;;
2021;11;10;2;0;0.000080989130;0.000072184510;0.000051459391;;
2021;11;10;3;0;0.000071496212;0.000070890988;0.000046682471;;
2021;11;10;4;0;0.000067194346;0.000070399039;0.000038057367;;
2021;11;10;5;0;0.000065861299;0.000070590023;0.000027497569;;
2021;11;10;6;0;0.000068215346;0.000073072165;0.000031239254;;
2021;11;10;7;0;0.000079610943;0.000083206227;0.000027974050;;
2021;11;10;8;0;0.000104553906;0.000101991363;0.000042572827;;
2021;11;10;9;0;0.000113741289;0.000130246575;0.000105293108;;
2021;11;10;10;0;0.000114900463;0.000150528399;0.000192671255;;
2021;11;10;11;0;0.000118243082;0.000156855758;0.000234967985;;
2021;11;10;12;0;0.000117481352;0.000156203960;0.000233426490;;
2021;11;10;13;0;0.000118242792;0.000155581474;0.000214579263;;
2021;11;10;14;0;0.000126112390;0.000147264061;0.000209080052;;
2021;11;10;15;0;0.000127007200;0.000129889781;0.000211398857;;
2021;11;10;16;0;0.000120042789;0.000124609057;0.000212471443;;
2021;11;10;17;0;0.000115186558;0.000125785912;0.000194482284;;
2021;11;10;18;0;0.000119108294;0.000130087108;0.000187391104;;
2021;11;10;19;0;0.000139190578;0.000141241119;0.000195381238;;
2021;11;10;20;0;0.000154641569;0.000134543646;0.000204074483;;
2021;11;10;21;0;0.000168459195;0.000122193880;0.000185397356;;
2021;11;10;22;0;0.000170440196;0.000106414980;0.000162790273;;
2021;11;10;23;0;0.000154777421;0.000091759985;0.000111647359;;
2021;11;10;24;0;0.000126477374;0.000081592398;0.000096166285;;
2021;11;11;1;0;0.000099200766;0.000075773806;0.000058640181;;
2021;11;11;2;0;0.000081222078;0.000072352912;0.000051536815;;
2021;11;11;3;0;0.000071757462;0.000071079935;0.000046752709;;
2021;11;11;4;0;0.000067355909;0.000070548954;0.000038114627;;
2021;11;11;5;0;0.000066183236;0.000070815155;0.000027538941;;
2021;11;11;6;0;0.000068470621;0.000073268970;0.000031286255;;
2021;11;11;7;0;0.000079736201;0.000083353734;0.000028016139;;
2021;11;11;8;0;0.000104701240;0.000102165085;0.000042636881;;
2021;11;11;9;0;0.000113596623;0.000130320270;0.000105451529;;
2021;11;11;10;0;0.000115067903;0.000150787853;0.000192961143;;
2021;11;11;11;0;0.000118305719;0.000157064488;0.000235321512;;
2021;11;11;12;0;0.000117434862;0.000156350590;0.000233777697;;
2021;11;11;13;0;0.000118246704;0.000155755696;0.000214902113;;
2021;11;11;14;0;0.000126003612;0.000147372478;0.000209394628;;
2021;11;11;15;0;0.000127013899;0.000130035855;0.000211716922;;
2021;11;11;16;0;0.000120083856;0.000124764690;0.000212791121;;
2021;11;11;17;0;0.000115538454;0.000126087948;0.000194774897;;
2021;11;11;18;0;0.000119428552;0.000130378794;0.000187673047;;
2021;11;11;19;0;0.000139602070;0.000141573848;0.000195675203;;
2021;11;11;20;0;0.000154787560;0.000134746323;0.000204381528;;
2021;11;11;21;0;0.000168408477;0.000122313147;0.000185676299;;
2021;11;11;22;0;0.000170544886;0.000106560123;0.000163035203;;
2021;11;11;23;0;0.000154763510;0.000091857564;0.000111815340;;
2021;11;11;24;0;0.000127028901;0.000081834014;0.000096310974;;
2021;11;12;1;0;0.000100938627;0.000077873431;0.000064696165;;
2021;11;12;2;0;0.000083226952;0.000074258384;0.000043349848;;
2021;11;12;3;0;0.000073117255;0.000072635865;0.000045776590;;
2021;11;12;4;0;0.000068355809;0.000072006253;0.000032815547;;
2021;11;12;5;0;0.000066951206;0.000072193163;0.000047771491;;
2021;11;12;6;0;0.000069366464;0.000074622079;0.000032094358;;
2021;11;12;7;0;0.000080186993;0.000084215136;0.000026384462;;
2021;11;12;8;0;0.000103952873;0.000102024675;0.000039509808;;
2021;11;12;9;0;0.000113673982;0.000128444984;0.000098893021;;
2021;11;12;10;0;0.000116738529;0.000148039608;0.000173501171;;
2021;11;12;11;0;0.000120457330;0.000154318670;0.000254898093;;
2021;11;12;12;0;0.000119464576;0.000154506474;0.000248266354;;
2021;11;12;13;0;0.000119770405;0.000154026117;0.000223165783;;
2021;11;12;14;0;0.000126866042;0.000145690622;0.000207878325;;
2021;11;12;15;0;0.000128514931;0.000127547042;0.000187853702;;
2021;11;12;16;0;0.000122506541;0.000119405240;0.000177211804;;
2021;11;12;17;0;0.000118250037;0.000118420562;0.000181072200;;
2021;11;12;18;0;0.000121054750;0.000122013635;0.000183910427;;
2021;11;12;19;0;0.000138035781;0.000135468467;0.000150351882;;
2021;11;12;20;0;0.000147714781;0.000132758489;0.000192503625;;
2021;11;12;21;0;0.000155403803;0.000124655908;0.000145988398;;
2021;11;12;22;0;0.000158812989;0.000111565371;0.000151205385;;
2021;11;12;23;0;0.000149164645;0.000098263666;0.000121181537;;
2021;11;12;24;0;0.000127978591;0.000088468831;0.000106090370;;
2021;11;13;1;0;0.000105237623;0.000081499094;0.000104716278;;
2021;11;13;2;0;0.000087473658;0.000075617449;0.000050676366;;
2021;11;13;3;0;0.000076332979;0.000073263867;0.000040434031;;
2021;11;13;4;0;0.000070535341;0.000072279677;0.000033628173;;
2021;11;13;5;0;0.000068068660;0.000071787437;0.000053475432;;
2021;11;13;6;0;0.000068805298;0.000072732280;0.000035302653;;
2021;11;13;7;0;0.000072286713;0.000075811057;0.000053628585;;
2021;11;13;8;0;0.000079607727;0.000077377249;0.000031113535;;
2021;11;13;9;0;0.000093781241;0.000078543669;0.000047204882;;
2021;11;13;10;0;0.000116649382;0.000088391239;0.000065090315;;
2021;11;13;11;0;0.000129326506;0.000097510496;0.000074260574;;
2021;11;13;12;0;0.000129880544;0.000101305404;0.000124915061;;
2021;11;13;13;0;0.000128058745;0.000103033907;0.000140670928;;
2021;11;13;14;0;0.000135206878;0.000099442381;0.000173639811;;
2021;11;13;15;0;0.000135933768;0.000092257207;0.000173943201;;
2021;11;13;16;0;0.000123178883;0.000088719410;0.000156772485;;
2021;11;13;17;0;0.000114825828;0.000087040139;0.000138500522;;
2021;11;13;18;0;0.000114867624;0.000090572249;0.000124143458;;
2021;11;13;19;0;0.000131480134;0.000105957020;0.000133506253;;
2021;11;13;20;0;0.000139165052;0.000110441556;0.000131086425;;
2021;11;13;21;0;0.000146199109;0.000110265550;0.000156479306;;
2021;11;13;22;0;0.000150005818;0.000103324461;0.000155907532;;
2021;11;13;23;0;0.000141863877;0.000094193826;0.000112716735;;
2021;11;13;24;0;0.000125010403;0.000086778721;0.000079835368;;
2021;11;14;1;0;0.000103667866;0.000081067871;0.000069834383;;
2021;11;14;2;0;0.000087294044;0.000075415354;0.000037830608;;
2021;11;14;3;0;0.000075987602;0.000072952592;0.000041090028;;
2021;11;14;4;0;0.000069725474;0.000071630798;0.000043040348;;
2021;11;14;5;0;0.000067094671;0.000071472924;0.000027061950;;
2021;11;14;6;0;0.000067459592;0.000072186742;0.000044782430;;
2021;11;14;7;0;0.000069990151;0.000074320716;0.000056243095;;
2021;11;14;8;0;0.000074133215;0.000072029122;0.000033800456;;
2021;11;14;9;0;0.000084143830;0.000067866284;0.000031259708;;
2021;11;14;10;0;0.000106960059;0.000072405871;0.000065634086;;
2021;11;14;11;0;0.000124100715;0.000077632893;0.000093196314;;
2021;11;14;12;0;0.000129327612;0.000081496689;0.000090253058;;
2021;11;14;13;0;0.000128573623;0.000084137191;0.000132310628;;
2021;11;14;14;0;0.000135011648;0.000084606634;0.000148722006;;
2021;11;14;15;0;0.000134597436;0.000082122834;0.000141155631;;
2021;11;14;16;0;0.000119832678;0.000079100464;0.000153351475;;
2021;11;14;17;0;0.000111648142;0.000076677136;0.000126937092;;
2021;11;14;18;0;0.000112355020;0.000076620324;0.000130473315;;
2021;11;14;19;0;0.000133132932;0.000091091847;0.000123764014;;
2021;11;14;20;0;0.000146629262;0.000095191971;0.000108967744;;
2021;11;14;21;0;0.000158268433;0.000095033985;0.000148606460;;
2021;11;14;22;0;0.000158985596;0.000091159916;0.000132290312;;
2021;11;14;23;0;0.000143655677;0.000084501554;0.000093791821;;
2021;11;14;24;0;0.000119320831;0.000078263965;0.000062982871;;
2021;11;15;1;0;0.000096453966;0.000073072615;0.000039951514;;
2021;11;15;2;0;0.000079374743;0.000069825944;0.000029886331;;
2021;11;15;3;0;0.000070608781;0.000068895634;0.000025540108;;
2021;11;15;4;0;0.000066368293;0.000068612701;0.000025343334;;
2021;11;15;5;0;0.000064949400;0.000068950542;0.000040918209;;
2021;11;15;6;0;0.000066967702;0.000071388093;0.000027067455;;
2021;11;15;7;0;0.000077916631;0.000081547519;0.000018601457;;
2021;11;15;8;0;0.000102218673;0.000099838693;0.000025749377;;
2021;11;15;9;0;0.000111404054;0.000128887182;0.000106520712;;
2021;11;15;10;0;0.000113219316;0.000150391384;0.000202192265;;
2021;11;15;11;0;0.000117277057;0.000156331429;0.000255040331;;
2021;11;15;12;0;0.000117151405;0.000156183838;0.000261547952;;
2021;11;15;13;0;0.000118140112;0.000155264129;0.000223921816;;
2021;11;15;14;0;0.000125878545;0.000146859751;0.000218010766;;
2021;11;15;15;0;0.000127323756;0.000130066839;0.000213894114;;
2021;11;15;16;0;0.000120129811;0.000124790735;0.000226817215;;
2021;11;15;17;0;0.000115104679;0.000126235110;0.000210508340;;
2021;11;15;18;0;0.000118451709;0.000129862925;0.000214411038;;
2021;11;15;19;0;0.000138131469;0.000140063072;0.000186837591;;
2021;11;15;20;0;0.000154818938;0.000133170866;0.000179450731;;
2021;11;15;21;0;0.000169083829;0.000120178986;0.000206816471;;
2021;11;15;22;0;0.000171296765;0.000104198513;0.000209971113;;
2021;11;15;23;0;0.000154329230;0.000089655328;0.000119810813;;
2021;11;15;24;0;0.000125288517;0.000080269155;0.000089293554;;
2021;11;16;1;0;0.000099845914;0.000076476205;0.000059162690;;
2021;11;16;2;0;0.000081675267;0.000072994833;0.000051996029;;
2021;11;16;3;0;0.000072146148;0.000071705628;0.000047169295;;
2021;11;16;4;0;0.000067837511;0.000071222551;0.000038454244;;
2021;11;16;5;0;0.000066322961;0.000071338274;0.000027784325;;
2021;11;16;6;0;0.000068678031;0.000073840001;0.000031565029;;
2021;11;16;7;0;0.000080118386;0.000084066248;0.000028265774;;
2021;11;16;8;0;0.000105056186;0.000102976990;0.000043016793;;
2021;11;16;9;0;0.000114412588;0.000131566435;0.000106391145;;
2021;11;16;10;0;0.000115792072;0.000152172804;0.000194680506;;
2021;11;16;11;0;0.000119152292;0.000158564579;0.000237418324;;
2021;11;16;12;0;0.000118362380;0.000157893080;0.000235860753;;
2021;11;16;13;0;0.000119073534;0.000157232481;0.000216816980;;
2021;11;16;14;0;0.000126927821;0.000148791218;0.000211260421;;
2021;11;16;15;0;0.000127835570;0.000131239622;0.000213603407;;
2021;11;16;16;0;0.000120901752;0.000125937928;0.000214687178;;
2021;11;16;17;0;0.000116225997;0.000127227555;0.000196510422;;
2021;11;16;18;0;0.000120589708;0.000131765408;0.000189345291;;
2021;11;16;19;0;0.000141204679;0.000143184964;0.000197418750;;
2021;11;16;20;0;0.000156495948;0.000136254982;0.000206202652;;
2021;11;16;21;0;0.000170570088;0.000123777052;0.000187330752;;
2021;11;16;22;0;0.000172223476;0.000107700272;0.000164487914;;
2021;11;16;23;0;0.000156196981;0.000092817558;0.000112811661;;
2021;11;16;24;0;0.000127558825;0.000082511106;0.000097169145;;
2021;11;17;1;0;0.000100056000;0.000076628735;0.000059240231;;
2021;11;17;2;0;0.000081939508;0.000073175842;0.000052064177;;
2021;11;17;3;0;0.000072155447;0.000071787881;0.000047231117;;
2021;11;17;4;0;0.000067525774;0.000071160108;0.000038504643;;
2021;11;17;5;0;0.000066375691;0.000071440499;0.000027820740;;
2021;11;17;6;0;0.000068828644;0.000073989613;0.000031606399;;
2021;11;17;7;0;0.000080093924;0.000084147630;0.000028302820;;
2021;11;17;8;0;0.000105689069;0.000103353005;0.000043073173;;
2021;11;17;9;0;0.000115067533;0.000132029818;0.000106530586;;
2021;11;17;10;0;0.000115830130;0.000152360895;0.000194935662;;
2021;11;17;11;0;0.000118948938;0.000158623892;0.000237729494;;
2021;11;17;12;0;0.000118012340;0.000157868555;0.000236169882;;
2021;11;17;13;0;0.000118882194;0.000157297848;0.000217101149;;
2021;11;17;14;0;0.000126677286;0.000148829251;0.000211537307;;
2021;11;17;15;0;0.000127457129;0.000131217599;0.000213883364;;
2021;11;17;16;0;0.000121207459;0.000126211322;0.000214968556;;
2021;11;17;17;0;0.000116173935;0.000127342829;0.000196767976;;
2021;11;17;18;0;0.000120471084;0.000131855344;0.000189593455;;
2021;11;17;19;0;0.000141491081;0.000143464969;0.000197677495;;
2021;11;17;20;0;0.000156996025;0.000136589008;0.000206472909;;
2021;11;17;21;0;0.000170867468;0.000124004473;0.000187576275;;
2021;11;17;22;0;0.000172749234;0.000107958554;0.000164703499;;
2021;11;17;23;0;0.000156699032;0.000093046469;0.000112959517;;
2021;11;17;24;0;0.000128084218;0.000082746252;0.000097296498;;
2021;11;18;1;0;0.000100499952;0.000077244558;0.000059770302;;
2021;11;18;2;0;0.000082254988;0.000073745404;0.000052530038;;
2021;11;18;3;0;0.000072440341;0.000072350007;0.000047653732;;
2021;11;18;4;0;0.000068320224;0.000071955529;0.000038849176;;
2021;11;18;5;0;0.000066909694;0.000072125430;0.000028069675;;
2021;11;18;6;0;0.000069421648;0.000074716881;0.000031889208;;
2021;11;18;7;0;0.000080862447;0.000085009531;0.000028556069;;
2021;11;18;8;0;0.000106278457;0.000104235219;0.000043458584;;
2021;11;18;9;0;0.000115572703;0.000133090355;0.000107483803;;
2021;11;18;10;0;0.000116963826;0.000153934044;0.000196679912;;
2021;11;18;11;0;0.000120481802;0.000160469664;0.000239856655;;
2021;11;18;12;0;0.000119710945;0.000159805839;0.000238283088;;
2021;11;18;13;0;0.000120348139;0.000159091365;0.000219043732;;
2021;11;18;14;0;0.000128320232;0.000150567593;0.000213430106;;
2021;11;18;15;0;0.000129063309;0.000132730181;0.000215797155;;
2021;11;18;16;0;0.000121897538;0.000127294782;0.000216892056;;
2021;11;18;17;0;0.000117194141;0.000128603458;0.000198528621;;
2021;11;18;18;0;0.000121758800;0.000133266590;0.000191289904;;
2021;11;18;19;0;0.000142277572;0.000144689089;0.000199446278;;
2021;11;18;20;0;0.000157674087;0.000137682122;0.000208320392;;
2021;11;18;21;0;0.000171564692;0.000124983449;0.000189254675;;
2021;11;18;22;0;0.000173305225;0.000108770323;0.000166177236;;
2021;11;18;23;0;0.000157445171;0.000093807748;0.000113970259;;
2021;11;18;24;0;0.000128734147;0.000083434485;0.000098167090;;
2021;11;19;1;0;0.000102607251;0.000079835264;0.000066341138;;
2021;11;19;2;0;0.000084590567;0.000076124326;0.000044452066;;
2021;11;19;3;0;0.000074312012;0.000074459768;0.000046940511;;
2021;11;19;4;0;0.000069467635;0.000073812152;0.000033649919;;
2021;11;19;5;0;0.000067941647;0.000073958279;0.000048986135;;
2021;11;19;6;0;0.000070468123;0.000076482311;0.000032910393;;
2021;11;19;7;0;0.000081686708;0.000086416486;0.000027055316;;
2021;11;19;8;0;0.000106432051;0.000104915962;0.000040514389;;
2021;11;19;9;0;0.000116513431;0.000132146416;0.000101407488;;
2021;11;19;10;0;0.000119917694;0.000152447421;0.000177912634;;
2021;11;19;11;0;0.000123494606;0.000158780623;0.000261379164;;
2021;11;19;12;0;0.000122186613;0.000158814134;0.000254578806;;
2021;11;19;13;0;0.000122380348;0.000158255264;0.000228840025;;
2021;11;19;14;0;0.000129930409;0.000149837888;0.000213163865;;
2021;11;19;15;0;0.000131399074;0.000131084731;0.000192630094;;
2021;11;19;16;0;0.000125045344;0.000122629364;0.000181717614;;
2021;11;19;17;0;0.000120728448;0.000121630042;0.000185676165;;
2021;11;19;18;0;0.000123994717;0.000125493112;0.000188586557;;
2021;11;19;19;0;0.000141726156;0.000139472579;0.000154174748;;
2021;11;19;20;0;0.000151291173;0.000136540530;0.000197398247;;
2021;11;19;21;0;0.000159027101;0.000128159899;0.000149700318;;
2021;11;19;22;0;0.000161976184;0.000114539106;0.000155049953;;
2021;11;19;23;0;0.000151761494;0.000100777238;0.000124262714;;
2021;11;19;24;0;0.000130546390;0.000090832678;0.000108787837;;
2021;11;20;1;0;0.000107888867;0.000084919143;0.000109235702;;
2021;11;20;2;0;0.000089714338;0.000078804545;0.000052863494;;
2021;11;20;3;0;0.000078298200;0.000076356301;0.000042179113;;
2021;11;20;4;0;0.000072236522;0.000075279787;0.000035079523;;
2021;11;20;5;0;0.000069820279;0.000074817636;0.000055783365;;
2021;11;20;6;0;0.000070574415;0.000075802581;0.000036826272;;
2021;11;20;7;0;0.000074144597;0.000079011706;0.000055943128;;
2021;11;20;8;0;0.000081792285;0.000080702191;0.000032456357;;
2021;11;20;9;0;0.000096445557;0.000081952668;0.000049242186;;
2021;11;20;10;0;0.000120317033;0.000092342107;0.000067899532;;
2021;11;20;11;0;0.000134137508;0.000102109047;0.000077465568;;
2021;11;20;12;0;0.000135608042;0.000106381347;0.000130306239;;
2021;11;20;13;0;0.000134281172;0.000108394324;0.000146742110;;
2021;11;20;14;0;0.000142259130;0.000104768438;0.000181133889;;
2021;11;20;15;0;0.000143240036;0.000097262895;0.000181450373;;
2021;11;20;16;0;0.000129841515;0.000093545686;0.000163538590;;
2021;11;20;17;0;0.000120622492;0.000091639803;0.000144478032;;
2021;11;20;18;0;0.000120574376;0.000095324793;0.000129501335;;
2021;11;20;19;0;0.000136824204;0.000111109918;0.000139268217;;
2021;11;20;20;0;0.000143985210;0.000115528733;0.000136743952;;
2021;11;20;21;0;0.000150405576;0.000115066131;0.000163232757;;
2021;11;20;22;0;0.000154394210;0.000107843490;0.000162636306;;
2021;11;20;23;0;0.000146119159;0.000098344230;0.000117581448;;
2021;11;20;24;0;0.000128606631;0.000090556583;0.000083280963;;
2021;11;21;1;0;0.000105759373;0.000083262036;0.000071611837;;
2021;11;21;2;0;0.000088739146;0.000077339257;0.000038793488;;
2021;11;21;3;0;0.000077463895;0.000074903830;0.000042135869;;
2021;11;21;4;0;0.000070997636;0.000073510364;0.000044135828;;
2021;11;21;5;0;0.000068171404;0.000073281059;0.000027750742;;
2021;11;21;6;0;0.000068322503;0.000073912150;0.000045922251;;
2021;11;21;7;0;0.000070880791;0.000076095038;0.000057674618;;
2021;11;21;8;0;0.000075478139;0.000073916185;0.000034660759;;
2021;11;21;9;0;0.000085789337;0.000069685638;0.000032055343;;
2021;11;21;10;0;0.000109157704;0.000074377373;0.000067304632;;
2021;11;21;11;0;0.000127399543;0.000079945905;0.000095568385;;
2021;11;21;12;0;0.000133323989;0.000084074320;0.000092550216;;
2021;11;21;13;0;0.000132540776;0.000086796828;0.000135678253;;
2021;11;21;14;0;0.000139356677;0.000087329957;0.000152507340;;
2021;11;21;15;0;0.000138829525;0.000084741719;0.000144748382;;
2021;11;21;16;0;0.000123306213;0.000081539632;0.000157254640;;
2021;11;21;17;0;0.000114841392;0.000079028564;0.000130167947;;
2021;11;21;18;0;0.000115881960;0.000079059114;0.000133794176;;
2021;11;21;19;0;0.000136090828;0.000093636991;0.000126914107;;
2021;11;21;20;0;0.000149177117;0.000097654810;0.000111741236;;
2021;11;21;21;0;0.000160406059;0.000097333666;0.000152388853;;
2021;11;21;22;0;0.000160970669;0.000093325023;0.000135657420;;
2021;11;21;23;0;0.000145422112;0.000086501871;0.000096179049;;
2021;11;21;24;0;0.000121155346;0.000080220839;0.000064585937;;
2021;11;22;1;0;0.000098249689;0.000075333485;0.000041252611;;
2021;11;22;2;0;0.000080951079;0.000072024284;0.000030859636;;
2021;11;22;3;0;0.000071776691;0.000070965602;0.000026371871;;
2021;11;22;4;0;0.000067348212;0.000070621845;0.000026168688;;
2021;11;22;5;0;0.000065953180;0.000070991267;0.000042250788;;
2021;11;22;6;0;0.000068283502;0.000073631865;0.000027948958;;
2021;11;22;7;0;0.000079233707;0.000084015870;0.000019207249;;
2021;11;22;8;0;0.000103551008;0.000102692270;0.000026587954;;
2021;11;22;9;0;0.000113641582;0.000132961445;0.000109989761;;
2021;11;22;10;0;0.000116267478;0.000155585040;0.000208777041;;
2021;11;22;11;0;0.000120872966;0.000161979053;0.000263346205;;
2021;11;22;12;0;0.000121184425;0.000162076123;0.000270065759;;
2021;11;22;13;0;0.000122313002;0.000161181587;0.000231214256;;
2021;11;22;14;0;0.000130450017;0.000152520664;0.000225110701;;
2021;11;22;15;0;0.000132036154;0.000135121251;0.000220859983;;
2021;11;22;16;0;0.000124597438;0.000129649220;0.000234203949;;
2021;11;22;17;0;0.000119634698;0.000131265395;0.000217363944;;
2021;11;22;18;0;0.000123743993;0.000135326604;0.000221393741;;
2021;11;22;19;0;0.000143825221;0.000145750194;0.000192922312;;
2021;11;22;20;0;0.000159443124;0.000137937273;0.000185294885;;
2021;11;22;21;0;0.000173580712;0.000124312229;0.000213551843;;
2021;11;22;22;0;0.000174984531;0.000107554508;0.000216809222;;
2021;11;22;23;0;0.000157344797;0.000092466274;0.000123712681;;
2021;11;22;24;0;0.000127752919;0.000082790511;0.000092201569;;
2021;11;23;1;0;0.000101507647;0.000078819357;0.000061107198;;
2021;11;23;2;0;0.000083087809;0.000075251971;0.000053704990;;
2021;11;23;3;0;0.000073142668;0.000073815403;0.000048719614;;
2021;11;23;4;0;0.000068543309;0.000073213611;0.000039718125;;
2021;11;23;5;0;0.000067339864;0.000073485665;0.000028697516;;
2021;11;23;6;0;0.000069831973;0.000076111547;0.000032602481;;
2021;11;23;7;0;0.000081665302;0.000086742983;0.000029194789;;
2021;11;23;8;0;0.000107628802;0.000106482827;0.000044430632;;
2021;11;23;9;0;0.000117225272;0.000136051140;0.000109887918;;
2021;11;23;10;0;0.000118381643;0.000157215968;0.000201079098;;
2021;11;23;11;0;0.000121846969;0.000163836540;0.000245221585;;
2021;11;23;12;0;0.000121046316;0.000163146816;0.000243612822;;
2021;11;23;13;0;0.000122589920;0.000162924044;0.000223943134;;
2021;11;23;14;0;0.000131686810;0.000154685261;0.000218203947;;
2021;11;23;15;0;0.000132939479;0.000136576754;0.000220623940;;
2021;11;23;16;0;0.000125840225;0.000131108025;0.000221743332;;
2021;11;23;17;0;0.000121091815;0.000132503677;0.000202969158;;
2021;11;23;18;0;0.000125700011;0.000137254644;0.000195568530;;
2021;11;23;19;0;0.000146182562;0.000148717179;0.000203907339;;
2021;11;23;20;0;0.000161256673;0.000141239100;0.000212979943;;
2021;11;23;21;0;0.000175450220;0.000128209391;0.000193487778;;
2021;11;23;22;0;0.000176884069;0.000111485241;0.000169894162;;
2021;11;23;23;0;0.000160384583;0.000096069459;0.000116519458;;
2021;11;23;24;0;0.000131063200;0.000085425431;0.000100362817;;
2021;11;24;1;0;0.000103254699;0.000080431013;0.000062253109;;
2021;11;24;2;0;0.000084365369;0.000076731572;0.000054712091;;
2021;11;24;3;0;0.000074273570;0.000075269538;0.000049633228;;
2021;11;24;4;0;0.000069727242;0.000074712407;0.000040462938;;
2021;11;24;5;0;0.000068487270;0.000074982695;0.000029235665;;
2021;11;24;6;0;0.000070950943;0.000077629250;0.000033213858;;
2021;11;24;7;0;0.000082757360;0.000088375523;0.000029742264;;
2021;11;24;8;0;0.000109140517;0.000108516609;0.000045263816;;
2021;11;24;9;0;0.000119433050;0.000138926262;0.000111948588;;
2021;11;24;10;0;0.000121324794;0.000160939484;0.000204849828;;
2021;11;24;11;0;0.000125280267;0.000167947183;0.000249820096;;
2021;11;24;12;0;0.000124620229;0.000167333227;0.000248181165;;
2021;11;24;13;0;0.000125408916;0.000166656127;0.000228142622;;
2021;11;24;14;0;0.000133711688;0.000157726569;0.000222295811;;
2021;11;24;15;0;0.000134699914;0.000139136319;0.000224761185;;
2021;11;24;16;0;0.000127279596;0.000133463555;0.000225901568;;
2021;11;24;17;0;0.000122570534;0.000134928940;0.000206775331;;
2021;11;24;18;0;0.000126993664;0.000139655313;0.000199235923;;
2021;11;24;19;0;0.000147565646;0.000151266274;0.000207731106;;
2021;11;24;20;0;0.000163011182;0.000143745728;0.000216973844;;
2021;11;24;21;0;0.000177420981;0.000130502908;0.000197116153;;
2021;11;24;22;0;0.000179506226;0.000113650797;0.000173080097;;
2021;11;24;23;0;0.000162937112;0.000097980530;0.000118704486;;
2021;11;24;24;0;0.000133039565;0.000087094260;0.000102244868;;
2021;11;25;1;0;0.000103797193;0.000080578786;0.000062197094;;
2021;11;25;2;0;0.000084487825;0.000076747970;0.000054662861;;
2021;11;25;3;0;0.000074374550;0.000075282465;0.000049588567;;
2021;11;25;4;0;0.000069783866;0.000074707770;0.000040426529;;
2021;11;25;5;0;0.000068534271;0.000074973982;0.000029209359;;
2021;11;25;6;0;0.000071175641;0.000077701025;0.000033183972;;
2021;11;25;7;0;0.000082959087;0.000088429793;0.000029715501;;
2021;11;25;8;0;0.000109162139;0.000108481405;0.000045223088;;
2021;11;25;9;0;0.000119231665;0.000138770438;0.000111847856;;
2021;11;25;10;0;0.000120732100;0.000160540520;0.000204665503;;
2021;11;25;11;0;0.000124614543;0.000167499638;0.000249595307;;
2021;11;25;12;0;0.000123805446;0.000166799993;0.000247957850;;
2021;11;25;13;0;0.000124672945;0.000166172202;0.000227937338;;
2021;11;25;14;0;0.000132906409;0.000157256898;0.000222095788;;
2021;11;25;15;0;0.000134119742;0.000138823494;0.000224558943;;
2021;11;25;16;0;0.000126900178;0.000133239569;0.000225698300;;
2021;11;25;17;0;0.000122287429;0.000134741375;0.000206589274;;
2021;11;25;18;0;0.000127002867;0.000139602778;0.000199056650;;
2021;11;25;19;0;0.000147879186;0.000151340671;0.000207544189;;
2021;11;25;20;0;0.000163533856;0.000143882269;0.000216778610;;
2021;11;25;21;0;0.000177403179;0.000130444345;0.000196938786;;
2021;11;25;22;0;0.000179666292;0.000113648089;0.000172924359;;
2021;11;25;23;0;0.000163345925;0.000098045786;0.000118597675;;
2021;11;25;24;0;0.000133162595;0.000087093238;0.000102152867;;
2021;11;26;1;0;0.000105625431;0.000082994485;0.000068830192;;
2021;11;26;2;0;0.000086748094;0.000079008299;0.000046119864;;
2021;11;26;3;0;0.000076049116;0.000077212461;0.000048701673;;
2021;11;26;4;0;0.000071064642;0.000076528835;0.000034912431;;
2021;11;26;5;0;0.000069449859;0.000076655788;0.000050824047;;
2021;11;26;6;0;0.000072054427;0.000079283275;0.000034145159;;
2021;11;26;7;0;0.000083424857;0.000089536170;0.000028070405;;
2021;11;26;8;0;0.000109006209;0.000108831963;0.000042034449;;
2021;11;26;9;0;0.000120119342;0.000137463118;0.000105212197;;
2021;11;26;10;0;0.000123647158;0.000158590822;0.000184587740;;
2021;11;26;11;0;0.000127347684;0.000165186062;0.000271185852;;
2021;11;26;12;0;0.000126195373;0.000165330007;0.000264130351;;
2021;11;26;13;0;0.000125918895;0.000164484915;0.000237425876;;
2021;11;26;14;0;0.000133680955;0.000155732572;0.000221161563;;
2021;11;26;15;0;0.000135895205;0.000136542635;0.000199857385;;
2021;11;26;16;0;0.000129704619;0.000127895036;0.000188535479;;
2021;11;26;17;0;0.000125256147;0.000126865061;0.000192642551;;
2021;11;26;18;0;0.000128403772;0.000130789160;0.000195662138;;
2021;11;26;19;0;0.000146789701;0.000145369029;0.000159959232;;
2021;11;26;20;0;0.000156558898;0.000142260154;0.000204804434;;
2021;11;26;21;0;0.000164544402;0.000133522215;0.000155316926;;
2021;11;26;22;0;0.000167922656;0.000119431234;0.000160867274;;
2021;11;26;23;0;0.000157608845;0.000105159636;0.000128924929;;
2021;11;26;24;0;0.000135564311;0.000094778732;0.000112869449;;
2021;11;27;1;0;0.000112053429;0.000089211898;0.000114423883;;
2021;11;27;2;0;0.000092732831;0.000082619883;0.000055374261;;
2021;11;27;3;0;0.000080902212;0.000080040597;0.000044182422;;
2021;11;27;4;0;0.000074700469;0.000078939970;0.000036745635;;
2021;11;27;5;0;0.000071972950;0.000078349973;0.000058432811;;
2021;11;27;6;0;0.000072813090;0.000079411129;0.000038575346;;
2021;11;27;7;0;0.000076575903;0.000082809801;0.000058600163;;
2021;11;27;8;0;0.000084540660;0.000084609535;0.000033997881;;
2021;11;27;9;0;0.000099857783;0.000085983571;0.000051580958;;
2021;11;27;10;0;0.000124670173;0.000096915215;0.000071124440;;
2021;11;27;11;0;0.000138822955;0.000107110653;0.000081144817;;
2021;11;27;12;0;0.000140176951;0.000111535061;0.000136495171;;
2021;11;27;13;0;0.000138477035;0.000113530680;0.000153711668;;
2021;11;27;14;0;0.000146928397;0.000109803038;0.000189736894;;
2021;11;27;15;0;0.000148231295;0.000102021129;0.000190068410;;
2021;11;27;16;0;0.000134887545;0.000098284929;0.000171305902;;
2021;11;27;17;0;0.000125987884;0.000096504863;0.000151340057;;
2021;11;27;18;0;0.000126227486;0.000100482811;0.000135652037;;
2021;11;27;19;0;0.000143505270;0.000117214288;0.000145882800;;
2021;11;27;20;0;0.000151004866;0.000121871546;0.000143238644;;
2021;11;27;21;0;0.000158263863;0.000121556511;0.000170985543;;
2021;11;27;22;0;0.000162583193;0.000113964994;0.000170360764;;
2021;11;27;23;0;0.000153863830;0.000103923755;0.000123166013;;
2021;11;27;24;0;0.000135254010;0.000095642762;0.000087236416;;
2021;11;28;1;0;0.000112368602;0.000090620015;0.000077733296;;
2021;11;28;2;0;0.000094137758;0.000084118784;0.000042109599;;
2021;11;28;3;0;0.000082024024;0.000081406097;0.000045737690;;
2021;11;28;4;0;0.000074907929;0.000079771066;0.000047908608;;
2021;11;28;5;0;0.000071836783;0.000079481399;0.000030122907;;
2021;11;28;6;0;0.000072125125;0.000080227186;0.000049847736;;
2021;11;28;7;0;0.000074839834;0.000082603149;0.000062604708;;
2021;11;28;8;0;0.000079943839;0.000080343430;0.000037623599;;
2021;11;28;9;0;0.000091270313;0.000075888619;0.000034795469;;
2021;11;28;10;0;0.000116414855;0.000081080757;0.000073057906;;
2021;11;28;11;0;0.000136130579;0.000087221386;0.000103737676;;
2021;11;28;12;0;0.000142899918;0.000091845094;0.000100461512;;
2021;11;28;13;0;0.000142384741;0.000094911202;0.000147276180;;
2021;11;28;14;0;0.000149905434;0.000095548624;0.000165543837;;
2021;11;28;15;0;0.000149586624;0.000092783450;0.000157121634;;
2021;11;28;16;0;0.000133434055;0.000089442122;0.000170696941;;
2021;11;28;17;0;0.000124109257;0.000086637800;0.000141294848;;
2021;11;28;18;0;0.000125506383;0.000086750069;0.000145231051;;
2021;11;28;19;0;0.000147514578;0.000102782460;0.000137762865;;
2021;11;28;20;0;0.000161934584;0.000107258414;0.000121293000;;
2021;11;28;21;0;0.000173637919;0.000106780148;0.000165415221;;
2021;11;28;22;0;0.000174149901;0.000102358296;0.000147253566;;
2021;11;28;23;0;0.000156764029;0.000094728664;0.000104400541;;
2021;11;28;24;0;0.000129889517;0.000087644733;0.000070106814;;
2021;11;29;1;0;0.000102754166;0.000079380154;0.000043205302;;
2021;11;29;2;0;0.000084289741;0.000075749963;0.000032320377;;
2021;11;29;3;0;0.000074562810;0.000074562276;0.000027620183;;
2021;11;29;4;0;0.000069999301;0.000074217797;0.000027407382;;
2021;11;29;5;0;0.000068478144;0.000074573205;0.000044250728;;
2021;11;29;6;0;0.000070749795;0.000077279407;0.000029271922;;
2021;11;29;7;0;0.000082345138;0.000088290741;0.000020116424;;
2021;11;29;8;0;0.000108214480;0.000108169879;0.000027846495;;
2021;11;29;9;0;0.000118861226;0.000140104868;0.000115196125;;
2021;11;29;10;0;0.000121195628;0.000163708473;0.000218659499;;
2021;11;29;11;0;0.000126141265;0.000170519638;0.000275811694;;
2021;11;29;12;0;0.000125892258;0.000170293144;0.000282849318;;
2021;11;29;13;0;0.000126751386;0.000169175821;0.000242158779;;
2021;11;29;14;0;0.000135135257;0.000160060147;0.000235766313;;
2021;11;29;15;0;0.000136453494;0.000141655669;0.000231314387;;
2021;11;29;16;0;0.000128959418;0.000136006380;0.000245289990;;
2021;11;29;17;0;0.000123739324;0.000137662541;0.000227652863;;
2021;11;29;18;0;0.000127905400;0.000141883410;0.000231873411;;
2021;11;29;19;0;0.000149205946;0.000153049490;0.000202054287;;
2021;11;29;20;0;0.000165525070;0.000144888754;0.000194065816;;
2021;11;29;21;0;0.000180537719;0.000130680274;0.000223660316;;
2021;11;29;22;0;0.000182920727;0.000113308596;0.000227071883;;
2021;11;29;23;0;0.000165247360;0.000097606570;0.000129568618;;
2021;11;29;24;0;0.000133914600;0.000087321725;0.000096565928;;
2021;11;30;1;0;0.000104933622;0.000081478393;0.000062759660;;
2021;11;30;2;0;0.000085471520;0.000077627295;0.000055157282;;
2021;11;30;3;0;0.000075295124;0.000076168222;0.000050037091;;
2021;11;30;4;0;0.000070785783;0.000075649462;0.000040792183;;
2021;11;30;5;0;0.000069387828;0.000075858133;0.000029473555;;
2021;11;30;6;0;0.000071832994;0.000078510801;0.000033484118;;
2021;11;30;7;0;0.000083933015;0.000089444660;0.000029984275;;
2021;11;30;8;0;0.000110753664;0.000109857764;0.000045632126;;
2021;11;30;9;0;0.000121158834;0.000140624516;0.000112859510;;
2021;11;30;10;0;0.000122606792;0.000162642029;0.000206516683;;
2021;11;30;11;0;0.000126111446;0.000169443166;0.000251852873;;
2021;11;30;12;0;0.000124815818;0.000168462565;0.000250200606;;
2021;11;30;13;0;0.000125247172;0.000167577337;0.000229999010;;
2021;11;30;14;0;0.000133169273;0.000158409403;0.000224104623;;
2021;11;30;15;0;0.000134010543;0.000139673690;0.000226590058;;
2021;11;30;16;0;0.000126884692;0.000134095734;0.000227739720;;
2021;11;30;17;0;0.000122055697;0.000135505973;0.000208457854;;
2021;11;30;18;0;0.000126837314;0.000140432437;0.000200857099;;
2021;11;30;19;0;0.000148426725;0.000152562498;0.000209421407;;
2021;11;30;20;0;0.000164405783;0.000145143358;0.000218739352;;
2021;11;30;21;0;0.000178954650;0.000131777079;0.000198720079;;
2021;11;30;22;0;0.000181513620;0.000114884172;0.000174488444;;
2021;11;30;23;0;0.000164869248;0.000099072053;0.000119670380;;
2021;11;30;24;0;0.000134387385;0.000087999943;0.000103076830;;
