AŃO;MES;DIA;HORA;VERANO(1)/INVIERNO(0);COEF. PERFIL A;COEF. PERFIL B;COEF. PERFIL C;COEF. PERFIL D;
2021;05;01;1;1;0.000091242441;0.000102500519;0.000091844330;0.000113366528;
2021;05;01;2;1;0.000075436078;0.000088132889;0.000084367916;0.000122462415;
2021;05;01;3;1;0.000064678123;0.000077408039;0.000081004218;0.000119217861;
2021;05;01;4;1;0.000058848095;0.000071438638;0.000079656374;0.000113820369;
2021;05;01;5;1;0.000056212734;0.000068684765;0.000079095883;0.000108229623;
2021;05;01;6;1;0.000055327954;0.000068071293;0.000079599670;0.000104029006;
2021;05;01;7;1;0.000056754910;0.000066480392;0.000079340506;0.000097500280;
2021;05;01;8;1;0.000061633426;0.000056612354;0.000071346649;0.000058692331;
2021;05;01;9;1;0.000075754699;0.000066121189;0.000075999688;0.000059733361;
2021;05;01;10;1;0.000097832871;0.000084157179;0.000082601957;0.000070226115;
2021;05;01;11;1;0.000116973073;0.000100337747;0.000088170267;0.000078682774;
2021;05;01;12;1;0.000125128829;0.000106365206;0.000092212991;0.000081565404;
2021;05;01;13;1;0.000128784672;0.000106853230;0.000094967353;0.000080700857;
2021;05;01;14;1;0.000136802376;0.000110009822;0.000095333628;0.000079503156;
2021;05;01;15;1;0.000133539629;0.000106900914;0.000093165979;0.000075986508;
2021;05;01;16;1;0.000113531506;0.000089950977;0.000090645407;0.000066900954;
2021;05;01;17;1;0.000102564783;0.000080739431;0.000087507292;0.000062322335;
2021;05;01;18;1;0.000099089029;0.000078028750;0.000084723962;0.000061248086;
2021;05;01;19;1;0.000100527759;0.000079563521;0.000083342578;0.000062939140;
2021;05;01;20;1;0.000105127183;0.000084116998;0.000084903543;0.000066690277;
2021;05;01;21;1;0.000117027801;0.000095047631;0.000087492326;0.000073405893;
2021;05;01;22;1;0.000136534347;0.000122439769;0.000098619278;0.000101989572;
2021;05;01;23;1;0.000127593862;0.000125015614;0.000096807979;0.000125091886;
2021;05;01;24;1;0.000104793795;0.000112790922;0.000089378571;0.000118697775;
2021;05;02;1;1;0.000086026613;0.000096880991;0.000087565893;0.000109200218;
2021;05;02;2;1;0.000071077393;0.000083239869;0.000080417500;0.000117903175;
2021;05;02;3;1;0.000061098892;0.000073317594;0.000077302290;0.000115019506;
2021;05;02;4;1;0.000055682470;0.000067785132;0.000076071700;0.000109956316;
2021;05;02;5;1;0.000053333199;0.000065367162;0.000075625558;0.000104780677;
2021;05;02;6;1;0.000052831822;0.000065244250;0.000076318620;0.000101227487;
2021;05;02;7;1;0.000054789310;0.000064492104;0.000076430348;0.000095699267;
2021;05;02;8;1;0.000059368694;0.000054786708;0.000068664188;0.000057508008;
2021;05;02;9;1;0.000072921907;0.000063941454;0.000073120561;0.000058496556;
2021;05;02;10;1;0.000094331435;0.000081532784;0.000079529670;0.000068862715;
2021;05;02;11;1;0.000112992182;0.000097404047;0.000084958454;0.000077267056;
2021;05;02;12;1;0.000121394846;0.000103748562;0.000089023293;0.000080374867;
2021;05;02;13;1;0.000124961604;0.000104243119;0.000091688519;0.000079532913;
2021;05;02;14;1;0.000132372706;0.000106994208;0.000091930410;0.000078179421;
2021;05;02;15;1;0.000129503089;0.000104225565;0.000089927263;0.000074853463;
2021;05;02;16;1;0.000110046321;0.000087652927;0.000087475734;0.000065877927;
2021;05;02;17;1;0.000099771781;0.000078987166;0.000084578449;0.000061543507;
2021;05;02;18;1;0.000096794396;0.000076688356;0.000082036553;0.000060683438;
2021;05;02;19;1;0.000098667578;0.000078608268;0.000080864736;0.000062594080;
2021;05;02;20;1;0.000103572436;0.000083454370;0.000082514202;0.000066523655;
2021;05;02;21;1;0.000115956628;0.000094893973;0.000085241590;0.000073555119;
2021;05;02;22;1;0.000135622542;0.000122573458;0.000096195474;0.000102405857;
2021;05;02;23;1;0.000126704344;0.000125112306;0.000094415000;0.000125571636;
2021;05;02;24;1;0.000103600933;0.000112325402;0.000087000217;0.000118732055;
2021;05;03;1;1;0.000081437845;0.000093624236;0.000082386822;0.000110194592;
2021;05;03;2;1;0.000066116673;0.000079370541;0.000077749258;0.000121586810;
2021;05;03;3;1;0.000057887627;0.000070845497;0.000075696869;0.000118084847;
2021;05;03;4;1;0.000053964953;0.000066528112;0.000075098494;0.000113034432;
2021;05;03;5;1;0.000052571020;0.000064848801;0.000075290506;0.000107445447;
2021;05;03;6;1;0.000053309385;0.000065415486;0.000077724790;0.000104187688;
2021;05;03;7;1;0.000060482569;0.000068008035;0.000084172942;0.000100860135;
2021;05;03;8;1;0.000077279526;0.000069527471;0.000093376355;0.000068799935;
2021;05;03;9;1;0.000092815204;0.000081234051;0.000124674423;0.000074202119;
2021;05;03;10;1;0.000102126299;0.000086681904;0.000145385592;0.000079494709;
2021;05;03;11;1;0.000109477178;0.000091245886;0.000153012159;0.000082042063;
2021;05;03;12;1;0.000112583368;0.000092351108;0.000154658320;0.000082238164;
2021;05;03;13;1;0.000116977083;0.000093836112;0.000156231453;0.000081106540;
2021;05;03;14;1;0.000125931338;0.000099102995;0.000149751674;0.000080423754;
2021;05;03;15;1;0.000124565834;0.000098493195;0.000135208277;0.000076457203;
2021;05;03;16;1;0.000111600145;0.000087389466;0.000131152272;0.000070380961;
2021;05;03;17;1;0.000103715181;0.000080435435;0.000131165775;0.000067575581;
2021;05;03;18;1;0.000102572894;0.000079372196;0.000129890500;0.000067768951;
2021;05;03;19;1;0.000104292705;0.000081176129;0.000124003976;0.000069483992;
2021;05;03;20;1;0.000110664552;0.000087469600;0.000117196001;0.000073855501;
2021;05;03;21;1;0.000125145327;0.000101259986;0.000111160683;0.000080451968;
2021;05;03;22;1;0.000144066686;0.000128771769;0.000111218986;0.000105638079;
2021;05;03;23;1;0.000132292932;0.000130682284;0.000102565244;0.000131279322;
2021;05;03;24;1;0.000103458070;0.000112140753;0.000091062916;0.000121200781;
2021;05;04;1;1;0.000080858508;0.000093992927;0.000084985207;0.000111941814;
2021;05;04;2;1;0.000065371857;0.000079307092;0.000080179839;0.000127783817;
2021;05;04;3;1;0.000057346609;0.000070723183;0.000077771255;0.000126379868;
2021;05;04;4;1;0.000054028930;0.000067081003;0.000077024940;0.000121115549;
2021;05;04;5;1;0.000052791749;0.000065585761;0.000077191457;0.000114078774;
2021;05;04;6;1;0.000054124747;0.000066934281;0.000080180255;0.000109189593;
2021;05;04;7;1;0.000062124148;0.000070281856;0.000086334070;0.000104400636;
2021;05;04;8;1;0.000080386022;0.000072993183;0.000095860502;0.000071649287;
2021;05;04;9;1;0.000096528151;0.000085317545;0.000127166155;0.000076835618;
2021;05;04;10;1;0.000105256858;0.000090190801;0.000148041086;0.000081817500;
2021;05;04;11;1;0.000111662794;0.000093811245;0.000156013490;0.000083725459;
2021;05;04;12;1;0.000113531363;0.000093672352;0.000157919887;0.000082759085;
2021;05;04;13;1;0.000118077371;0.000095197545;0.000159955208;0.000082628626;
2021;05;04;14;1;0.000126670259;0.000100110453;0.000153207547;0.000081465776;
2021;05;04;15;1;0.000124311128;0.000098659724;0.000137856792;0.000076941523;
2021;05;04;16;1;0.000111777116;0.000087918677;0.000134092919;0.000070954115;
2021;05;04;17;1;0.000105162243;0.000081963654;0.000134271931;0.000068887093;
2021;05;04;18;1;0.000105121195;0.000081841334;0.000133426464;0.000069860798;
2021;05;04;19;1;0.000107196237;0.000083995343;0.000127503031;0.000071778600;
2021;05;04;20;1;0.000112712114;0.000089564699;0.000121510872;0.000075981043;
2021;05;04;21;1;0.000126407473;0.000102729224;0.000115051606;0.000082360067;
2021;05;04;22;1;0.000144344604;0.000129669725;0.000114870126;0.000107060019;
2021;05;04;23;1;0.000132587165;0.000131624940;0.000105609773;0.000132716454;
2021;05;04;24;1;0.000105156490;0.000114500744;0.000093468241;0.000123537705;
2021;05;05;1;1;0.000081077448;0.000094231132;0.000085171711;0.000112108247;
2021;05;05;2;1;0.000065598394;0.000079574477;0.000080381919;0.000128050302;
2021;05;05;3;1;0.000057622229;0.000071066522;0.000078011857;0.000126777044;
2021;05;05;4;1;0.000054165249;0.000067237433;0.000077187583;0.000121277664;
2021;05;05;5;1;0.000053059364;0.000065923326;0.000077438741;0.000114460746;
2021;05;05;6;1;0.000054434210;0.000067326670;0.000080459646;0.000109611293;
2021;05;05;7;1;0.000062458315;0.000070667097;0.000086623582;0.000104776922;
2021;05;05;8;1;0.000080708788;0.000073283115;0.000096126229;0.000071830561;
2021;05;05;9;1;0.000096650428;0.000085398236;0.000127365401;0.000076861963;
2021;05;05;10;1;0.000105213901;0.000090109914;0.000148163802;0.000081736321;
2021;05;05;11;1;0.000111105722;0.000093254160;0.000155828657;0.000083336914;
2021;05;05;12;1;0.000113278336;0.000093400320;0.000157925642;0.000082557390;
2021;05;05;13;1;0.000118306756;0.000095358411;0.000160253307;0.000082701424;
2021;05;05;14;1;0.000126865148;0.000100235039;0.000153466049;0.000081511397;
2021;05;05;15;1;0.000124798815;0.000099041942;0.000138232333;0.000077130166;
2021;05;05;16;1;0.000112211303;0.000088255590;0.000134455749;0.000071125828;
2021;05;05;17;1;0.000105415916;0.000082144632;0.000134549462;0.000068973405;
2021;05;05;18;1;0.000105293377;0.000081952149;0.000133657372;0.000069905434;
2021;05;05;19;1;0.000107403673;0.000084136597;0.000127740178;0.000071841388;
2021;05;05;20;1;0.000112959127;0.000089740623;0.000121750490;0.000076062992;
2021;05;05;21;1;0.000126625197;0.000102877881;0.000115254963;0.000082418218;
2021;05;05;22;1;0.000144147701;0.000129417505;0.000114916067;0.000106871664;
2021;05;05;23;1;0.000132307421;0.000131260351;0.000105618342;0.000132404909;
2021;05;05;24;1;0.000105037535;0.000114306259;0.000093517217;0.000123345032;
2021;05;06;1;1;0.000081006869;0.000094247136;0.000084799982;0.000112116396;
2021;05;06;2;1;0.000065452370;0.000079469034;0.000079983566;0.000127921295;
2021;05;06;3;1;0.000057442133;0.000070901839;0.000077594693;0.000126558511;
2021;05;06;4;1;0.000054029563;0.000067127788;0.000076795328;0.000121128157;
2021;05;06;5;1;0.000052903509;0.000065784332;0.000077030758;0.000114280362;
2021;05;06;6;1;0.000054148272;0.000067012301;0.000079955714;0.000109237434;
2021;05;06;7;1;0.000062041677;0.000070226562;0.000086027672;0.000104301342;
2021;05;06;8;1;0.000080359876;0.000073016064;0.000095563217;0.000071638809;
2021;05;06;9;1;0.000095877569;0.000084741557;0.000126413741;0.000076431162;
2021;05;06;10;1;0.000104247214;0.000089298713;0.000146979347;0.000081200461;
2021;05;06;11;1;0.000109885304;0.000092229697;0.000154461539;0.000082671518;
2021;05;06;12;1;0.000112266434;0.000092585251;0.000156682609;0.000082033574;
2021;05;06;13;1;0.000117550987;0.000094793807;0.000159170065;0.000082344466;
2021;05;06;14;1;0.000126074198;0.000099658480;0.000152439185;0.000081169631;
2021;05;06;15;1;0.000123911704;0.000098376730;0.000137254943;0.000076753152;
2021;05;06;16;1;0.000111515582;0.000087751247;0.000133558261;0.000070829615;
2021;05;06;17;1;0.000105096709;0.000081962838;0.000133836599;0.000068860180;
2021;05;06;18;1;0.000105149575;0.000081921112;0.000133045858;0.000069883174;
2021;05;06;19;1;0.000107200574;0.000084055905;0.000127126752;0.000071788549;
2021;05;06;20;1;0.000112754310;0.000089662135;0.000121170313;0.000076011911;
2021;05;06;21;1;0.000126305574;0.000102706860;0.000114670922;0.000082316615;
2021;05;06;22;1;0.000143292510;0.000128716516;0.000114161593;0.000106448850;
2021;05;06;23;1;0.000131684002;0.000130725777;0.000104981758;0.000132010380;
2021;05;06;24;1;0.000104335592;0.000113592180;0.000092873338;0.000122783935;
2021;05;07;1;1;0.000081667015;0.000093620172;0.000085889652;0.000113196865;
2021;05;07;2;1;0.000066590543;0.000079375278;0.000080855748;0.000130061866;
2021;05;07;3;1;0.000058477710;0.000071226963;0.000078708191;0.000129244440;
2021;05;07;4;1;0.000054924669;0.000067425004;0.000077862326;0.000124390905;
2021;05;07;5;1;0.000053871717;0.000066213695;0.000078389443;0.000117568382;
2021;05;07;6;1;0.000055086728;0.000067415809;0.000080931664;0.000112190055;
2021;05;07;7;1;0.000062651581;0.000070536077;0.000087090311;0.000106501637;
2021;05;07;8;1;0.000080505730;0.000073008291;0.000096360764;0.000072163508;
2021;05;07;9;1;0.000095895089;0.000084390134;0.000126466649;0.000076238126;
2021;05;07;10;1;0.000104493256;0.000089275140;0.000146948934;0.000081369931;
2021;05;07;11;1;0.000110953592;0.000093038566;0.000155140197;0.000083076471;
2021;05;07;12;1;0.000113331293;0.000093433590;0.000157657044;0.000082920283;
2021;05;07;13;1;0.000118201692;0.000095294557;0.000159820545;0.000083024251;
2021;05;07;14;1;0.000126470695;0.000099886700;0.000152431526;0.000082048815;
2021;05;07;15;1;0.000125095275;0.000099248708;0.000135677866;0.000077731103;
2021;05;07;16;1;0.000113864053;0.000089781772;0.000128728024;0.000072552629;
2021;05;07;17;1;0.000107480221;0.000084217320;0.000126375105;0.000070334831;
2021;05;07;18;1;0.000107094567;0.000083938246;0.000125262316;0.000071447863;
2021;05;07;19;1;0.000108187601;0.000085345407;0.000122477509;0.000072548381;
2021;05;07;20;1;0.000110871481;0.000088468754;0.000118587945;0.000075165116;
2021;05;07;21;1;0.000118812515;0.000096256127;0.000115374814;0.000078804917;
2021;05;07;22;1;0.000133824703;0.000119662807;0.000116895489;0.000103995783;
2021;05;07;23;1;0.000126560705;0.000124629886;0.000109872684;0.000131472945;
2021;05;07;24;1;0.000106358300;0.000114052596;0.000099811597;0.000125788237;
2021;05;08;1;1;0.000087102832;0.000098069751;0.000091797251;0.000111805808;
2021;05;08;2;1;0.000071769838;0.000084137525;0.000084378123;0.000125434306;
2021;05;08;3;1;0.000062484569;0.000074841790;0.000081143248;0.000123979424;
2021;05;08;4;1;0.000057419288;0.000069514882;0.000079974401;0.000118383154;
2021;05;08;5;1;0.000055281080;0.000067231459;0.000079507961;0.000111827169;
2021;05;08;6;1;0.000055028643;0.000067220482;0.000080552217;0.000106929035;
2021;05;08;7;1;0.000057211086;0.000065884752;0.000081040829;0.000098862064;
2021;05;08;8;1;0.000064373908;0.000058480807;0.000076302413;0.000060420258;
2021;05;08;9;1;0.000081412720;0.000071135924;0.000086809367;0.000064833850;
2021;05;08;10;1;0.000102811558;0.000088759859;0.000098445068;0.000076112420;
2021;05;08;11;1;0.000117569847;0.000100666251;0.000107983365;0.000082795615;
2021;05;08;12;1;0.000122219773;0.000103213093;0.000112159107;0.000084403619;
2021;05;08;13;1;0.000125736862;0.000103466524;0.000114069818;0.000083599351;
2021;05;08;14;1;0.000135004463;0.000108041448;0.000111120462;0.000082844509;
2021;05;08;15;1;0.000133787433;0.000107042230;0.000104179929;0.000078915828;
2021;05;08;16;1;0.000115834329;0.000091959500;0.000100925381;0.000069720288;
2021;05;08;17;1;0.000104876111;0.000082782980;0.000098868180;0.000065321977;
2021;05;08;18;1;0.000101456087;0.000080072824;0.000099065300;0.000064091578;
2021;05;08;19;1;0.000102162428;0.000080972345;0.000098869492;0.000065342220;
2021;05;08;20;1;0.000104605067;0.000083596364;0.000101186723;0.000068255701;
2021;05;08;21;1;0.000112095429;0.000090468172;0.000103608685;0.000072541773;
2021;05;08;22;1;0.000128812178;0.000114591435;0.000109656494;0.000098284866;
2021;05;08;23;1;0.000124644662;0.000121713566;0.000106440098;0.000125242765;
2021;05;08;24;1;0.000106045466;0.000112204016;0.000098139853;0.000119146212;
2021;05;09;1;1;0.000088422695;0.000099187683;0.000090523352;0.000110902707;
2021;05;09;2;1;0.000073743583;0.000086105863;0.000083471584;0.000120633348;
2021;05;09;3;1;0.000063380455;0.000075828818;0.000080231294;0.000117666618;
2021;05;09;4;1;0.000057864591;0.000070244847;0.000079014389;0.000112645156;
2021;05;09;5;1;0.000055440435;0.000067762284;0.000078561612;0.000107369411;
2021;05;09;6;1;0.000054878681;0.000067579328;0.000079257196;0.000103668532;
2021;05;09;7;1;0.000056427981;0.000066173288;0.000079080465;0.000097345675;
2021;05;09;8;1;0.000061119987;0.000056190237;0.000071032643;0.000058478836;
2021;05;09;9;1;0.000074762311;0.000065280279;0.000075506260;0.000059288387;
2021;05;09;10;1;0.000096098511;0.000082658305;0.000081895794;0.000069441981;
2021;05;09;11;1;0.000114986354;0.000098633541;0.000087444126;0.000077850306;
2021;05;09;12;1;0.000124049140;0.000105537702;0.000091794025;0.000081248650;
2021;05;09;13;1;0.000128441424;0.000106724596;0.000094784705;0.000080772358;
2021;05;09;14;1;0.000137149876;0.000110509561;0.000095367007;0.000079903865;
2021;05;09;15;1;0.000134309876;0.000107767600;0.000093329643;0.000076565069;
2021;05;09;16;1;0.000113781540;0.000090326372;0.000090663063;0.000067219763;
2021;05;09;17;1;0.000102741964;0.000081034205;0.000087505853;0.000062595549;
2021;05;09;18;1;0.000099552168;0.000078568074;0.000084830101;0.000061659887;
2021;05;09;19;1;0.000101795323;0.000080812231;0.000083731753;0.000063758824;
2021;05;09;20;1;0.000107060508;0.000085975491;0.000085511202;0.000067864830;
2021;05;09;21;1;0.000119485028;0.000097421852;0.000088216697;0.000074850624;
2021;05;09;22;1;0.000137777312;0.000123884505;0.000098934124;0.000103036198;
2021;05;09;23;1;0.000128546174;0.000126264602;0.000097047363;0.000126211572;
2021;05;09;24;1;0.000105386435;0.000113692029;0.000089529997;0.000119589820;
2021;05;10;1;1;0.000082307429;0.000094543354;0.000083183095;0.000110869766;
2021;05;10;2;1;0.000066715700;0.000080008339;0.000078445813;0.000122176014;
2021;05;10;3;1;0.000058665800;0.000071756996;0.000076519134;0.000119066213;
2021;05;10;4;1;0.000054785355;0.000067513484;0.000075970696;0.000114130109;
2021;05;10;5;1;0.000053458260;0.000065929438;0.000076218561;0.000108628099;
2021;05;10;6;1;0.000054124540;0.000066391480;0.000078628671;0.000105203277;
2021;05;10;7;1;0.000061406805;0.000069021513;0.000085152616;0.000101843432;
2021;05;10;8;1;0.000078231645;0.000070336060;0.000094344989;0.000069310588;
2021;05;10;9;1;0.000093911670;0.000082133032;0.000125941462;0.000074723596;
2021;05;10;10;1;0.000102699323;0.000087049220;0.000146469233;0.000079662788;
2021;05;10;11;1;0.000109906937;0.000091463314;0.000154039669;0.000082105875;
2021;05;10;12;1;0.000112864502;0.000092426140;0.000155599606;0.000082208797;
2021;05;10;13;1;0.000117407809;0.000094034545;0.000157264042;0.000081154009;
2021;05;10;14;1;0.000126381307;0.000099300609;0.000150734510;0.000080463951;
2021;05;10;15;1;0.000124854280;0.000098553228;0.000136021386;0.000076419249;
2021;05;10;16;1;0.000111873769;0.000087455673;0.000131949333;0.000070353809;
2021;05;10;17;1;0.000104378314;0.000080845512;0.000132188633;0.000067760486;
2021;05;10;18;1;0.000103862326;0.000080317304;0.000131251615;0.000068285221;
2021;05;10;19;1;0.000105778065;0.000082292373;0.000125393015;0.000070104983;
2021;05;10;20;1;0.000111858116;0.000088338702;0.000118334067;0.000074314252;
2021;05;10;21;1;0.000125890291;0.000101727346;0.000112005449;0.000080643679;
2021;05;10;22;1;0.000144033886;0.000128492736;0.000111758385;0.000105369158;
2021;05;10;23;1;0.000132165542;0.000130292731;0.000103030782;0.000130869528;
2021;05;10;24;1;0.000103369102;0.000111817032;0.000091484222;0.000120835713;
2021;05;11;1;1;0.000080430595;0.000093550538;0.000084449994;0.000111544249;
2021;05;11;2;1;0.000065022623;0.000078929401;0.000079673213;0.000127324967;
2021;05;11;3;1;0.000057366329;0.000070831089;0.000077469902;0.000126495527;
2021;05;11;4;1;0.000054010591;0.000067132659;0.000076703868;0.000121160817;
2021;05;11;5;1;0.000052813447;0.000065690859;0.000076894180;0.000114188846;
2021;05;11;6;1;0.000054074237;0.000066941906;0.000079825483;0.000109178946;
2021;05;11;7;1;0.000061724908;0.000069863029;0.000085747933;0.000103935728;
2021;05;11;8;1;0.000079771234;0.000072460162;0.000095157781;0.000071260083;
2021;05;11;9;1;0.000095702988;0.000084610204;0.000126182654;0.000076362581;
2021;05;11;10;1;0.000104215287;0.000089309263;0.000146808423;0.000081225712;
2021;05;11;11;1;0.000110332269;0.000092685446;0.000154576533;0.000082984959;
2021;05;11;12;1;0.000112745538;0.000093063313;0.000156812416;0.000082357476;
2021;05;11;13;1;0.000117571921;0.000094855746;0.000159018182;0.000082401673;
2021;05;11;14;1;0.000126300418;0.000099901370;0.000152400690;0.000081330245;
2021;05;11;15;1;0.000124172217;0.000098650022;0.000137238404;0.000076923724;
2021;05;11;16;1;0.000111749839;0.000087994919;0.000133541851;0.000070986849;
2021;05;11;17;1;0.000105060502;0.000081969224;0.000133678151;0.000068879302;
2021;05;11;18;1;0.000104935176;0.000081774359;0.000132790232;0.000069808422;
2021;05;11;19;1;0.000106884993;0.000083821455;0.000126832328;0.000071660067;
2021;05;11;20;1;0.000112110524;0.000089138727;0.000120743087;0.000075708392;
2021;05;11;21;1;0.000125565564;0.000102090992;0.000114257686;0.000081977454;
2021;05;11;22;1;0.000142847872;0.000128335510;0.000113888085;0.000106244125;
2021;05;11;23;1;0.000131681003;0.000130782026;0.000104872760;0.000132081300;
2021;05;11;24;1;0.000104545128;0.000113895976;0.000092858290;0.000123047568;
2021;05;12;1;1;0.000081174923;0.000094400323;0.000085009639;0.000112215668;
2021;05;12;2;1;0.000065561117;0.000079561973;0.000080167011;0.000127992717;
2021;05;12;3;1;0.000057703706;0.000071211154;0.000077869579;0.000126918753;
2021;05;12;4;1;0.000054328076;0.000067492676;0.000077099467;0.000121565884;
2021;05;12;5;1;0.000053136403;0.000066060382;0.000077298462;0.000114591817;
2021;05;12;6;1;0.000054317181;0.000067198536;0.000080189429;0.000109424410;
2021;05;12;7;1;0.000062196607;0.000070373436;0.000086256164;0.000104428647;
2021;05;12;8;1;0.000080287961;0.000072896096;0.000095674865;0.000071532916;
2021;05;12;9;1;0.000096095763;0.000084898073;0.000126737404;0.000076511058;
2021;05;12;10;1;0.000104546624;0.000089522265;0.000147394150;0.000081323883;
2021;05;12;11;1;0.000110487879;0.000092726006;0.000155073460;0.000082968621;
2021;05;12;12;1;0.000112420596;0.000092664183;0.000157022016;0.000082060512;
2021;05;12;13;1;0.000117576674;0.000094754040;0.000159434555;0.000082295965;
2021;05;12;14;1;0.000126316971;0.000099804104;0.000152806176;0.000081231905;
2021;05;12;15;1;0.000124159058;0.000098528130;0.000137589612;0.000076816343;
2021;05;12;16;1;0.000111707913;0.000087860016;0.000133868173;0.000070872685;
2021;05;12;17;1;0.000105061063;0.000081877944;0.000134026917;0.000068789293;
2021;05;12;18;1;0.000105192942;0.000081904198;0.000133278379;0.000069852837;
2021;05;12;19;1;0.000107669234;0.000084405325;0.000127568432;0.000071983053;
2021;05;12;20;1;0.000112935998;0.000089762129;0.000121445328;0.000076051225;
2021;05;12;21;1;0.000126071801;0.000102430220;0.000114756319;0.000082132099;
2021;05;12;22;1;0.000143331409;0.000128670649;0.000114352709;0.000106389880;
2021;05;12;23;1;0.000132131440;0.000131128665;0.000105302294;0.000132266288;
2021;05;12;24;1;0.000104923443;0.000114222676;0.000093246686;0.000123239274;
2021;05;13;1;1;0.000081943382;0.000095184314;0.000086003683;0.000112878394;
2021;05;13;2;1;0.000066269000;0.000080339479;0.000081150687;0.000128883154;
2021;05;13;3;1;0.000058223081;0.000071765990;0.000078764341;0.000127621534;
2021;05;13;4;1;0.000054710089;0.000067871928;0.000077919668;0.000122050061;
2021;05;13;5;1;0.000053493683;0.000066409101;0.000078110621;0.000115020514;
2021;05;13;6;1;0.000054679933;0.000067549891;0.000081030398;0.000109829861;
2021;05;13;7;1;0.000062569137;0.000070688237;0.000087134190;0.000104758118;
2021;05;13;8;1;0.000080561009;0.000073014953;0.000096538866;0.000071611091;
2021;05;13;9;1;0.000096124008;0.000084746857;0.000127707099;0.000076405281;
2021;05;13;10;1;0.000104621805;0.000089404456;0.000148550278;0.000081239203;
2021;05;13;11;1;0.000110862236;0.000092875779;0.000156473478;0.000083058628;
2021;05;13;12;1;0.000113316907;0.000093281299;0.000158755672;0.000082448057;
2021;05;13;13;1;0.000118552126;0.000095418829;0.000161217374;0.000082705706;
2021;05;13;14;1;0.000127436671;0.000100566730;0.000154552836;0.000081672906;
2021;05;13;15;1;0.000125339033;0.000099350424;0.000139200704;0.000077272256;
2021;05;13;16;1;0.000113098179;0.000088878124;0.000135607072;0.000071458232;
2021;05;13;17;1;0.000106612378;0.000083036062;0.000135903367;0.000069483926;
2021;05;13;18;1;0.000106862368;0.000083162105;0.000135209314;0.000070619541;
2021;05;13;19;1;0.000109092104;0.000085454612;0.000129269487;0.000072622065;
2021;05;13;20;1;0.000114495606;0.000090936703;0.000123096483;0.000076762246;
2021;05;13;21;1;0.000127638639;0.000103614483;0.000116247855;0.000082810371;
2021;05;13;22;1;0.000144996818;0.000130043412;0.000115799124;0.000107200641;
2021;05;13;23;1;0.000133642259;0.000132501286;0.000106625069;0.000133254322;
2021;05;13;24;1;0.000106467658;0.000115831897;0.000094550787;0.000124479521;
2021;05;14;1;1;0.000082880213;0.000094952247;0.000086978830;0.000114289423;
2021;05;14;2;1;0.000067560303;0.000080479420;0.000081870100;0.000131286372;
2021;05;14;3;1;0.000059180844;0.000072018220;0.000079609297;0.000130202419;
2021;05;14;4;1;0.000055509163;0.000068071212;0.000078707245;0.000125177272;
2021;05;14;5;1;0.000054277590;0.000066621439;0.000079134422;0.000118022988;
2021;05;14;6;1;0.000055571436;0.000067924951;0.000081745255;0.000112736019;
2021;05;14;7;1;0.000063156428;0.000071011184;0.000087937766;0.000106957529;
2021;05;14;8;1;0.000080939958;0.000073286159;0.000097185487;0.000072319745;
2021;05;14;9;1;0.000096535308;0.000084830360;0.000127620298;0.000076480786;
2021;05;14;10;1;0.000105290968;0.000089834845;0.000148351478;0.000081690863;
2021;05;14;11;1;0.000111900747;0.000093714244;0.000156682304;0.000083463590;
2021;05;14;12;1;0.000114230783;0.000094050461;0.000159182815;0.000083267271;
2021;05;14;13;1;0.000118872357;0.000095686268;0.000161209334;0.000083222893;
2021;05;14;14;1;0.000127150220;0.000100264087;0.000153736420;0.000082225692;
2021;05;14;15;1;0.000126068995;0.000099887223;0.000136981947;0.000078046991;
2021;05;14;16;1;0.000114737728;0.000090348415;0.000129959098;0.000072841112;
2021;05;14;17;1;0.000108282145;0.000084729204;0.000127571973;0.000070602690;
2021;05;14;18;1;0.000107704197;0.000084284985;0.000126351839;0.000071619863;
2021;05;14;19;1;0.000109101643;0.000085956975;0.000123690206;0.000072881379;
2021;05;14;20;1;0.000111886377;0.000089171361;0.000119798731;0.000075552135;
2021;05;14;21;1;0.000119599628;0.000096752707;0.000116424952;0.000079052655;
2021;05;14;22;1;0.000134776016;0.000120343942;0.000117984049;0.000104362493;
2021;05;14;23;1;0.000127687854;0.000125585668;0.000110982612;0.000132124097;
2021;05;14;24;1;0.000107015298;0.000114584741;0.000100700633;0.000126139140;
2021;05;15;1;1;0.000087963010;0.000098942730;0.000092951247;0.000112566737;
2021;05;15;2;1;0.000072424567;0.000084816754;0.000085411004;0.000126213073;
2021;05;15;3;1;0.000062923221;0.000075272696;0.000082061864;0.000124542492;
2021;05;15;4;1;0.000057806345;0.000069893626;0.000080870293;0.000118894869;
2021;05;15;5;1;0.000055555792;0.000067466487;0.000080337285;0.000112153758;
2021;05;15;6;1;0.000055119586;0.000067209864;0.000081275732;0.000106960332;
2021;05;15;7;1;0.000057150952;0.000065678277;0.000081672571;0.000098678860;
2021;05;15;8;1;0.000064357805;0.000058349200;0.000076923725;0.000060346535;
2021;05;15;9;1;0.000081759303;0.000071329029;0.000087687196;0.000064986292;
2021;05;15;10;1;0.000103342803;0.000089090046;0.000099479069;0.000076345943;
2021;05;15;11;1;0.000118615082;0.000101453199;0.000109294134;0.000083294364;
2021;05;15;12;1;0.000123500117;0.000104200085;0.000113598548;0.000085018229;
2021;05;15;13;1;0.000127201879;0.000104589987;0.000115592263;0.000084285929;
2021;05;15;14;1;0.000136986790;0.000109575615;0.000112750346;0.000083723717;
2021;05;15;15;1;0.000135612432;0.000108439236;0.000105660692;0.000079688226;
2021;05;15;16;1;0.000117570080;0.000093295915;0.000102418818;0.000070476771;
2021;05;15;17;1;0.000106513558;0.000084043435;0.000100358076;0.000066063153;
2021;05;15;18;1;0.000103116369;0.000081358360;0.000100590499;0.000064856871;
2021;05;15;19;1;0.000103536449;0.000082012070;0.000100266360;0.000065971783;
2021;05;15;20;1;0.000105926970;0.000084594902;0.000102580626;0.000068869495;
2021;05;15;21;1;0.000113590342;0.000091618501;0.000105067468;0.000073234230;
2021;05;15;22;1;0.000130011874;0.000115540602;0.000111007976;0.000098909953;
2021;05;15;23;1;0.000125790315;0.000122705345;0.000107746255;0.000126027177;
2021;05;15;24;1;0.000107380570;0.000113538286;0.000099490045;0.000120213418;
2021;05;16;1;1;0.000089690040;0.000100596465;0.000091552678;0.000112016400;
2021;05;16;2;1;0.000074252737;0.000086623656;0.000084151317;0.000121135556;
2021;05;16;3;1;0.000064069629;0.000076616742;0.000081022770;0.000118525873;
2021;05;16;4;1;0.000058135127;0.000070494579;0.000079581434;0.000112915516;
2021;05;16;5;1;0.000055567375;0.000067824919;0.000079044091;0.000107424494;
2021;05;16;6;1;0.000055022128;0.000067666100;0.000079754736;0.000103747990;
2021;05;16;7;1;0.000056617480;0.000066312775;0.000079601908;0.000097477175;
2021;05;16;8;1;0.000061237532;0.000056219772;0.000071456753;0.000058491427;
2021;05;16;9;1;0.000075383347;0.000065773726;0.000076167255;0.000059601075;
2021;05;16;10;1;0.000097051538;0.000083429681;0.000082670418;0.000069896943;
2021;05;16;11;1;0.000115911397;0.000099350493;0.000088199901;0.000078244882;
2021;05;16;12;1;0.000124733765;0.000106011386;0.000092485832;0.000081497552;
2021;05;16;13;1;0.000129004747;0.000107070434;0.000095452085;0.000080947196;
2021;05;16;14;1;0.000137372495;0.000110531685;0.000095922868;0.000079901486;
2021;05;16;15;1;0.000134401149;0.000107677366;0.000093834788;0.000076505299;
2021;05;16;16;1;0.000114630305;0.000090924766;0.000091423380;0.000067529215;
2021;05;16;17;1;0.000103825036;0.000081846248;0.000088357205;0.000063036554;
2021;05;16;18;1;0.000101327554;0.000079986930;0.000085924454;0.000062450272;
2021;05;16;19;1;0.000103061181;0.000081790669;0.000084615493;0.000064303687;
2021;05;16;20;1;0.000107717550;0.000086419835;0.000086178906;0.000068106079;
2021;05;16;21;1;0.000119585724;0.000097357411;0.000088701209;0.000074802297;
2021;05;16;22;1;0.000138085686;0.000123993076;0.000099537617;0.000103083559;
2021;05;16;23;1;0.000129577105;0.000127178996;0.000097884990;0.000126848692;
2021;05;16;24;1;0.000106475232;0.000114804749;0.000090393280;0.000120412839;
2021;05;17;1;1;0.000083072323;0.000095484743;0.000083482080;0.000111604928;
2021;05;17;2;1;0.000067176703;0.000080595100;0.000078645737;0.000122754282;
2021;05;17;3;1;0.000059014213;0.000072206426;0.000076681812;0.000119537971;
2021;05;17;4;1;0.000055175782;0.000068025018;0.000076170764;0.000114689209;
2021;05;17;5;1;0.000053566848;0.000066058569;0.000076250398;0.000108720932;
2021;05;17;6;1;0.000054305143;0.000066617380;0.000078705420;0.000105401540;
2021;05;17;7;1;0.000061159278;0.000068695032;0.000084964499;0.000101441062;
2021;05;17;8;1;0.000077826595;0.000069914675;0.000094088824;0.000068973330;
2021;05;17;9;1;0.000092980368;0.000081212582;0.000125337254;0.000074077858;
2021;05;17;10;1;0.000101955244;0.000086329551;0.000145938737;0.000079144021;
2021;05;17;11;1;0.000109587901;0.000091144851;0.000153773508;0.000081854498;
2021;05;17;12;1;0.000112755341;0.000092301481;0.000155462105;0.000082083539;
2021;05;17;13;1;0.000117262355;0.000093879543;0.000157106494;0.000081012859;
2021;05;17;14;1;0.000126449255;0.000099331367;0.000150700208;0.000080437551;
2021;05;17;15;1;0.000124887110;0.000098553923;0.000135974121;0.000076377491;
2021;05;17;16;1;0.000111910619;0.000087462720;0.000131907221;0.000070319049;
2021;05;17;17;1;0.000104354518;0.000080802336;0.000132114421;0.000067697036;
2021;05;17;18;1;0.000103835830;0.000080272004;0.000131176395;0.000068219815;
2021;05;17;19;1;0.000105900873;0.000082374466;0.000125398333;0.000070116616;
2021;05;17;20;1;0.000112034457;0.000088467181;0.000118360800;0.000074351230;
2021;05;17;21;1;0.000125320226;0.000101191358;0.000111731438;0.000080292114;
2021;05;17;22;1;0.000143020947;0.000127462552;0.000111360097;0.000104698389;
2021;05;17;23;1;0.000132198111;0.000130291108;0.000102994533;0.000130796545;
2021;05;17;24;1;0.000103761093;0.000112253055;0.000091592650;0.000121108005;
2021;05;18;1;1;0.000081326880;0.000094431216;0.000085771874;0.000112300061;
2021;05;18;2;1;0.000065952048;0.000079946519;0.000081029346;0.000128504240;
2021;05;18;3;1;0.000058063366;0.000071576424;0.000078716619;0.000127453398;
2021;05;18;4;1;0.000054563353;0.000067697165;0.000077874673;0.000121895343;
2021;05;18;5;1;0.000053278656;0.000066139818;0.000078020723;0.000114753077;
2021;05;18;6;1;0.000054541092;0.000067386543;0.000080988813;0.000109703265;
2021;05;18;7;1;0.000062318758;0.000070403466;0.000087033390;0.000104515074;
2021;05;18;8;1;0.000080446107;0.000072928628;0.000096534449;0.000071591091;
2021;05;18;9;1;0.000096208540;0.000084862106;0.000127829937;0.000076524192;
2021;05;18;10;1;0.000104813434;0.000089619906;0.000148754986;0.000081427226;
2021;05;18;11;1;0.000111155393;0.000093182899;0.000156744381;0.000083304497;
2021;05;18;12;1;0.000113559520;0.000093538013;0.000158995533;0.000082659057;
2021;05;18;13;1;0.000118752219;0.000095633711;0.000161429143;0.000082887564;
2021;05;18;14;1;0.000127778048;0.000100903201;0.000154822420;0.000081916802;
2021;05;18;15;1;0.000125822856;0.000099812384;0.000139514908;0.000077575511;
2021;05;18;16;1;0.000113373023;0.000089151122;0.000135828865;0.000071657476;
2021;05;18;17;1;0.000106929417;0.000083340853;0.000136158048;0.000069707776;
2021;05;18;18;1;0.000107493842;0.000083736391;0.000135636626;0.000071012253;
2021;05;18;19;1;0.000109705856;0.000086017922;0.000129662422;0.000073009685;
2021;05;18;20;1;0.000115161055;0.000091554705;0.000123480951;0.000077183450;
2021;05;18;21;1;0.000128029702;0.000104004623;0.000116471453;0.000083083644;
2021;05;18;22;1;0.000144627146;0.000129729572;0.000115735070;0.000107073674;
2021;05;18;23;1;0.000133594390;0.000132500844;0.000106669655;0.000133330165;
2021;05;18;24;1;0.000106003246;0.000115320012;0.000094425153;0.000124153818;
2021;05;19;1;1;0.000082469247;0.000095725166;0.000086684328;0.000113320943;
2021;05;19;2;1;0.000066798393;0.000080935171;0.000081848316;0.000129548726;
2021;05;19;3;1;0.000058692094;0.000072303468;0.000079443600;0.000128287193;
2021;05;19;4;1;0.000055038421;0.000068226355;0.000078522466;0.000122488596;
2021;05;19;5;1;0.000053957524;0.000066951653;0.000078804829;0.000115676186;
2021;05;19;6;1;0.000055189195;0.000068149702;0.000081772985;0.000110511631;
2021;05;19;7;1;0.000062838633;0.000070925359;0.000087744018;0.000104993952;
2021;05;19;8;1;0.000080859518;0.000073211757;0.000097188332;0.000071737730;
2021;05;19;9;1;0.000096508436;0.000085002821;0.000128582319;0.000076558080;
2021;05;19;10;1;0.000105178869;0.000089804907;0.000149654722;0.000081487192;
2021;05;19;11;1;0.000111611054;0.000093438027;0.000157734774;0.000083406436;
2021;05;19;12;1;0.000114240422;0.000093989424;0.000160132007;0.000082884507;
2021;05;19;13;1;0.000119543987;0.000096165944;0.000162630324;0.000083157733;
2021;05;19;14;1;0.000128616069;0.000101452652;0.000155967068;0.000082176731;
2021;05;19;15;1;0.000126516716;0.000100241141;0.000140482876;0.000077757525;
2021;05;19;16;1;0.000114244484;0.000089747377;0.000136899885;0.000071948877;
2021;05;19;17;1;0.000107703856;0.000083857449;0.000137205398;0.000069966762;
2021;05;19;18;1;0.000108084075;0.000084093999;0.000136575940;0.000071177415;
2021;05;19;19;1;0.000110087604;0.000086195008;0.000130445753;0.000073062859;
2021;05;19;20;1;0.000115578244;0.000091757634;0.000124234529;0.000077248359;
2021;05;19;21;1;0.000128403953;0.000104155297;0.000117146035;0.000083107159;
2021;05;19;22;1;0.000145035377;0.000129903444;0.000116399734;0.000107095105;
2021;05;19;23;1;0.000134082428;0.000132799058;0.000107321912;0.000133445393;
2021;05;19;24;1;0.000106359673;0.000115542013;0.000094991681;0.000124233488;
2021;05;20;1;1;0.000082113867;0.000095341608;0.000086233071;0.000112969276;
2021;05;20;2;1;0.000066600778;0.000080731554;0.000081470173;0.000129285747;
2021;05;20;3;1;0.000058581994;0.000072208074;0.000079113578;0.000128136815;
2021;05;20;4;1;0.000055161918;0.000068447057;0.000078335381;0.000122744761;
2021;05;20;5;1;0.000053799738;0.000066785828;0.000078441686;0.000115444280;
2021;05;20;6;1;0.000055003384;0.000067947574;0.000081380593;0.000110251329;
2021;05;20;7;1;0.000062766728;0.000070889040;0.000087407403;0.000104931957;
2021;05;20;8;1;0.000080798494;0.000073205440;0.000096832783;0.000071718012;
2021;05;20;9;1;0.000096526559;0.000085083686;0.000128165218;0.000076594665;
2021;05;20;10;1;0.000105073045;0.000089772156;0.000149091205;0.000081448617;
2021;05;20;11;1;0.000111249869;0.000093174237;0.000156987315;0.000083218817;
2021;05;20;12;1;0.000113641550;0.000093516128;0.000159233266;0.000082565727;
2021;05;20;13;1;0.000118651493;0.000095445884;0.000161559942;0.000082690701;
2021;05;20;14;1;0.000127668337;0.000100703812;0.000154947350;0.000081721634;
2021;05;20;15;1;0.000126062069;0.000099918637;0.000139795257;0.000077560477;
2021;05;20;16;1;0.000113574218;0.000089233590;0.000136094335;0.000071636402;
2021;05;20;17;1;0.000107074275;0.000083379422;0.000136399133;0.000069664022;
2021;05;20;18;1;0.000107376511;0.000083549783;0.000135731079;0.000070829524;
2021;05;20;19;1;0.000109554830;0.000085799317;0.000129736248;0.000072805174;
2021;05;20;20;1;0.000114800036;0.000091145002;0.000123455676;0.000076859219;
2021;05;20;21;1;0.000127520583;0.000103443196;0.000116403831;0.000082678671;
2021;05;20;22;1;0.000144402659;0.000129375450;0.000115790803;0.000106758046;
2021;05;20;23;1;0.000133406520;0.000132160015;0.000106728597;0.000132953214;
2021;05;20;24;1;0.000106123121;0.000115344892;0.000094583219;0.000124053923;
2021;05;21;1;1;0.000083041527;0.000095044699;0.000087550315;0.000114420542;
2021;05;21;2;1;0.000067845242;0.000080759166;0.000082489334;0.000131673697;
2021;05;21;3;1;0.000059364732;0.000072180331;0.000080173072;0.000130472103;
2021;05;21;4;1;0.000055637562;0.000068164832;0.000079237420;0.000125357763;
2021;05;21;5;1;0.000054432018;0.000066752126;0.000079685865;0.000118242992;
2021;05;21;6;1;0.000055703351;0.000068022951;0.000082297958;0.000112903906;
2021;05;21;7;1;0.000063075550;0.000070827915;0.000088391300;0.000106806119;
2021;05;21;8;1;0.000080856037;0.000073117370;0.000097695127;0.000072230408;
2021;05;21;9;1;0.000096407994;0.000084608863;0.000128273013;0.000076368880;
2021;05;21;10;1;0.000105181153;0.000089627258;0.000149129318;0.000081589655;
2021;05;21;11;1;0.000112013851;0.000093709340;0.000157646021;0.000083496777;
2021;05;21;12;1;0.000114716504;0.000094381218;0.000160388275;0.000083514886;
2021;05;21;13;1;0.000119831040;0.000096424837;0.000162698534;0.000083722130;
2021;05;21;14;1;0.000128555421;0.000101368258;0.000155356280;0.000082913509;
2021;05;21;15;1;0.000127451366;0.000100977778;0.000138420001;0.000078694469;
2021;05;21;16;1;0.000116300746;0.000091599593;0.000131473675;0.000073598773;
2021;05;21;17;1;0.000109873726;0.000086002901;0.000129119098;0.000071397498;
2021;05;21;18;1;0.000109364194;0.000085618203;0.000127923991;0.000072466859;
2021;05;21;19;1;0.000110523770;0.000087091130;0.000125101676;0.000073606138;
2021;05;21;20;1;0.000113351140;0.000090353276;0.000121169402;0.000076307116;
2021;05;21;21;1;0.000120864370;0.000097766797;0.000117628966;0.000079684716;
2021;05;21;22;1;0.000135591492;0.000121005750;0.000118970061;0.000104821693;
2021;05;21;23;1;0.000128686221;0.000126520814;0.000111996218;0.000132891135;
2021;05;21;24;1;0.000108035823;0.000115654818;0.000101695913;0.000127043364;
2021;05;22;1;1;0.000088570529;0.000099585727;0.000093319781;0.000112965733;
2021;05;22;2;1;0.000073032536;0.000085507044;0.000085804883;0.000126809225;
2021;05;22;3;1;0.000063624720;0.000076113871;0.000082538303;0.000125402253;
2021;05;22;4;1;0.000058419885;0.000070633853;0.000081320121;0.000119664399;
2021;05;22;5;1;0.000056095865;0.000068114822;0.000080752544;0.000112799952;
2021;05;22;6;1;0.000055774546;0.000068016052;0.000081771597;0.000107759221;
2021;05;22;7;1;0.000057717199;0.000066323072;0.000082100997;0.000099261716;
2021;05;22;8;1;0.000064999467;0.000058925960;0.000077329578;0.000060706090;
2021;05;22;9;1;0.000082284120;0.000071754603;0.000088015340;0.000065191080;
2021;05;22;10;1;0.000103581511;0.000089218177;0.000099673526;0.000076337919;
2021;05;22;11;1;0.000118720960;0.000101440850;0.000109439973;0.000083191847;
2021;05;22;12;1;0.000123732237;0.000104300574;0.000113799247;0.000084980253;
2021;05;22;13;1;0.000127097640;0.000104379879;0.000115660546;0.000084067895;
2021;05;22;14;1;0.000136612849;0.000109124931;0.000112723035;0.000083380284;
2021;05;22;15;1;0.000135305637;0.000108049031;0.000105656700;0.000079390925;
2021;05;22;16;1;0.000117271743;0.000092931890;0.000102402724;0.000070198481;
2021;05;22;17;1;0.000106211748;0.000083688074;0.000100329444;0.000065786822;
2021;05;22;18;1;0.000102866661;0.000081051282;0.000100579825;0.000064606756;
2021;05;22;19;1;0.000103462056;0.000081856371;0.000100330181;0.000065806485;
2021;05;22;20;1;0.000105697258;0.000084299190;0.000102581045;0.000068617722;
2021;05;22;21;1;0.000113405626;0.000091352977;0.000105092748;0.000072998007;
2021;05;22;22;1;0.000129656279;0.000115064972;0.000110980269;0.000098503479;
2021;05;22;23;1;0.000125996304;0.000122790970;0.000107925262;0.000125946708;
2021;05;22;24;1;0.000107502106;0.000113554288;0.000099633357;0.000120088411;
2021;05;23;1;1;0.000089239564;0.000100205020;0.000090662078;0.000111638464;
2021;05;23;2;1;0.000074057927;0.000086516087;0.000083420048;0.000120957987;
2021;05;23;3;1;0.000063746424;0.000076316945;0.000080233378;0.000118123457;
2021;05;23;4;1;0.000058197124;0.000070694977;0.000079015327;0.000113079882;
2021;05;23;5;1;0.000055494203;0.000067839211;0.000078400313;0.000107377240;
2021;05;23;6;1;0.000054852780;0.000067548453;0.000079045178;0.000103557711;
2021;05;23;7;1;0.000056400286;0.000066141573;0.000078868549;0.000097240384;
2021;05;23;8;1;0.000061006767;0.000056078986;0.000070800122;0.000058352272;
2021;05;23;9;1;0.000074913748;0.000065430220;0.000075386292;0.000059342636;
2021;05;23;10;1;0.000096002710;0.000082572604;0.000081658223;0.000069338905;
2021;05;23;11;1;0.000114530359;0.000098208582;0.000087077241;0.000077550967;
2021;05;23;12;1;0.000123123101;0.000104676248;0.000091268301;0.000080709864;
2021;05;23;13;1;0.000127856525;0.000106195629;0.000094362650;0.000080423973;
2021;05;23;14;1;0.000136080972;0.000109567514;0.000094807137;0.000079353110;
2021;05;23;15;1;0.000133619228;0.000107163745;0.000092889817;0.000076198845;
2021;05;23;16;1;0.000113505588;0.000090090497;0.000090343665;0.000067043677;
2021;05;23;17;1;0.000102498811;0.000080827822;0.000087199839;0.000062434506;
2021;05;23;18;1;0.000099139978;0.000078214252;0.000084468136;0.000061414433;
2021;05;23;19;1;0.000101310101;0.000080392552;0.000083351568;0.000063473247;
2021;05;23;20;1;0.000106461533;0.000085450629;0.000085091863;0.000067516072;
2021;05;23;21;1;0.000118396939;0.000096450184;0.000087648778;0.000074256831;
2021;05;23;22;1;0.000136557261;0.000122683438;0.000098307644;0.000102239115;
2021;05;23;23;1;0.000128527011;0.000126251644;0.000096801753;0.000126109345;
2021;05;23;24;1;0.000105248097;0.000113534543;0.000089258026;0.000119382345;
2021;05;24;1;1;0.000081229267;0.000093624489;0.000081287718;0.000110107756;
2021;05;24;2;1;0.000065831230;0.000079217015;0.000076652451;0.000121320244;
2021;05;24;3;1;0.000057603878;0.000070663065;0.000074609079;0.000117770103;
2021;05;24;4;1;0.000053845036;0.000066554416;0.000074104727;0.000112972969;
2021;05;24;5;1;0.000052375796;0.000064767983;0.000074244666;0.000107258348;
2021;05;24;6;1;0.000053109367;0.000065331733;0.000076642464;0.000104001809;
2021;05;24;7;1;0.000059798970;0.000067352367;0.000082729349;0.000100075883;
2021;05;24;8;1;0.000076039260;0.000068492222;0.000091584146;0.000068005099;
2021;05;24;9;1;0.000090822696;0.000079538745;0.000121987564;0.000073023666;
2021;05;24;10;1;0.000099502968;0.000084469353;0.000141985078;0.000077964077;
2021;05;24;11;1;0.000106932560;0.000089163089;0.000149595344;0.000080622336;
2021;05;24;12;1;0.000110006218;0.000090279252;0.000151227501;0.000080837854;
2021;05;24;13;1;0.000114426595;0.000091843239;0.000152840919;0.000079796409;
2021;05;24;14;1;0.000123629774;0.000097383908;0.000146731897;0.000079351379;
2021;05;24;15;1;0.000122055618;0.000096580820;0.000132371498;0.000075323187;
2021;05;24;16;1;0.000109598375;0.000085906192;0.000128527257;0.000069461699;
2021;05;24;17;1;0.000102293122;0.000079445514;0.000128780924;0.000066920841;
2021;05;24;18;1;0.000101666865;0.000078823301;0.000127802270;0.000067375656;
2021;05;24;19;1;0.000103444410;0.000080677579;0.000122047525;0.000069119339;
2021;05;24;20;1;0.000109164780;0.000086408403;0.000115073341;0.000073149325;
2021;05;24;21;1;0.000122573270;0.000099249716;0.000108807570;0.000079232223;
2021;05;24;22;1;0.000140392354;0.000125514966;0.000108618585;0.000103614551;
2021;05;24;23;1;0.000130378638;0.000128964241;0.000100667021;0.000129928175;
2021;05;24;24;1;0.000102334106;0.000111112902;0.000089520198;0.000120302313;
2021;05;25;1;1;0.000080476284;0.000093640752;0.000084438778;0.000111646745;
2021;05;25;2;1;0.000065086694;0.000079041983;0.000079676819;0.000127483898;
2021;05;25;3;1;0.000057137557;0.000070542926;0.000077307102;0.000126154850;
2021;05;25;4;1;0.000053915916;0.000067025325;0.000076616657;0.000121049097;
2021;05;25;5;1;0.000052692993;0.000065547478;0.000076789334;0.000114035888;
2021;05;25;6;1;0.000053831444;0.000066632359;0.000079640621;0.000108841637;
2021;05;25;7;1;0.000061425938;0.000069513004;0.000085535424;0.000103584806;
2021;05;25;8;1;0.000079239851;0.000071952496;0.000094844745;0.000070915561;
2021;05;25;9;1;0.000094993754;0.000083948097;0.000125724311;0.000075947065;
2021;05;25;10;1;0.000103644542;0.000088800521;0.000146400276;0.000080909178;
2021;05;25;11;1;0.000109847937;0.000092268235;0.000154221242;0.000082733735;
2021;05;25;12;1;0.000112411063;0.000092790280;0.000156549944;0.000082201608;
2021;05;25;13;1;0.000117646239;0.000094953701;0.000159002295;0.000082481861;
2021;05;25;14;1;0.000126266865;0.000099905687;0.000152325608;0.000081351241;
2021;05;25;15;1;0.000124047770;0.000098574158;0.000137126709;0.000076898512;
2021;05;25;16;1;0.000111776173;0.000088047408;0.000133505120;0.000071033435;
2021;05;25;17;1;0.000105221950;0.000082135762;0.000133717104;0.000068995751;
2021;05;25;18;1;0.000105531872;0.000082314736;0.000133069120;0.000070156839;
2021;05;25;19;1;0.000107675009;0.000084532970;0.000127192965;0.000072114900;
2021;05;25;20;1;0.000113038714;0.000089982579;0.000121133415;0.000076242502;
2021;05;25;21;1;0.000125644570;0.000102195967;0.000114246432;0.000082057185;
2021;05;25;22;1;0.000142015670;0.000127555805;0.000113552607;0.000105799659;
2021;05;25;23;1;0.000131922669;0.000131090121;0.000104918150;0.000132336946;
2021;05;25;24;1;0.000104763796;0.000114197071;0.000092907828;0.000123309918;
2021;05;26;1;1;0.000081639314;0.000094865498;0.000085716988;0.000112620219;
2021;05;26;2;1;0.000066160959;0.000080254844;0.000080953538;0.000128801540;
2021;05;26;3;1;0.000058090641;0.000071639288;0.000078551081;0.000127475501;
2021;05;26;4;1;0.000054632375;0.000067816175;0.000077737411;0.000121993071;
2021;05;26;5;1;0.000053450889;0.000066400117;0.000077948749;0.000115023317;
2021;05;26;6;1;0.000054627062;0.000067528286;0.000080856653;0.000109818014;
2021;05;26;7;1;0.000062351206;0.000070469148;0.000086852568;0.000104537655;
2021;05;26;8;1;0.000080364484;0.000072872879;0.000096270258;0.000071519616;
2021;05;26;9;1;0.000095973424;0.000084663532;0.000127400423;0.000076360787;
2021;05;26;10;1;0.000104480841;0.000089338162;0.000148207765;0.000081206075;
2021;05;26;11;1;0.000110927571;0.000093005336;0.000156244724;0.000083152762;
2021;05;26;12;1;0.000113609402;0.000093616465;0.000158661078;0.000082672088;
2021;05;26;13;1;0.000119004044;0.000095891205;0.000161207842;0.000083011466;
2021;05;26;14;1;0.000127916420;0.000101059487;0.000154540003;0.000081971591;
2021;05;26;15;1;0.000125715296;0.000099753700;0.000139142705;0.000077507882;
2021;05;26;16;1;0.000113333323;0.000089148338;0.000135496289;0.000071623740;
2021;05;26;17;1;0.000106706774;0.000083179053;0.000135722079;0.000069579000;
2021;05;26;18;1;0.000106959509;0.000083307358;0.000135030775;0.000070717645;
2021;05;26;19;1;0.000109073420;0.000085502037;0.000129037927;0.000072660513;
2021;05;26;20;1;0.000114129994;0.000090684244;0.000122713246;0.000076618018;
2021;05;26;21;1;0.000126826148;0.000102964888;0.000115723644;0.000082444969;
2021;05;26;22;1;0.000143128297;0.000128295762;0.000114941773;0.000106167582;
2021;05;26;23;1;0.000132641746;0.000131507129;0.000106091496;0.000132546912;
2021;05;26;24;1;0.000105409664;0.000114648770;0.000093978279;0.000123577323;
2021;05;27;1;1;0.000081900109;0.000095131394;0.000086039015;0.000112836212;
2021;05;27;2;1;0.000066337556;0.000080433288;0.000081239208;0.000128994946;
2021;05;27;3;1;0.000058419552;0.000072035262;0.000078929895;0.000127968800;
2021;05;27;4;1;0.000054877445;0.000068102974;0.000078072742;0.000122351576;
2021;05;27;5;1;0.000053563454;0.000066506417;0.000078204965;0.000115144896;
2021;05;27;6;1;0.000054761651;0.000067663081;0.000081134902;0.000109965156;
2021;05;27;7;1;0.000062502561;0.000070607032;0.000087149965;0.000104674619;
2021;05;27;8;1;0.000080358862;0.000072815006;0.000096494697;0.000071471356;
2021;05;27;9;1;0.000096246748;0.000084868495;0.000127859793;0.000076486230;
2021;05;27;10;1;0.000104952961;0.000089718859;0.000148850507;0.000081447314;
2021;05;27;11;1;0.000111421478;0.000093394907;0.000156917685;0.000083395370;
2021;05;27;12;1;0.000113721857;0.000093651456;0.000159104349;0.000082685872;
2021;05;27;13;1;0.000119077299;0.000095887553;0.000161631680;0.000083000562;
2021;05;27;14;1;0.000128123373;0.000101167175;0.000155014209;0.000082026167;
2021;05;27;15;1;0.000126253910;0.000100153104;0.000139731650;0.000077723620;
2021;05;27;16;1;0.000113907440;0.000089582048;0.000136115976;0.000071867526;
2021;05;27;17;1;0.000107127645;0.000083480892;0.000136276452;0.000069753891;
2021;05;27;18;1;0.000107232938;0.000083482289;0.000135500419;0.000070817427;
2021;05;27;19;1;0.000109248127;0.000085591702;0.000129432720;0.000072707866;
2021;05;27;20;1;0.000114438318;0.000090889161;0.000123147848;0.000076734966;
2021;05;27;21;1;0.000127498860;0.000103492601;0.000116265620;0.000082741517;
2021;05;27;22;1;0.000143744817;0.000128812438;0.000115429970;0.000106465359;
2021;05;27;23;1;0.000132954849;0.000131754942;0.000106451321;0.000132713239;
2021;05;27;24;1;0.000105629241;0.000114829616;0.000094285908;0.000123705403;
2021;05;28;1;1;0.000082554290;0.000094538450;0.000086971698;0.000113977430;
2021;05;28;2;1;0.000067584705;0.000080509821;0.000082016550;0.000131375889;
2021;05;28;3;1;0.000059170233;0.000072002449;0.000079733062;0.000130235398;
2021;05;28;4;1;0.000055459197;0.000068002154;0.000078804960;0.000125137354;
2021;05;28;5;1;0.000054270175;0.000066609980;0.000079258934;0.000118056898;
2021;05;28;6;1;0.000055441448;0.000067748186;0.000081795621;0.000112571289;
2021;05;28;7;1;0.000062996467;0.000070811494;0.000087983792;0.000106784189;
2021;05;28;8;1;0.000080747227;0.000073092704;0.000097241680;0.000072210716;
2021;05;28;9;1;0.000096466281;0.000084762202;0.000127787123;0.000076466890;
2021;05;28;10;1;0.000105291017;0.000089833378;0.000148592315;0.000081722705;
2021;05;28;11;1;0.000112077248;0.000093875503;0.000157045033;0.000083600951;
2021;05;28;12;1;0.000114509987;0.000094302188;0.000159611596;0.000083461713;
2021;05;28;13;1;0.000119569628;0.000096303504;0.000161883781;0.000083643447;
2021;05;28;14;1;0.000127917399;0.000100929595;0.000154390288;0.000082651978;
2021;05;28;15;1;0.000126793107;0.000100518316;0.000137547189;0.000078433612;
2021;05;28;16;1;0.000115554542;0.000091056355;0.000130572993;0.000073281451;
2021;05;28;17;1;0.000109112077;0.000085443987;0.000128205281;0.000071060239;
2021;05;28;18;1;0.000108736138;0.000085174114;0.000127084899;0.000072193189;
2021;05;28;19;1;0.000109997107;0.000086733282;0.000124334514;0.000073385536;
2021;05;28;20;1;0.000112552142;0.000089754627;0.000120305143;0.000075939340;
2021;05;28;21;1;0.000119872463;0.000096994255;0.000116730344;0.000079227042;
2021;05;28;22;1;0.000133633717;0.000119218927;0.000117735548;0.000103697779;
2021;05;28;23;1;0.000127401638;0.000125273222;0.000111054068;0.000131939984;
2021;05;28;24;1;0.000107258046;0.000114869196;0.000100964179;0.000126416077;
2021;05;29;1;1;0.000088947607;0.000099843085;0.000094368432;0.000113237370;
2021;05;29;2;1;0.000073345819;0.000085730965;0.000086770500;0.000127117587;
2021;05;29;3;1;0.000063860238;0.000076263873;0.000083446008;0.000125648844;
2021;05;29;4;1;0.000058785797;0.000070971967;0.000082306538;0.000120143577;
2021;05;29;5;1;0.000056513032;0.000068528756;0.000081773874;0.000113356836;
2021;05;29;6;1;0.000056097720;0.000068306318;0.000082747152;0.000108151047;
2021;05;29;7;1;0.000058127653;0.000066702290;0.000083127899;0.000099726340;
2021;05;29;8;1;0.000065449040;0.000059250284;0.000078290064;0.000060980793;
2021;05;29;9;1;0.000082940239;0.000072233171;0.000089149037;0.000065540588;
2021;05;29;10;1;0.000104414445;0.000089819959;0.000100960076;0.000076751144;
2021;05;29;11;1;0.000119826087;0.000102266667;0.000110913240;0.000083725709;
2021;05;29;12;1;0.000125267453;0.000105505515;0.000115485836;0.000085734461;
2021;05;29;13;1;0.000129138354;0.000106005428;0.000117558792;0.000085056819;
2021;05;29;14;1;0.000138678040;0.000110711549;0.000114526646;0.000084299011;
2021;05;29;15;1;0.000137198102;0.000109485403;0.000107295137;0.000080194642;
2021;05;29;16;1;0.000119251497;0.000094463833;0.000104119918;0.000071069975;
2021;05;29;17;1;0.000108393645;0.000085405378;0.000102171822;0.000066794090;
2021;05;29;18;1;0.000105028388;0.000082756584;0.000102447635;0.000065620148;
2021;05;29;19;1;0.000105339042;0.000083319370;0.000102067834;0.000066689122;
2021;05;29;20;1;0.000107453674;0.000085664269;0.000104289402;0.000069455232;
2021;05;29;21;1;0.000114832167;0.000092425713;0.000106657901;0.000073655664;
2021;05;29;22;1;0.000130804682;0.000115944346;0.000112452695;0.000099100566;
2021;05;29;23;1;0.000127211291;0.000123835723;0.000109394121;0.000126788465;
2021;05;29;24;1;0.000108690030;0.000114696423;0.000101050746;0.000121024967;
2021;05;30;1;1;0.000090389995;0.000101330273;0.000092184700;0.000112554803;
2021;05;30;2;1;0.000074959042;0.000087418693;0.000084794615;0.000121881545;
2021;05;30;3;1;0.000064369500;0.000076911934;0.000081471754;0.000118802023;
2021;05;30;4;1;0.000058516723;0.000070912662;0.000080087338;0.000113346793;
2021;05;30;5;1;0.000056038306;0.000068370215;0.000079611838;0.000107997015;
2021;05;30;6;1;0.000055460296;0.000068171815;0.000080310237;0.000104259224;
2021;05;30;7;1;0.000056938803;0.000066640972;0.000080077519;0.000097781152;
2021;05;30;8;1;0.000061599224;0.000056512359;0.000071890812;0.000058684498;
2021;05;30;9;1;0.000075458134;0.000065759831;0.000076466910;0.000059565684;
2021;05;30;10;1;0.000097048230;0.000083317971;0.000082958152;0.000069798281;
2021;05;30;11;1;0.000115782085;0.000099099333;0.000088464795;0.000078067056;
2021;05;30;12;1;0.000124860232;0.000105991951;0.000092849784;0.000081450113;
2021;05;30;13;1;0.000129193556;0.000107103668;0.000095846785;0.000080929138;
2021;05;30;14;1;0.000137728081;0.000110702910;0.000096366703;0.000079955001;
2021;05;30;15;1;0.000135276542;0.000108309612;0.000094429884;0.000076794791;
2021;05;30;16;1;0.000115694601;0.000091736190;0.000092113834;0.000067933206;
2021;05;30;17;1;0.000104561152;0.000082378838;0.000088939749;0.000063303888;
2021;05;30;18;1;0.000101602852;0.000080122220;0.000086326690;0.000062498387;
2021;05;30;19;1;0.000103623457;0.000082175659;0.000085113010;0.000064493045;
2021;05;30;20;1;0.000108497207;0.000086996289;0.000086752627;0.000068402892;
2021;05;30;21;1;0.000120340440;0.000097907466;0.000089255740;0.000075073249;
2021;05;30;22;1;0.000138112446;0.000123858069;0.000099894149;0.000102956816;
2021;05;30;23;1;0.000130504875;0.000128016326;0.000098533441;0.000127393777;
2021;05;30;24;1;0.000107187454;0.000115500991;0.000090973634;0.000120885394;
2021;05;31;1;1;0.000084158893;0.000096436576;0.000085412425;0.000112439458;
2021;05;31;2;1;0.000068344843;0.000081779899;0.000080614216;0.000124091112;
2021;05;31;3;1;0.000059901183;0.000073080588;0.000078521649;0.000120616998;
2021;05;31;4;1;0.000055879811;0.000068678506;0.000077923010;0.000115519445;
2021;05;31;5;1;0.000054441902;0.000066952639;0.000078124958;0.000109815709;
2021;05;31;6;1;0.000055080251;0.000067367368;0.000080570456;0.000106292442;
2021;05;31;7;1;0.000062090753;0.000069540841;0.000087013222;0.000102374901;
2021;05;31;8;1;0.000078867885;0.000070633393;0.000096280576;0.000069507215;
2021;05;31;9;1;0.000093985412;0.000081817995;0.000128115089;0.000074500733;
2021;05;31;10;1;0.000103614311;0.000087492066;0.000149522146;0.000079936900;
2021;05;31;11;1;0.000111741494;0.000092711316;0.000157775974;0.000082892459;
2021;05;31;12;1;0.000115318928;0.000094200962;0.000159718698;0.000083324209;
2021;05;31;13;1;0.000119875858;0.000095765252;0.000161377121;0.000082208648;
2021;05;31;14;1;0.000129544919;0.000101566305;0.000154941580;0.000081764112;
2021;05;31;15;1;0.000128077129;0.000100886556;0.000139864077;0.000077701008;
2021;05;31;16;1;0.000115175902;0.000089882818;0.000135889947;0.000071738929;
2021;05;31;17;1;0.000107668872;0.000083268042;0.000136251849;0.000069201596;
2021;05;31;18;1;0.000107203720;0.000082780921;0.000135323719;0.000069772469;
2021;05;31;19;1;0.000108951690;0.000084620187;0.000129164611;0.000071512108;
2021;05;31;20;1;0.000115005548;0.000090655868;0.000121798131;0.000075697172;
2021;05;31;21;1;0.000128930476;0.000103949229;0.000115089273;0.000081891078;
2021;05;31;22;1;0.000146580881;0.000130387098;0.000114515723;0.000106459794;
2021;05;31;23;1;0.000135238974;0.000133010306;0.000105827055;0.000132801399;
2021;05;31;24;1;0.000105870671;0.000114266187;0.000094003926;0.000122708656;
