AŃO;MES;DIA;HORA;VERANO(1)/INVIERNO(0);COEF. PERFIL A;COEF. PERFIL B;COEF. PERFIL C;COEF. PERFIL D;
2020;02;01;1;0;0.000104443560;0.000162524947;0.000083184085;0.000149068783;
2020;02;01;2;0;0.000083974092;0.000144928980;0.000077867646;0.000167529634;
2020;02;01;3;0;0.000071278896;0.000131208782;0.000075756065;0.000164109650;
2020;02;01;4;0;0.000064883244;0.000122643917;0.000074460013;0.000156963153;
2020;02;01;5;0;0.000062181722;0.000119601700;0.000074360085;0.000149199784;
2020;02;01;6;0;0.000062101388;0.000123950992;0.000075309279;0.000142722260;
2020;02;01;7;0;0.000065697019;0.000127208721;0.000078937354;0.000136820870;
2020;02;01;8;0;0.000075666959;0.000127196983;0.000084164865;0.000128965554;
2020;02;01;9;0;0.000096865462;0.000112266570;0.000085721287;0.000089120297;
2020;02;01;10;0;0.000126159194;0.000121890786;0.000097029782;0.000089114673;
2020;02;01;11;0;0.000145408423;0.000128761667;0.000108679178;0.000094714365;
2020;02;01;12;0;0.000149142090;0.000122621040;0.000112421328;0.000094644488;
2020;02;01;13;0;0.000149326516;0.000104370186;0.000113077603;0.000089496784;
2020;02;01;14;0;0.000155519970;0.000105094494;0.000107502744;0.000086848253;
2020;02;01;15;0;0.000154044825;0.000103570890;0.000097339996;0.000083275109;
2020;02;01;16;0;0.000140807001;0.000094618434;0.000092932594;0.000075862085;
2020;02;01;17;0;0.000131578605;0.000088289885;0.000091460721;0.000072367940;
2020;02;01;18;0;0.000128721249;0.000086265343;0.000093362493;0.000071898781;
2020;02;01;19;0;0.000135264858;0.000097476980;0.000099558495;0.000080400148;
2020;02;01;20;0;0.000149968755;0.000136748713;0.000114747148;0.000141517951;
2020;02;01;21;0;0.000159897178;0.000148342302;0.000114813028;0.000155710373;
2020;02;01;22;0;0.000164205790;0.000154889647;0.000106441550;0.000157601026;
2020;02;01;23;0;0.000149487530;0.000178985661;0.000097500658;0.000155919171;
2020;02;01;24;0;0.000128194028;0.000176095344;0.000090196274;0.000151007390;
2020;02;02;1;0;0.000103775784;0.000159955744;0.000082574636;0.000146041280;
2020;02;02;2;0;0.000084614227;0.000143358444;0.000076629594;0.000158166461;
2020;02;02;3;0;0.000072099387;0.000129938711;0.000074334315;0.000154561316;
2020;02;02;4;0;0.000064964601;0.000121072435;0.000073077779;0.000148072743;
2020;02;02;5;0;0.000061640049;0.000117297759;0.000072607381;0.000141007545;
2020;02;02;6;0;0.000060912283;0.000121374892;0.000073355512;0.000136595808;
2020;02;02;7;0;0.000062969215;0.000123913286;0.000075306850;0.000131548915;
2020;02;02;8;0;0.000069328260;0.000121341829;0.000076682331;0.000123987732;
2020;02;02;9;0;0.000084389525;0.000101709593;0.000071412255;0.000080758914;
2020;02;02;10;0;0.000111322883;0.000110055770;0.000074850034;0.000080792383;
2020;02;02;11;0;0.000134338019;0.000120686941;0.000080093562;0.000087755699;
2020;02;02;12;0;0.000143658371;0.000119146206;0.000083985514;0.000089348210;
2020;02;02;13;0;0.000145823881;0.000102556551;0.000086832189;0.000086211794;
2020;02;02;14;0;0.000151512959;0.000102818559;0.000086275397;0.000082262727;
2020;02;02;15;0;0.000150253532;0.000100961040;0.000082691960;0.000080011653;
2020;02;02;16;0;0.000135164351;0.000090740619;0.000079297468;0.000071653282;
2020;02;02;17;0;0.000126276151;0.000084587666;0.000076920121;0.000067885723;
2020;02;02;18;0;0.000123848297;0.000082730524;0.000075631474;0.000067491432;
2020;02;02;19;0;0.000133652439;0.000094992627;0.000080018012;0.000076603650;
2020;02;02;20;0;0.000154936279;0.000138419919;0.000093974205;0.000139510306;
2020;02;02;21;0;0.000170860935;0.000154281506;0.000094687647;0.000156303951;
2020;02;02;22;0;0.000172719803;0.000159277730;0.000091346225;0.000156905236;
2020;02;02;23;0;0.000150420387;0.000178879673;0.000085058204;0.000153488036;
2020;02;02;24;0;0.000120438438;0.000170324579;0.000079035180;0.000146522682;
2020;02;03;1;0;0.000089843317;0.000149557108;0.000073999595;0.000139087430;
2020;02;03;2;0;0.000071650789;0.000132850477;0.000071229875;0.000152857733;
2020;02;03;3;0;0.000062672114;0.000121500367;0.000070257817;0.000149393111;
2020;02;03;4;0;0.000058591144;0.000114590941;0.000069801411;0.000143891430;
2020;02;03;5;0;0.000057134249;0.000112223290;0.000070361635;0.000137994375;
2020;02;03;6;0;0.000058770465;0.000116977380;0.000072971840;0.000133267544;
2020;02;03;7;0;0.000070342831;0.000125721929;0.000084001083;0.000133943133;
2020;02;03;8;0;0.000098248382;0.000138700697;0.000107208032;0.000137948446;
2020;02;03;9;0;0.000117249624;0.000124625577;0.000141437239;0.000100406171;
2020;02;03;10;0;0.000126236808;0.000119226138;0.000165909971;0.000091627629;
2020;02;03;11;0;0.000134844150;0.000117433423;0.000172620028;0.000091182036;
2020;02;03;12;0;0.000135906212;0.000109415504;0.000170919697;0.000088148615;
2020;02;03;13;0;0.000137990993;0.000094014015;0.000167861134;0.000084136146;
2020;02;03;14;0;0.000144324293;0.000095647413;0.000157418545;0.000081428909;
2020;02;03;15;0;0.000142332776;0.000094344951;0.000136795607;0.000077828201;
2020;02;03;16;0;0.000135176863;0.000088849781;0.000130279669;0.000073825481;
2020;02;03;17;0;0.000130654600;0.000084762891;0.000130839278;0.000072107829;
2020;02;03;18;0;0.000132506561;0.000085222430;0.000131465388;0.000074466593;
2020;02;03;19;0;0.000141627202;0.000096417242;0.000131034969;0.000082433653;
2020;02;03;20;0;0.000163561064;0.000140351307;0.000136257472;0.000144903407;
2020;02;03;21;0;0.000178687456;0.000157562471;0.000123058868;0.000162102196;
2020;02;03;22;0;0.000179509392;0.000163320516;0.000105270948;0.000161500155;
2020;02;03;23;0;0.000155612902;0.000181677063;0.000090836360;0.000156601543;
2020;02;03;24;0;0.000122355231;0.000170243268;0.000081967482;0.000147866788;
2020;02;04;1;0;0.000092684169;0.000151907174;0.000077238419;0.000142457897;
2020;02;04;2;0;0.000072941230;0.000134488499;0.000074045504;0.000162281820;
2020;02;04;3;0;0.000063541530;0.000122798614;0.000072927314;0.000160297840;
2020;02;04;4;0;0.000059484234;0.000115932179;0.000072461024;0.000153718728;
2020;02;04;5;0;0.000058168924;0.000113897172;0.000072655242;0.000145733235;
2020;02;04;6;0;0.000060036410;0.000119015828;0.000075272901;0.000138655416;
2020;02;04;7;0;0.000071882716;0.000127733863;0.000086407342;0.000137297517;
2020;02;04;8;0;0.000100982552;0.000142102348;0.000109671221;0.000140540787;
2020;02;04;9;0;0.000119809426;0.000127576615;0.000142200905;0.000101967613;
2020;02;04;10;0;0.000127507195;0.000120979421;0.000165439408;0.000091968627;
2020;02;04;11;0;0.000135232833;0.000118418196;0.000171417814;0.000090847762;
2020;02;04;12;0;0.000135553646;0.000109732468;0.000169516012;0.000087318845;
2020;02;04;13;0;0.000137830038;0.000094449011;0.000167257287;0.000083854603;
2020;02;04;14;0;0.000143858789;0.000095883566;0.000156677927;0.000080723007;
2020;02;04;15;0;0.000141565673;0.000094329693;0.000136515871;0.000077225315;
2020;02;04;16;0;0.000134746230;0.000089022680;0.000130259906;0.000073700853;
2020;02;04;17;0;0.000130663309;0.000085316195;0.000130918744;0.000072258989;
2020;02;04;18;0;0.000132853163;0.000085976219;0.000131487341;0.000074862211;
2020;02;04;19;0;0.000142653952;0.000098495334;0.000132444839;0.000083143864;
2020;02;04;20;0;0.000164914988;0.000142656352;0.000138673092;0.000146237686;
2020;02;04;21;0;0.000179908972;0.000159293916;0.000125884688;0.000163054958;
2020;02;04;22;0;0.000180128123;0.000164640997;0.000108142742;0.000162368489;
2020;02;04;23;0;0.000156743670;0.000183472635;0.000093413778;0.000157413972;
2020;02;04;24;0;0.000124019453;0.000172603641;0.000083845354;0.000149234943;
2020;02;05;1;0;0.000093932791;0.000153581294;0.000078382132;0.000143433245;
2020;02;05;2;0;0.000073880053;0.000135881146;0.000075119597;0.000163258667;
2020;02;05;3;0;0.000064358290;0.000124067883;0.000073984581;0.000161258911;
2020;02;05;4;0;0.000060254036;0.000117141685;0.000073514714;0.000154658808;
2020;02;05;5;0;0.000058913497;0.000115067617;0.000073706649;0.000146596003;
2020;02;05;6;0;0.000060792914;0.000120212479;0.000076354779;0.000139437699;
2020;02;05;7;0;0.000072751824;0.000128945777;0.000087627415;0.000137974700;
2020;02;05;8;0;0.000102414640;0.000143780334;0.000111333952;0.000141641203;
2020;02;05;9;0;0.000121512252;0.000129087436;0.000144359179;0.000102770194;
2020;02;05;10;0;0.000129353826;0.000122448271;0.000167972787;0.000092726677;
2020;02;05;11;0;0.000137106665;0.000119773742;0.000173989032;0.000091518035;
2020;02;05;12;0;0.000137464762;0.000111018053;0.000172079261;0.000087992273;
2020;02;05;13;0;0.000139654551;0.000095465384;0.000169714266;0.000084401672;
2020;02;05;14;0;0.000145722306;0.000096885248;0.000158957204;0.000081218106;
2020;02;05;15;0;0.000143321796;0.000095257768;0.000138464314;0.000077640506;
2020;02;05;16;0;0.000136337564;0.000089839818;0.000132080237;0.000074036584;
2020;02;05;17;0;0.000132221458;0.000086110169;0.000132755892;0.000072599542;
2020;02;05;18;0;0.000134666960;0.000086941000;0.000133446160;0.000075393556;
2020;02;05;19;0;0.000144739184;0.000099706040;0.000134481587;0.000083845089;
2020;02;05;20;0;0.000167084400;0.000144178411;0.000140704439;0.000147175046;
2020;02;05;21;0;0.000182189616;0.000160909116;0.000127698512;0.000163992728;
2020;02;05;22;0;0.000182552689;0.000166453337;0.000109743456;0.000163477537;
2020;02;05;23;0;0.000158890989;0.000185540874;0.000094807737;0.000158540914;
2020;02;05;24;0;0.000125644288;0.000174435055;0.000085071294;0.000150180653;
2020;02;06;1;0;0.000095166068;0.000155186671;0.000079637547;0.000144174335;
2020;02;06;2;0;0.000074833741;0.000137268179;0.000076314535;0.000164052095;
2020;02;06;3;0;0.000065137172;0.000125223384;0.000075131658;0.000161862959;
2020;02;06;4;0;0.000061076432;0.000118433394;0.000074711572;0.000155567462;
2020;02;06;5;0;0.000059729367;0.000116361863;0.000074914108;0.000147497257;
2020;02;06;6;0;0.000061601545;0.000121491403;0.000077585044;0.000140188317;
2020;02;06;7;0;0.000073739206;0.000130356176;0.000089051322;0.000138768438;
2020;02;06;8;0;0.000103888623;0.000145484166;0.000113188163;0.000142618131;
2020;02;06;9;0;0.000123395175;0.000130775129;0.000146842995;0.000103635724;
2020;02;06;10;0;0.000131380924;0.000124072939;0.000170877648;0.000093530011;
2020;02;06;11;0;0.000139413175;0.000121515827;0.000177098340;0.000092456238;
2020;02;06;12;0;0.000139780319;0.000112635494;0.000175156341;0.000088896994;
2020;02;06;13;0;0.000141900962;0.000096775902;0.000172684480;0.000085181135;
2020;02;06;14;0;0.000148049882;0.000098203120;0.000161730254;0.000081955446;
2020;02;06;15;0;0.000145681187;0.000096605201;0.000140913773;0.000078397826;
2020;02;06;16;0;0.000138583741;0.000091111916;0.000134417571;0.000074760124;
2020;02;06;17;0;0.000134450342;0.000087365949;0.000135130519;0.000073347378;
2020;02;06;18;0;0.000136878856;0.000088167245;0.000135804218;0.000076125254;
2020;02;06;19;0;0.000147100035;0.000101099784;0.000136850165;0.000084645787;
2020;02;06;20;0;0.000169787872;0.000146172827;0.000143173564;0.000148553611;
2020;02;06;21;0;0.000184981142;0.000162981871;0.000129884564;0.000165334588;
2020;02;06;22;0;0.000185303019;0.000168550303;0.000111607987;0.000164757658;
2020;02;06;23;0;0.000161408187;0.000188037786;0.000096455569;0.000159951451;
2020;02;06;24;0;0.000127689452;0.000176866604;0.000086568478;0.000151606785;
2020;02;07;1;0;0.000097608653;0.000158712228;0.000081598222;0.000145878076;
2020;02;07;2;0;0.000077109427;0.000140705806;0.000077938626;0.000166127252;
2020;02;07;3;0;0.000066781444;0.000128265898;0.000076697344;0.000164101658;
2020;02;07;4;0;0.000062292328;0.000120954640;0.000076076735;0.000157618720;
2020;02;07;5;0;0.000060831449;0.000118587336;0.000076314578;0.000149737645;
2020;02;07;6;0;0.000062785436;0.000123848448;0.000079277152;0.000142608683;
2020;02;07;7;0;0.000074985763;0.000132713767;0.000090240468;0.000140672711;
2020;02;07;8;0;0.000105307960;0.000148405098;0.000114925239;0.000145479635;
2020;02;07;9;0;0.000125461453;0.000133824082;0.000148923284;0.000107398654;
2020;02;07;10;0;0.000134274370;0.000127232235;0.000172941953;0.000096232304;
2020;02;07;11;0;0.000142579533;0.000124810752;0.000179632913;0.000095452487;
2020;02;07;12;0;0.000142775311;0.000115654830;0.000177492527;0.000092541009;
2020;02;07;13;0;0.000144633548;0.000099177012;0.000174450713;0.000089187189;
2020;02;07;14;0;0.000150394457;0.000100272524;0.000163208463;0.000085618289;
2020;02;07;15;0;0.000148992983;0.000099283923;0.000140093539;0.000081801440;
2020;02;07;16;0;0.000142711420;0.000094411642;0.000129594411;0.000078766239;
2020;02;07;17;0;0.000138683128;0.000090715943;0.000127643011;0.000076772209;
2020;02;07;18;0;0.000140066960;0.000091011389;0.000127883462;0.000078762480;
2020;02;07;19;0;0.000148185400;0.000103643919;0.000132794676;0.000087710382;
2020;02;07;20;0;0.000165581079;0.000145565482;0.000141975681;0.000150700682;
2020;02;07;21;0;0.000174919506;0.000157920644;0.000132820134;0.000164115266;
2020;02;07;22;0;0.000177313034;0.000164287790;0.000117091581;0.000164569304;
2020;02;07;23;0;0.000159338066;0.000187606687;0.000102380931;0.000161121437;
2020;02;07;24;0;0.000133085602;0.000181572136;0.000092683717;0.000155081355;
2020;02;08;1;0;0.000106803805;0.000165498967;0.000085417655;0.000150538767;
2020;02;08;2;0;0.000085808932;0.000147461056;0.000079929191;0.000169009840;
2020;02;08;3;0;0.000072813238;0.000133453951;0.000077749539;0.000165485930;
2020;02;08;4;0;0.000066326515;0.000124839869;0.000076446382;0.000158433454;
2020;02;08;5;0;0.000063526216;0.000121660804;0.000076320628;0.000150469777;
2020;02;08;6;0;0.000063534291;0.000126283969;0.000077349840;0.000144220849;
2020;02;08;7;0;0.000067190894;0.000129555746;0.000081063146;0.000138193961;
2020;02;08;8;0;0.000077481221;0.000129718171;0.000086483565;0.000130479422;
2020;02;08;9;0;0.000099129017;0.000114416016;0.000088056918;0.000090091429;
2020;02;08;10;0;0.000129232651;0.000124358723;0.000099721606;0.000090207870;
2020;02;08;11;0;0.000149021346;0.000131437903;0.000111720492;0.000095939546;
2020;02;08;12;0;0.000152817294;0.000125141920;0.000115555811;0.000095842253;
2020;02;08;13;0;0.000153101409;0.000106589446;0.000116266540;0.000090707646;
2020;02;08;14;0;0.000159730520;0.000107537808;0.000110631363;0.000088236979;
2020;02;08;15;0;0.000158420535;0.000106131299;0.000100238030;0.000084758577;
2020;02;08;16;0;0.000144692593;0.000096872789;0.000095661425;0.000077129495;
2020;02;08;17;0;0.000135285993;0.000090450337;0.000094172767;0.000073635066;
2020;02;08;18;0;0.000132332327;0.000088364655;0.000096124920;0.000073146012;
2020;02;08;19;0;0.000138708593;0.000099569104;0.000102375054;0.000081507939;
2020;02;08;20;0;0.000153929606;0.000139827837;0.000118048105;0.000143653008;
2020;02;08;21;0;0.000164073077;0.000151633951;0.000118099033;0.000157996078;
2020;02;08;22;0;0.000168338379;0.000158163857;0.000109437358;0.000159708976;
2020;02;08;23;0;0.000153416105;0.000182989591;0.000100299416;0.000158242340;
2020;02;08;24;0;0.000131535890;0.000179993377;0.000092775812;0.000153213456;
2020;02;09;1;0;0.000107228381;0.000164282366;0.000085722583;0.000148317040;
2020;02;09;2;0;0.000087449107;0.000147273099;0.000079559953;0.000160681426;
2020;02;09;3;0;0.000074396601;0.000133251388;0.000077115496;0.000156672974;
2020;02;09;4;0;0.000067064193;0.000124220131;0.000075828838;0.000150187735;
2020;02;09;5;0;0.000063631235;0.000120345234;0.000075340252;0.000143018265;
2020;02;09;6;0;0.000062837833;0.000124435514;0.000076091143;0.000138414314;
2020;02;09;7;0;0.000064969730;0.000127059475;0.000078121282;0.000133328368;
2020;02;09;8;0;0.000071537157;0.000124435088;0.000079551610;0.000125680738;
2020;02;09;9;0;0.000087086363;0.000104312850;0.000074088160;0.000081871243;
2020;02;09;10;0;0.000115095451;0.000113107657;0.000077727049;0.000082118964;
2020;02;09;11;0;0.000138967475;0.000124110055;0.000083195056;0.000089265486;
2020;02;09;12;0;0.000148525042;0.000122448705;0.000087213049;0.000090814112;
2020;02;09;13;0;0.000150876689;0.000105486817;0.000090202850;0.000087717267;
2020;02;09;14;0;0.000156873257;0.000105839033;0.000089655998;0.000083781069;
2020;02;09;15;0;0.000155548791;0.000103911717;0.000085926536;0.000081473455;
2020;02;09;16;0;0.000139878244;0.000093355844;0.000082384619;0.000072926549;
2020;02;09;17;0;0.000130740235;0.000087070088;0.000079933100;0.000069136255;
2020;02;09;18;0;0.000128367374;0.000085262501;0.000078636869;0.000068840047;
2020;02;09;19;0;0.000138507348;0.000097882740;0.000083191040;0.000078117382;
2020;02;09;20;0;0.000160658069;0.000142723730;0.000097729295;0.000142382084;
2020;02;09;21;0;0.000177260943;0.000159168209;0.000098496531;0.000159633270;
2020;02;09;22;0;0.000179159104;0.000164291555;0.000095012911;0.000160208752;
2020;02;09;23;0;0.000155921856;0.000184370477;0.000088442462;0.000156570463;
2020;02;09;24;0;0.000124907635;0.000175653030;0.000082201140;0.000149571406;
2020;02;10;1;0;0.000092802024;0.000153632370;0.000076544851;0.000141639267;
2020;02;10;2;0;0.000073948516;0.000136344016;0.000073648775;0.000155482815;
2020;02;10;3;0;0.000064558069;0.000124430510;0.000072573757;0.000151556438;
2020;02;10;4;0;0.000060332128;0.000117306609;0.000072089013;0.000145900862;
2020;02;10;5;0;0.000058950009;0.000115139037;0.000072740487;0.000140311566;
2020;02;10;6;0;0.000060636797;0.000120013827;0.000075437647;0.000135502520;
2020;02;10;7;0;0.000072520026;0.000128873488;0.000086805762;0.000136041635;
2020;02;10;8;0;0.000101347747;0.000142268633;0.000110819756;0.000140221378;
2020;02;10;9;0;0.000120823555;0.000127684714;0.000146126905;0.000101913816;
2020;02;10;10;0;0.000130166389;0.000122237991;0.000171464906;0.000093084608;
2020;02;10;11;0;0.000138977581;0.000120338317;0.000178358558;0.000092572583;
2020;02;10;12;0;0.000139924310;0.000111990530;0.000176508476;0.000089361667;
2020;02;10;13;0;0.000142069113;0.000096225360;0.000173348923;0.000085292629;
2020;02;10;14;0;0.000148441027;0.000097788464;0.000162483549;0.000082433694;
2020;02;10;15;0;0.000146411332;0.000096470465;0.000141206101;0.000078802409;
2020;02;10;16;0;0.000138921107;0.000090757637;0.000134417625;0.000074653016;
2020;02;10;17;0;0.000134323932;0.000086619038;0.000135020406;0.000072953983;
2020;02;10;18;0;0.000136238052;0.000087095805;0.000135671712;0.000075348059;
2020;02;10;19;0;0.000145440833;0.000098405118;0.000135147033;0.000083269585;
2020;02;10;20;0;0.000168082169;0.000143356063;0.000140581634;0.000146515800;
2020;02;10;21;0;0.000183827987;0.000161131935;0.000127033441;0.000164156435;
2020;02;10;22;0;0.000184843278;0.000167190935;0.000108720978;0.000163755374;
2020;02;10;23;0;0.000160188199;0.000185919979;0.000093799045;0.000158721823;
2020;02;10;24;0;0.000125869806;0.000174091863;0.000084612958;0.000149732186;
2020;02;11;1;0;0.000094672893;0.000154565227;0.000079101566;0.000143931601;
2020;02;11;2;0;0.000074453874;0.000136734756;0.000075804892;0.000163800486;
2020;02;11;3;0;0.000064888674;0.000124912515;0.000074677134;0.000161899608;
2020;02;11;4;0;0.000060759633;0.000117958648;0.000074208397;0.000155305313;
2020;02;11;5;0;0.000059426412;0.000115910357;0.000074413762;0.000147272735;
2020;02;11;6;0;0.000061346622;0.000121146590;0.000077102544;0.000140159333;
2020;02;11;7;0;0.000073420782;0.000129960262;0.000088489295;0.000138705689;
2020;02;11;8;0;0.000103146105;0.000144583698;0.000112315127;0.000141988014;
2020;02;11;9;0;0.000122292074;0.000129705003;0.000145578880;0.000102919104;
2020;02;11;10;0;0.000130136461;0.000122984232;0.000169360958;0.000092814122;
2020;02;11;11;0;0.000138109430;0.000120465896;0.000175536953;0.000091764253;
2020;02;11;12;0;0.000138576813;0.000111755189;0.000173677034;0.000088323428;
2020;02;11;13;0;0.000140865215;0.000096160610;0.000171339296;0.000084786926;
2020;02;11;14;0;0.000147174683;0.000097730265;0.000160582670;0.000081734405;
2020;02;11;15;0;0.000144928998;0.000096220441;0.000139966571;0.000078268096;
2020;02;11;16;0;0.000137889093;0.000090764332;0.000133524102;0.000074652185;
2020;02;11;17;0;0.000133676589;0.000086960527;0.000134182135;0.000073165685;
2020;02;11;18;0;0.000136014979;0.000087703558;0.000134813340;0.000075877712;
2020;02;11;19;0;0.000145814144;0.000100294641;0.000135685908;0.000084083418;
2020;02;11;20;0;0.000168427300;0.000145127309;0.000142007246;0.000147718151;
2020;02;11;21;0;0.000183750966;0.000162063245;0.000128914907;0.000164718802;
2020;02;11;22;0;0.000184092229;0.000167622040;0.000110781291;0.000164170555;
2020;02;11;23;0;0.000160187426;0.000186787237;0.000095691243;0.000159153169;
2020;02;11;24;0;0.000126667875;0.000175604357;0.000085863557;0.000150757917;
2020;02;12;1;0;0.000095380022;0.000155546103;0.000079687258;0.000144592593;
2020;02;12;2;0;0.000075050956;0.000137686001;0.000076387019;0.000164677610;
2020;02;12;3;0;0.000065339845;0.000125633769;0.000075210649;0.000162528046;
2020;02;12;4;0;0.000061229578;0.000118742063;0.000074767559;0.000156076240;
2020;02;12;5;0;0.000059856033;0.000116615260;0.000074955600;0.000147901128;
2020;02;12;6;0;0.000061730038;0.000121751633;0.000077626211;0.000140567213;
2020;02;12;7;0;0.000073869808;0.000130589945;0.000089084391;0.000139083461;
2020;02;12;8;0;0.000103778607;0.000145286856;0.000113071364;0.000142377949;
2020;02;12;9;0;0.000122891909;0.000130159101;0.000146469866;0.000103026684;
2020;02;12;10;0;0.000130788014;0.000123428717;0.000170406037;0.000092924308;
2020;02;12;11;0;0.000138881722;0.000120979538;0.000176671448;0.000091947623;
2020;02;12;12;0;0.000139463338;0.000112331585;0.000174869482;0.000088598413;
2020;02;12;13;0;0.000141722195;0.000096623104;0.000172488804;0.000085014090;
2020;02;12;14;0;0.000148043337;0.000098180638;0.000161645387;0.000081932904;
2020;02;12;15;0;0.000145728887;0.000096622971;0.000140865994;0.000078416727;
2020;02;12;16;0;0.000138648623;0.000091142933;0.000134381418;0.000074792798;
2020;02;12;17;0;0.000134391479;0.000087307776;0.000135032942;0.000073287220;
2020;02;12;18;0;0.000136867510;0.000088143309;0.000135730216;0.000076100364;
2020;02;12;19;0;0.000146828303;0.000100874090;0.000136655161;0.000084410416;
2020;02;12;20;0;0.000169563555;0.000145932048;0.000143006985;0.000148249525;
2020;02;12;21;0;0.000184914276;0.000162887155;0.000129795752;0.000165216446;
2020;02;12;22;0;0.000185063098;0.000168277750;0.000111479417;0.000164427047;
2020;02;12;23;0;0.000161057049;0.000187550032;0.000096301700;0.000159435935;
2020;02;12;24;0;0.000127378209;0.000176356299;0.000086419088;0.000151062843;
2020;02;13;1;0;0.000094818032;0.000154832443;0.000079041780;0.000144390175;
2020;02;13;2;0;0.000074594293;0.000137024896;0.000075760808;0.000164403411;
2020;02;13;3;0;0.000064969882;0.000125089668;0.000074609853;0.000162353636;
2020;02;13;4;0;0.000060803780;0.000118057241;0.000074121962;0.000155628089;
2020;02;13;5;0;0.000059403269;0.000115863631;0.000074285461;0.000147351010;
2020;02;13;6;0;0.000061274557;0.000120992168;0.000076939223;0.000140081419;
2020;02;13;7;0;0.000073326740;0.000129779345;0.000088297072;0.000138608432;
2020;02;13;8;0;0.000102980150;0.000144329536;0.000112053040;0.000141822895;
2020;02;13;9;0;0.000122046181;0.000129419048;0.000145210072;0.000102741772;
2020;02;13;10;0;0.000129834363;0.000122670632;0.000168905644;0.000092614091;
2020;02;13;11;0;0.000137767198;0.000120137763;0.000175051299;0.000091546524;
2020;02;13;12;0;0.000138192255;0.000111413905;0.000173170728;0.000088077424;
2020;02;13;13;0;0.000140364585;0.000095783748;0.000170773092;0.000084459042;
2020;02;13;14;0;0.000146664568;0.000097356861;0.000160058848;0.000081428547;
2020;02;13;15;0;0.000144425564;0.000095851975;0.000139509519;0.000077974321;
2020;02;13;16;0;0.000137301500;0.000090337349;0.000133035497;0.000074290326;
2020;02;13;17;0;0.000133134206;0.000086571098;0.000133704917;0.000072831614;
2020;02;13;18;0;0.000135345054;0.000087226182;0.000134275576;0.000075439553;
2020;02;13;19;0;0.000145034830;0.000099701781;0.000135116907;0.000083548004;
2020;02;13;20;0;0.000167821937;0.000144551989;0.000141535245;0.000147138353;
2020;02;13;21;0;0.000183201638;0.000161529750;0.000128525220;0.000164211089;
2020;02;13;22;0;0.000183594652;0.000167123668;0.000110462230;0.000163730099;
2020;02;13;23;0;0.000159894443;0.000186413009;0.000095457643;0.000158918640;
2020;02;13;24;0;0.000126595438;0.000175497597;0.000085708066;0.000150798401;
2020;02;14;1;0;0.000096041142;0.000156721655;0.000079894100;0.000145150711;
2020;02;14;2;0;0.000075919251;0.000139039149;0.000076334989;0.000165445271;
2020;02;14;3;0;0.000065696550;0.000126630934;0.000075087986;0.000163242712;
2020;02;14;4;0;0.000061279507;0.000119411110;0.000074479765;0.000156791193;
2020;02;14;5;0;0.000059825280;0.000117037020;0.000074701713;0.000148893359;
2020;02;14;6;0;0.000061693633;0.000122112492;0.000077567656;0.000141636593;
2020;02;14;7;0;0.000073616291;0.000130724368;0.000088255191;0.000139541722;
2020;02;14;8;0;0.000103178486;0.000145855875;0.000112285751;0.000143907514;
2020;02;14;9;0;0.000122686490;0.000131242359;0.000145362288;0.000105952175;
2020;02;14;10;0;0.000131287099;0.000124759367;0.000168795347;0.000094918894;
2020;02;14;11;0;0.000139417052;0.000122394283;0.000175331854;0.000094158728;
2020;02;14;12;0;0.000139659571;0.000113461741;0.000173274410;0.000091333107;
2020;02;14;13;0;0.000141469422;0.000097290394;0.000170300174;0.000088016288;
2020;02;14;14;0;0.000147182995;0.000098423560;0.000159367927;0.000084557123;
2020;02;14;15;0;0.000145760409;0.000097415288;0.000136772992;0.000080748304;
2020;02;14;16;0;0.000139512879;0.000092559320;0.000126476397;0.000077673073;
2020;02;14;17;0;0.000135528888;0.000088902585;0.000124550902;0.000075670949;
2020;02;14;18;0;0.000136792616;0.000089127881;0.000124745342;0.000077562568;
2020;02;14;19;0;0.000144522443;0.000101343731;0.000129447844;0.000086208194;
2020;02;14;20;0;0.000161730523;0.000142572856;0.000138500265;0.000148430963;
2020;02;14;21;0;0.000171100567;0.000154924395;0.000129662942;0.000161971029;
2020;02;14;22;0;0.000173442931;0.000161171990;0.000114308443;0.000162421106;
2020;02;14;23;0;0.000155945135;0.000184159861;0.000099974753;0.000159138128;
2020;02;14;24;0;0.000130416584;0.000178486713;0.000090562922;0.000153441037;
2020;02;15;1;0;0.000103839934;0.000161762574;0.000082597413;0.000148703698;
2020;02;15;2;0;0.000083481661;0.000144235540;0.000077315136;0.000167099768;
2020;02;15;3;0;0.000070835954;0.000130529968;0.000075205201;0.000163608921;
2020;02;15;4;0;0.000064532500;0.000122119671;0.000073948670;0.000156660893;
2020;02;15;5;0;0.000061824280;0.000119044920;0.000073836660;0.000148841451;
2020;02;15;6;0;0.000061705452;0.000123287526;0.000074755524;0.000142254963;
2020;02;15;7;0;0.000065258043;0.000126484497;0.000078344848;0.000136314534;
2020;02;15;8;0;0.000075136505;0.000126426316;0.000083519342;0.000128429136;
2020;02;15;9;0;0.000096146163;0.000111534426;0.000085046149;0.000088697791;
2020;02;15;10;0;0.000125340325;0.000121222764;0.000096310695;0.000088808682;
2020;02;15;11;0;0.000144411183;0.000128003331;0.000107853869;0.000094340549;
2020;02;15;12;0;0.000147865414;0.000121666814;0.000111471909;0.000094046746;
2020;02;15;13;0;0.000147938887;0.000103472937;0.000112081321;0.000088840140;
2020;02;15;14;0;0.000154130576;0.000104233008;0.000106574719;0.000086254661;
2020;02;15;15;0;0.000152811404;0.000102828657;0.000096544812;0.000082813413;
2020;02;15;16;0;0.000139731158;0.000093978869;0.000092190507;0.000075480057;
2020;02;15;17;0;0.000130717317;0.000087800588;0.000090780431;0.000072113834;
2020;02;15;18;0;0.000127810431;0.000085736385;0.000092643379;0.000071593151;
2020;02;15;19;0;0.000133870324;0.000096528365;0.000098631473;0.000079695034;
2020;02;15;20;0;0.000149138996;0.000136145009;0.000113951572;0.000141221126;
2020;02;15;21;0;0.000159312792;0.000147997255;0.000114124766;0.000155791037;
2020;02;15;22;0;0.000163460504;0.000154376849;0.000105756798;0.000157487530;
2020;02;15;23;0;0.000148610922;0.000178129317;0.000096808788;0.000155519280;
2020;02;15;24;0;0.000127420866;0.000175220091;0.000089548718;0.000150584906;
2020;02;16;1;0;0.000103902847;0.000160113810;0.000082686760;0.000146131601;
2020;02;16;2;0;0.000084726338;0.000143516114;0.000076737510;0.000158286311;
2020;02;16;3;0;0.000072134080;0.000129959910;0.000074407538;0.000154497840;
2020;02;16;4;0;0.000064982329;0.000121064172;0.000073142154;0.000147969113;
2020;02;16;5;0;0.000061681613;0.000117342024;0.000072685961;0.000140987244;
2020;02;16;6;0;0.000060951989;0.000121417658;0.000073434090;0.000136571835;
2020;02;16;7;0;0.000063019186;0.000123976449;0.000075392862;0.000131551682;
2020;02;16;8;0;0.000069340497;0.000121320519;0.000076746234;0.000123884204;
2020;02;16;9;0;0.000084356525;0.000101627461;0.000071451703;0.000080627355;
2020;02;16;10;0;0.000111493878;0.000110202684;0.000074963249;0.000080877493;
2020;02;16;11;0;0.000134479345;0.000120783110;0.000080195387;0.000087789036;
2020;02;16;12;0;0.000143625799;0.000119071924;0.000084038549;0.000089223636;
2020;02;16;13;0;0.000145756058;0.000102465421;0.000086876731;0.000086062943;
2020;02;16;14;0;0.000151523198;0.000102788057;0.000086342600;0.000082181590;
2020;02;16;15;0;0.000150403075;0.000101035131;0.000082794737;0.000080035759;
2020;02;16;16;0;0.000135319290;0.000090822428;0.000079402023;0.000071689874;
2020;02;16;17;0;0.000126364550;0.000084621995;0.000077004377;0.000067878338;
2020;02;16;18;0;0.000124043886;0.000082844946;0.000075747488;0.000067566617;
2020;02;16;19;0;0.000133504939;0.000094840561;0.000080033983;0.000076402503;
2020;02;16;20;0;0.000155199760;0.000138630016;0.000094124056;0.000139689216;
2020;02;16;21;0;0.000171421151;0.000154786169;0.000094913349;0.000156846852;
2020;02;16;22;0;0.000173297945;0.000159810669;0.000091567308;0.000157464338;
2020;02;16;23;0;0.000150797689;0.000179311352;0.000085228516;0.000153855708;
2020;02;16;24;0;0.000120795934;0.000170822499;0.000079211747;0.000146966683;
2020;02;17;1;0;0.000090892784;0.000150989382;0.000074989721;0.000139870299;
2020;02;17;2;0;0.000072369978;0.000133880838;0.000072124084;0.000153372250;
2020;02;17;3;0;0.000063247406;0.000122327124;0.000071109609;0.000149719101;
2020;02;17;4;0;0.000059156186;0.000115429547;0.000070664084;0.000144296890;
2020;02;17;5;0;0.000057718426;0.000113116665;0.000071251930;0.000138492911;
2020;02;17;6;0;0.000059476611;0.000118140840;0.000073960631;0.000134078367;
2020;02;17;7;0;0.000071225493;0.000127046727;0.000085161590;0.000134857069;
2020;02;17;8;0;0.000099543650;0.000140260053;0.000108723210;0.000139010952;
2020;02;17;9;0;0.000118654962;0.000125861082;0.000143351566;0.000101013137;
2020;02;17;10;0;0.000127958730;0.000120626905;0.000168292833;0.000092391041;
2020;02;17;11;0;0.000136721507;0.000118849841;0.000175123667;0.000091977210;
2020;02;17;12;0;0.000137772980;0.000110712547;0.000173382740;0.000088894560;
2020;02;17;13;0;0.000140024680;0.000095232995;0.000170364178;0.000084964724;
2020;02;17;14;0;0.000146457235;0.000096891792;0.000159769533;0.000082234962;
2020;02;17;15;0;0.000144227178;0.000095418751;0.000138737790;0.000078440943;
2020;02;17;16;0;0.000136855765;0.000089773399;0.000132071272;0.000074316061;
2020;02;17;17;0;0.000132296563;0.000085657862;0.000132648205;0.000072601664;
2020;02;17;18;0;0.000134226162;0.000086161051;0.000133309893;0.000075018873;
2020;02;17;19;0;0.000143121374;0.000097219400;0.000132714809;0.000082767836;
2020;02;17;20;0;0.000165371040;0.000141599501;0.000138039055;0.000145595047;
2020;02;17;21;0;0.000180801669;0.000159097641;0.000124714901;0.000163047826;
2020;02;17;22;0;0.000181704623;0.000164983715;0.000106708535;0.000162530852;
2020;02;17;23;0;0.000157532889;0.000183549171;0.000092081812;0.000157624511;
2020;02;17;24;0;0.000123870300;0.000172005913;0.000083093161;0.000148841714;
2020;02;18;1;0;0.000094850013;0.000154784637;0.000079271551;0.000144023469;
2020;02;18;2;0;0.000074645263;0.000137035057;0.000075994381;0.000164063739;
2020;02;18;3;0;0.000065079229;0.000125237639;0.000074877473;0.000162242037;
2020;02;18;4;0;0.000060937521;0.000118264524;0.000074407124;0.000155631983;
2020;02;18;5;0;0.000059592910;0.000116194736;0.000074608310;0.000147556946;
2020;02;18;6;0;0.000061464549;0.000121325425;0.000077270290;0.000140258503;
2020;02;18;7;0;0.000073605939;0.000130238782;0.000088708160;0.000138919837;
2020;02;18;8;0;0.000103292315;0.000144716020;0.000112531207;0.000141988830;
2020;02;18;9;0;0.000122485849;0.000129847817;0.000145871005;0.000102943713;
2020;02;18;10;0;0.000130530291;0.000123316636;0.000169822752;0.000093022148;
2020;02;18;11;0;0.000138434625;0.000120701602;0.000175956702;0.000091884334;
2020;02;18;12;0;0.000138976753;0.000112039809;0.000174138505;0.000088504110;
2020;02;18;13;0;0.000141332501;0.000096451564;0.000171831510;0.000085011086;
2020;02;18;14;0;0.000147651274;0.000098017334;0.000161037842;0.000081941316;
2020;02;18;15;0;0.000145230551;0.000096379434;0.000140282090;0.000078340774;
2020;02;18;16;0;0.000138133741;0.000090883426;0.000133804611;0.000074689795;
2020;02;18;17;0;0.000133917988;0.000087077675;0.000134466168;0.000073205729;
2020;02;18;18;0;0.000136199158;0.000087777689;0.000135068302;0.000075871631;
2020;02;18;19;0;0.000145926724;0.000100314466;0.000135903344;0.000084008359;
2020;02;18;20;0;0.000168602578;0.000145199429;0.000142253612;0.000147641955;
2020;02;18;21;0;0.000184130412;0.000162328212;0.000129204502;0.000164868167;
2020;02;18;22;0;0.000184479389;0.000167903185;0.000111032258;0.000164328101;
2020;02;18;23;0;0.000160337783;0.000186859244;0.000095852005;0.000159049856;
2020;02;18;24;0;0.000126960879;0.000175939831;0.000086067129;0.000150946403;
2020;02;19;1;0;0.000095165864;0.000155222249;0.000079408050;0.000144477494;
2020;02;19;2;0;0.000074927571;0.000137491311;0.000076142341;0.000164684112;
2020;02;19;3;0;0.000065275286;0.000125547750;0.000074994320;0.000162683011;
2020;02;19;4;0;0.000061171888;0.000118666842;0.000074554180;0.000156235173;
2020;02;19;5;0;0.000059794662;0.000116530755;0.000074738393;0.000148035411;
2020;02;19;6;0;0.000061586706;0.000121488131;0.000077350800;0.000140442135;
2020;02;19;7;0;0.000073734874;0.000130379412;0.000088790055;0.000139056561;
2020;02;19;8;0;0.000103655904;0.000145156441;0.000112734484;0.000142477081;
2020;02;19;9;0;0.000122761204;0.000130059367;0.000146042348;0.000103115164;
2020;02;19;10;0;0.000130709777;0.000123397930;0.000169948379;0.000093064114;
2020;02;19;11;0;0.000138575624;0.000120733383;0.000176055543;0.000091880303;
2020;02;19;12;0;0.000138940140;0.000111909854;0.000174124705;0.000088342867;
2020;02;19;13;0;0.000141160098;0.000096237300;0.000171735662;0.000084743511;
2020;02;19;14;0;0.000147281367;0.000097659893;0.000160843927;0.000081537958;
2020;02;19;15;0;0.000144973463;0.000096106505;0.000140165055;0.000078034612;
2020;02;19;16;0;0.000137693527;0.000090483122;0.000133598213;0.000074251140;
2020;02;19;17;0;0.000133584576;0.000086761466;0.000134305833;0.000072846332;
2020;02;19;18;0;0.000135779383;0.000087401109;0.000134867560;0.000075436423;
2020;02;19;19;0;0.000145504835;0.000099905094;0.000135715085;0.000083547721;
2020;02;19;20;0;0.000168547252;0.000145020525;0.000142237854;0.000147359458;
2020;02;19;21;0;0.000184215708;0.000162270873;0.000129241226;0.000164733913;
2020;02;19;22;0;0.000184475524;0.000167753706;0.000111036830;0.000164084277;
2020;02;19;23;0;0.000160623724;0.000187066807;0.000095942817;0.000159210483;
2020;02;19;24;0;0.000127033811;0.000175899382;0.000086096401;0.000150846679;
2020;02;20;1;0;0.000094970989;0.000154981559;0.000079219997;0.000144375026;
2020;02;20;2;0;0.000074715829;0.000137159281;0.000075932279;0.000164389654;
2020;02;20;3;0;0.000065058214;0.000125174870;0.000074768670;0.000162279253;
2020;02;20;4;0;0.000060936364;0.000118245205;0.000074310268;0.000155733554;
2020;02;20;5;0;0.000059629892;0.000116258404;0.000074534901;0.000147784911;
2020;02;20;6;0;0.000061498807;0.000121383703;0.000077191413;0.000140464495;
2020;02;20;7;0;0.000073618108;0.000130244714;0.000088600114;0.000139048619;
2020;02;20;8;0;0.000103438202;0.000144922945;0.000112464460;0.000142365872;
2020;02;20;9;0;0.000122557609;0.000129914036;0.000145724777;0.000103098054;
2020;02;20;10;0;0.000130475718;0.000123241885;0.000169567646;0.000093031496;
2020;02;20;11;0;0.000138139204;0.000120398363;0.000175541553;0.000091674507;
2020;02;20;12;0;0.000138449254;0.000111551582;0.000173582941;0.000088097859;
2020;02;20;13;0;0.000140661126;0.000095929011;0.000171201206;0.000084508257;
2020;02;20;14;0;0.000146883646;0.000097437646;0.000160410397;0.000081406276;
2020;02;20;15;0;0.000144542954;0.000095859034;0.000139768414;0.000077879367;
2020;02;20;16;0;0.000137451797;0.000090372240;0.000133301238;0.000074228768;
2020;02;20;17;0;0.000133320077;0.000086633498;0.000133992216;0.000072801646;
2020;02;20;18;0;0.000135694026;0.000087403588;0.000134643445;0.000075532272;
2020;02;20;19;0;0.000145254345;0.000099786525;0.000135415500;0.000083526792;
2020;02;20;20;0;0.000168267749;0.000144858525;0.000141928519;0.000147335149;
2020;02;20;21;0;0.000183846272;0.000162026914;0.000128937839;0.000164626903;
2020;02;20;22;0;0.000184201526;0.000167598375;0.000110805225;0.000164095826;
2020;02;20;23;0;0.000160229066;0.000186691719;0.000095695879;0.000159007291;
2020;02;20;24;0;0.000126676822;0.000175477680;0.000085859559;0.000150580260;
2020;02;21;1;0;0.000095286590;0.000155631708;0.000079263316;0.000144386861;
2020;02;21;2;0;0.000075370236;0.000138168701;0.000075756288;0.000164718005;
2020;02;21;3;0;0.000065243602;0.000125885571;0.000074531458;0.000162601421;
2020;02;21;4;0;0.000060903425;0.000118808798;0.000073955986;0.000156340447;
2020;02;21;5;0;0.000059465201;0.000116462098;0.000074180771;0.000148489936;
2020;02;21;6;0;0.000061369533;0.000121616761;0.000077056200;0.000141404669;
2020;02;21;7;0;0.000073236380;0.000130207291;0.000087677163;0.000139331901;
2020;02;21;8;0;0.000102623192;0.000145242835;0.000111538276;0.000143645794;
2020;02;21;9;0;0.000122045205;0.000130713305;0.000144405961;0.000105782200;
2020;02;21;10;0;0.000130664807;0.000124324011;0.000167726012;0.000094830941;
2020;02;21;11;0;0.000138466114;0.000121683866;0.000174038901;0.000093798399;
2020;02;21;12;0;0.000138598282;0.000112704948;0.000171929249;0.000090884552;
2020;02;21;13;0;0.000140499629;0.000096721973;0.000169041404;0.000087675257;
2020;02;21;14;0;0.000146161204;0.000097839000;0.000158182946;0.000084219312;
2020;02;21;15;0;0.000144839138;0.000096904071;0.000135798583;0.000080495580;
2020;02;21;16;0;0.000138553781;0.000092016539;0.000125540314;0.000077370018;
2020;02;21;17;0;0.000134525791;0.000088329144;0.000123596335;0.000075320114;
2020;02;21;18;0;0.000135818754;0.000088580938;0.000123806913;0.000077233388;
2020;02;21;19;0;0.000143221729;0.000100509518;0.000128353140;0.000085615323;
2020;02;21;20;0;0.000160417390;0.000141539329;0.000137389216;0.000147594075;
2020;02;21;21;0;0.000170024503;0.000154116790;0.000128741220;0.000161471178;
2020;02;21;22;0;0.000172545765;0.000160531762;0.000113559900;0.000162171668;
2020;02;21;23;0;0.000155158438;0.000183454492;0.000099326515;0.000158921946;
2020;02;21;24;0;0.000129667722;0.000177664774;0.000089944000;0.000153084071;
2020;02;22;1;0;0.000103065569;0.000160725849;0.000081915389;0.000148084666;
2020;02;22;2;0;0.000082877264;0.000143345985;0.000076685172;0.000166454575;
2020;02;22;3;0;0.000070341137;0.000129761862;0.000074602018;0.000163035089;
2020;02;22;4;0;0.000064177216;0.000121601983;0.000073410346;0.000156434008;
2020;02;22;5;0;0.000061420597;0.000118404753;0.000073261281;0.000148413919;
2020;02;22;6;0;0.000061338544;0.000122704597;0.000074194711;0.000141962258;
2020;02;22;7;0;0.000064939495;0.000126036417;0.000077798574;0.000136237101;
2020;02;22;8;0;0.000074713413;0.000125872986;0.000082905769;0.000128221829;
2020;02;22;9;0;0.000095559371;0.000110987735;0.000084401246;0.000088496382;
2020;02;22;10;0;0.000124623297;0.000120680140;0.000095598800;0.000088654305;
2020;02;22;11;0;0.000143481335;0.000127327946;0.000107018201;0.000094081652;
2020;02;22;12;0;0.000146822347;0.000120941576;0.000110573987;0.000093707941;
2020;02;22;13;0;0.000146930533;0.000102883569;0.000111191802;0.000088549614;
2020;02;22;14;0;0.000153032091;0.000103603248;0.000105712369;0.000085935173;
2020;02;22;15;0;0.000151703021;0.000102192938;0.000095757524;0.000082492104;
2020;02;22;16;0;0.000138714622;0.000093395597;0.000091437731;0.000075184918;
2020;02;22;17;0;0.000129636708;0.000087158779;0.000089994230;0.000071732112;
2020;02;22;18;0;0.000126733025;0.000085094065;0.000091833631;0.000071197710;
2020;02;22;19;0;0.000132402681;0.000095532739;0.000097645463;0.000078971868;
2020;02;22;20;0;0.000147594993;0.000134833762;0.000112846205;0.000140062374;
2020;02;22;21;0;0.000157871184;0.000146786749;0.000113091662;0.000154796980;
2020;02;22;22;0;0.000162136640;0.000153277321;0.000104849573;0.000156691317;
2020;02;22;23;0;0.000147698554;0.000177248626;0.000096073392;0.000155156715;
2020;02;22;24;0;0.000126677197;0.000174412738;0.000088882125;0.000150297065;
2020;02;23;1;0;0.000102424834;0.000158279141;0.000081216372;0.000145327894;
2020;02;23;2;0;0.000083472082;0.000141779236;0.000075350639;0.000157288096;
2020;02;23;3;0;0.000071115218;0.000128485419;0.000073087956;0.000153670483;
2020;02;23;4;0;0.000064089347;0.000119742264;0.000071858906;0.000147256270;
2020;02;23;5;0;0.000060863406;0.000116123162;0.000071427926;0.000140402504;
2020;02;23;6;0;0.000060124765;0.000120115068;0.000072151763;0.000135947215;
2020;02;23;7;0;0.000062091743;0.000122488297;0.000074033230;0.000130739285;
2020;02;23;8;0;0.000068230284;0.000119689312;0.000075312695;0.000122894561;
2020;02;23;9;0;0.000083115349;0.000100408164;0.000070162976;0.000080130545;
2020;02;23;10;0;0.000109831359;0.000108856123;0.000073603915;0.000080356438;
2020;02;23;11;0;0.000132149293;0.000118982131;0.000078644821;0.000086926034;
2020;02;23;12;0;0.000141056906;0.000117222254;0.000082390204;0.000088276682;
2020;02;23;13;0;0.000143087437;0.000100825418;0.000085154466;0.000085098442;
2020;02;23;14;0;0.000148750161;0.000101143809;0.000084631202;0.000081261593;
2020;02;23;15;0;0.000147606262;0.000099385894;0.000081141337;0.000079107155;
2020;02;23;16;0;0.000132775395;0.000089319244;0.000077808375;0.000070837517;
2020;02;23;17;0;0.000124052062;0.000083268422;0.000075478121;0.000067118528;
2020;02;23;18;0;0.000121812717;0.000081548625;0.000074258117;0.000066839649;
2020;02;23;19;0;0.000130746716;0.000093073615;0.000078354485;0.000075292724;
2020;02;23;20;0;0.000151996342;0.000136050763;0.000092149098;0.000137666271;
2020;02;23;21;0;0.000168196144;0.000152221822;0.000093007796;0.000154978599;
2020;02;23;22;0;0.000170192035;0.000157321786;0.000089769521;0.000155785533;
2020;02;23;23;0;0.000148426450;0.000176957419;0.000083648923;0.000152687499;
2020;02;23;24;0;0.000118935604;0.000168641536;0.000077756589;0.000145916967;
2020;02;24;1;0;0.000090062676;0.000149857594;0.000074140174;0.000139338583;
2020;02;24;2;0;0.000071843280;0.000133153536;0.000071373912;0.000153185711;
2020;02;24;3;0;0.000062777631;0.000121642373;0.000070364478;0.000149506611;
2020;02;24;4;0;0.000058685274;0.000114715088;0.000069904655;0.000143985507;
2020;02;24;5;0;0.000057327898;0.000112567100;0.000070528372;0.000138426172;
2020;02;24;6;0;0.000058945466;0.000117282560;0.000073129387;0.000133609850;
2020;02;24;7;0;0.000070533536;0.000126012738;0.000084171192;0.000134237809;
2020;02;24;8;0;0.000098301227;0.000138686346;0.000107309340;0.000137834037;
2020;02;24;9;0;0.000117172983;0.000124447771;0.000141486648;0.000100156883;
2020;02;24;10;0;0.000126458942;0.000119375630;0.000166167929;0.000091707170;
2020;02;24;11;0;0.000135038810;0.000117539437;0.000172861173;0.000091221165;
2020;02;24;12;0;0.000136037511;0.000109456258;0.000171117674;0.000088128031;
2020;02;24;13;0;0.000138250739;0.000094144704;0.000168132419;0.000084223509;
2020;02;24;14;0;0.000144409910;0.000095643452;0.000157571472;0.000081367838;
2020;02;24;15;0;0.000142418734;0.000094342156;0.000136929258;0.000077770953;
2020;02;24;16;0;0.000135057451;0.000088700404;0.000130310058;0.000073618851;
2020;02;24;17;0;0.000130578130;0.000084648406;0.000130889420;0.000071935685;
2020;02;24;18;0;0.000132502355;0.000085159685;0.000131552238;0.000074345909;
2020;02;24;19;0;0.000141092726;0.000095945136;0.000130877593;0.000081870385;
2020;02;24;20;0;0.000163550486;0.000140242867;0.000136345192;0.000144662068;
2020;02;24;21;0;0.000179122005;0.000157877575;0.000123291688;0.000162393748;
2020;02;24;22;0;0.000180100536;0.000163803008;0.000105515870;0.000161982202;
2020;02;24;23;0;0.000155972030;0.000182015130;0.000091002818;0.000156855376;
2020;02;24;24;0;0.000122589473;0.000170485826;0.000082101429;0.000148026282;
2020;02;25;1;0;0.000092338105;0.000151492607;0.000076834075;0.000142369572;
2020;02;25;2;0;0.000072649214;0.000134081222;0.000073647810;0.000162120693;
2020;02;25;3;0;0.000063256476;0.000122360901;0.000072517948;0.000160031382;
2020;02;25;4;0;0.000059270309;0.000115633665;0.000072086472;0.000153653726;
2020;02;25;5;0;0.000057950362;0.000113583589;0.000072273731;0.000145639416;
2020;02;25;6;0;0.000059767755;0.000118593288;0.000074850533;0.000138428139;
2020;02;25;7;0;0.000071503753;0.000127167037;0.000085888236;0.000136919558;
2020;02;25;8;0;0.000100235805;0.000141136031;0.000108896452;0.000139737306;
2020;02;25;9;0;0.000118725968;0.000126475288;0.000141079065;0.000101150863;
2020;02;25;10;0;0.000126648089;0.000120245310;0.000164324530;0.000091527532;
2020;02;25;11;0;0.000134483462;0.000117857182;0.000170365081;0.000090563415;
2020;02;25;12;0;0.000135001961;0.000109392162;0.000168599589;0.000087224446;
2020;02;25;13;0;0.000137162430;0.000094074823;0.000166288416;0.000083673586;
2020;02;25;14;0;0.000143280165;0.000095591225;0.000155834872;0.000080640843;
2020;02;25;15;0;0.000140956948;0.000094012992;0.000135762240;0.000077116987;
2020;02;25;16;0;0.000133919972;0.000088542470;0.000129421471;0.000073409599;
2020;02;25;17;0;0.000129838508;0.000084838847;0.000130064295;0.000071955240;
2020;02;25;18;0;0.000131981477;0.000085471351;0.000130612935;0.000074521451;
2020;02;25;19;0;0.000141367322;0.000097647439;0.000131402200;0.000082479772;
2020;02;25;20;0;0.000163647337;0.000141640106;0.000137672938;0.000145342846;
2020;02;25;21;0;0.000178958090;0.000158584582;0.000125127714;0.000162602659;
2020;02;25;22;0;0.000179277613;0.000164010919;0.000107523088;0.000162044951;
2020;02;25;23;0;0.000156014840;0.000182785105;0.000092881923;0.000157115886;
2020;02;25;24;0;0.000123530842;0.000172093050;0.000083397794;0.000149099605;
2020;02;26;1;0;0.000093388895;0.000152869815;0.000077834188;0.000143092599;
2020;02;26;2;0;0.000073514553;0.000135379054;0.000074626133;0.000163062536;
2020;02;26;3;0;0.000063965159;0.000123449293;0.000073455521;0.000160804890;
2020;02;26;4;0;0.000059911973;0.000116613858;0.000073004846;0.000154316402;
2020;02;26;5;0;0.000058646880;0.000114696607;0.000073237725;0.000146507166;
2020;02;26;6;0;0.000060461387;0.000119700935;0.000075833468;0.000139173544;
2020;02;26;7;0;0.000072338535;0.000128364497;0.000087019122;0.000137669818;
2020;02;26;8;0;0.000101491770;0.000142599051;0.000110376664;0.000140668761;
2020;02;26;9;0;0.000120373404;0.000127975155;0.000143091552;0.000102013420;
2020;02;26;10;0;0.000128248603;0.000121506049;0.000166567120;0.000092151059;
2020;02;26;11;0;0.000136190303;0.000119099966;0.000172694793;0.000091187110;
2020;02;26;12;0;0.000136692295;0.000110524933;0.000170890750;0.000087804522;
2020;02;26;13;0;0.000138870059;0.000095041566;0.000168542238;0.000084221842;
2020;02;26;14;0;0.000144860846;0.000096423382;0.000157836193;0.000081011649;
2020;02;26;15;0;0.000142505249;0.000094826394;0.000137502593;0.000077466404;
2020;02;26;16;0;0.000135500743;0.000089388967;0.000131133748;0.000073825166;
2020;02;26;17;0;0.000131496398;0.000085740711;0.000131847891;0.000072458466;
2020;02;26;18;0;0.000133660540;0.000086375518;0.000132400918;0.000075037886;
2020;02;26;19;0;0.000142954309;0.000098518308;0.000133102977;0.000082880461;
2020;02;26;20;0;0.000165624542;0.000143037932;0.000139513561;0.000146221463;
2020;02;26;21;0;0.000181168947;0.000160197420;0.000126817686;0.000163646558;
2020;02;26;22;0;0.000181394318;0.000165579510;0.000108945748;0.000162963136;
2020;02;26;23;0;0.000157854808;0.000184530567;0.000094110232;0.000158003300;
2020;02;26;24;0;0.000125010583;0.000173771695;0.000084508459;0.000149979682;
2020;02;27;1;0;0.000093576620;0.000153200107;0.000077778114;0.000143627060;
2020;02;27;2;0;0.000073603741;0.000135551919;0.000074542426;0.000163492141;
2020;02;27;3;0;0.000064027710;0.000123574855;0.000073364251;0.000161177108;
2020;02;27;4;0;0.000059964902;0.000116720297;0.000072910610;0.000154653722;
2020;02;27;5;0;0.000058728920;0.000114867071;0.000073161910;0.000146932916;
2020;02;27;6;0;0.000060552736;0.000119894241;0.000075758554;0.000139602256;
2020;02;27;7;0;0.000072446371;0.000128569246;0.000086931842;0.000138091585;
2020;02;27;8;0;0.000101654392;0.000142843698;0.000110272860;0.000141119417;
2020;02;27;9;0;0.000120264986;0.000127838519;0.000142778898;0.000101984190;
2020;02;27;10;0;0.000127997010;0.000121233036;0.000166115067;0.000091988584;
2020;02;27;11;0;0.000135560076;0.000118479713;0.000171996026;0.000090688734;
2020;02;27;12;0;0.000135894343;0.000109800852;0.000170095748;0.000087177285;
2020;02;27;13;0;0.000138234403;0.000094551923;0.000167864437;0.000083767476;
2020;02;27;14;0;0.000144371825;0.000096055330;0.000157296142;0.000080709884;
2020;02;27;15;0;0.000142030893;0.000094469369;0.000137035442;0.000077182805;
2020;02;27;16;0;0.000135071219;0.000089068160;0.000130698698;0.000073571109;
2020;02;27;17;0;0.000130947502;0.000085337339;0.000131344337;0.000072107992;
2020;02;27;18;0;0.000133167445;0.000086015650;0.000131927493;0.000074725310;
2020;02;27;19;0;0.000142510674;0.000098171894;0.000132666172;0.000082602428;
2020;02;27;20;0;0.000164852709;0.000142287642;0.000138947165;0.000145414810;
2020;02;27;21;0;0.000180267804;0.000159301643;0.000126282333;0.000162674117;
2020;02;27;22;0;0.000180552477;0.000164715169;0.000108503616;0.000162071303;
2020;02;27;23;0;0.000157317648;0.000183820840;0.000093786762;0.000157409483;
2020;02;27;24;0;0.000124667609;0.000173230431;0.000084246008;0.000149552706;
2020;02;28;1;0;0.000092836314;0.000152589939;0.000076670850;0.000143281095;
2020;02;28;2;0;0.000073403831;0.000135410525;0.000073264151;0.000163370389;
2020;02;28;3;0;0.000063485197;0.000123251784;0.000072047216;0.000161075488;
2020;02;28;4;0;0.000059196707;0.000116180877;0.000071451306;0.000154637416;
2020;02;28;5;0;0.000057787876;0.000113862384;0.000071661470;0.000146834979;
2020;02;28;6;0;0.000059579906;0.000118772652;0.000074402107;0.000139640228;
2020;02;28;7;0;0.000070965148;0.000126892946;0.000084576516;0.000137229121;
2020;02;28;8;0;0.000098904465;0.000140697334;0.000107304492;0.000140416348;
2020;02;28;9;0;0.000117350867;0.000126297359;0.000138764116;0.000103072017;
2020;02;28;10;0;0.000125845690;0.000120343926;0.000161304735;0.000092613728;
2020;02;28;11;0;0.000133739102;0.000118161178;0.000167613947;0.000091968112;
2020;02;28;12;0;0.000134025265;0.000109586217;0.000165680096;0.000089257799;
2020;02;28;13;0;0.000135836451;0.000094024426;0.000162880769;0.000086081812;
2020;02;28;14;0;0.000141278815;0.000095086932;0.000152401015;0.000082663405;
2020;02;28;15;0;0.000140058283;0.000094221164;0.000130861714;0.000079053362;
2020;02;28;16;0;0.000133989889;0.000089475979;0.000120980707;0.000075991222;
2020;02;28;17;0;0.000130172950;0.000085947890;0.000119143192;0.000074039768;
2020;02;28;18;0;0.000131343906;0.000086134444;0.000119309866;0.000075856078;
2020;02;28;19;0;0.000138451489;0.000097693091;0.000123668260;0.000084044694;
2020;02;28;20;0;0.000155073497;0.000137572410;0.000132373867;0.000144885860;
2020;02;28;21;0;0.000164396168;0.000149833511;0.000124054821;0.000158556487;
2020;02;28;22;0;0.000166819671;0.000156055445;0.000109421282;0.000159225868;
2020;02;28;23;0;0.000150029545;0.000178365643;0.000095713076;0.000156064292;
2020;02;28;24;0;0.000125551572;0.000172996723;0.000086730922;0.000150613840;
2020;02;29;1;0;0.000102647076;0.000160149508;0.000081736996;0.000147475871;
2020;02;29;2;0;0.000082755171;0.000143243916;0.000076617919;0.000166366703;
2020;02;29;3;0;0.000070228977;0.000129651925;0.000074532102;0.000162921341;
2020;02;29;4;0;0.000064024713;0.000121393315;0.000073312757;0.000156155204;
2020;02;29;5;0;0.000061356501;0.000118376922;0.000073212886;0.000148423742;
2020;02;29;6;0;0.000061254612;0.000122631416;0.000074133674;0.000141907428;
2020;02;29;7;0;0.000064797962;0.000125847492;0.000077703102;0.000136030477;
2020;02;29;8;0;0.000074461817;0.000125517893;0.000082754926;0.000127815011;
2020;02;29;9;0;0.000095231692;0.000110666822;0.000084245406;0.000088207283;
2020;02;29;10;0;0.000124303065;0.000120446783;0.000095462996;0.000088471417;
2020;02;29;11;0;0.000143192431;0.000127160624;0.000106895678;0.000093960813;
2020;02;29;12;0;0.000146872593;0.000121099501;0.000110577622;0.000093894640;
2020;02;29;13;0;0.000147263936;0.000103238439;0.000111302466;0.000088963555;
2020;02;29;14;0;0.000153593030;0.000104121383;0.000105891603;0.000086503411;
2020;02;29;15;0;0.000152148460;0.000102621066;0.000095885109;0.000082953638;
2020;02;29;16;0;0.000139089001;0.000093762305;0.000091548535;0.000075581058;
2020;02;29;17;0;0.000130060569;0.000087556443;0.000090128701;0.000072167453;
2020;02;29;18;0;0.000127199897;0.000085521727;0.000091989412;0.000071671613;
2020;02;29;19;0;0.000132861488;0.000095990019;0.000097799635;0.000079474914;
2020;02;29;20;0;0.000147536453;0.000134899069;0.000112808174;0.000140197638;
2020;02;29;21;0;0.000157484512;0.000146522748;0.000112937503;0.000154504464;
2020;02;29;22;0;0.000161734052;0.000152996079;0.000104704627;0.000156388688;
2020;02;29;23;0;0.000147223776;0.000176779448;0.000095905178;0.000154700102;
2020;02;29;24;0;0.000126107443;0.000173702573;0.000088669064;0.000149588013;
